0.10661919683130358	0.940634178434331	0.0017259092488989	0.	0.006064580905332044	1.223064647616861	0.0000712625614771131	0.00003787328517714544	0.00005917923612121433	1.2230973740917137	0.000044544188879167493	0.000017039099788660066	0.000014146300954717085	1.2231031682457625	0.00006575650422290723	0.00018322142625160038	0.0015512934997495536	1.2228928587449643	0.00007256420669187253	0.000047066990886708534	0.00016621513470131078
0.1592075670951737	1.223952157851189	0.003915916597117779	0.001664733541344182	0.006064580905332044	1.223064647616861	0.0000712625614771131	0.00003787328517714544	0.00005917923612121433	1.2230973740917137	0.000044544188879167493	0.000017039099788660066	0.000014146300954717085	1.2231031682457625	0.00006575650422290723	0.00018322142625160038	0.0015512934997495536	1.2228928587449643	0.00007256420669187253	0.000047066990886708534	0.00016621513470131078
0.1984415121786198	1.369526592924924	0.0001808809870598505	0.00011342593476379357	0.00009786088582544663	1.3695265929249243	0.00018088098705968772	0.00011342593476606871	0.00009786088583192551	1.3695265929249234	0.00018088098705963638	0.00011342593476600972	0.00009786088583186355	1.369526592924923	0.00018088098699842284	0.00011342593583933688	0.00009786088749956727	1.369526606587975	0.0001808743157847181	0.00011342591847045557	0.00009786071231174401
0.21549951736580972	1.4425217509539896	0.0011725675561891676	0.0009741652348955971	0.00042963262957384347	1.4425217509539892	0.001172567556187056	0.0009741652348983635	0.0004296326295789771	1.4425217509559942	0.0011725675616614955	0.0009741652349132888	0.00042963262959102764	1.4425217509486263	0.001172567545208675	0.0009741665890157326	0.00042963395016431107	1.4425213899029956	0.001171777832704026	0.0009741650547161967	0.0004296334968984724
0.24712070534506092	1.508893660837864	0.012289171000947953	0.015849430094380345	0.009565105633102682	1.5088937575200694	0.012289383926536807	0.01584968360343944	0.009566040342339047	1.508896989326806	0.012301594182873124	0.01584960562041571	0.009564163585024713	1.5088940450390813	0.012314448894958838	0.01587058386977009	0.0095031722478668	1.5098633229264387	0.012578979637640505	0.01595269627031268	0.009431089793512919
0.27380400879566985	1.5744512877499135	0.004230738162216034	0.007904378087188572	0.005062521342802571	1.5744512877398977	0.004230738137204316	0.007904378206312002	0.0050625219987034615	1.57445126155128	0.004230797141290998	0.00790437668475699	0.005062520120596607	1.5744511555029317	0.0042309609497808535	0.007907476438238298	0.005066846035179543	1.5746254152203363	0.004109388451330851	0.007910504508455256	0.005071175431908253
0.31402084348218323	1.6674471879604555	0.0026878939899500696	0.009678565570381825	0.003146767780471741	1.6674471879547306	0.0026878939897475532	0.009678565671231992	0.003146767941045543	1.6674471763050238	0.0026879067605043907	0.009678565109725786	0.003146768000595387	1.6674471103638908	0.0026880222010290072	0.00968107340914299	0.0031483210370807408	1.6676347649072059	0.0026619919834270753	0.009683525937168893	0.0031489090790240994
0.33270940798376186	1.7046900852384919	0.009564019969390037	0.01972295014274646	0.007682127753614093	1.7046900845571191	0.009564025298882348	0.019722953777062475	0.0076821123585370625	1.7046905033955688	0.009563809957567783	0.01972299874207281	0.007682242340201932	1.7046899015770076	0.009565386772618086	0.019732005559010026	0.007677436496958351	1.7054211833327089	0.009197914605122886	0.01975659654270631	0.007694505351636563
0.36816907476319355	1.763690718124963	0.004958026231290118	0.007775488810735131	0.002752404575133304	1.7636907181480121	0.004958026190685215	0.007775488471952471	0.0027524040701649194	1.7636906799820575	0.004958046153008435	0.007775486746471404	0.0027524023083950805	1.763690604130313	0.004958195515647448	0.007778493810207989	0.0027554821153718914	1.7638527029025863	0.004939158551971644	0.007780506641965972	0.0027555795843969754
0.4159446848218314	1.8493769481381108	0.0037600292512477563	0.007459100787602545	0.004190781136023163	1.8493769481514482	0.0037600292471612336	0.007459100592289954	0.004190780719313979	1.8493769230505919	0.003760058686498967	0.007459099366834966	0.0041907784348266105	1.8493768555842274	0.003760072535962424	0.007461367963135714	0.004194192610840834	1.8495149633841295	0.0036806213261307264	0.007463654442007145	0.0041957398555648815
0.44344237934145253	1.9089313379948596	0.012271121895102276	0.03259271593320846	0.011071105538194268	1.908931339278576	0.01227112054055342	0.03259270742721112	0.011071089935217365	1.9089307750442395	0.012270853814965524	0.03259265443343666	0.011071039785618192	1.9089290506195775	0.012272565926290906	0.032621775737636	0.011087196329044733	1.9101611226580624	0.011717458943964375	0.03266035968663663	0.011129723790742346
0.48438718989625634	1.9523943423048808	0.014674400755383543	0.03037606444692604	0.010988208511997808	1.9523943416215985	0.014674404099232374	0.03037606541617675	0.010988246333496009	1.952392693731828	0.014675845849526343	0.030375807875819928	0.010988166879434515	1.9523851128317649	0.014680453167739738	0.030456486875633383	0.011026620281314525	1.9542221889729625	0.014651649351899101	0.030546116050964564	0.011085789894657668
0.5214634207262068	1.99985199999827	0.03920872683610548	0.03319966327223502	0.023382628142878878	1.9998528280438714	0.03920631696255457	0.033198809794209576	0.023380759463880216	1.9998022599910852	0.03935148174504205	0.03316796739341617	0.023313482970449245	1.9996111162729717	0.03988806338353433	0.033741131164959776	0.02450509573309523	2.00370951693728	0.0324557384956214	0.03434711883742718	0.02578833088171602
0.5551225857013984	2.0560398239868025	0.00823395606853235	0.0355462359714735	0.009287445825958557	2.0560398396021307	0.008233939640567465	0.03554617332721761	0.009287409772310398	2.056035953451957	0.00823639050388563	0.035545484449620884	0.009286782883853978	2.0560223824956045	0.008245107508173031	0.03567264272573309	0.009375045668321293	2.0584180068332896	0.007705448752744751	0.03580734302788226	0.009457293505984656
0.5981492258713901	2.0981215291985773	0.00998668939232854	0.03568441044599	0.01572187961508327	2.0981216142455925	0.009986682361774947	0.035684139178396954	0.015721657917183728	2.0981119665880206	0.009983577780896617	0.035681994375629585	0.01571884479386734	2.0980831605598924	0.009967044545308642	0.03589862476223653	0.015926195638264272	2.101119200999042	0.011449757112611295	0.03610959596266859	0.01615095818864397
0.6283267293358137	2.1830233677910265	0.01722995449638083	0.045344085658630795	0.012449938452204587	2.1830233879807075	0.017229948557122614	0.04534398634022517	0.012449847001677481	2.1830190505457816	0.017230488379640297	0.04534336091667546	0.012449158053787894	2.1830080106326037	0.017233861798518876	0.045471701683449876	0.012535003479404767	2.1856052190541595	0.01708046039769308	0.04558748570331102	0.012622316082179076
0.6664411366711774	2.18370415525266	0.01354441188968704	0.028956592400704265	0.01196237855308954	2.1837042008310905	0.013544428997190364	0.02895641407831994	0.011962112402950704	2.1836988342936166	0.013542929351998067	0.02895544681253999	0.011960499993709378	2.183685416949258	0.013537859552124547	0.029080321363068838	0.012095369623759775	2.1856943682625336	0.014046583824145753	0.029193125765764893	0.012214493392757667
0.7112175658402523	2.252161242868509	0.014983719580832307	0.051777368508498185	0.015681250350754544	2.2521617199414825	0.01498285406910306	0.051776229106702744	0.015679414448705766	2.2521323829020887	0.015019897288463098	0.05176770592339167	0.015662681793952405	2.2520461032857293	0.015137146245547402	0.05227051305674854	0.016245301377697936	2.2575799218265407	0.011858254709806813	0.05276247709706471	0.016841586605699916
0.7367783983987527	2.3024538003994803	0.02322272941844734	0.06802745761827932	0.024871857066161154	2.302454395266026	0.023222062970138103	0.06802618374658695	0.024870674416688818	2.3024097363536207	0.023255953583311673	0.06801162325718563	0.0248506100834829	2.3022555556314654	0.023387287419688936	0.06881127189737198	0.025622742245551743	2.3105358427026235	0.021256264163441875	0.06963868253422706	0.026483175131693175
0.777514659449707	2.3468569678289883	0.038948115423115263	0.11167871677178631	0.035751763716028916	2.346853752249987	0.03895291195039381	0.11168169162753087	0.03576977645845642	2.346684227540659	0.039117191617829866	0.11158921526653076	0.03572874479397712	2.3457316910071495	0.04005970426547202	0.11457843971560094	0.037863196652313524	2.3680682341708676	0.03388390581420423	0.11825393106130716	0.04147452738411713
0.8162203642224055	2.380043862530594	0.04069722829278052	0.11307711376253873	0.043311054688554985	2.380033586645648	0.040697745945666164	0.11308327688753692	0.043371383184382814	2.379746760638309	0.04093846587220577	0.11289751611286832	0.043264712418149484	2.3781235170804704	0.04231755886983994	0.11718155144768737	0.047541452583016564	2.404982768757489	0.03733444888419446	0.12241804431587872	0.05442903421143386
0.8531719171910893	2.4411760266206626	0.061719380978470705	0.11704336327446727	0.053506348897249915	2.4411677603069046	0.061718657155235106	0.11704587742443223	0.053570544031864516	2.440892905858542	0.06197581669605211	0.11687591240203758	0.053390073825016975	2.43946589892753	0.06330320639705925	0.12081995479164331	0.058186596207456184	2.465088145814448	0.06217135813407177	0.1255194938072208	0.06578667486861033
0.8885881822282365	2.5116970921391237	0.049820629523499006	0.1501022320820384	0.06666800528773874	2.5116704425864502	0.049806315907522984	0.15012324926095005	0.0667463166138086	2.5114031541637765	0.05005402448813137	0.14995226081294905	0.0667672467183359	2.5093575382663804	0.05031511909673305	0.1553692758077299	0.07083233117104352	2.5455040412903847	0.06251114071642598	0.16242220191290935	0.07829743284065921
0.929307765151178	2.546889298488084	0.024766363099543096	0.13733334198106378	0.040440809286779046	2.5468858233064307	0.024773465883488874	0.13733404545211636	0.04047289585266663	2.5463623622395613	0.02510082406789355	0.13695264326810558	0.04010411593493845	2.5437083560443274	0.027138202802761194	0.14340075048052706	0.045301356946928835	2.5799577278502426	0.02206289011610704	0.15110663997188306	0.05257835269451955
0.968316522189347	2.5540695436461287	0.05759608946337384	0.1306245433673398	0.05848883017439097	2.554114427932365	0.057254716195929194	0.13060659132136943	0.05855034505167688	2.553224611593736	0.05911190691184311	0.1296329827031762	0.05700346436173935	2.5482819702813186	0.071286385574999	0.13859033924812786	0.06976861322039546	2.5906395027689597	0.043470774932109116	0.15013061338492437	0.0920386505835245
0.9996617050067661	2.595341329449088	0.02694300926006636	0.14163512858926422	0.07923000198306479	2.5951345014246416	0.02703720419393348	0.14161838170976257	0.07929394692845358	2.594424301897863	0.02728500320838766	0.14102024689222006	0.07977892403384311	2.5886391547594005	0.03438389240893039	0.15105536987688475	0.09660303140116931	2.637931640704887	0.062105130779453094	0.16535553440796433	0.13380506293788122
1.0419620034790436	2.946536556304114	0.18325862350656327	0.31784454913686466	0.10480799861706902	2.946666005884592	0.18249906158508994	0.3179170189622894	0.10399521117210529	2.9443943282192735	0.183244511748531	0.31748981089439965	0.10305882709803804	2.9450352205280046	0.18195651369992005	0.31494400343692097	0.08796656236372274	2.980603345771603	0.11677481801000657	0.31788778063605955	0.09278430892718693
1.0768977581315033	2.7662821505139434	0.1279677546553214	0.33487297231246466	0.2886640650013784	2.7690995542408214	0.14998894558253334	0.3314313816599047	0.25949866265496696	2.7677376853612317	0.12309906477606009	0.33284023265784235	0.2432269134676262	2.7596376906097957	0.14833348455949621	0.3374189889702873	0.1519502927957545	2.888906994486876	0.12678528250881735	0.3747601057683686	0.1188237956269819
1.1107352277852958	2.7631090573011545	0.03439951989051139	0.1347167108852649	0.06678116279088502	2.763146503797995	0.034384539953972636	0.13468282811938787	0.06676196371520246	2.7624943625757012	0.034365323589798796	0.13421354974940605	0.0659019337528315	2.759927636832087	0.034273989988283265	0.14055498946178108	0.07428497813147017	2.794116631138442	0.04906246138888733	0.14764809062441114	0.08521172472274356
1.1489534535742867	2.830592685002805	0.7149751475958274	0.33138585482227884	0.5654261775544812	2.922630125030082	1.2879893283924084	0.3828383689811974	0.6445439823901247	2.831453999642383	0.8309419846347404	0.4924973505577666	0.8630076520678189	2.806280475511127	0.8826614426374962	0.40441767180913923	0.512629692272874	3.0062805772624093	0.3624297883502624	0.5203635556112955	0.5495643346952077
1.1859406944351425	2.9700459000504007	0.1345695244803964	0.3047602260192356	0.07740397553190441	2.9697677838542353	0.13612676523115985	0.30476936473453237	0.07708711547345737	2.9713005605691825	0.1358436852648207	0.3066916389197919	0.08185105759149967	2.963253882954541	0.15108981470449148	0.31952588193945763	0.07171117854798349	3.0751333097628017	0.11011584930355206	0.35268995296647854	0.08682976764881561
1.2218087505638253	2.953893094508931	0.06238308209497084	0.1926872925406917	0.084627072820928	2.953880228252193	0.06200927254854289	0.19268170719197547	0.0848203227849715	2.952746428573421	0.0628380524861073	0.19160776934103044	0.08474417097993357	2.945756676118841	0.06118524784342804	0.204971974494856	0.09455306016763275	3.0112858314526574	0.09504617290458019	0.22262757476503298	0.11421414160242803
1.2615527110088567	3.1869543820572592	0.19516594707806947	0.3682352837399912	0.14724981003442672	3.187258774541095	0.19266064290754875	0.3682345321318172	0.14699021702686346	3.1864762890728042	0.1891306361923527	0.36809986353853597	0.14921560364385106	3.182830155634615	0.19432399720123783	0.3765688656995875	0.15071235572455358	3.28049127915576	0.0820564150481549	0.39919195242118716	0.1918008693718058
1.3000822521491693	3.351715695619534	0.0986161509261141	0.3450675448839159	0.10885014197643314	3.351612442798701	0.09871554080300596	0.34520245725992393	0.10914244872122063	3.3505324264311636	0.09934146065408818	0.34466611432803773	0.10832238229806479	3.347981849627895	0.10138642863886306	0.3536248848471075	0.11247254298644334	3.410882788226303	0.06939335262509912	0.36312987231566185	0.12158438770851245
1.3328822733423549	3.1133446688298143	0.14421094280570854	0.31448784532973767	0.04996842737715046	3.1115107257969816	0.14621731749029307	0.31431983458262047	0.0496875273617798	3.1100549284114822	0.14882709441947978	0.3104431138717183	0.057686070965147815	3.0706232414466688	0.20624823775542792	0.3520686554017581	0.06265132364100112	3.2549660183169813	0.10914307528714184	0.436064541158453	0.1451195059343922
1.3739035998759799	3.2095730355797323	0.11614402626413334	0.3137282288910006	0.1041832350216444	3.2084652359272394	0.11790301815250123	0.31378566138583086	0.1040771163107327	3.2082074405148093	0.11932045479833783	0.31353389721521674	0.11093907356527777	3.1856706414146414	0.14231575080123537	0.3428654203922754	0.11401749041129901	3.338469873860056	0.11674506136949377	0.400467466681253	0.15898174217046698
1.4093650064662584	3.418900128127688	0.12109718543128946	0.37522236719157065	0.11814884540358467	3.419005048918052	0.12073445258583936	0.3751712597998278	0.11798468851856621	3.4183896759977976	0.11969126301193973	0.37472696341434886	0.1179385840952688	3.412310305583992	0.12614220692913738	0.38785954674546375	0.12563631188651445	3.5206882470886707	0.061815836288510465	0.4135637214515483	0.1539267657388029
1.4439557961208844	3.324565108798465	0.1558351238464794	0.3240377345010823	0.07603088672273066	3.323582763675158	0.1576561863848657	0.3240357827745424	0.0757630919236597	3.3219906814303712	0.15972082892885392	0.32115179892993534	0.07665053003953554	3.2938334567250767	0.20184385175993125	0.35615637652152266	0.0958392665154891	3.455533733052933	0.11959416525863639	0.4197008873127112	0.17321670090679456
1.4819056273302258	3.56567202772699	0.07958886825262956	0.2745130742583062	0.07654891143557484	3.565661374079809	0.07964432224105665	0.2745205248963143	0.0765868424732406	3.565055548106832	0.08010004195891168	0.2741270885423962	0.07608137307695281	3.5613822468392273	0.08465146365904568	0.28404317296688925	0.08529185836585829	3.6259009192157285	0.055013007861249165	0.2963566357845944	0.09878341668228952
1.5189075796357336	3.59532037008817	0.07488220049816514	0.4224996261589781	0.13836277365885108	3.595343311831149	0.07488135812806448	0.42249161139723806	0.13826093110059523	3.594497709780985	0.07393899413594895	0.42167749545229316	0.13797314141354403	3.582332494685503	0.07975911646925454	0.4443076570389769	0.14858103726609553	3.728437103200371	0.08599053096219184	0.4842776768263205	0.1793264229099605
1.555029318899414	3.6456676042988874	0.11435855199263287	0.40478588581137487	0.13297425733798934	3.645589096193099	0.11468531459311866	0.4048067200938343	0.13299725604427443	3.6447887227391433	0.11357563440636466	0.40408196537399066	0.1334719635956027	3.6314808178372946	0.12702550070308813	0.42778370020915635	0.15129247452587014	3.775615278211525	0.09062580703554081	0.46876412752667834	0.1981277149336584