0.15	0.0000314614204191335	0.000035851382706792044	0.00002315878697185608
0.151	0.000030877113389362084	0.00003568015430104514	0.000022444342703494415
0.152	0.000030223390047314134	0.00003550443734954779	0.000021704274155429848
0.153	0.000029777926686425244	0.00003532384809629537	0.000020988708209193136
0.154	0.00002925143211817469	0.000035138672905453494	0.00002088550278116884
0.155	0.000028709896886077585	0.00003494087707292795	0.00001966761972179888
0.156	0.00002820051375538516	0.00003475314317064279	0.00001904061645027789
0.157	0.000027693104591075595	0.000034552429259790627	0.00001842347700781391
0.158	0.00002718086829678869	0.000034345823115946744	0.000018525254277298717
0.159	0.00002671466996489485	0.00003413346782939265	0.000016827031881639076
0.16	0.000026211881755517787	0.00003391455255274013	0.000016270059771148065
0.162	0.000025222203012321577	0.00003345443184600182	0.00001525201368024351
0.165	0.00002376813264115255	0.00003270028868184036	0.000013758487909689582
0.168	0.00002220016979033167	0.000031850213613473286	0.000012328641688944767
0.171	0.00002069369121425687	0.0000308817068844918	0.000010926408366287332
0.17400000000000002	0.00001919103383656761	0.000029763584818121297	9.609386581160845e-6
0.177	0.000017378620813284137	0.00002854407841345458	8.262537606020785e-6
0.18	0.00001609480191114133	0.000027350679595626113	7.007040899145215e-6
0.183	0.000014867357693495307	0.000026196955717573496	5.815767552731774e-6
0.186	0.000013671902597001897	0.00002495131670845794	4.621546248800106e-6