0.05507017621050737	3.9083280778626293	0.000469979518784788
0.08223274076852932	4.30651867738831	0.0007667372665211553
0.10249757424497494	4.492857645410519	0.001726365641804272
0.11130825167808886	4.577599838313901	0.001072695682991216
0.12764099892958258	4.683516347754784	0.0034906385014430133
0.14142326578747771	4.753895352328231	0.006627944482955184
0.16219577429098278	4.851692850623095	0.006354705367001671
0.1718486564248801	4.885607875015111	0.006346997814085518
0.1901640269767603	4.963041840877085	0.008322736618728423
0.2148407394514992	5.025058218540465	0.009877281103805795
0.22904364969264668	5.0734483446766205	0.006886821408162886
0.2501921670250982	5.132800895309332	0.009988285062807264
0.2693425135453164	5.18339720062845	0.006404819676433088
0.28672790193100456	5.216693900857042	0.012179289576419446
0.3089517108352924	5.267150398861666	0.013699178475321245
0.32453877660552594	5.3148771539816115	0.005559480978840959
0.3442253545436301	5.334361682595852	0.013036318733947212
0.36735295180287225	5.387111181172228	0.01004757484854103
0.3805554481160935	5.402058073072579	0.01727231271245056
0.4015962469675685	5.441484855089595	0.012288395057717606
0.4215882375802624	5.485667205106841	0.009384515700207876
0.44067418639356143	5.534697822486408	0.01549403080773932
0.45896713939150685	5.565911471221135	0.024939931162772835
0.4799993237769586	5.576236244753371	0.019960902219295956
0.5001478447533811	5.622118235244422	0.016818125765604215
0.5163380318154452	5.64718780105092	0.01884262052042112
0.5381866759607501	5.677976299297564	0.02161291795427784
0.5562314392110501	5.715478039160844	0.02230273101358838
0.5737089242393836	5.719984512528556	0.025966714180441806
0.5934491257340806	5.777869078784525	0.029983453490990124
0.6125535077992601	5.780743629592231	0.03246847430781569
0.6310798166633219	5.812894778656131	0.02939218633786789
0.6516080795846264	5.871243073457297	0.018245950135985317
0.6715090794323765	5.878348076491086	0.03357083832687165
0.6884507090872602	5.8811909548437065	0.04179545055899105
0.7096387478995375	5.9173822333021295	0.034504528946016445
0.7279550170859298	5.990424518529979	0.03617950432938163
0.7458216015111986	5.9718777467774995	0.07093280811203033
0.7654231737793161	6.04826843479572	0.017959678015950973
0.7845351544934575	6.026407289038328	0.05262859095315145
0.803192493935137	6.007710957574458	0.09780764557629801