0.	0.9635026073158781
0.06283185307179587	0.9637796454996043
0.12566370614359174	0.9645909241050588
0.18849555921538758	0.965880072001367
0.25132741228718347	0.9675627423646461
0.3141592653589793	0.9695383885643424
0.37699111843077515	0.9717025379615727
0.4398229715025711	0.9739572356678924
0.5026548245743669	0.9762182899768136
0.5654866776461628	0.9784190080710994
0.6283185307179586	0.9805109065408714
0.6911503837897545	0.9824622799279137
0.7539822368615503	0.9842555609179835
0.8168140899333463	0.9858842425856151
0.8796459430051422	0.9873498902832588
0.9424777960769379	0.988659539310946
1.0053096491487339	0.9898235972854439
1.0681415022205298	0.9908542554117865
1.1309733552923256	0.991764350829087
1.1938052083641213	0.9925665972840036
1.2566370614359172	0.9932730990253809
1.319468914507713	0.9938950720605219
1.382300767579509	0.9944427106358262
1.4451326206513049	0.9949251509257431
1.5079644737231006	0.9953504964483066
1.5707963267948966	0.9957258799575568
1.6336281798666925	0.9960575444632287
1.6964600329384885	0.9963509318817639
1.7592918860102844	0.9966107720186291
1.82212373908208	0.9968411675033236
1.8849555921538759	0.997045672276262
1.9477874452256718	0.9972273625262663
2.0106192982974678	0.9973888998014196
2.0734511513692637	0.9975325865141778
2.1362830044410597	0.9976604143414841
2.199114857512855	0.9977741061578628
2.261946710584651	0.9978751521862806
2.324778563656447	0.9979648410433559
2.3876104167282426	0.9980442863157273
2.4504422698000385	0.998114449248387
2.5132741228718345	0.9981761580631737
2.57610597594363	0.9982301243623221
2.638937829015426	0.9982769570113676
2.701769682087222	0.9983171738395819
2.764601535159018	0.9983512114452043
2.827433388230814	0.9983794333471536
2.8902652413026098	0.9984021366843576
2.9530970943744053	0.9984195576278658
3.015928947446201	0.9984318756389
3.078760800517997	0.9984392166773346
3.141592653589793	0.9984416554391277