0.	0.9437850968662406
0.06283185307179587	0.9442111001285138
0.12566370614359174	0.9454585418945313
0.18849555921538758	0.9474405793644671
0.25132741228718347	0.9500273485010873
0.3141592653589793	0.9530641659987011
0.37699111843077515	0.9563904531188938
0.4398229715025711	0.9598557851923305
0.5026548245743669	0.9633309777302211
0.5654866776461628	0.9667137605119008
0.6283185307179586	0.9699298116379841
0.6911503837897545	0.9729305234240136
0.7539822368615503	0.975688936363262
0.8168140899333463	0.9781950185722642
0.8796459430051422	0.9804510926689204
0.9424777960769379	0.982467857700791
1.0053096491487339	0.984261184145713
1.0681415022205298	0.9858496863225066
1.1309733552923256	0.9872529830514044
1.1938052083641213	0.9884905201066378
1.2566370614359172	0.9895808247466205
1.319468914507713	0.9905410768102245
1.382300767579509	0.9913869017713084
1.4451326206513049	0.9921323126109494
1.5079644737231006	0.9927897464129477
1.5707963267948966	0.9933701571402654
1.6336281798666925	0.993883138066523
1.6964600329384885	0.9943370562499246
1.7592918860102844	0.9947391878346363
1.82212373908208	0.9950958474262276
1.8849555921538759	0.9954125078142031
1.9477874452256718	0.9956939083079459
2.0106192982974678	0.9959441512201486
2.0734511513692637	0.9961667868014145
2.1362830044410597	0.9963648873648863
2.199114857512855	0.9965411115558649
2.261946710584651	0.996697759798171
2.324778563656447	0.9968368219405965
2.3876104167282426	0.9969600180692573
2.4504422698000385	0.9970688333684956
2.5132741228718345	0.9971645478191191
2.57610597594363	0.9972482614273331
2.638937829015426	0.9973209155860484
2.701769682087222	0.9973833110851074
2.764601535159018	0.9974361232095897
2.827433388230814	0.9974799142959406
2.8902652413026098	0.9975151440538448
2.9530970943744053	0.9975421779068304
3.015928947446201	0.997561293555661
3.078760800517997	0.9975726859247045
3.141592653589793	0.9975764706116979