0.	0.43320798628649704
0.06283185307179587	0.437895031020654
0.12566370614359174	0.451444410958433
0.18849555921538758	0.4724875940385927
0.25132741228718347	0.49918865929231915
0.3141592653589793	0.5296406439028837
0.37699111843077515	0.5621313178101726
0.4398229715025711	0.5952633016330292
0.5026548245743669	0.6279741917652624
0.5654866776461628	0.6595054853801519
0.6283185307179586	0.6893523189456212
0.6911503837897545	0.7172106484897667
0.7539822368615503	0.742929160762892
0.8168140899333463	0.7664684654970371
0.8796459430051422	0.7878679358008106
0.9424777960769379	0.8072196249600225
1.0053096491487339	0.824648326629981
1.0681415022205298	0.8402967538733757
1.1309733552923256	0.8543148507160847
1.1938052083641213	0.8668523502492439
1.2566370614359172	0.8780538196095173
1.319468914507713	0.8880555634111679
1.382300767579509	0.896983881082432
1.4451326206513049	0.9049542834728296
1.5079644737231006	0.912071367311655
1.5707963267948966	0.9184291223953797
1.6336281798666925	0.9241115070412987
1.6964600329384885	0.9291931743909695
1.7592918860102844	0.9337402678462194
1.82212373908208	0.9378112304724725
1.8849555921538759	0.9414575925773555
1.9477874452256718	0.9447247155364747
2.0106192982974678	0.9476524796551323
2.0734511513692637	0.950275910503798
2.1362830044410597	0.9526257425815652
2.199114857512855	0.9547289219794526
2.261946710584651	0.9566090514073725
2.324778563656447	0.9582867818627298
2.3876104167282426	0.9597801556071252
2.4504422698000385	0.9611049051608275
2.5132741228718345	0.9622747128496029
2.57610597594363	0.9633014351332047
2.638937829015426	0.9641952955692131
2.701769682087222	0.9649650498596551
2.764601535159018	0.9656181260163359
2.827433388230814	0.9661607422795015
2.8902652413026098	0.9665980050418342
2.9530970943744053	0.9669339886696618
3.015928947446201	0.9671717987763189
3.078760800517997	0.9673136201873705
3.141592653589793	0.9673607505411729