0.510407017985082	0.16139584134596177
0.508730977967145	0.15853267249538686
0.5070652581206536	0.15521570285193234
0.5054095444562011	0.15226312816585147
0.5037633912820673	0.14912428680718734
0.5021162654163266	0.1455057157499547
0.5004983551846955	0.14234279314261516
0.4988907175609585	0.13878350780429144
0.49727977694500125	0.13545557410116563
0.49567628344557696	0.13169102017559606
0.49406318907133817	0.1281891449359162
0.4909233436120867	0.12069765924217164
0.48620348352648507	0.10940036495423963
0.48151764541332676	0.09835434888217591
0.47685435791242525	0.08805647025749798
0.47224613581094615	0.07739785008088075
0.46760874633784333	0.06541172105438245
0.4629738040810068	0.05486393625536349
0.4583395186196689	0.04567809745377619
0.45384817271738537	0.03691528651508861
0.4491585590673817	0.026895298368741823
0.44463435796013906	0.01815249524994966
0.44014008544681027	0.009119552534582374
0.4354930349514132	0.0020178651451958213
0.43096884245274597	0.0006151527320830378
0.4265477213274813	0.00042469699485701514
0.42226621551324556	0.0004764206141009817
0.41814873590487295	0.0006422209181197047
0.41375894838406624	0.0010015234024723888
0.4097564919006871	0.0018697652056725378
0.4057273565213278	0.004853765193753652
0.40178029420726313	0.012664060056829875
0.3975892410100126	0.5855475857936069
0.3940498881230622
0.3904074944325268
0.3867496273300983
0.38320755851418226
0.37962376057514907
0.37662727902466875
0.37336647699410114
0.37035180800055173
0.3674688675665249
0.36448008295393003
0.36203355412904614
0.3595519393319847
0.35722911292239373
0.35495876621809774
0.3528985584992496
0.35084933749830605
0.34906069305345644
0.3472841417961955
0.3457103941905295
0.34426283111509803
0.3429386775858181
0.34176014321912196
0.34064839462108426
0.3397094045449189