6.750649697666953	0.3622701668624886
6.492055504688249	0.34690790400920674
6.25094138004019	0.3317146617432388
6.025596742715456	0.31812962676107387
5.814528999034339	0.3048989386705157
5.616387199165046	0.2916421039494317
5.430116049850623	0.28004864358603143
5.254636439964824	0.2683065771152743
5.0889920785453056	0.2573898735604223
4.932413441318699	0.24640241819662667
4.784139381810709	0.2361975686416717
4.510272572711065	0.21631896416256127
4.14768377794317	0.18915622825976464
3.8329620358837624	0.16499877162094945
3.5572601080547903	0.14403466605393417
3.313889278172395	0.1238143578233793
3.0973810106754573	0.10279641993937899
2.9036572524864916	0.08490274510704268
2.72934386309952	0.06977745572846805
2.5719431004146744	0.055741367849182336
2.428680932356604	0.040258171017239566
2.2982620834024043	0.026940497250133356
2.17891380058008	0.01341689793714104
2.069120933034922	0.00294812255031781
1.9680924141536162	0.0008907358970671675
1.8757138983026809	0.0006087888085094767
1.7914570356569537	0.0006775537434601167
1.7131218143023765	0.0009075485311017399
1.6397089407920877	0.0014138829210101538
1.5712988783573865	0.0026633751673168344
1.5071969667913683	0.007132320105152909
1.4470691338330317	0.015329913771833306
1.390292988245142	0.22301057617854597
1.3373466650296677
1.2873582426399284
1.24003877912214
1.1953403465241512
1.1527538301168305
1.1132745929577486
1.075232907320698
1.0392918262524133
1.0051514979333362
0.972225944303636
0.9416972827028939
0.9122725537614192
0.8842774139210375
0.8574136575318851
0.8319185154375257
0.8073259035533249
0.784028694571263
0.7615550669138733
0.7401643552380368
0.719692170694558
0.7000953235589987
0.6812645659164657
0.6632502762405506
0.6459684723102043