0.5101976092794881	0.32302163938482914
0.509719916824208	0.31952960868229585
0.5092409535276164	0.3166508832390355
0.5087618575996989	0.31272338349229795
0.5082079617818297	0.30932597820474605
0.5076160873749891	0.30632723424025377
0.5072166697773867	0.3017768218082728
0.5067337453262243	0.29797378635733734
0.5062181071327265	0.29408360427883196
0.5056905322948654	0.2902626544532369
0.5049065582003771	0.28635214558747735
0.5039699699526327	0.27873606993395933
0.5020884930697609	0.26667598105650686
0.499916578808549	0.25389386965675775
0.4975850196948464	0.24011906729390925
0.4951993510864265	0.22785916147819482
0.4926550626046295	0.21730610389494207
0.48981900199351974	0.20574517570388623
0.48694604217553555	0.19347832534938658
0.48456435363044037	0.1818780452924667
0.48140988062082063	0.17180706414255312
0.4788436946807536	0.16159267880389763
0.47643142759488916	0.1523665854366523
0.47339155891884893	0.14224720036452382
0.47097799867583817	0.1304607556462937
0.4685546005641707	0.1194558542566826
0.46651578929159426	0.10905154203938391
0.4647784939965988	0.0991383963651613
0.4622474411046164	0.08905817971702905
0.46140402932765173	0.07797663332738039
0.46019091120981676	0.06322061516676414
0.45928750593072815	0.08485513283391247
0.4579806137822741	-0.005886010729468849
0.4581842743136896
0.4579338481548953
0.4581065293353597
0.45860613703996145
0.4600277439702639
0.4601127112625546
0.46146999755895146
0.46291139433501327
0.4645913375605483
0.4673754148911251
0.4686915763570062
0.4709418133674366
0.4732240819183545
0.4759250066440986
0.47843832319011514
0.4814723541394619
0.48424018152415355
0.48734238300263355
0.4903109015165287
0.49328323291600934
0.49623719893267054
0.49941845030509774
0.5023567842667129
0.5054493454075379