0.047523346881915736	0.29963336068858604
0.04957562526348796	0.30571062890601414
0.051656059364511085	0.31222517947997686
0.05376436241832223	0.3183024040532074
0.05590079546900422	0.32453050413853557
0.0581131431041972	0.33121541840276114
0.06025635169528037	0.3373859071499128
0.06242067458482944	0.3439224963056839
0.06466332008544343	0.350179648427215
0.06693236072579607	0.35684431789817694
0.0692948949729075	0.3632016471709661
0.07382262888550993	0.3762982821725359
0.08099769096017069	0.3957404860639266
0.08837696417200598	0.4146434726301801
0.09593365843298088	0.4325410336631129
0.10351133497852091	0.4505397858766899
0.11131327920216874	0.46964700128151426
0.1191878761422706	0.48713385636376305
0.12709570639904086	0.5030707878186128
0.13465464540319683	0.5184143843154071
0.14266837814338146	0.5349867760702134
0.15024110975619429	0.5501511554776186
0.15768380534080634	0.5656159437478072
0.16535658742588763	0.5789625667655467
0.17266258034141072	0.5856906080464533
0.17969832587090062	0.5906965908042382
0.18641992500672347	0.5950472344009972
0.19272139369971053	0.5990050363397474
0.19937011705438915	0.6024814558188866
0.20521683984857444	0.6050325604248782
0.21099120466759153	0.6043116410161681
0.2165111513351182	0.5992343260220211
0.2222765621121733	0.3941989042181343
0.22693912786762624
0.2316587468253134
0.23628816095501662
0.2406508420255938
0.2449481199908367
0.24843102272506573
0.2521424949972682
0.2554729491137434
0.25857253091208143
0.26169831700935625
0.26418838261469674
0.2666483951612498
0.2688924298199578
0.27102995362706195
0.2729219612765421
0.27475750550846834
0.27632021702451354
0.27784035009402674
0.27915796426969913
0.2803486745117532
0.28142205578423984
0.2823595751682182
0.283244641965573
0.28398531194275134