3.0487540725167235	3.515745887057553
3.0469093135122907	3.5112738806393695
3.04506994205456	3.5067470806477075
3.043236181715214	3.502490872012365
3.0414084028915074	3.4982136431118636
3.0395866740905673	3.493889037487549
3.037770475085785	3.4899468140307754
3.0359606234021257	3.4859071035770532
3.0341570280830643	3.481982469385655
3.0323596759309996	3.478056752643733
3.030569470187146	3.4742479809032267
3.027005455986738	3.4667069607049026
3.0217074533815884	3.455945942740977
3.016465391836564	3.445874179389056
3.011277222956552	3.4366626279405788
3.006140508420175	3.4273807432908585
3.001053697756838	3.4175289955267254
2.99601620372699	3.408498435060399
2.9910239287486298	3.400277147301182
2.9860692315885977	3.3921246829808496
2.9811627745400235	3.382919278600324
2.976287863703418	3.3741751755380713
2.971446275541442	3.3647173473954317
2.966647469023249	3.3564403223842936
2.961870917258362	3.352576325662842
2.9571913979063678	3.3499257471968775
2.952641600409022	3.3477543496333415
2.948098144388713	3.3458347932133368
2.9435825111333447	3.3444238364322567
2.93903697641522	3.3440624987011205
2.934507872516764	3.3479801582150426
2.9299764697505557	3.3504859417847577
2.925459851619468	3.3590029143522715
2.9209038180072873
2.9163627134260377
2.9118039318935627
2.907230374544741
2.9026077891667144
2.8980544022780266
2.8934253080706367
2.8887868775012153
2.884126581466589
2.8793816274365858
2.8747277407200937
2.869998203630606
2.8652544651282916
2.8604635745497324
2.855674787406549
2.850824452659843
2.8459850510510636
2.8410955388810497
2.836204943006361
2.8312986394618145
2.8263794128014617
2.8214238871329496
2.816476652006609
2.8115031359412503