0.017752534794332885	0.24976764949950217
0.017741962342634286	0.24961697209768124
0.01776198313991481	0.2500468071647513
0.0178681391484462	0.2504156133592944
0.01786949041435903	0.25096478401086403
0.01796957718313365	0.25180339283993247
0.01812385769397605	0.2531048263980755
0.018401078645130194	0.25467968601048674
0.018725693085848934	0.25806592500176434
0.018966870944322804	0.25989871053797664
0.01900587761427406	0.26040004472226613
0.019226488202027697	0.2617071869936279
0.019354041264688596	0.2627682502802308
0.019839474496084093	0.2659789236314141
0.019974509257442347	0.2671378704890735
0.020348800479841334	0.269308280187167