0.057319678582279425	0.8144941034606771
0.05772852554955111	0.8150905990050259
0.05624501952323762	0.815019339626053
0.05679498126224667	0.8148152555566239
0.05662849056146957	0.8127809172485413
0.05754510868236235	0.8130662642261678
0.05776681837197854	0.8107493436915318
0.05744459905798714	0.8091268601952823
0.05699432316999071	0.8075927497975338
0.057559583341923355	0.8059146045182952
0.056694629085425184	0.8039276680232544
0.05791855611349833	0.7990538744426594
0.057939535460606886	0.7950128862633306
0.05887754449621958	0.7907985396498661
0.05926007084166298	0.7852944869634344
0.05994619701742078	0.7847964500621472
0.05954287213323605	0.7808542561795379
0.06014494232192562	0.7786622305161719
0.06049646697906745	0.7695395368783895
0.06070215553525365	0.7636194020597967
0.0600577989440141	0.7607401060226507
0.06157686154902754	0.750876159377931
0.06104207902813516	0.7477640688763435
0.061481530132380675	0.7382732190005732
0.06134474092521974	0.7308261172510809
0.06423812050341085	0.7243547854164909
0.06409506679937126	0.7158059284895483
0.06434484227362842	0.7070939910112212
0.06496094241230341	0.7002574862816745
0.06587510776703141	0.691268034155797
0.06683867547297981	0.6807752660163503
0.06807613301112167	0.6708093436946009
0.06818890478015976	0.6613441457526926
0.0681725511393014	0.6518046029913779
0.06912106995214214	0.6401143471774047
0.07000457471417507	0.629721015492298
0.07136794566039034	0.6177176204448023
0.07208239884575054	0.6055496935581024
0.07270612357248767	0.5933282303231172
0.07362096195992016	0.5823559121450266
0.07533138420158023	0.5714242913699112
0.07617956804998839	0.5567577470537283
0.07612423272879172	0.5438707428634089
0.07685033318573718	0.5357760009747555
0.07887844601905179	0.5300399229951785
0.07914581294885183	0.5223975947138657
0.08101817553372007	0.5153565301041116
0.08141688482330618	0.5089185244447193
0.08366246636632159	0.500523252908165
0.08409547111210426	0.4938239924371263
0.08552094552231419	0.4835217309335245
0.08787800595637628	0.47725745128831965
0.08891140627863037	0.46796258140959607
0.09032861752760948	0.4595287738840597
0.09147669575440323	0.4506079579601299
0.09314963496830576	0.44320839863660255
0.0945439373633254	0.43318006711360657
0.09576920945041342	0.42484447803497527
0.09714027229692793	0.41645988178649895
0.0991364205263561	0.4036112427936878
0.1010331117312338	0.3965405807044652
0.10274086773506795	0.3865652796344432
0.10427145067281358	0.3776966229746284
0.10646139544300884	0.3629631772454867
0.10874981018209016	0.3577985373934088
0.11038355898211204	0.34728230328316134
0.1124369504780539	0.33611149771754883
0.11501222279453283	0.32819184916439315
0.11655563206022447	0.3128059463930513
0.11885982015437714	0.30476881175051057
0.12176484525253893	0.2964976004260019
0.12342333585224999	0.28289822160162414
0.1265503183461705	0.2733430512369644
0.1280422687153177	0.26233070650089463
0.13156581748697155	0.25166139203348464
0.1343779012548879	0.24076194098285786
0.13685970052198135	0.23065599322339683
0.139804856946703	0.219781721693925
0.1419674987788671	0.2090892888492667
0.14454757029640056	0.19721836932788306
0.14750817493417304	0.18584507475615403
0.1506937651961253	0.17545484459485078
0.15360935956577293	0.1645166180839618
0.15712094438402494	0.15345995386644767
0.1600552265044283	0.1427182496616818
0.16330306289767163	0.1326861365663354
0.16745904988268537	0.12010201272288581
0.1705477961805336	0.11104571212025867
0.17408399478521736	0.099955290496171
0.17773072609959248	0.0896877577895548
0.1821268263546966	0.0777885931085597
0.18586836000669588	0.06883933050629548
0.1889757285088921	0.059133929856786505
0.19381305457566292	0.04794965792404187
0.19693832997752092	0.03949149268532807
0.20176762669436096	0.029331478257397313
0.2054957012821121	0.01999507297740369
0.2109396731611474	0.010245561296363039
0.21514616811986606	0.0014101379706180578
0.22001018530650943	-0.007857154758084305
0.22474434775874397	-0.016022230428070543