0.001	3.0199224862526086e-9
0.051	5.0208799081554755e-6
0.101	0.000017759912092825597
0.151	0.00003715478590057934
0.201	0.00006263061252837088
0.251	0.00009378433214287937
0.301	0.0001303042676913478
0.351	0.0001719358422165162
0.401	0.00021846362131593944
0.451	0.0002697006949219465
0.501	0.0003254818667597626
0.551	0.00038565902131680656
0.601	0.00045009782797497265
0.651	0.0005186753123448068
0.701	0.0005912780149118709
0.751	0.0006678005617187747
0.801	0.0007481445327123386
0.851	0.0008322175505218405
0.901	0.0009199325359718678
0.951	0.0010112070920517645
1.001	0.001105962988454892
1.051	0.0012041257259797979
1.101	0.0013056241651542863
1.151	0.001410390207092372
1.201	0.0015183585172666816
1.251	0.0016294662848669644
1.301	0.001743653011915179
1.351	0.001860860327453608
1.401	0.00198103182300831
1.451	0.0021041129062223576
1.501	0.002230050670099415
1.551	0.002358793775733001
1.601	0.0024902923467458806
1.651	0.0026244978739464984
1.701	0.0027613631289395905
1.751	0.0029008420856170285
1.801	0.0030428898486109515
1.851	0.003187462587920833
1.901	0.0033345174790343755
1.951	0.0034840126479530314
2.001	0.0036359071206096545
2.051	0.0037901607762308295
2.101	0.0039467343042518055
2.151	0.004105589164439328
2.201	0.0042666875499183365
2.251	0.004429992352833522
2.301	0.004595467132407076
2.351	0.004763076085180264
2.401	0.004932784017249327
2.451	0.005104556318326307
2.501	0.005278358937472821
2.551	0.005454158360370281
2.601	0.005631921588003589
2.651	0.005811616116647328
2.701	0.005993209919054079
2.751	0.006176671426753906
2.801	0.006361969513382442
2.851	0.006549073478962458
2.901	0.006737953035070505
2.951	0.006928578290826149
3.001	0.007120919739646735
3.051	0.00731494824671539
3.101	0.007510635037114347
3.151	0.007707951684579566
3.201	0.007906870100836192
3.251	0.008107362525477559
3.301	0.0083094015163534
3.351	0.00851295994043551
3.401	0.008718010965131546
3.451	0.008924528050019833
3.501	0.009132484938979994
3.551	0.009341855652696102
3.601	0.009552614481510686
3.651	0.009764735978609444
3.701	0.009978194953517917
3.751	0.010192966465892687
3.801	0.010409025819590806
3.851	0.010626348557002252
3.901	0.010844910453631266
3.951	0.011064687512913242
4.001	0.011285655961254795
4.051	0.011507792243285367
4.101	0.011731073017309458
4.151	0.011955475150949264
4.201	0.012180975716968122
4.251	0.012407551989265735
4.301	0.01263518143903668
4.351	0.012863841731084265
4.401	0.013093510720282137
4.451	0.013324166448176637
4.501	0.013555787139723174
4.551	0.01378835120015034
4.601	0.014021837211945783
4.651	0.01425622393195826
4.701	0.014491490288610532
4.751	0.014727615379218045
4.801	0.0149645784674087
4.851	0.015202358980639154
4.901	0.015440936507803402
4.951	0.01568029079692958
5.001	0.015920401752961177
5.051	0.01616124943561895
5.101	0.016402814057340166
5.151	0.016645075981291793
5.201	0.01688801571945458
5.251	0.017131613930775013
5.301	0.017375851419382343
5.351	0.017620709132867965
5.401	0.01786616816062462
5.451	0.018112209732242927
5.501	0.018358815215962977
5.551	0.018605966117178706
5.601	0.018853644076992967
5.651	0.019101830870821263
5.701	0.01935050840704221
5.751	0.019599658725692897
5.801	0.019849263997207354
5.851	0.02009930652119648
5.901	0.020349768725267767
5.951	0.02060063316388335
6.001	0.02085188251725483
6.051	0.021103499590273512
6.101	0.021355467311474682
6.151	0.021607768732034637
6.201	0.021860387024799217
6.251	0.022113305483342647
6.301	0.02236650752105557
6.351	0.022619976670261138
6.401	0.022873696581358148
6.451	0.023127651021990173
6.501	0.02338182387623979
6.551	0.023636199143846855
6.601	0.02389076093945009
6.651	0.024145493491850977
6.701	0.0244003811432992
6.751	0.024655408348798886
6.801	0.024910559675434756
6.851	0.02516581980171759
6.901	0.02542117351694822
6.951	0.025676605720599363
7.001	0.025932101421714707
7.051	0.02618764573832454
7.101	0.026443223896877373
7.151	0.02669882123168695
7.201	0.02695442318439407
7.251	0.027210015303442713
7.301	0.02746558324356989
7.351	0.027721112765308795
7.401	0.027976589734504658
7.451	0.028232000121842953
7.501	0.028487330002389417
7.551	0.028742565555141486
7.601	0.02899769306259071
7.651	0.02925269891029572
7.701	0.029507569586465443
7.751	0.02976229168155203
7.801	0.030016851887853288
7.851	0.03027123699912416
7.901	0.030525433910196943
7.951	0.03077942961660993
8.001	0.03103321121424411
8.051	0.03128676589896766
8.101	0.031540080966287916
8.151	0.031793143811010526
8.201	0.032045941926905505
8.251	0.03229846290637996
8.301	0.0325506944401571
8.351	0.03280262431696153
8.401	0.033054240423210215
8.451	0.03330553074270927
8.501	0.03355648335635604
8.551	0.03380708644184643
8.601	0.03405732827338716
8.651	0.03430719722141284
8.701	0.03455668175230755
8.751	0.03480577042813084
8.801	0.03505445190634786
8.851	0.03530271493956351
8.901	0.0355505483752604
8.951	0.035797941155540476
9.001	0.0360448823168701
9.051	0.03629136098982843
9.101	0.03653736639885902
9.151	0.03678288786202438
9.201	0.037027914790763415
9.251	0.037272436689651585
9.301	0.03751644315616363
9.351	0.03775992388043878
9.401	0.038002868645048274
9.451	0.03824526732476502
9.501	0.03848710988633542
9.551	0.03872838638825307
9.601	0.03896908698053434
9.651	0.039209201904495665
9.701	0.039448721492532486
9.751	0.03968763616789967
9.801	0.039925936444493375
9.851	0.040163612926634236
9.901	0.04040065630885174
9.951	0.040637057375669784
10.001	0.04087280700139323
10.051	0.04110789614989546
10.101	0.041342315874406774
10.151	0.04157605731730356
10.201	0.04180911170989827
10.251	0.04204147037222991
10.301	0.04227312471285519
10.351	0.04250406622864011
10.401	0.04273428650455201
10.451	0.042963777213451924
10.501	0.043192530115887307
10.551	0.04342053705988489
10.601	0.04364778998074378
10.651	0.04387428090082863
10.701	0.04410000192936287
10.751	0.04432494526222195
10.801	0.044549103181726474
10.851	0.044772468056435304
10.901	0.044995032340938414
10.951	0.04521678857564961
11.001	0.045437729386598964
11.051	0.045657847485224924
11.101	0.04587713566816614
11.151	0.04609558681705283
11.201	0.046313193898297786
11.251	0.046529949962886855
11.301	0.04674584814616895
11.351	0.04696088166764554
11.401	0.04717504383075946
11.451	0.04738832802268324
11.501	0.04760072771410671
11.551	0.04781223645902391
11.601	0.048022847894519397
11.651	0.04823255574055365
11.701	0.04844135379974788
11.751	0.0486492359571679
11.801	0.04885619618010729
11.851	0.04906222851786962
11.901	0.049267327101549886
11.951	0.04947148614381498
12.001	0.04967469993868327
12.051	0.04987696286130328
12.101	0.05007826936773133
12.151	0.050278613994708274
12.201	0.050477991359435204
12.251	0.05067639615934811
12.301	0.050873823171891576
12.351	0.051070267254291354
12.401	0.05126572334332592
12.451	0.05146018645509694
12.501	0.05165365168479858
12.551	0.05184611420648583
12.601	0.052037569272841575
12.651	0.05222801221494263
12.701	0.05241743844202456
12.751	0.05260584344124537
12.801	0.05279322277744806
12.851	0.05297957209292194
12.901	0.0531648871071628
12.951	0.05334916361663189
13.001	0.05353239749451367
13.051	0.053714584690472356
13.101	0.05389572123040729
13.151	0.05407580321620702
13.201	0.054254826825502235
13.251	0.05443278831141736
13.301	0.05460968400232101
13.351	0.05478551030157517
13.401	0.05496026368728312
13.451	0.055133940712036096
13.501	0.05530653800265875
13.551	0.0554780522599533
13.601	0.055648480258442476
13.651	0.055817818846111165
13.701	0.05598606494414682
13.751	0.05615321554667862
13.801	0.05631926772051534
13.851	0.056484218604882015
13.901	0.05664806541115526
13.951	0.05681080542259745
14.001	0.05697243599408953
14.051	0.05713295455186265
14.101	0.057292358593228516
14.151	0.0574506456863085
14.201	0.057607813469761474
14.251	0.05776385965251049
14.301	0.0579187820134681
14.351	0.058072578401260504
14.401	0.05822524673395049
14.451	0.058376784998759104
14.501	0.0585271912517861
14.551	0.05867646361772917
14.601	0.05882460028960202
14.651	0.058971599528451116
14.701	0.05911745966307139
14.751	0.05926217908972057
14.801	0.059405756271832484
14.851	0.059548189739729085
14.901	0.05968947809033131
14.951	0.059829619986868796
15.001	0.059968614158588424
15.051	0.0601064594004617
15.101	0.06024315457289099
15.151	0.06037869860141462
15.201	0.060513090476410854
15.251	0.06064632925280072
15.301	0.06077841404974975
15.351	0.06090934405036861
15.401	0.06103911850141261
15.451	0.061167736712980154
15.501	0.06129519805821009
15.551	0.06142150197297803
15.601	0.06154664795559151
15.651	0.06167063556648426
15.701	0.06179346442790926
15.751	0.06191513422363093
15.801	0.06203564469861613
15.851	0.062154995658724316
15.901	0.06227318697039658
15.951	0.06239021856034374
16.001	0.06250609041523349
16.051	0.0626208025813765
16.101	0.06273435516441167
16.151	0.06284674832899027
16.201	0.06295798229845939
16.251	0.06306805735454424
16.301	0.06317697383702967
16.351	0.06328473214344073
16.401	0.06339133272872241
16.451	0.06349677610491841
16.501	0.06360106284084915
16.551	0.06370419356178889
16.601	0.06380616894914191
16.651	0.06390698974011809
16.701	0.06400665672740745
16.751	0.06410517075885401
16.801	0.06420253273712888
16.851	0.06429874361940244
16.901	0.06439380441701593
16.951	0.06448771619515217
17.001	0.06458048007250562
17.051	0.0646720972209516
17.101	0.06476256886521495
17.151	0.06485189628253793
17.201	0.06494008080234732
17.251	0.06502712380592113
17.301	0.06511302672605428
17.351	0.065197791046724
17.401	0.06528141830275433
17.451	0.06536391007948016
17.501	0.06544526801241057
17.551	0.0655254937868917
17.601	0.06560458913776887
17.651	0.0656825558490483
17.701	0.06575939575355819
17.751	0.06583511073260934
17.801	0.0659097027156551
17.851	0.06598317367995106
17.901	0.06605552565021394
17.951	0.06612676069828032
18.001	0.06619688094276462
18.051	0.06626588854871684
18.101	0.06633378572727978
18.151	0.06640057473534576
18.201	0.06646625787521311
18.251	0.06653083749424211
18.301	0.06659431598451065
18.351	0.06665669578246941
18.401	0.06671797936859683
18.451	0.06677816926705364
18.501	0.06683726804533714
18.551	0.06689527831393506
18.601	0.06695220272597928
18.651	0.06700804397689909
18.701	0.0670628048040744
18.751	0.06711648798648849
18.801	0.06716909634438065
18.851	0.06722063273889854
18.901	0.06727110007175041
18.951	0.06732050128485702
19.001	0.06736883936000349
19.051	0.06741611731849088
19.101	0.06746233822078773
19.151	0.06750750516618137
19.201	0.06755162129242916
19.251	0.06759468977540958
19.301	0.06763671382877331
19.351	0.0676776967035941
19.401	0.0677176416880197
19.451	0.06775655210692268
19.501	0.06779443132155118
19.551	0.06783128272917975
19.601	0.06786710976276004
19.651	0.06790191589057162
19.701	0.06793570461587273
19.751	0.0679684794765511
19.801	0.06800024404477487
19.851	0.06803100192664344
19.901	0.06806075676183858
19.951	0.06808951222327542
20.001	0.06811727201675374
20.051	0.06814403988060928
20.101	0.06816981958536517
20.151	0.0681946149333835
20.201	0.0682184297585172
20.251	0.06824126792576189
20.301	0.06826313333090803
20.351	0.06828402990019321
20.401	0.06830396158995478
20.451	0.06832293238628259
20.501	0.068340946304672
20.551	0.06835800738967714
20.601	0.0683741197145645
20.651	0.06838928738096677
20.701	0.0684035145185369
20.751	0.06841680528460269
20.801	0.06842916386382135
20.851	0.0684405944678348
20.901	0.06845110133492505
20.951	0.06846068872967002
21.001	0.06846936094259977
21.051	0.06847712228985306
21.101	0.06848397711283441
21.151	0.0684899297778715
21.201	0.06849498467587296
21.251	0.0684991462219868
21.301	0.06850241885525901
21.351	0.06850480703829293
21.401	0.06850631525690885
21.451	0.06850694801980428
21.501	0.06850670985821466
21.551	0.06850560532557455
21.601	0.06850363899717947
21.651	0.06850081546984815
21.701	0.06849713936158551
21.751	0.068492615311246
21.801	0.06848724797819768
21.851	0.06848104204198689
21.901	0.06847400220200346
21.951	0.06846613317714659
22.001	0.06845743970549131
22.051	0.0684479265439557
22.101	0.06843759846796864
22.151	0.0684264602711383
22.201	0.06841451676492132
22.251	0.0684017727782926
22.301	0.06838823315741596
22.351	0.06837390276531535
22.401	0.06835878648154685
22.451	0.06834288920187144
22.501	0.06832621583792853
22.551	0.06830877131691017
22.601	0.06829056058123613
22.651	0.06827158858822975
22.701	0.0682518603097945
22.751	0.06823138073209148
22.801	0.06821015485521766
22.851	0.06818818769288498
22.901	0.06816548427210029
22.951	0.06814204963284609
23.001	0.06811788882776229
23.051	0.06809300692182861
23.101	0.0680674089920481
23.151	0.06804110012713145
23.201	0.06801408542718215
23.251	0.06798637000338267
23.301	0.06795795897768155
23.351	0.06792885748248137
23.401	0.06789907066032776
23.451	0.06786860366359929
23.501	0.06783746165419834
23.551	0.06780564980324301
23.601	0.06777317329076
23.651	0.06774003730537839
23.701	0.0677062470440246
23.751	0.06767180771161822
23.801	0.06763672452076895
23.851	0.06760100269147458
23.901	0.06756464745081998
23.951	0.06752766403267717
24.001	0.06749005767740643
24.051	0.06745183363155856
24.101	0.06741299714757813
24.151	0.06737355348350792
24.201	0.06733350790269434
24.251	0.06729286567349411
24.301	0.06725163206898199
24.351	0.0672098123666596
24.401	0.06716741184816541
24.451	0.06712443579898597
24.501	0.06708088950816814
24.551	0.06703677826803257
24.601	0.0669921073738884
24.651	0.06694688212374901
24.701	0.06690110781804913
24.751	0.06685478975936293
24.801	0.06680793325212357
24.851	0.06676054360234378
24.901	0.06671262611733768
24.951	0.06666418610544395
25.001	0.0666152288757501
25.051	0.06656575973781803
25.101	0.06651578400141095
25.151	0.06646530697622136
25.201	0.06641433397160043
25.251	0.06636287029628868
25.301	0.06631092125814785
25.351	0.06625849216389407
25.401	0.06620558831883246
25.451	0.06615221502659281
25.501	0.0660983775888668
25.551	0.06604408130514636
25.601	0.06598933147246346
25.651	0.06593413338513116
25.701	0.06587849233448607
25.751	0.06582241360863213
25.801	0.06576590249218565
25.851	0.06570896426602187
25.901	0.06565160420702272
25.951	0.06559382758782611
26.001	0.06553563967657644
26.051	0.06547704573667658
26.101	0.06541805102654119
26.151	0.06535866079935156
26.201	0.06529888030281158
26.251	0.0652387147789055
26.301	0.06517816946365662
26.351	0.06511724958688789
26.401	0.06505596037198355
26.451	0.06499430703565241
26.501	0.06493229478769245
26.551	0.06486992883075691
26.601	0.06480721436012182
26.651	0.06474415656345493
26.701	0.06468076062058618
26.751	0.0646170317032795
26.801	0.06455297497500614
26.851	0.06448859559071957
26.901	0.06442389869663155
26.951	0.06435888942999005
27.001	0.06429357291885833
27.051	0.0642279542818957
27.101	0.0641620386281397
27.151	0.06409583105678968
27.201	0.06402933665699206
27.251	0.06396256050762697
27.301	0.06389550767709637
27.351	0.06382818322311373
27.401	0.06376059219249523
27.451	0.0636927396209524
27.501	0.06362463053288639
27.551	0.06355626994118359
27.601	0.06348766284701299
27.651	0.06341881423962484
27.701	0.06334972909615105
27.751	0.06328041238140693
27.801	0.06321086904769459
27.851	0.06314110403460788
27.901	0.06307112226883874
27.951	0.0630009286639853
28.001	0.06293052812036132
28.051	0.06285992552480728
28.101	0.06278912575050308
28.151	0.06271813365678214
28.201	0.06264695408894717
28.251	0.06257559187808748
28.301	0.06250405184089779
28.351	0.06243233877949872
28.401	0.062360457481258694
28.451	0.062288412718617535
28.501	0.06221620924891155
28.551	0.06214385181420024
28.601	0.06207134514109452
28.651	0.06199869394058654
28.701	0.06192590290788115
28.751	0.06185297672222878
28.801	0.06177992004676005
28.851	0.06170673752832188
28.901	0.06163343379731519
28.951	0.061560013467534175
29.001	0.0614864811360072
29.051	0.061412841382839235
29.101	0.06133909877105586
29.151	0.061265257846448894
29.201	0.061191323137423606
29.251	0.06111729915484747
29.301	0.06104319039190054
29.351	0.060969001323927394
29.401	0.0608947364082907
29.451	0.06082040008422627
29.501	0.06074599677269984
29.551	0.060671530876265305
29.601	0.06059700677892466
29.651	0.06052242884598939
29.701	0.06044780142394359
29.751	0.06037312884030856
29.801	0.060298415403509026
29.851	0.06022366540274099
29.901	0.06014888310784107
29.951	0.060074072769157515
30.001	0.05999923861742274
30.051	0.059924384863627486
30.101	0.059849515698896544
30.151	0.05977463529436604
30.201	0.05969974780106236
30.251	0.05962485734978259
30.301	0.05954996805097655
30.351	0.05947508399463048
30.401	0.05940020925015216
30.451	0.05932534786625773
30.501	0.059250503870860054
30.551	0.05917568127095859
30.601	0.05910088405253093
30.651	0.059026116180425844
30.701	0.058951381598257906
30.751	0.05887668422830371
30.801	0.05880202797139959
30.851	0.05872741670684102
30.901	0.0586528542922834
30.951	0.0585783445636446
31.001	0.05850389133500887
31.051	0.05842949839853248
31.101	0.05835516952435077
31.151	0.05828090846048683
31.201	0.05820671893276172
31.251	0.058132604644706196
31.301	0.05805856927747404
31.351	0.05798461648975689
31.401	0.057910749917700594
31.451	0.057836973174823156
31.501	0.05776328985193417
31.551	0.057689703517055796
31.601	0.05761621771534528
31.651	0.05754283596901895
31.701	0.05746956177727782
31.751	0.057396398616234634
31.801	0.05732334993884244
31.851	0.057250419174824714
31.901	0.05717760973060698
31.951	0.05710492498924992
32.001	0.05703236831038396
32.051	0.05695994303014545
32.101	0.05688765246111425
32.151	0.05681549989225283
32.201	0.056743488588846924
32.251	0.05667162179244754
32.301	0.05659990272081459
32.351	0.056528334567861924
32.401	0.05645692050360384
32.451	0.05638566367410308
32.501	0.05631456720142032
32.551	0.05624363418356505
32.601	0.056172867694447993
32.651	0.05610227078383494
32.701	0.05603184647730202
32.751	0.055961597776192466
32.801	0.05589152765757477
32.851	0.05582163907420233
32.901	0.05575193495447449
32.951	0.055682418202399005
33.001	0.055613091697555996
33.051	0.05554395829506323
33.101	0.05547502082554291
33.151	0.055406282095089805
33.201	0.05533774488524083
33.251	0.05526941195294603
33.301	0.0552012860305409
33.351	0.055133369825720195
33.401	0.05506566602151307
33.451	0.05499817727625958
33.501	0.05493090622358863
33.551	0.05486385547239724
33.601	0.05479702760683121
33.651	0.05473042518626711
33.701	0.05466405074529571
33.751	0.05459790679370665
33.801	0.05453199581647454
33.851	0.054466320273746406
33.901	0.0544008826008304
33.951	0.05433568520818592
34.001	0.05427073048141504
34.051	0.05420602078125521
34.101	0.05414155844357332
34.151	0.05407734577936112
34.201	0.054013385074731794
34.251	0.05394967859091802
34.301	0.05388622856427115
34.351	0.05382303720626186
34.401	0.05376010670348188
34.451	0.05369743921764717
34.501	0.053635036885602304
34.551	0.05357290181932606
34.601	0.05351103610593838
34.651	0.05344944180770851
34.701	0.0533881209620644
34.751	0.05332707558160334
34.801	0.053266307654103895
34.851	0.05320581914253894
34.901	0.05314561198509006
34.951	0.05308568809516306
35.001	0.053026049361404745
35.051	0.052966697647720884
35.101	0.05290763479329539
35.151	0.05284886261261063
35.201	0.05279038289546904
35.251	0.052732197407015784
35.301	0.05267430788776267
35.351	0.05261671605361325
35.401	0.05255942359588897
35.451	0.052502432181356626
35.501	0.05244574345225682
35.551	0.05238935902633367
35.601	0.052333280496865586
35.651	0.05227750943269722
35.701	0.05222204737827248
35.751	0.05216689585366874
35.801	0.05211205635463205
35.851	0.05205753035261356
35.901	0.05200331929480697
35.951	0.05194942460418707
36.001	0.051895847679549384
36.051	0.05184258989555089
36.101	0.05178965260275178
36.151	0.05173703712765829
36.201	0.05168474477276663
36.251	0.05163277681660786
36.301	0.051581134513793925
36.351	0.05152981909506461
36.401	0.051478831767335635
36.451	0.05142817371374764
36.501	0.0513778460937163
36.551	0.0513278500429834
36.601	0.05127818667366887
36.651	0.05122885707432383
36.701	0.051179862309984704
36.751	0.05113120342222817
36.801	0.05108288142922717
36.851	0.05103489732580788
36.901	0.05098725208350758
36.951	0.05093994665063353
37.001	0.05089298195232276
37.051	0.05084635889060277
37.101	0.05080007834445326
37.151	0.050754141169868594
37.201	0.05070854819992137
37.251	0.050663300244826764
37.301	0.05061839809200783
37.351	0.05057384250616167
37.401	0.050529634229326506
37.451	0.05048577398094957
37.501	0.05044226245795596
37.551	0.050399100334818266
37.601	0.05035628826362708
37.651	0.05031382687416236
37.701	0.05027171677396565
37.751	0.05022995854841308
37.801	0.050188552760789214
37.851	0.05014749995236174
37.901	0.050106800642456935
37.951	0.050066455328535917
38.001	0.05002646448627176
38.051	0.04998682856962731
38.101	0.04994754801093384
38.151	0.049908623220970456
38.201	0.04987005458904425
38.251	0.04983184248307123
38.301	0.049793987249658014
38.351	0.04975648921418422
38.401	0.04971934868088562
38.451	0.049682565932938016
38.501	0.04964614123254183
38.551	0.04961007482100742
38.601	0.04957436691884106
38.651	0.049539017725831684
38.701	0.04950402742113823
38.751	0.04946939616337773
38.801	0.049435124090714086
38.851	0.04940121132094742
38.901	0.049367657951604214
38.951	0.04933446406002794
39.001	0.04930162970347053
39.051	0.049269154919184266
39.101	0.04923703972451448
39.151	0.04920528411699278
39.201	0.04917388807443089
39.251	0.049142851555015125
39.301	0.049112174497401476
39.351	0.04908185682081122
39.401	0.04905189842512717
39.451	0.04902229919099051
39.501	0.04899305897989812
39.551	0.04896417763430056
39.601	0.048935654977700534
39.651	0.04890749081475192
39.701	0.04887968493135935
39.751	0.048852237094778324
39.801	0.048825147053715795
39.851	0.04879841453843133
39.901	0.04877203926083878
39.951	0.04874602091460835
40.001	0.04872035917526932
40.051	0.048695053700313094
40.101	0.048670104129296864
40.151	0.04864551008394762
40.201	0.048621271168266714
40.251	0.04859738696863483
40.301	0.04857385705391743
40.351	0.0485506809755706
40.401	0.04852785826774739
40.451	0.04850538844740451
40.501	0.04848327101440951
40.551	0.04846150545164829
40.601	0.048440091225133125
40.651	0.04841902778411097
40.701	0.0483983145611722
40.751	0.048377950972359786
40.801	0.04835793641727874
40.851	0.048338270279206
40.901	0.04831895192520066
40.951	0.04829998070621453
41.001	0.04828135595720306
41.051	0.048263076997236594
41.101	0.04824514312961196
41.151	0.048227553641964356
41.201	0.048210307806379596
41.251	0.04819340487950664
41.301	0.0481768441026704
41.351	0.048160624701984886
41.401	0.0481447458884666
41.451	0.04812920685814824
41.501	0.04811400679219265
41.551	0.04809914485700705
41.601	0.04808462020435751
41.651	0.048070431971483696
41.701	0.04805657928121386
41.751	0.04804306124208
41.801	0.04802987694843337
41.851	0.04801702548056011
41.901	0.048004505904797115
41.951	0.04799231727364816
42.001	0.047980458625900155
42.051	0.047968928986739656
42.101	0.047957727367869525
42.151	0.04794685276762579
42.201	0.04793630417109466
42.251	0.04792608055022972
42.301	0.047916180863969315
42.351	0.047906604058354
42.401	0.04789734906664426
42.451	0.047888414809438236
42.501	0.0478798001947897
42.551	0.04787150411832609
42.601	0.04786352546336666
42.651	0.04785586310104083
42.701	0.04784851589040647
42.751	0.0478414826785685
42.801	0.04783476230079739
42.851	0.04782835358064786
42.901	0.04782225533007765
42.951	0.047816466349566274
43.001	0.04781098542823399
43.051	0.04780581134396068
43.101	0.047800942863504885
43.151	0.04779637874262284
43.201	0.047792117726187563
43.251	0.04778815854830797
43.301	0.04778449993244806
43.351	0.04778114059154603
43.401	0.0477780792281335
43.451	0.047775314534454695
43.501	0.047772845192585664
43.551	0.04777066987455343
43.601	0.047768787242455216
43.651	0.04776719594857759
43.701	0.04776589463551562
43.751	0.04776488193629199
43.801	0.04776415647447607
43.851	0.04776371686430298
43.901	0.047763561710792574
43.951	0.047763689609868376
44.001	0.04776409914847647
44.051	0.04776478890470432
44.101	0.04776575744789952
44.151	0.04776700333878848
44.201	0.04776852512959496
44.251	0.04777032136415864
44.301	0.047772390578053506
44.351	0.04777473129870612
44.401	0.04777734204551388
44.451	0.047780221329963055
44.501	0.04778336765574682
44.551	0.04778677951888303
44.601	0.04779045540783202
44.651	0.04779439380361413
44.701	0.04779859317992721
44.751	0.04780305200326387
44.801	0.04780776873302866
44.851	0.047812741821655076
44.901	0.04781796971472238
44.951	0.047823450851072265
45.001	0.04782918366292536
45.051	0.047835166575997554
45.101	0.047841398009616114
45.151	0.04784787637683565
45.201	0.04785460008455384
45.251	0.04786156753362703
45.301	0.04786877711898554
45.351	0.04787622722974881
45.401	0.04788391624934038
45.451	0.04789184255560252
45.501	0.04790000452091076
45.551	0.047908400512288146
45.601	0.04791702889151922
45.651	0.047925888015263846
45.701	0.04793497623517072
45.751	0.047944291897990654
45.801	0.04795383334568962
45.851	0.04796359891556151
45.901	0.047973586940340665
45.951	0.04798379574831408
46.001	0.04799422366343341
46.051	0.04800486900542662
46.101	0.04801573008990945
46.151	0.04802680522849646
46.201	0.04803809272891191
46.251	0.04804959089510028
46.301	0.0480612980273365
46.351	0.048073212422335865
46.401	0.048085332373363654
46.451	0.04809765617034443
46.501	0.04811018209997105
46.551	0.04812290844581328
46.601	0.04813583348842616
46.651	0.04814895550545798
46.701	0.04816227277175799
46.751	0.04817578355948366
46.801	0.04818948613820772
46.851	0.04820337877502476
46.901	0.04821745973465752
46.951	0.04823172727956283
47.001	0.048246179670037144
47.051	0.04826081516432176
47.101	0.04827563201870766
47.151	0.048290628487639944
47.201	0.04830580282382193
47.251	0.04832115327831886
47.301	0.04833667810066121
47.351	0.04835237553894764
47.401	0.04836824383994752
47.451	0.04838428124920307
47.501	0.04840048601113113
47.551	0.04841685636912449
47.601	0.04843339056565285
47.651	0.04845008684236332
47.701	0.04846694344018057
47.751	0.048483958599406504
47.801	0.04850113055981957
47.851	0.04851845756077361
47.901	0.04853593784129627
47.951	0.048553569640187054
48.001	0.04857135119611484
48.051	0.04858928074771504
48.101	0.04860735653368632
48.151	0.04862557679288681
48.201	0.04864393976442992
48.251	0.048662443687779715
48.301	0.0486810868028458
48.351	0.04869986735007781
48.401	0.04871878357055934
48.451	0.04873783370610153
48.501	0.04875701599933612
48.551	0.04877632869380803
48.601	0.04879577003406753
48.651	0.04881533826576184
48.701	0.0488350316357264
48.751	0.0488548483920755
48.801	0.04887478678429254
48.851	0.04889484506331976
48.901	0.04891502148164752
48.951	0.04893531429340305
49.001	0.04895572175443873
49.051	0.04897624212241986
49.101	0.04899687365691199
49.151	0.04901761461946766
49.201	0.049038463273712724
49.251	0.04905941788543212
49.301	0.04908047672265515
49.351	0.04910163805574027
49.401	0.04912290015745932
49.451	0.04914426130308132
49.501	0.04916571977045564
49.551	0.0491872738400948
49.601	0.04920892179525661
49.651	0.04923066192202587
49.701	0.049252492509395514
49.751	0.04927441184934727
49.801	0.04929641823693174
49.851	0.049318509970348
49.901	0.04934068535102262
49.951	0.04936294268368818
50.001	0.04938528027646129
50.051	0.04940769644091996
50.101	0.04943018949218059
50.151	0.04945275774897425
50.201	0.0494753995337226
50.251	0.049498113172613066
50.301	0.04952089699567368
50.351	0.04954374933684719
50.401	0.04956666853406474
50.451	0.04958965292931898
50.501	0.049612700868736585
50.551	0.04963581070265025
50.601	0.04965898078567014
50.651	0.04968220947675475
50.701	0.04970549513928128
50.751	0.04972883614111536
50.801	0.049752230854680286
50.851	0.04977567765702565
50.901	0.049799174929895496
50.951	0.04982272105979574
51.001	0.049846314438061236
51.051	0.04986995346092214
51.101	0.04989363652956975
51.151	0.04991736205022174
51.201	0.04994112843418695
51.251	0.04996493409792943
51.301	0.04998877746313206
51.351	0.050012656956759514
51.401	0.05003657101112073
51.451	0.0500605180639307
51.501	0.0500844965583718
51.551	0.05010850494315448
51.601	0.050132541672577406
51.651	0.050156605206586984
51.701	0.0501806940108364
51.751	0.05020480655674398
51.801	0.05022894132155105
51.851	0.050253096788379165
51.901	0.05027727144628681
51.951	0.0503014637903255
52.001	0.05032567232159526
52.051	0.05034989554729962
52.101	0.050374131980799944
52.151	0.050398380141669225
52.201	0.050422638555745275
52.251	0.050446905755183374
52.301	0.05047118027850829
52.351	0.05049546067066573
52.401	0.050519745483073274
52.451	0.050544033273670595
52.501	0.050568322606969265
52.551	0.05059261205410183
52.601	0.05061690019287038
52.651	0.05064118560779454
52.701	0.05066546689015887
52.751	0.05068974263805964
52.801	0.0507140114564511
52.851	0.05073827195719112
52.901	0.05076252275908624
52.951	0.0507867624879362
53.001	0.050810989776577796
53.051	0.05083520326492826
53.101	0.05085940160002798
53.151	0.05088358343608265
53.201	0.05090774743450492
53.251	0.050931892263955336
53.301	0.05095601660038281
53.351	0.050980119127064474
53.401	0.05100419853464491
53.451	0.051028253521174925
53.501	0.05105228279214958
53.551	0.0510762850605458
53.601	0.05110025904685932
53.651	0.051124203479141046
53.701	0.051148117093032935
53.751	0.05117199863180317
53.801	0.051195846846380864
53.851	0.051219660495390146
53.901	0.05124343834518369
53.951	0.05126717916987566
54.001	0.05129088175137407
54.051	0.051314544879412644
54.101	0.05133816735158201
54.151	0.0513617479733604
54.201	0.051385285558143715
54.251	0.05140877892727513
54.301	0.051432226910074
54.351	0.05145562834386431
54.401	0.05147898207400249
54.451	0.051502286953904734
54.501	0.051525541845073665
54.551	0.05154874561712454
54.601	0.051571897147810825
54.651	0.05159499532304925
54.701	0.051618039036944265
54.751	0.051641027191811996
54.801	0.051663958698203595
54.851	0.05168683247492807
54.901	0.05170964744907454
54.951	0.051732402556033945
55.001	0.05175509673952022
55.051	0.05177772895159091
55.101	0.05180029815266721
55.151	0.051822803311553485
55.201	0.05184524340545631
55.251	0.0518676174200028
55.301	0.05188992434925858
55.351	0.05191216319574508
55.401	0.05193433297045637
55.451	0.05195643269287542
55.501	0.05197846139098986
55.551	0.05200041810130712
55.601	0.052022301868869164
55.651	0.05204411174726657
55.701	0.052065846798652164
55.751	0.052087506093754087
55.801	0.052109088711888345
55.851	0.05213059374097083
55.901	0.052152020277528806
55.951	0.05217336742671193
56.001	0.052194634302302645
56.051	0.05221582002672618
56.101	0.05223692373105993
56.151	0.05225794455504239
56.201	0.05227888164708152
56.251	0.05229973416426265
56.301	0.05232050127235587
56.351	0.05234118214582284
56.401	0.0523617759678232
56.451	0.05238228193022041
56.501	0.05240269923358708
56.551	0.05242302708720986
56.601	0.05244326470909379
56.651	0.05246341132596612
56.701	0.052483466173279716
56.751	0.05250342849521592
56.801	0.052523297544686945
56.851	0.052543072583337715
56.901	0.05256275288154734
56.951	0.05258233771843002
57.001	0.05260182638183544
57.051	0.05262121816834881
57.101	0.05264051238329029
57.151	0.05265970834071401
57.201	0.052678805363406626
57.251	0.05269780278288535
57.301	0.052716699939395574
57.351	0.052735496181907975
57.401	0.052754190868115204
57.451	0.05277278336442805
57.501	0.05279127304597119
57.551	0.05280965929657852
57.601	0.05282794150878788
57.651	0.05284611908383553
57.701	0.052864191431650005
57.751	0.0528821579708456
57.801	0.052900018128715406
57.851	0.05291777134122389
57.901	0.052935417052999034
57.951	0.05295295471732401
58.001	0.05297038379612848
58.051	0.052987703759979396
58.101	0.05300491408807141
58.151	0.053022014268216844
58.201	0.053039003796835196
58.251	0.05305588217894228
58.301	0.053072648928138934
58.351	0.05308930356659923
58.401	0.05310584562505839
58.451	0.05312227464280019
58.501	0.05313859016764398
58.551	0.05315479175593133
58.601	0.0531708789725122
58.651	0.05318685139073076
58.701	0.05320270859241079
58.751	0.05321845016784067
58.801	0.053234075715758
58.851	0.053249584843333794
58.901	0.05326497716615628
58.951	0.053280252308214364
59.001	0.053295409901880635
59.051	0.05331044958789402
59.101	0.053325371015342085
59.151	0.05334017384164289
59.201	0.053354857732526545
59.251	0.05336942236201631
59.301	0.05338386741240941
59.351	0.053398192574257396
59.401	0.053412397546346205
59.451	0.05342648203567585
59.501	0.05344044575743969
59.551	0.05345428843500343
59.601	0.053468009799883684
59.651	0.053481609591726265
59.701	0.05349508755828404
59.751	0.0535084434553945
59.801	0.053521677046957004
59.851	0.05353478810490957
59.901	0.053547776409205466
59.951	0.05356064174778938
60.001	0.05357338391657328
60.051	0.053586002719411926
60.101	0.053598497968078126
60.151	0.05361086948223753
60.201	0.053623117089423265
60.251	0.0536352406250101
60.301	0.05364723993218842
60.351	0.053659114861937814
60.401	0.05367086527300035
60.451	0.05368249103185357
60.501	0.05369399201268319
60.551	0.053705368097355474
60.601	0.053716619175389294
60.651	0.05372774514392792
60.701	0.05373874590771052
60.751	0.05374962137904335
60.801	0.05376037147777067
60.851	0.053770996131245356
60.901	0.05378149527429925
60.951	0.05379186884921321
61.001	0.053802116805686945
61.051	0.05381223910080844
61.101	0.05382223569902327
61.151	0.05383210657210355
61.201	0.053841851699116615
61.251	0.05385147106639352
61.301	0.05386096466749717
61.351	0.053870332503190274
61.401	0.05387957458140302
61.451	0.05388869091720049
61.501	0.05389768153274984
61.551	0.05390654645728722
61.601	0.05391528572708449
61.651	0.05392389938541561
61.701	0.05393238748252294
61.751	0.0539407500755831
61.801	0.05394898722867283
61.851	0.05395709901273443
61.901	0.05396508550554111
61.951	0.053972946791662
62.001	0.05398068296242706
62.051	0.05398829411589166
62.101	0.053995780356801054
62.151	0.05400314179655455
62.201	0.05401037855316952
62.251	0.054017490751245234
62.301	0.05402447852192639
62.351	0.05403134200286656
62.401	0.054038081338191365
62.451	0.05404469667846149
62.501	0.054051188180635514
62.551	0.054057556008032484
62.601	0.05406380033029442
62.651	0.05406992132334853
62.701	0.05407591916936931
62.751	0.05408179405674045
62.801	0.05408754618001655
62.851	0.05409317573988468
62.901	0.05409868294312579
62.951	0.0541040680025759
63.001	0.05410933113708723
63.051	0.054114472571489
63.101	0.05411949253654829
63.151	0.054124391268930545
63.201	0.05412916901116008
63.251	0.05413382601158033
63.301	0.054138362524314025
63.351	0.054142778809223184
63.401	0.05414707513186899
63.451	0.05415125176347151
63.501	0.054155308980869316
63.551	0.0541592470664789
63.601	0.05416306630825404
63.651	0.054166766999645045
63.701	0.054170349439557765
63.751	0.05417381393231262
63.801	0.054177160787603394
63.851	0.05418039032045605
63.901	0.05418350285118726
63.951	0.05418649870536298
64.001	0.05418937821375684
64.051	0.05419214171230842
64.101	0.05419478954208149
64.151	0.0541973220492221
64.201	0.05419973958491657
64.251	0.05420204250534943
64.301	0.05420423117166122
64.351	0.05420630594990624
64.401	0.05420826721101022
64.451	0.05421011533072784
64.501	0.05421185068960025
64.551	0.054213473672912516
64.601	0.05421498467065089
64.651	0.05421638407746012
64.701	0.054217672292600654
64.751	0.05421884971990574
64.801	0.05421991676773852
64.851	0.054220873848949046
64.901	0.05422172138083119
64.951	0.05422245978507957
65.001	0.054223089487746394
65.051	0.05422361091919822
65.101	0.05422402451407273
65.151	0.05422433071123541
65.201	0.05422452995373619
65.251	0.05422462268876608
65.301	0.05422460936761374
65.351	0.05422449044562202
65.401	0.054224266382144455
65.451	0.05422393764050176
65.501	0.05422350468793827
65.551	0.054222967995578346
65.601	0.05422232803838283
65.651	0.05422158529510536
65.701	0.054220740248248786
65.751	0.054219793384021484
65.801	0.054218745192293714
65.851	0.05421759616655393
65.901	0.05421634680386511
65.951	0.054214997604821055
66.001	0.05421354907350271
66.051	0.054212001717434455
66.101	0.054210356047540424
66.151	0.054208612578100834
66.201	0.05420677182670827
66.251	0.05420483431422405
66.301	0.05420280056473454
66.351	0.05420067110550752
66.401	0.054198446466948526
66.451	0.0541961271825573
66.501	0.05419371378888413
66.551	0.0541912068254863
66.601	0.054188606834884585
66.651	0.054185914362519676
66.701	0.054183129956708716
66.751	0.05418025416860186
66.801	0.05417728755213883
66.851	0.05417423066400555
66.901	0.054171084063590766
66.951	0.05416784831294278
67.001	0.05416452397672615
67.051	0.054161111622178494
67.101	0.05415761181906733
67.151	0.0541540251396469
67.201	0.054150352158615175
67.251	0.05414659345307076
67.301	0.05414274960247001
67.351	0.05413882118858406
67.401	0.05413480879545603
67.451	0.054130713009358206
67.501	0.05412653441874936
67.551	0.05412227361423206
67.601	0.05411793118851014
67.651	0.054113507736346114
67.701	0.05410900385451881
67.751	0.054104420141780976
67.801	0.05409975719881696
67.851	0.05409501562820054
67.901	0.0540901960343528
67.951	0.054085299023500025
68.001	0.0540803252036318
68.051	0.05407527518445909
68.101	0.05407014957737249
68.151	0.054064948995400465
68.201	0.0540596740531678
68.251	0.05405432536685406
68.301	0.05404890355415218
68.351	0.05404340923422711
68.401	0.05403784302767465
68.451	0.05403220555648029
68.501	0.054026497443978194
68.551	0.054020719314810305
68.601	0.05401487179488551
68.651	0.054008955511338975
68.701	0.05400297109249154
68.751	0.05399691916780922
68.801	0.05399080036786289
68.851	0.053984615324288006
68.901	0.05397836466974447
68.951	0.05397204903787663
69.001	0.05396566906327338
69.051	0.053959225381428416
69.101	0.05395271862870055
69.151	0.053946149442274216
69.201	0.053939518460120066
69.251	0.05393282632095571
69.301	0.05392607366420657
69.351	0.0539192611299669
69.401	0.053912389358960894
69.451	0.05390545899250395
69.501	0.053898470672464074
69.551	0.05389142504122344
69.601	0.053884322741640046
69.651	0.05387716441700952
69.701	0.05386995071102714
69.751	0.05386268226774985
69.801	0.0538553597315586
69.851	0.05384798374712068
69.901	0.05384055495935231
69.951	0.053833074013381305
70.001	0.05382554155450993
70.051	0.053817958228177906
70.101	0.05381032467992555
70.151	0.05380264155535712
70.201	0.0537949095001042
70.251	0.053787129159789435
70.301	0.053779301179990184
70.351	0.05377142620620258
70.401	0.05376350488380555
70.451	0.05375553785802514
70.501	0.053747525773898894
70.551	0.05373946927624048
70.601	0.05373136900960445
70.651	0.05372322561825118
70.701	0.053715039746111935
70.751	0.05370681203675419
70.801	0.053698543133347015
70.851	0.05369023367862674
70.901	0.053681884314862725
70.951	0.0536734956838233
71.001	0.05366506842674193
71.051	0.05365660318428355
71.101	0.053648100596511
71.151	0.05363956130285176
71.201	0.05363098594206476
71.251	0.053622375152207455
71.301	0.053613729570602994
71.351	0.05360504983380768
71.401	0.053596336577578486
71.451	0.053587590436840915
71.501	0.05357881204565686
71.551	0.053570002037192824
71.601	0.05356116104368822
71.651	0.0535522896964239
71.701	0.053543388625690864
71.751	0.05353445846075916
71.801	0.053525499829847
71.851	0.05351651336009003
71.901	0.053507499677510804
71.951	0.05349845940698849
72.001	0.053489393172228714
72.051	0.053480301595733644
72.101	0.053471185298772234
72.151	0.053462044901350717
72.201	0.05345288102218325
72.251	0.053443694278662766
72.301	0.05343448528683205
72.351	0.053425254661354976
72.401	0.053416003015488
72.451	0.05340673096105183
72.501	0.053397439108403215
72.551	0.05338812806640714
72.601	0.05337879844240898
72.651	0.053369450842207074
72.701	0.05336008587002535
72.751	0.05335070412848624
72.801	0.053341306218583774
72.851	0.05333189273965688
72.901	0.05332246428936293
72.951	0.05331302146365139
73.001	0.05330356485673782
73.051	0.053294095061077976
73.101	0.053284612667342184
73.151	0.05327511826438987
73.201	0.05326561243924435
73.251	0.05325609577706782
73.301	0.05324656886113654
73.351	0.05323703227281622
73.401	0.05322748659153767
73.451	0.053217932394772634
73.501	0.05320837025800981
73.551	0.053198800754731136
73.601	0.053189224456388254
73.651	0.05317964193237918
73.701	0.05317005375002526
73.751	0.05316046047454824
73.801	0.05315086266904762
73.851	0.053141260894478216
73.901	0.05313165570962792
73.951	0.05312204767109567
74.001	0.0531124373332697
74.051	0.0531028252483059
74.101	0.0530932119661065
74.151	0.05308359803429889
74.201	0.05307398399821473
74.251	0.05306437040086921
74.301	0.05305475778294058
74.351	0.053045146682749865
74.401	0.05303553763624081
74.451	0.053025931176960084
74.501	0.05301632783603761
74.551	0.053006728142167205
74.601	0.052997132621587395
74.651	0.05298754179806247
74.701	0.05297795619286371
74.751	0.05296837632475092
74.801	0.05295880270995411
74.851	0.052949235862155386
74.901	0.052939676292471156
74.951	0.052930124509434434
75.001	0.05292058101897747
75.051	0.0529110463244145
75.101	0.05290152092642482
75.151	0.05289200532303599
75.201	0.05288250000960734
75.251	0.052873005478813594
75.301	0.05286352222062882
75.351	0.05285405072231052
75.401	0.05284459146838399
75.451	0.052835144940626896
75.501	0.05282571161805401
75.551	0.05281629197690225
75.601	0.05280688649061588
75.651	0.052797495629831964
75.701	0.052788119862366006
75.751	0.05277875965319783
75.801	0.052769415464457695
75.851	0.05276008775541258
75.901	0.05275077698245275
75.951	0.05274148359907847
76.001	0.052732208055887006
76.051	0.05272295080055979
76.101	0.052713712277849836
76.151	0.05270449292956936
76.201	0.05269529319457761
76.251	0.05268611350876893
76.301	0.05267695430506103
76.351	0.05266781601338348
76.401	0.05265869906066641
76.451	0.05264960387082941
76.501	0.05264053086477071
76.551	0.05263148046035648
76.601	0.05262245307241044
76.651	0.0526134491127036
76.701	0.05260446898994429
76.751	0.05259551310976832
76.801	0.05258658187472947
76.851	0.05257767568429005
76.901	0.05256879493481179
76.951	0.0525599400195469
77.001	0.05255111132862929
77.051	0.05254230924906611
77.101	0.052533534164729424
77.151	0.05252478645634809
77.201	0.052516066501499876
77.251	0.052507374674603834
77.301	0.05249871134691274
77.351	0.05249007688650591
77.401	0.052481471658282104
77.451	0.0524728960239527
77.501	0.052464350342035046
77.551	0.052455834967846025
77.601	0.05244735025349584
77.651	0.05243889654788198
77.701	0.05243047419668342
77.751	0.052422083542354975
77.801	0.05241372492412194
77.851	0.05240539867797485
77.901	0.052397105136664485
77.951	0.05238884462969707
78.001	0.052380617483329686
78.051	0.052372424020565855
78.101	0.05236426456115135
78.151	0.0523561394215702
78.201	0.05234804891504087
78.251	0.05233999335151271
78.301	0.05233197303766247
78.351	0.05232398827689118
78.401	0.05231603936932107
78.451	0.05230812661179279
78.501	0.052300250297862796
78.551	0.052292410717800886
78.601	0.052284608158588014
78.651	0.052276842903914225
78.701	0.05226911523417679
78.751	0.052261425426478596
78.801	0.052253773754626635
78.851	0.05224616048913077
78.901	0.05223858589720261
78.951	0.05223105024275464
79.001	0.052223553786399486
79.051	0.05221609678544942
79.101	0.052208679493916006
79.151	0.052201302162509955
79.201	0.05219396503864114
79.251	0.05218666836641885
79.301	0.05217941238665214
79.351	0.052172197336850475
79.401	0.05216502345122442
79.451	0.05215789096068665
79.501	0.05215080009285303
79.551	0.052143751072043956
79.601	0.05213674411928579
79.651	0.05212977945231256
79.701	0.05212285728556776
79.751	0.05211597783020639
79.801	0.052109141294097126
79.851	0.05210234788182468
79.901	0.05209559779469233
79.951	0.05208889123072462
80.001	0.05208222838467024
80.051	0.05207560944800509
80.101	0.05206903460893545
80.151	0.05206250405240141
80.201	0.052056017960080386
80.251	0.05204957651039085
80.301	0.05204317987849622
80.351	0.05203682823630891
80.401	0.05203052175249451
80.451	0.0520242605924762
80.501	0.05201804491843928
80.551	0.05201187488933584
80.601	0.052005750660889645
80.651	0.051999672385601145
80.701	0.051993640212752656
80.751	0.05198765428841368
80.801	0.05198171475544641
80.851	0.051975821753511356
80.901	0.05196997541907315
80.951	0.05196417588540653
81.001	0.051958423282602376
81.051	0.05195271773757405
81.101	0.05194705937406374
81.151	0.05194144831264903
81.201	0.051935884670749624
81.251	0.05193036856263418
81.301	0.05192490009942731
81.351	0.05191947938911674
81.401	0.05191410653656058
81.451	0.05190878164349475
81.501	0.051903504808540585
81.551	0.05189827612721252
81.601	0.05189309569192596
81.651	0.051887963592005266
81.701	0.05188287991369191
81.751	0.0518778447401527
81.801	0.05187285815148827
81.851	0.0518679202247415
81.901	0.05186303103390631
81.951	0.0518581906499364
82.001	0.05185339914075422
82.051	0.05184865657126001
82.101	0.051843963003341056
82.151	0.05183931849588095
82.201	0.051834723104769116
82.251	0.051830176882910355
82.301	0.051825679880234544
82.351	0.05182123214370653
82.401	0.05181683371733602
82.451	0.0518124846421877
82.501	0.05180818495639143
82.551	0.05180393469515256
82.601	0.05179973389076239
82.651	0.051795582572608696
82.701	0.05179148076718643
82.751	0.051787428498108516
82.801	0.05178342578611675
82.851	0.0517794726490928
82.901	0.051775569102069374
82.951	0.051771715157241445
83.001	0.051767910823977616
83.051	0.05176415610883156
83.101	0.051760451015553634
83.151	0.05175679554510251
83.201	0.051753189695657016
83.251	0.05174963346262797
83.301	0.0517461268386702
83.351	0.05174266981369467
83.401	0.05173926237488062
83.451	0.051735904506687906
83.501	0.051732596190869395
83.551	0.05172933740648344
83.601	0.05172612812990649
83.651	0.05172296833484579
83.701	0.051719857992352146
83.751	0.05171679707083281
83.801	0.051713785536064434
83.851	0.051710823351206185
83.901	0.051707910476812835
83.951	0.05170504687084806
84.001	0.0517022324886977
84.051	0.05169946728318327
84.101	0.05169675120457538
84.151	0.05169408420060736
84.201	0.05169146621648894
84.251	0.051688897194920015
84.301	0.05168637707610441
84.351	0.05168390579776391
84.401	0.051681483295152146
84.451	0.05167910950106875
84.501	0.051676784345873465
84.551	0.05167450775750039
84.601	0.05167227966147228
84.651	0.05167009998091492
84.701	0.05166796863657157
84.751	0.05166588554681748
84.801	0.05166385062767453
84.851	0.05166186379282581
84.901	0.05165992495363042
84.951	0.051658034019138224
85.001	0.05165619089610473
85.051	0.05165439548900601
85.101	0.05165264770005369
85.151	0.05165094742921003
85.201	0.05164929457420298
85.251	0.05164768903054142
85.301	0.051646130691530345
85.351	0.0516446194482862
85.401	0.0516431551897522
85.451	0.05164173780271374
85.501	0.05164036717181388
85.551	0.051639043179568835
85.601	0.05163776570638355
85.651	0.05163653463056733
85.701	0.0516353498283495
85.751	0.05163421117389512
85.801	0.05163311853932079
85.851	0.05163207179471042
85.901	0.05163107080813111
85.951	0.051630115445649084
86.001	0.05162920557134559
86.051	0.05162834104733295
86.101	0.05162752173377056
86.151	0.051626747488880985
86.201	0.05162601816896607
86.251	0.051625333628423115
86.301	0.051624693719761035
86.351	0.05162409829361663
86.401	0.05162354719877083
86.451	0.05162304028216501
86.501	0.051622577388917304
86.551	0.05162215836233901
86.601	0.05162178304395094
86.651	0.05162145127349991
86.701	0.051621162888975156
86.751	0.05162091772662483
86.801	0.05162071562097252
86.851	0.05162055640483381
86.901	0.05162043990933281
86.951	0.05162036596391876
87.001	0.05162033439638268
87.051	0.051620345032873965
87.101	0.05162039769791704
87.151	0.051620492214428076
87.201	0.051620628403731654
87.251	0.0516208060855775
87.301	0.0516210250781572
87.351	0.05162128519812096
87.401	0.05162158626059438
87.451	0.05162192807919521
87.501	0.051622310466050154
87.551	0.051622733231811664
87.601	0.05162319618567477
87.651	0.051623699135393906
87.701	0.051624241887299714
87.751	0.05162482424631592
87.801	0.05162544601597616
87.851	0.05162610699844087
87.901	0.0516268069945141
87.951	0.051627545803660406
88.001	0.05162832322402174
88.051	0.05162913905243428
88.101	0.051629993084445304
88.151	0.05163088511433013
88.201	0.051631814935108905
88.251	0.05163278233856352
88.301	0.05163378711525448
88.351	0.05163482905453777
88.401	0.0516359079445817
88.451	0.05163702357238378
88.501	0.05163817572378759
88.551	0.051639364183499556
88.601	0.05164058873510588
88.651	0.051641849161089305
88.701	0.05164314524284595
88.751	0.05164447676070215
88.801	0.051645843493931184
88.851	0.05164724522077014
88.901	0.051648681718436625
88.951	0.05165015276314557
89.001	0.05165165813012595
89.051	0.0516531975936375
89.101	0.05165477092698746
89.151	0.051656377902547256
89.201	0.051658018291769144
89.251	0.05165969186520294
89.301	0.05166139839251256
89.351	0.05166313764249274
89.401	0.05166490938308554
89.451	0.05166671338139697
89.501	0.05166854940371354
89.551	0.05167041721551876
89.601	0.05167231658150963
89.651	0.051674247265613156
89.701	0.05167620903100278
89.751	0.05167820164011478
89.801	0.05168022485466469
89.851	0.05168227843566364
89.901	0.05168436214343473
89.951	0.05168647573762927
90.001	0.05168861897724312
90.051	0.05169079162063287
90.101	0.051692993425532095
90.151	0.0516952241490675
90.201	0.05169748354777507
90.251	0.051699771377616166
90.301	0.051702087393993616
90.351	0.05170443135176771
90.401	0.05170680300527222
90.451	0.051709202108330375
90.501	0.05171162841427072
90.551	0.051714081675943054
90.601	0.05171656164573424
90.651	0.051719068075584
90.701	0.05172160071700068
90.751	0.05172415932107697
90.801	0.051726743638505546
90.851	0.05172935341959473
90.901	0.05173198841428406
90.951	0.05173464837215981
91.001	0.05173733304247051
91.051	0.051740042174142374
91.101	0.051742775515794696
91.151	0.051745532815755224
91.201	0.05174831382207542
91.251	0.051751118282545756
91.301	0.05175394594471089
91.351	0.05175679655588482
91.401	0.05175966986316602
91.451	0.05176256561345243
91.501	0.05176548355345652
91.551	0.05176842342972017
91.601	0.05177138498862964
91.651	0.05177436797643032
91.701	0.05177737213924159
91.751	0.051780397223071505
91.801	0.05178344297383147
91.851	0.05178650913735089
91.901	0.05178959545939168
91.951	0.051792701685662794
92.001	0.051795827561834686
92.051	0.05179897283355366
92.101	0.051802137246456215
92.151	0.05180532054618331
92.201	0.05180852247839457
92.251	0.05181174278878242
92.301	0.05181498122308619
92.351	0.051818237527106126
92.401	0.05182151144671733
92.451	0.051824802727883694
92.501	0.05182811111667171
92.551	0.05183143635926425
92.601	0.051834778201974255
92.651	0.051838136391258394
92.701	0.05184151067373063
92.751	0.05184490079617572
92.801	0.051848306505562686
92.851	0.05185172754905816
92.901	0.051855163674039695
92.951	0.05185861462810904
93.001	0.05186208015910528
93.051	0.051865560015117926
93.101	0.05186905394449999
93.151	0.05187256169588095
93.201	0.05187608301817959
93.251	0.051879617660616904
93.301	0.05188316537272878
93.351	0.051886725904378726
93.401	0.05189029900577047
93.451	0.051893884427460485
93.501	0.0518974819203705
93.551	0.05190109123579982
93.601	0.05190471212543775
93.651	0.05190834434137573
93.701	0.05191198763611959
93.751	0.051915641762601626
93.801	0.051919306474192614
93.851	0.05192298152471378
93.901	0.05192666666844865
93.951	0.05193036166015487
94.001	0.05193406625507592
94.051	0.05193778020895276
94.101	0.051941503278035414
94.151	0.05194523521909444
94.201	0.05194897578943237
94.251	0.05195272474689501
94.301	0.05195648184988275
94.351	0.05196024685736172
94.401	0.05196401952887487
94.451	0.05196779962455305
94.501	0.05197158690512591
94.551	0.051975381131932785
94.601	0.05197918206693347
94.651	0.05198298947271894
94.701	0.05198680311252197
94.751	0.05199062275022768
94.801	0.051994448150383996
94.851	0.05199827907821204
94.901	0.05200211529961646
94.951	0.05200595658119557
95.001	0.0520098026902516
95.051	0.05201365339480066
95.101	0.052017508463582766
95.151	0.05202136766607174
95.201	0.05202523077248498
95.251	0.052029097553793216
95.301	0.05203296778173017
95.351	0.052036841228802096
95.401	0.052040717668297244
95.451	0.0520445968742953
95.501	0.05204847862167667
95.551	0.05205236268613171
95.601	0.05205624884416989
95.651	0.05206013687312882
95.701	0.05206402655118326
95.751	0.05206791765735399
95.801	0.052071809971516635
95.851	0.05207570327441037
95.901	0.05207959734764658
95.951	0.05208349197371739
96.001	0.05208738693600415
96.051	0.0520912820187858
96.101	0.052095177007247195
96.151	0.05209907168748729
96.201	0.052102965846527294
96.251	0.05210685927231868
96.301	0.052110751753751156
96.351	0.05211464308066054
96.401	0.052118533043836554
96.451	0.052122421435030486
96.501	0.05212630804696283
96.551	0.05213019267333082
96.601	0.05213407510881583
96.651	0.05213795514909078
96.701	0.052141832590827365
96.751	0.052145707231703246
96.801	0.05214957887040916
96.851	0.052153447306655915
96.901	0.0521573123411813
96.951	0.052161173775756964
97.001	0.05216503141319511
97.051	0.05216888505735521
97.101	0.05217273451315055
97.151	0.052176579586554715
97.201	0.05218042008460804
97.251	0.052184255815423866
97.301	0.052188086588194814
97.351	0.05219191221319892
97.401	0.05219573250180568
97.451	0.05219954726648205
97.501	0.052203356320798304
97.551	0.052207159479433836
97.601	0.052210956558182905
97.651	0.05221474737396022
97.701	0.05221853174480652
97.751	0.052222309489893995
97.801	0.05222608042953167
97.851	0.052229844385170705
97.901	0.052233601179409554
97.951	0.05223735063599911
98.001	0.05224109257984772
98.051	0.05224482683702612
98.101	0.052248553234772295
98.151	0.05225227160149624
98.201	0.05225598176678465
98.251	0.052259683561405514
98.301	0.052263376817312635
98.351	0.05226706136765005
98.401	0.05227073704675639
98.451	0.052274403690169086
98.501	0.052278061134628614
98.551	0.052281709218082534
98.601	0.0522853477796895
98.651	0.05228897665982321
98.701	0.05229259570007619
98.751	0.05229620474326359
98.801	0.05229980363342682
98.851	0.05230339221583716
98.901	0.05230697033699923
98.951	0.052310537844654434
99.001	0.05231409458778427
99.051	0.0523176404166136
99.101	0.05232117518261379
99.151	0.05232469873850581
99.201	0.05232821093826324
99.251	0.05233171163711517
99.301	0.052335200691549046
99.351	0.05233867795931343
99.401	0.05234214329942065
99.451	0.05234559657214942
99.501	0.052349037639047316
99.551	0.05235246636293322
99.601	0.052355882607899674
99.651	0.05235928623931512
99.701	0.052362677123826105
99.751	0.05236605512935937
99.801	0.05236942012512388
99.851	0.052372771981612776
99.901	0.052376110570605205
99.951	0.05237943576516814