0.001	9.291478594919689e-9
0.051	0.000014309550240750305
0.101	0.000049403051295498036
0.151	0.00010158707953583785
0.201	0.000168866425798427
0.251	0.00024984495360760644
0.301	0.0003434456643564218
0.351	0.00044879136456672564
0.401	0.0005651421345728109
0.451	0.0006918583370481721
0.501	0.0008283768778947415
0.551	0.0009741950472322912
0.601	0.0011288590161502216
0.651	0.0012919553536152547
0.701	0.0014631045893119254
0.751	0.001641956212240114
0.801	0.0018281847068612048
0.851	0.0020214863578404425
0.901	0.0022215766363654324
0.951	0.002428188034697023
1.001	0.0026410682517879975
1.051	0.002859978657802797
1.101	0.0030846929830244422
1.151	0.003314996189344478
1.201	0.0035506834918419762
1.251	0.0037915595048843534
1.301	0.004037437492409149
1.351	0.004288138706039921
1.401	0.00454349179777745
1.451	0.004803332296420561
1.501	0.005067502138775262
1.551	0.005335849248227379
1.601	0.005608227154471725
1.651	0.005884494649176468
1.701	0.0061645154731648725
1.751	0.00644815803135604
1.801	0.006735295132251033
1.851	0.00702580374920332
1.901	0.007319564801090656
1.951	0.007616462950323157
2.001	0.007916386416390402
2.051	0.008219226803377838
2.101	0.008524878940076391
2.151	0.008833240731474916
2.201	0.009144213020567383
2.251	0.009457699459529385
2.301	0.009773606389424679
2.351	0.010091842727694592
2.401	0.010412319862763421
2.451	0.01073495155516301
2.501	0.01105965384464121
2.551	0.011386344962772863
2.601	0.01171494525063958
2.651	0.012045377081186625
2.701	0.012377564785902467
2.751	0.012711434585499592
2.801	0.013046914524304683
2.851	0.013383934408092435
2.901	0.013722425745120817
2.951	0.014062321690146573
3.001	0.014403556991218614
3.051	0.014746067939063964
3.101	0.015089792318896168
3.151	0.015434669364489865
3.201	0.015780639714377744
3.251	0.016127645370037327
3.301	0.01647562965594537
3.351	0.01682453718138685
3.401	0.017174313803914112
3.451	0.01752490659435935
3.501	0.017876263803310748
3.551	0.018228334828968934
3.601	0.018581070186306368
3.651	0.018934421477457684
3.701	0.019288341363273866
3.751	0.019642783535977783
3.801	0.01999770269286275
3.851	0.02035305451097964
3.901	0.02070879562276157
3.951	0.021064883592538563
4.001	0.021421276893897476
4.051	0.021777934887845435
4.101	0.02213481780173743
4.151	0.02249188670893132
4.201	0.022849103509135497
4.251	0.02320643090941677
4.301	0.023563832405837704
4.351	0.023921272265694623
4.401	0.024278715510329046
4.451	0.0246361278984869
4.501	0.024993475910201294
4.551	0.025350726731175985
4.601	0.025707848237647917
4.651	0.026064808981708414
4.701	0.026421578177063653
4.751	0.026778125685216127
4.801	0.027134422002049755
4.851	0.02749043824480217
4.901	0.02784614613940862
4.951	0.02820151800820259
5.001	0.028556526757959257
5.051	0.0289111458682682
5.101	0.029265349380222863
5.151	0.029619111885414582
5.201	0.029972408515219717
5.251	0.030325214930368945
5.301	0.03067750731078832
5.351	0.03102926234570209
5.401	0.03138045722398794
5.451	0.031731069624775454
5.501	0.03208107770827933
5.551	0.03243046010685902
5.601	0.032779195916297015
5.651	0.03312726468728814
5.701	0.03347464641713287
5.751	0.033821321541627536
5.801	0.03416727092714519
5.851	0.034512475862900446
5.901	0.034856918053392645
5.951	0.035200579611021306
6.001	0.035543443048868494
6.051	0.03588549127364271
6.101	0.0362267075787793
6.151	0.03656707563769241
6.201	0.03690657949717395
6.251	0.037245203570934866
6.301	0.03758293263328468
6.351	0.03791975181294485
6.401	0.03825564658699225
6.451	0.038590602774928706
6.501	0.03892460653287308
6.551	0.03925764434787225
6.601	0.039589703032327644
6.651	0.03992076971853398
6.701	0.04025083185332712
6.751	0.040579877192837975
6.801	0.040907893797349486
6.851	0.04123487002625393
6.901	0.04156079453310772
6.951	0.04188565626078124
7.001	0.042209444436700945
7.051	0.04253214856818159
7.101	0.04285375843784585
7.151	0.04317426409912943
7.201	0.04349365587186921
7.251	0.04381192433797236
7.301	0.044129060337164475
7.351	0.0444450549628146
7.401	0.044759899557835284
7.451	0.0450735857106559
7.501	0.04538610525126727
7.551	0.04569745024733594
7.601	0.04600761300038652
7.651	0.0463165860420503
7.701	0.046624362130378634
7.751	0.046930934246219635
7.801	0.04723629558965661
7.851	0.04754043957650685
7.901	0.04784335983487939
7.951	0.048145050201790364
8.001	0.04844550471983474
8.051	0.048744717633913054
8.101	0.04904268338801199
8.151	0.049339396622037617
8.201	0.04963485216870014
8.251	0.04992904505044898
8.301	0.05022197047645715
8.351	0.05051362383965395
8.401	0.05080400071380474
8.451	0.051093096850637044
8.501	0.05138090817701185
8.551	0.05166743079213925
8.601	0.051952660964837444
8.651	0.05223659513083434
8.701	0.052519229890110694
8.751	0.05280056200428419
8.801	0.05308058839403342
8.851	0.05335930613656111
8.901	0.05363671246309579
8.951	0.05391280475643113
9.001	0.05418758054850225
9.051	0.05446103751799826
9.101	0.05473317348801031
9.151	0.055003986423714596
9.201	0.055273474430089495
9.251	0.05554163574966633
9.301	0.05580846876031306
9.351	0.05607397197305034
9.401	0.056338144029899284
9.451	0.05660098370176041
9.501	0.05686248988632325
9.551	0.05712266160600594
9.601	0.05738149800592437
9.651	0.05763899835189031
9.701	0.05789516202843807
9.751	0.05814998853687906
9.801	0.05840347749338397
9.851	0.058655628627091845
9.901	0.05890644177824586
9.951	0.05915591689635508
10.001	0.05940405403838198
10.051	0.05965085336695517
10.101	0.0598963151486069
10.151	0.06014043975203505
10.201	0.06038322764638903
10.251	0.060624679399579356
10.301	0.060864795676610406
10.351	0.061103577237936045
10.401	0.0613410249378377
10.451	0.061577139722824574
10.501	0.06181192263005563
10.551	0.06204537478578298
10.601	0.06227749740381634
10.651	0.0625082917840083
10.701	0.06273775931075994
10.751	0.06296590145154664
10.801	0.06319271975546364
10.851	0.06341821585179115
10.901	0.06364239144857864
10.951	0.06386524833124797
11.001	0.06408678836121538
11.051	0.06430701347453152
11.101	0.06452592568053983
11.151	0.06474352706055257
11.201	0.06495981976654452
11.251	0.0651748060198638
11.301	0.06538848810995997
11.351	0.06560086839312866
11.401	0.06581194929127301
11.451	0.06602173329068124
11.501	0.06623022294082034
11.551	0.06643742085314572
11.601	0.06664332969992631
11.651	0.06684795221308529
11.701	0.06705129118305576
11.751	0.06725334945765166
11.801	0.06745412994095319
11.851	0.0676536355922071
11.901	0.06785186942474106
11.951	0.06804883450489242
12.001	0.06824453395095087
12.051	0.06843897093211482
12.101	0.06863214866746156
12.151	0.06882407042493069
12.201	0.06901473952032085
12.251	0.06920415931629953
12.301	0.06939233322142574
12.351	0.06957926468918546
12.401	0.0697649572170396
12.451	0.06994941434548431
12.501	0.07013263965712366
12.551	0.07031463677575424
12.601	0.0704954093654618
12.651	0.0706749611297295
12.701	0.07085329581055798
12.751	0.07103041718759669
12.801	0.07120632907728663
12.851	0.07138103533201431
12.901	0.07155453983927662
12.951	0.0717268465208567
13.001	0.07189795933201046
13.051	0.07206788226066384
13.101	0.07223661932662048
13.151	0.07240417458077977
13.201	0.07257055210436508
13.251	0.07273575600816218
13.301	0.07289979043176754
13.351	0.07306265954284663
13.401	0.07322436753640174
13.451	0.07338491863404961
13.501	0.07354431708330848
13.551	0.07370256715689448
13.601	0.07385967315202736
13.651	0.0740156393897454
13.701	0.0741704702142292
13.751	0.07432416999213468
13.801	0.07447674311193461
13.851	0.07462819398326913
13.901	0.07477852703630472
13.951	0.07492774672110174
14.001	0.07507585750699043
14.051	0.07522286388195519
14.101	0.07536877035202708
14.151	0.07551358144068442
14.201	0.07565730168826151
14.251	0.0757999356513652
14.301	0.07594148790229929
14.351	0.0760819630284968
14.401	0.07622136563195976
14.451	0.07635970032870662
14.501	0.07649697174822724
14.551	0.07663318453294511
14.601	0.07676834333768699
14.651	0.0769024528291598
14.701	0.07703551768543455
14.751	0.07716754259543743
14.801	0.07729853225844782
14.851	0.07742849138360328
14.901	0.07755742468941124
14.951	0.07768533690326757
15.001	0.0778122327609817
15.051	0.07793811700630847
15.101	0.0780629943904863
15.151	0.07818686967178207
15.201	0.07830974761504207
15.251	0.07843163299124951
15.301	0.07855253057708814
15.351	0.078672445154512
15.401	0.07879138151032129
15.451	0.07890934443574435
15.501	0.07902633872602542
15.551	0.07914236918001845
15.601	0.0792574405997866
15.651	0.07937155779020759
15.701	0.0794847255585847
15.751	0.07959694871426336
15.801	0.07970823206825343
15.851	0.0798185804328568
15.901	0.0799279986213006
15.951	0.08003649144737565
16.001	0.08014406372508037
16.051	0.08025072026826982
16.101	0.08035646589031004
16.151	0.08046130540373743
16.201	0.08056524361992341
16.251	0.08066828534874382
16.301	0.0807704353982536
16.351	0.08087169857436614
16.401	0.08097207968053768
16.451	0.08107158351745644
16.501	0.08117021488273643
16.551	0.08126797857061616
16.601	0.0813648793716618
16.651	0.08146092207247514
16.701	0.08155611145540587
16.751	0.08165045229826857
16.801	0.08174394937406405
16.851	0.0818366074507051
16.901	0.08192843129074658
16.951	0.08201942565111989
17.001	0.0821095952828716
17.051	0.0821989449309063
17.101	0.08228747933373376
17.151	0.08237520322321998
17.201	0.08246212132434244
17.251	0.08254823835494944
17.301	0.08263355902552323
17.351	0.08271808803894729
17.401	0.0828018300902773
17.451	0.08288478986651619
17.501	0.08296697204639278
17.551	0.08304838130014427
17.601	0.08312902228930256
17.651	0.08320889966648401
17.701	0.08328801807518313
17.751	0.08336638214956964
17.801	0.08344399651428919
17.851	0.0835208657842676
17.901	0.08359699456451856
17.951	0.08367238744995485
18.001	0.08374704902520277
18.051	0.08382098386442016
18.101	0.08389419653111765
18.151	0.08396669157798316
18.201	0.08403847354670972
18.251	0.08410954696782652
18.301	0.08417991636053306
18.351	0.08424958623253653
18.401	0.08431856107989225
18.451	0.08438684538684721
18.501	0.08445444362568663
18.551	0.08452136025658358
18.601	0.08458759972745149
18.651	0.08465316647379963
18.701	0.08471806491859157
18.751	0.08478229947210643
18.801	0.08484587453180291
18.851	0.08490879448218633
18.901	0.08497106369467826
18.951	0.08503268652748894
19.001	0.08509366732549246
19.051	0.08515401042010462
19.101	0.08521372012916335
19.151	0.08527280075681185
19.201	0.08533125659338425
19.251	0.08538909191529395
19.301	0.0854463109849243
19.351	0.08550291805052193
19.401	0.08555891734609254
19.451	0.08561431309129904
19.501	0.08566910949136221
19.551	0.08572331073696371
19.601	0.08577692100415141
19.651	0.08582994445424712
19.701	0.08588238523375656
19.751	0.08593424747428169
19.801	0.08598553529243519
19.851	0.0860362527897572
19.901	0.08608640405263436
19.951	0.08613599315222083
20.001	0.08618502414436162
20.051	0.08623350106951798
20.101	0.08628142795269485
20.151	0.08632880880337045
20.201	0.08637564761542786
20.251	0.08642194836708868
20.301	0.08646771502084859
20.351	0.08651295152341497
20.401	0.08655766180564649
20.451	0.0866018497824945
20.501	0.08664551935294641
20.551	0.08668867439997102
20.601	0.0867313187904655
20.651	0.0867734563752044
20.701	0.0868150909887904
20.751	0.0868562264496068
20.801	0.08689686655977188
20.851	0.0869370151050949
20.901	0.08697667585503384
20.951	0.08701585256265496
21.001	0.08705454896459387
21.051	0.08709276878101839
21.101	0.08713051571559294
21.151	0.08716779345544466
21.201	0.08720460567113104
21.251	0.08724095601660918
21.301	0.08727684812920654
21.351	0.08731228562959331
21.401	0.08734727212175629
21.451	0.08738181119297413
21.501	0.08741590641379428
21.551	0.08744956133801121
21.601	0.08748277950264613
21.651	0.08751556442792814
21.701	0.08754791961727684
21.751	0.08757984855728619
21.801	0.08761135471770985
21.851	0.0876424415514478
21.901	0.08767311249453441
21.951	0.0877033709661276
22.001	0.08773322036849954
22.051	0.08776266408702849
22.101	0.0877917054901919
22.151	0.08782034792956084
22.201	0.08784859473979555
22.251	0.08787644923864228
22.301	0.08790391472693129
22.351	0.08793099448857604
22.401	0.08795769179057353
22.451	0.08798400988300578
22.501	0.0880099519990425
22.551	0.08803552135494476
22.601	0.08806072115006987
22.651	0.08808555456687725
22.701	0.0881100247709355
22.751	0.08813413491093032
22.801	0.08815788811867369
22.851	0.08818128750911387
22.901	0.08820433618034661
22.951	0.08822703721362712
23.001	0.0882493936733833
23.051	0.08827140860722964
23.101	0.08829308504598225
23.151	0.08831442600367487
23.201	0.08833543447757558
23.251	0.08835611344820468
23.301	0.08837646587935329
23.351	0.08839649471810287
23.401	0.08841620289484568
23.451	0.08843559332330597
23.501	0.08845466890056213
23.551	0.08847343250706961
23.601	0.08849188700668466
23.651	0.08851003524668888
23.701	0.08852788005781458
23.751	0.08854542425427085
23.801	0.08856267063377055
23.851	0.08857962197755781
23.901	0.08859628105043654
23.951	0.08861265060079948
24.001	0.088628733360658
24.051	0.08864453204567277
24.101	0.0886600493551848
24.151	0.08867528797224755
24.201	0.08869025056365938
24.251	0.08870493977999687
24.301	0.0887193582556487
24.351	0.08873350860885017
24.401	0.0887473934417184
24.451	0.08876101534028814
24.501	0.08877437687454805
24.551	0.0887874805984778
24.601	0.08880032905008557
24.651	0.08881292475144625
24.701	0.08882527020874012
24.751	0.08883736791229209
24.801	0.08884922033661156
24.851	0.08886082994043276
24.901	0.08887219916675557
24.951	0.08888333044288695
25.001	0.08889422618048277
25.051	0.08890488877559033
25.101	0.08891532060869106
25.151	0.08892552404474396
25.201	0.08893550143322942
25.251	0.0889452551081935
25.301	0.08895478738829253
25.351	0.0889641005768385
25.401	0.08897319696184441
25.451	0.0889820788160705
25.501	0.08899074839707051
25.551	0.08899920794723865
25.601	0.08900745969385673
25.651	0.08901550584914188
25.701	0.08902334861029447
25.751	0.08903099015954652
25.801	0.08903843266421047
25.851	0.08904567827672819
25.901	0.08905272913472052
25.951	0.08905958736103699
26.001	0.08906625506380594
26.051	0.08907273433648501
26.101	0.08907902725791181
26.151	0.08908513589235505
26.201	0.0890910622895659
26.251	0.08909680848482963
26.301	0.08910237649901756
26.351	0.0891077683386393
26.401	0.08911298599589525
26.451	0.08911803144872933
26.501	0.08912290666088209
26.551	0.08912761358194388
26.601	0.08913215414740845
26.651	0.08913653027872666
26.701	0.08914074388336049
26.751	0.0891447968548373
26.801	0.08914869107280414
26.851	0.08915242840308255
26.901	0.08915601069772328
26.951	0.08915943979506143
27.001	0.08916271751977162
27.051	0.08916584568292348
27.101	0.08916882608203722
27.151	0.08917166050113942
27.201	0.08917435071081901
27.251	0.08917689846828335
27.301	0.08917930551741449
27.351	0.08918157358882565
27.401	0.08918370439991777
27.451	0.08918569965493614
27.501	0.08918756104502734
27.551	0.0891892902482962
27.601	0.0891908889298628
27.651	0.0891923587419198
27.701	0.08919370132378973
27.751	0.08919491830198234
27.801	0.08919601129025223
27.851	0.08919698188965647
27.901	0.08919783168861226
27.951	0.08919856226295478
28.001	0.08919917517599511
28.051	0.08919967197857816
28.101	0.08920005420914069
28.151	0.0892003233937695
28.201	0.08920048104625948
28.251	0.08920052866817198
28.301	0.08920046774889295
28.351	0.08920029976569142
28.401	0.08920002618377776
28.451	0.08919964845636214
28.501	0.08919916802471296
28.551	0.08919858631821544
28.601	0.08919790475442997
28.651	0.08919712473915076
28.701	0.08919624766646435
28.751	0.08919527491880822
28.801	0.08919420786702932
28.851	0.08919304787044269
28.901	0.08919179627689004
28.951	0.08919045442279837
29.001	0.08918902363323848
29.051	0.08918750522198364
29.101	0.08918590049156812
29.151	0.08918421073334569
29.201	0.08918243722754823
29.251	0.08918058124334421
29.301	0.08917864403889715
29.351	0.08917662686142408
29.401	0.08917453094725396
29.451	0.0891723575218861
29.501	0.08917010780004841
29.551	0.08916778298575583
29.601	0.08916538427236843
29.651	0.08916291284264975
29.701	0.08916036986882483
29.751	0.08915775651263841
29.801	0.0891550739254129
29.851	0.08915232324810633
29.901	0.08914950561137033
29.951	0.08914662213560795
30.001	0.08914367393103133
30.051	0.08914066209771955
30.101	0.08913758772567612
30.151	0.08913445189488661
30.201	0.08913125567537601
30.251	0.0891280001272662
30.301	0.08912468630083316
30.351	0.0891213152365642
30.401	0.08911788796521507
30.451	0.08911440550786692
30.501	0.08911086887598328
30.551	0.08910727907146677
30.601	0.08910363708671594
30.651	0.08909994390468172
30.701	0.08909620049892404
30.751	0.08909240783366815
30.801	0.08908856686386092
30.851	0.08908467853522697
30.901	0.08908074378432479
30.951	0.08907676353860253
31.001	0.08907273871645395
31.051	0.08906867022727401
31.101	0.08906455897151447
31.151	0.08906040584073932
31.201	0.08905621171768004
31.251	0.08905197747629086
31.301	0.0890477039818037
31.351	0.08904339209078316
31.401	0.08903904265118127
31.451	0.08903465650239208
31.501	0.0890302344753062
31.551	0.08902577739236515
31.601	0.08902128606761557
31.651	0.08901676130676324
31.701	0.08901220390722708
31.751	0.08900761465819286
31.801	0.08900299434066683
31.851	0.0889983437275292
31.901	0.08899366358358746
31.951	0.08898895466562955
32.001	0.08898421772247687
32.051	0.0889794534950371
32.101	0.0889746627163569
32.151	0.08896984611167452
32.201	0.08896500439847203
32.251	0.08896013828652768
32.301	0.08895524847796785
32.351	0.08895033566731891
32.401	0.08894540054155907
32.451	0.08894044378016976
32.501	0.08893546605518711
32.551	0.08893046803125315
32.601	0.08892545036566683
32.651	0.08892041370843487
32.701	0.08891535870232246
32.751	0.08891028598290382
32.801	0.08890519617861248
32.851	0.08890008991079149
32.901	0.08889496779374337
32.951	0.08888983043477997
33.001	0.08888467843427207
33.051	0.08887951238569881
33.101	0.08887433287569702
33.151	0.08886914048411024
33.201	0.08886393578403767
33.251	0.0888587193418829
33.301	0.0888534917174024
33.351	0.08884825346375388
33.401	0.08884300512754452
33.451	0.08883774724887888
33.501	0.08883248036140672
33.551	0.08882720499237055
33.601	0.08882192166265318
33.651	0.08881663088682479
33.701	0.08881133317319004
33.751	0.08880602902383494
33.801	0.08880071893467344
33.851	0.08879540339549392
33.901	0.08879008289000549
33.951	0.088784757895884
34.001	0.08877942888481796
34.051	0.08877409632255426
34.101	0.0887687606689436
34.151	0.0887634223779858
34.201	0.08875808189787499
34.251	0.08875273967104437
34.301	0.08874739613421105
34.351	0.0887420517184205
34.401	0.0887367068490909
34.451	0.08873136194605721
34.501	0.08872601742361516
34.551	0.08872067369056491
34.601	0.08871533115025464
34.651	0.08870999020062384
34.701	0.08870465123424641
34.751	0.08869931463837367
34.801	0.08869398079497705
34.851	0.08868865008079055
34.901	0.08868332286735323
34.951	0.08867799952105115
35.001	0.08867268040315951
35.051	0.08866736586988419
35.101	0.0886620562724034
35.151	0.08865675195690893
35.201	0.08865145326464739
35.251	0.08864616053196103
35.301	0.0886408740903285
35.351	0.0886355942664054
35.401	0.08863032138206459
35.451	0.08862505575443629
35.501	0.08861979769594806
35.551	0.08861454751436448
35.601	0.08860930551282667
35.651	0.08860407198989163
35.701	0.08859884723957136
35.751	0.08859363155137172
35.801	0.08858842521033126
35.851	0.08858322849705962
35.901	0.08857804168777592
35.951	0.08857286505434682
36.001	0.0885676988643245
36.051	0.0885625433809843
36.101	0.08855739886336228
36.151	0.0885522655662925
36.201	0.0885471437404442
36.251	0.08854203363235859
36.301	0.08853693548448567
36.351	0.0885318495352207
36.401	0.08852677601894048
36.451	0.08852171516603954
36.501	0.08851666720296598
36.551	0.08851163235225723
36.601	0.08850661083257552
36.651	0.08850160285874326
36.701	0.08849660864177807
36.751	0.08849162838892781
36.801	0.0884866623037052
36.851	0.08848171058592239
36.901	0.08847677343172533
36.951	0.0884718510336278
37.001	0.08846694358054544
37.051	0.08846205125782942
37.101	0.08845717424730003
37.151	0.08845231272727996
37.201	0.08844746687262756
37.251	0.08844263685476966
37.301	0.08843782284173446
37.351	0.08843302499818398
37.401	0.08842824348544649
37.451	0.08842347846154873
37.501	0.0884187300812478
37.551	0.08841399849606302
37.601	0.08840928385430748
37.651	0.08840458630111951
37.701	0.08839990597849384
37.751	0.08839524302531267
37.801	0.08839059757737641
37.851	0.08838596976743447
37.901	0.08838135972521557
37.951	0.08837676757745812
38.001	0.08837219344794019
38.051	0.08836763745750945
38.101	0.0883630997241129
38.151	0.08835858036282628
38.201	0.08835407948588349
38.251	0.08834959720270569
38.301	0.08834513361993024
38.351	0.08834068884143943
38.401	0.08833626296838916
38.451	0.0883318560992372
38.501	0.08832746832977154
38.551	0.08832309975313828
38.601	0.08831875045986953
38.651	0.08831442053791114
38.701	0.08831011007265001
38.751	0.08830581914694156
38.801	0.08830154784113674
38.851	0.08829729623310895
38.901	0.08829306439828087
38.951	0.08828885240965098
39.001	0.08828466033781998
39.051	0.08828048825101695
39.101	0.08827633621512547
39.151	0.08827220429370941
39.201	0.08826809254803866
39.251	0.08826400103711461
39.301	0.08825992981769551
39.351	0.08825587894432156
39.401	0.08825184846934
39.451	0.08824783844292983
39.501	0.08824384891312644
39.551	0.08823987992584616
39.601	0.08823593152491048
39.651	0.08823200375207017
39.701	0.08822809664702927
39.751	0.0882242102474688
39.801	0.08822034458907048
39.851	0.08821649970554002
39.901	0.08821267562863053
39.951	0.08820887238816554
40.001	0.08820509001206195
40.051	0.08820132852635286
40.101	0.08819758795521007
40.151	0.08819386832096661
40.201	0.08819016964413896
40.251	0.08818649194344917
40.301	0.08818283523584686
40.351	0.0881791995365309
40.401	0.08817558485897116
40.451	0.08817199121492982
40.501	0.08816841861448284
40.551	0.08816486706604094
40.601	0.08816133657637074
40.651	0.0881578271506154
40.701	0.08815433879231546
40.751	0.08815087150342922
40.801	0.08814742528435318
40.851	0.08814400013394215
40.901	0.08814059604952934
40.951	0.08813721302694627
41.001	0.08813385106054242
41.051	0.08813051014320487
41.101	0.08812719026637772
41.151	0.0881238914200813
41.201	0.08812061359293137
41.251	0.08811735677215804
41.301	0.08811412094362463
41.351	0.08811090609184624
41.401	0.08810771220000845
41.451	0.08810453924998549
41.501	0.08810138722235861
41.551	0.08809825609643411
41.601	0.08809514585026128
41.651	0.08809205646065013
41.701	0.08808898790318916
41.751	0.08808594015226273
41.801	0.0880829131810685
41.851	0.0880799069616346
41.901	0.08807692146483673
41.951	0.08807395666041502
42.001	0.08807101251699095
42.051	0.08806808900208389
42.101	0.08806518608212763
42.151	0.0880623037224868
42.201	0.08805944188747307
42.251	0.0880566005403612
42.301	0.08805377964340512
42.351	0.08805097915785363
42.401	0.08804819904396619
42.451	0.08804543926102841
42.501	0.08804269976736749
42.551	0.08803998052036753
42.601	0.08803728147648465
42.651	0.08803460259126207
42.701	0.08803194381934494
42.751	0.08802930511449517
42.801	0.08802668642960597
42.851	0.08802408771671649
42.901	0.0880215089270261
42.951	0.0880189500109086
43.001	0.08801641091792653
43.051	0.08801389159684495
43.101	0.08801139199564544
43.151	0.08800891206153982
43.201	0.08800645174098379
43.251	0.08800401097969035
43.301	0.08800158972264328
43.351	0.08799918791411036
43.401	0.08799680549765646
43.451	0.08799444241615662
43.501	0.08799209861180887
43.551	0.0879897740261471
43.601	0.08798746860005364
43.651	0.0879851822737718
43.701	0.08798291498691833
43.751	0.08798066667849569
43.801	0.08797843728690423
43.851	0.08797622674995434
43.901	0.0879740350048783
43.951	0.08797186198834217
44.001	0.08796970763645755
44.051	0.08796757188479315
44.101	0.08796545466838634
44.151	0.08796335592175451
44.201	0.08796127557890636
44.251	0.08795921357335307
44.301	0.0879571698381194
44.351	0.08795514430575459
44.401	0.08795313690834326
44.451	0.08795114757751614
44.501	0.08794917624446068
44.551	0.08794722283993157
44.601	0.08794528729426122
44.651	0.08794336953737004
44.701	0.08794146949877663
44.751	0.08793958710760794
44.801	0.08793772229260925
44.851	0.08793587498215408
44.901	0.08793404510425401
44.951	0.08793223258656833
45.001	0.08793043735641376
45.051	0.08792865934077379
45.101	0.08792689846630823
45.151	0.08792515465936245
45.201	0.08792342784597655
45.251	0.0879217179518946
45.301	0.08792002490257352
45.351	0.08791834862319206
45.401	0.08791668903865964
45.451	0.08791504607362503
45.501	0.08791341965248507
45.551	0.0879118096993931
45.601	0.08791021613826752
45.651	0.08790863889280007
45.701	0.08790707788646411
45.751	0.08790553304252285
45.801	0.08790400428403738
45.851	0.0879024915338747
45.901	0.08790099471471557
45.951	0.08789951374906244
46.001	0.08789804855924704
46.051	0.08789659906743816
46.101	0.08789516519564909
46.151	0.08789374686574519
46.201	0.08789234399945121
46.251	0.08789095651835864
46.301	0.08788958434393285
46.351	0.08788822739752034
46.401	0.08788688560035568
46.451	0.08788555887356855
46.501	0.0878842471381906
46.551	0.08788295031516226
46.601	0.08788166832533945
46.651	0.08788040108950024
46.701	0.08787914852835142
46.751	0.087877910562535
46.801	0.08787668711263455
46.851	0.08787547809918161
46.901	0.08787428344266192
46.951	0.08787310306352154
47.001	0.08787193688217304
47.051	0.08787078481900149
47.101	0.08786964679437033
47.151	0.08786852272862741
47.201	0.08786741254211065
47.251	0.0878663161551538
47.301	0.08786523348809215
47.351	0.08786416446126805
47.401	0.08786310899503645
47.451	0.08786206700977034
47.501	0.08786103842586611
47.551	0.08786002316374886
47.601	0.08785902114387764
47.651	0.08785803228675056
47.701	0.08785705651290997
47.751	0.08785609374294738
47.801	0.08785514389750852
47.851	0.08785420689729816
47.901	0.08785328266308494
47.951	0.08785237111570618
48.001	0.08785147217607253
48.051	0.08785058576517259
48.101	0.0878497118040775
48.151	0.08784885021394544
48.201	0.08784800091602603
48.251	0.08784716383166477
48.301	0.0878463388823073
48.351	0.08784552598950365
48.401	0.08784472507491246
48.451	0.0878439360603051
48.501	0.0878431588675697
48.551	0.08784239341871522
48.601	0.08784163963587535
48.651	0.08784089744131243
48.701	0.08784016675742125
48.751	0.08783944750673287
48.801	0.08783873961191829
48.851	0.08783804299579216
48.901	0.08783735758131632
48.951	0.08783668329160339
49.001	0.08783602004992028
49.051	0.08783536777969157
49.101	0.08783472640450296
49.151	0.08783409584810452
49.201	0.08783347603441406
49.251	0.08783286688752026
49.301	0.08783226833168589
49.351	0.08783168029135095
49.401	0.08783110269113567
49.451	0.08783053545584354
49.501	0.08782997851046437
49.551	0.08782943178017705
49.601	0.0878288951903525
49.651	0.08782836866655652
49.701	0.08782785213455244
49.751	0.08782734552030395
49.801	0.08782684874997772
49.851	0.087826361749946
49.901	0.0878258844467892
49.951	0.08782541676729846
50.001	0.0878249586384781
50.051	0.08782450998754802
50.101	0.08782407074194616
50.151	0.08782364082933075
50.201	0.08782322017758272
50.251	0.08782280871480784
50.301	0.08782240636933902
50.351	0.0878220130697384
50.401	0.08782162874479954
50.451	0.08782125332354947
50.501	0.0878208867352507
50.551	0.08782052890940324
50.601	0.08782017977574662
50.651	0.08781983926426166
50.701	0.08781950730517248
50.751	0.08781918382894821
50.801	0.08781886876630492
50.851	0.08781856204820722
50.901	0.0878182636058701
50.951	0.08781797337076053
51.001	0.08781769127459912
51.051	0.08781741724936175
51.101	0.08781715122728102
51.151	0.08781689314084791
51.201	0.08781664292281319
51.251	0.08781640050618886
51.301	0.0878161658242496
51.351	0.08781593881053412
51.401	0.08781571939884651
51.451	0.08781550752325759
51.501	0.08781530311810605
51.551	0.08781510611799986
51.601	0.08781491645781736
51.651	0.08781473407270841
51.701	0.08781455889809565
51.751	0.08781439086967546
51.801	0.08781422992341913
51.851	0.08781407599557384
51.901	0.0878139290226637
51.951	0.08781378894149071
52.001	0.08781365568913568
52.051	0.0878135292029592
52.101	0.08781340942060246
52.151	0.08781329627998812
52.201	0.08781318971932114
52.251	0.08781308967708959
52.301	0.08781299609206535
52.351	0.0878129089033049
52.401	0.08781282805014998
52.451	0.0878127534722283
52.501	0.08781268510945418
52.551	0.08781262290202918
52.601	0.08781256679044261
52.651	0.08781251671547222
52.701	0.08781247261818463
52.751	0.08781243443993593
52.801	0.0878124021223721
52.851	0.08781237560742947
52.901	0.08781235483733518
52.951	0.0878123397546076
53.001	0.0878123303020567
53.051	0.08781232642278435
53.101	0.08781232806018473
53.151	0.08781233515794461
53.201	0.08781234766004366
53.251	0.08781236551075464
53.301	0.0878123886546437
53.351	0.08781241703657063
53.401	0.08781245060168891
53.451	0.08781248929544602
53.501	0.08781253306358358
53.551	0.08781258185213735
53.601	0.08781263560743748
53.651	0.08781269427610847
53.701	0.08781275780506934
53.751	0.0878128261415336
53.801	0.08781289923300928
53.851	0.08781297702729893
53.901	0.08781305947249964
53.951	0.08781314651700291
54.001	0.08781323810949468
54.051	0.08781333419895519
54.101	0.08781343473465891
54.151	0.08781353966617442
54.201	0.08781364894336424
54.251	0.08781376251638473
54.301	0.08781388033568585
54.351	0.08781400235201103
54.401	0.08781412851639693
54.451	0.0878142587801732
54.501	0.08781439309496226
54.551	0.08781453141267906
54.601	0.08781467368553073
54.651	0.08781481986601634
54.701	0.0878149699069266
54.751	0.08781512376134347
54.801	0.0878152813826399
54.851	0.0878154427244794
54.901	0.08781560774081572
54.951	0.08781577638589241
55.001	0.08781594861424247
55.051	0.08781612438068787
55.101	0.08781630364033918
55.151	0.08781648634859508
55.201	0.08781667246114191
55.251	0.08781686193395322
55.301	0.08781705472328921
55.351	0.0878172507856963
55.401	0.08781745007800659
55.451	0.08781765255733731
55.501	0.08781785818109034
55.551	0.08781806690695154
55.601	0.0878182786928903
55.651	0.08781849349715891
55.701	0.08781871127829197
55.751	0.08781893199510576
55.801	0.0878191556066977
55.851	0.08781938207244563
55.901	0.08781961135200725
55.951	0.08781984340531941
56.001	0.0878200781925975
56.051	0.08782031567433475
56.101	0.08782055581130152
56.151	0.0878207985645447
56.201	0.08782104389538689
56.251	0.08782129176542579
56.301	0.08782154213653341
56.351	0.08782179497085536
56.401	0.08782205023081012
56.451	0.08782230787908826
56.501	0.0878225678786517
56.551	0.08782283019273295
56.601	0.0878230947848343
56.651	0.08782336161872706
56.701	0.08782363065845075
56.751	0.08782390186831232
56.801	0.08782417521288527
56.851	0.0878244506570089
56.901	0.0878247281657875
56.951	0.08782500770458938
57.001	0.08782528923904623
57.051	0.08782557273505204
57.101	0.08782585815876244
57.151	0.0878261454765937
57.201	0.08782643465522195
57.251	0.08782672566158224
57.301	0.08782701846286765
57.351	0.08782731302652844
57.401	0.0878276093202711
57.451	0.08782790731205752
57.501	0.08782820697010398
57.551	0.0878285082628803
57.601	0.08782881115910891
57.651	0.0878291156277639
57.701	0.08782942163807005
57.751	0.08782972915950199
57.801	0.08783003816178314
57.851	0.08783034861488487
57.901	0.08783066048902544
57.951	0.08783097375466907
58.001	0.08783128838252503
58.051	0.0878316043435466
58.101	0.08783192160893014
58.151	0.08783224015011405
58.201	0.08783255993877785
58.251	0.08783288094684116
58.301	0.08783320314646273
58.351	0.08783352651003938
58.401	0.08783385101020508
58.451	0.08783417661982991
58.501	0.08783450331201902
58.551	0.08783483106011167
58.601	0.0878351598376802
58.651	0.08783548961852898
58.701	0.08783582037669344
58.751	0.08783615208643901
58.801	0.08783648472226008
58.851	0.087836818258879
58.901	0.08783715267124505
58.951	0.08783748793453339
59.001	0.08783782402414397
59.051	0.08783816091570062
59.101	0.08783849858504986
59.151	0.08783883700825995
59.201	0.08783917616161979
59.251	0.08783951602163792
59.301	0.08783985656504142
59.351	0.08784019776877489
59.401	0.08784053960999935
59.451	0.08784088206609124
59.501	0.08784122511464133
59.551	0.08784156873345364
59.601	0.08784191290054444
59.651	0.08784225759414112
59.701	0.08784260279268113
59.751	0.08784294847481101
59.801	0.08784329461938517
59.851	0.08784364120546495
59.901	0.08784398821231751
59.951	0.0878443356194147
60.001	0.0878446834064321
60.051	0.08784503155324788
60.101	0.08784538003994173
60.151	0.08784572884679381
60.201	0.08784607795428367
60.251	0.08784642734308916
60.301	0.0878467769940854
60.351	0.08784712688834365
60.401	0.08784747700713028
60.451	0.08784782733190567
60.501	0.08784817784432321
60.551	0.08784852852622807
60.601	0.08784887935965631
60.651	0.08784923032683367
60.701	0.08784958141017457
60.751	0.08784993259228101
60.801	0.0878502838559415
60.851	0.08785063518413003
60.901	0.08785098656000491
60.951	0.0878513379669078
61.001	0.08785168938836257
61.051	0.08785204080807428
61.101	0.08785239220992806
61.151	0.08785274357798811
61.201	0.08785309489649655
61.251	0.08785344614987246
61.301	0.08785379732271073
61.351	0.08785414839978102
61.401	0.08785449936602671
61.451	0.08785485020656388
61.501	0.08785520090668013
61.551	0.08785555145183367
61.601	0.08785590182765217
61.651	0.08785625201993172
61.701	0.08785660201463581
61.751	0.08785695179789425
61.801	0.08785730135600213
61.851	0.08785765067541876
61.901	0.08785799974276662
61.951	0.08785834854483038
62.001	0.08785869706855574
62.051	0.08785904530104853
62.101	0.08785939322957353
62.151	0.08785974084155354
62.201	0.0878600881245683
62.251	0.08786043506635345
62.301	0.08786078165479952
62.351	0.08786112787795089
62.401	0.08786147372400478
62.451	0.0878618191813102
62.501	0.08786216423836693
62.551	0.08786250888382455
62.601	0.08786285310648134
62.651	0.08786319689528334
62.701	0.0878635402393233
62.751	0.08786388312783967
62.801	0.08786422555021561
62.851	0.08786456749597796
62.901	0.08786490895479628
62.951	0.08786524991648177
63.001	0.0878655903709864
63.051	0.08786593030840177
63.101	0.08786626971895825
63.151	0.08786660859302386
63.201	0.08786694692110344
63.251	0.08786728469383752
63.301	0.08786762190200141
63.351	0.08786795853650421
63.401	0.08786829458838788
63.451	0.08786863004882617
63.501	0.08786896490912373
63.551	0.08786929916071512
63.601	0.08786963279516385
63.651	0.08786996580416144
63.701	0.0878702981795264
63.751	0.08787062991320332
63.801	0.08787096099726198
63.851	0.08787129142389626
63.901	0.08787162118542331
63.951	0.08787195027428259
64.001	0.08787227868303489
64.051	0.08787260640436145
64.101	0.08787293343106296
64.151	0.08787325975605871
64.201	0.0878735853723856
64.251	0.08787391027319728
64.301	0.08787423445176316
64.351	0.08787455790146757
64.401	0.08787488061580878
64.451	0.08787520258839814
64.501	0.08787552381295916
64.551	0.08787584428332659
64.601	0.0878761639934456
64.651	0.08787648293737073
64.701	0.0878768011092652
64.751	0.08787711850339984
64.801	0.08787743511415232
64.851	0.08787775093600624
64.901	0.08787806596355022
64.951	0.0878783801914771
65.001	0.087878693614583
65.051	0.08787900622776648
65.101	0.08787931802602769
65.151	0.08787962900446748
65.201	0.0878799391582866
65.251	0.08788024848278479
65.301	0.08788055697335996
65.351	0.08788086462550734
65.401	0.08788117143481868
65.451	0.08788147739698132
65.501	0.08788178250777745
65.551	0.08788208676308323
65.601	0.08788239015886802
65.651	0.08788269269119345
65.701	0.08788299435621273
65.751	0.08788329515016975
65.801	0.0878835950693983
65.851	0.08788389411032126
65.901	0.08788419226944981
65.951	0.0878844895433826
66.001	0.087884785928805
66.051	0.08788508142248824
66.101	0.08788537602128872
66.151	0.08788566972214713
66.201	0.08788596252208772
66.251	0.08788625441821753
66.301	0.08788654540772559
66.351	0.08788683548788218
66.401	0.08788712465603801
66.451	0.08788741290962358
66.501	0.08788770024614825
66.551	0.08788798666319965
66.601	0.08788827215844283
66.651	0.08788855672961957
66.701	0.08788884037454757
66.751	0.08788912309111979
66.801	0.08788940487730369
66.851	0.08788968573114049
66.901	0.08788996565074444
66.951	0.08789024463430209
67.001	0.08789052268007162
67.051	0.08789079978638209
67.101	0.0878910759516327
67.151	0.08789135117429216
67.201	0.08789162545289791
67.251	0.08789189878605548
67.301	0.08789217117243776
67.351	0.08789244261078431
67.401	0.0878927130999007
67.451	0.0878929826386578
67.501	0.0878932512259911
67.551	0.08789351886090006
67.601	0.08789378554244744
67.651	0.08789405126975854
67.701	0.08789431604202069
67.751	0.0878945798584825
67.801	0.08789484271845315
67.851	0.08789510462130186
67.901	0.08789536556645716
67.951	0.0878956255534063
68.001	0.08789588458169453
68.051	0.08789614265092455
68.101	0.08789639976075578
68.151	0.08789665591090386
68.201	0.0878969111011399
68.251	0.08789716533128991
68.301	0.0878974186012342
68.351	0.08789767091090676
68.401	0.08789792226029461
68.451	0.08789817264943722
68.501	0.08789842207842591
68.551	0.08789867054740326
68.601	0.08789891805656248
68.651	0.08789916460614688
68.701	0.0878994101964492
68.751	0.08789965482781109
68.801	0.08789989850062249
68.851	0.08790014121532112
68.901	0.08790038297239179
68.951	0.08790062377236596
69.001	0.08790086361582108
69.051	0.08790110250338008
69.101	0.08790134043571078
69.151	0.08790157741352538
69.201	0.08790181343757981
69.251	0.08790204850867336
69.301	0.08790228262764793
69.351	0.08790251579538766
69.401	0.08790274801281828
69.451	0.08790297928090664
69.501	0.08790320960066017
69.551	0.08790343897312632
69.601	0.08790366739939211
69.651	0.08790389488058353
69.701	0.08790412141786508
69.751	0.08790434701243925
69.801	0.087904571665546
69.851	0.08790479537846226
69.901	0.08790501815250143
69.951	0.08790523998901292
70.001	0.08790546088938157
70.051	0.08790568085502727
70.101	0.08790589988740437
70.151	0.08790611798800128
70.201	0.08790633515833995
70.251	0.0879065513999754
70.301	0.08790676671449524
70.351	0.08790698110351923
70.401	0.0879071945686988
70.451	0.08790740711171657
70.501	0.0879076187342859
70.551	0.0879078294381505
70.601	0.08790803922508382
70.651	0.08790824809688881
70.701	0.0879084560553973
70.751	0.08790866310246967
70.801	0.08790886923999433
70.851	0.08790907446988737
70.901	0.08790927879409206
70.951	0.08790948221457845
71.001	0.08790968473334294
71.051	0.08790988635240789
71.101	0.08791008707382113
71.151	0.08791028689965562
71.201	0.087910485832009
71.251	0.0879106838730032
71.301	0.087910881024784
71.351	0.0879110772895207
71.401	0.08791127266940564
71.451	0.08791146716665384
71.501	0.08791166078350261
71.551	0.08791185352221119
71.601	0.08791204538506031
71.651	0.08791223637435182
71.701	0.08791242649240837
71.751	0.08791261574157291
71.801	0.08791280412420849
71.851	0.08791299164269771
71.901	0.08791317829944248
71.951	0.08791336409686361
72.001	0.08791354903740044
72.051	0.0879137331235105
72.101	0.08791391635766915
72.151	0.08791409874236925
72.201	0.08791428028012074
72.251	0.08791446097345039
72.301	0.0879146408249014
72.351	0.08791481983703307
72.401	0.08791499801242046
72.451	0.08791517535365406
72.501	0.08791535186333947
72.551	0.08791552754409705
72.601	0.08791570239856165
72.651	0.08791587642938219
72.701	0.08791604963922141
72.751	0.08791622203075557
72.801	0.08791639360667407
72.851	0.0879165643696792
72.901	0.08791673432248581
72.951	0.087916903467821
73.001	0.08791707180842379
73.051	0.08791723934704489
73.101	0.08791740608644634
73.151	0.08791757202940126
73.201	0.08791773717869354
73.251	0.08791790153711752
73.301	0.08791806510747778
73.351	0.08791822789258877
73.401	0.08791838989527459
73.451	0.08791855111836869
73.501	0.08791871156471362
73.551	0.08791887123716069
73.601	0.0879190301385698
73.651	0.08791918827180907
73.701	0.08791934563975466
73.751	0.08791950224529047
73.801	0.08791965809130783
73.851	0.08791981318070538
73.901	0.08791996751638868
73.951	0.08792012110127001
74.001	0.08792027393826812
74.051	0.08792042603030802
74.101	0.08792057738032065
74.151	0.08792072799124272
74.201	0.08792087786601642
74.251	0.0879210270075892
74.301	0.08792117541891357
74.351	0.0879213231029468
74.401	0.08792147006265073
74.451	0.08792161630099153
74.501	0.08792176182093953
74.551	0.08792190662546887
74.601	0.08792205071755742
74.651	0.0879221941001865
74.701	0.08792233677634062
74.751	0.08792247874900738
74.801	0.08792262002117715
74.851	0.08792276059584289
74.901	0.087922900476
74.951	0.08792303966464604
75.001	0.08792317816478058
75.051	0.08792331597940496
75.101	0.08792345311152214
75.151	0.08792358956413647
75.201	0.08792372534025349
75.251	0.08792386044287977
75.301	0.08792399487502271
75.351	0.08792412863969033
75.401	0.08792426173989114
75.451	0.08792439417863389
75.501	0.08792452595892741
75.551	0.08792465708378051
75.601	0.08792478755620167
75.651	0.08792491737919896
75.701	0.08792504655577986
75.751	0.08792517508895104
75.801	0.08792530298171823
75.851	0.08792543023708609
75.901	0.08792555685805796
75.951	0.08792568284763574
76.001	0.08792580820881979
76.051	0.08792593294460864
76.101	0.08792605705799897
76.151	0.08792618055198535
76.201	0.08792630342956018
76.251	0.08792642569371344
76.301	0.08792654734743265
76.351	0.0879266683937026
76.401	0.08792678883550535
76.451	0.08792690867581997
76.501	0.08792702791762243
76.551	0.08792714656388549
76.601	0.08792726461757855
76.651	0.08792738208166749
76.701	0.08792749895911457
76.751	0.08792761525287826
76.801	0.08792773096591316
76.851	0.08792784610116983
76.901	0.08792796066159468
76.951	0.08792807465012986
77.001	0.08792818806971307
77.051	0.08792830092327755
77.101	0.08792841321375186
77.151	0.08792852494405982
77.201	0.08792863611712036
77.251	0.08792874673584743
77.301	0.08792885680314985
77.351	0.08792896632193128
77.401	0.08792907529509
77.451	0.0879291837255189
77.501	0.08792929161610528
77.551	0.08792939896973086
77.601	0.08792950578927154
77.651	0.08792961207759743
77.701	0.08792971783757265
77.751	0.08792982307205531
77.801	0.08792992778389733
77.851	0.08793003197594441
77.901	0.08793013565103591
77.951	0.08793023881200476
78.001	0.08793034146167739
78.051	0.08793044360287355
78.101	0.08793054523840638
78.151	0.08793064637108218
78.201	0.08793074700370039
78.251	0.0879308471390535
78.301	0.08793094677992695
78.351	0.08793104592909906
78.401	0.08793114458934097
78.451	0.0879312427634165
78.501	0.08793134045408217
78.551	0.08793143766408702
78.601	0.08793153439617261
78.651	0.08793163065307293
78.701	0.08793172643751426
78.751	0.08793182175221523
78.801	0.08793191659988664
78.851	0.08793201098323145
78.901	0.08793210490494466
78.951	0.08793219836771331
79.001	0.08793229137421639
79.051	0.08793238392712474
79.101	0.08793247602910104
79.151	0.08793256768279974
79.201	0.08793265889086695
79.251	0.08793274965594046
79.301	0.08793283998064963
79.351	0.08793292986761536
79.401	0.08793301931945001
79.451	0.08793310833875737
79.501	0.08793319692813258
79.551	0.08793328509016211
79.601	0.08793337282742374
79.651	0.08793346014248639
79.701	0.0879335470379102
79.751	0.08793363351624643
79.801	0.08793371958003741
79.851	0.08793380523181653
79.901	0.0879338904741081
79.951	0.08793397530942747
80.001	0.08793405974028085
80.051	0.0879341437691653
80.101	0.08793422739856872
80.151	0.08793431063096985
80.201	0.0879343934688381
80.251	0.08793447591463367
80.301	0.08793455797080739
80.351	0.08793463963980074
80.401	0.08793472092404583
80.451	0.08793480182596536
80.501	0.08793488234797256
80.551	0.08793496249247118
80.601	0.08793504226185547
80.651	0.08793512165851013
80.701	0.08793520068481028
80.751	0.08793527934312151
80.801	0.0879353576357997
80.851	0.08793543556519114
80.901	0.08793551313363245
80.951	0.08793559034345054
81.001	0.08793566719696262
81.051	0.08793574369647618
81.101	0.08793581984428889
81.151	0.08793589564268872
81.201	0.0879359710939538
81.251	0.08793604620035246
81.301	0.08793612096414322
81.351	0.08793619538757469
81.401	0.08793626947288567
81.451	0.08793634322230509
81.501	0.08793641663805196
81.551	0.08793648972233539
81.601	0.08793656247735457
81.651	0.08793663490529877
81.701	0.08793670700834731
81.751	0.08793677878866957
81.801	0.08793685024842494
81.851	0.08793692138976289
81.901	0.08793699221482286
81.951	0.08793706272573433
82.001	0.08793713292461677
82.051	0.0879372028135797
82.101	0.08793727239472254
82.151	0.08793734167013481
82.201	0.08793741064189595
82.251	0.08793747931207539
82.301	0.08793754768273256
82.351	0.08793761575591684
82.401	0.0879376835336676
82.451	0.08793775101801421
82.501	0.08793781821097599
82.551	0.08793788511456221
82.601	0.08793795173077217
82.651	0.08793801806159511
82.701	0.08793808410901027
82.751	0.08793814987498687
82.801	0.08793821536148409
82.851	0.08793828057045114
82.901	0.08793834550382719
82.951	0.08793841016354144
83.001	0.08793847455151306
83.051	0.08793853866965126
83.101	0.08793860251985525
83.151	0.08793866610401428
83.201	0.08793872942400761
83.251	0.08793879248170457
83.301	0.0879388552789645
83.351	0.08793891781763685
83.401	0.08793898009956108
83.451	0.08793904212656678
83.501	0.08793910390047359
83.551	0.08793916542309127
83.601	0.08793922669621969
83.651	0.08793928772164883
83.701	0.08793934850115884
83.751	0.08793940903651996
83.801	0.08793946932949266
83.851	0.08793952938182754
83.901	0.08793958919526541
83.951	0.08793964877153729
84.001	0.0879397081123644
84.051	0.08793976721945822
84.101	0.08793982609452045
84.151	0.08793988473924311
84.201	0.08793994315530845
84.251	0.08794000134438906
84.301	0.08794005930814784
84.351	0.08794011704823804
84.401	0.08794017456630322
84.451	0.0879402318639774
84.501	0.08794028894288489
84.551	0.08794034580464051
84.601	0.08794040245084946
84.651	0.08794045888310739
84.701	0.08794051510300047
84.751	0.08794057111210532
84.801	0.0879406269119891
84.851	0.08794068250420951
84.901	0.08794073789031479
84.951	0.08794079307184376
85.001	0.08794084805032588
85.051	0.08794090282728123
85.101	0.0879409574042205
85.151	0.08794101178264509
85.201	0.08794106596404708
85.251	0.0879411199499093
85.301	0.08794117374170529
85.351	0.08794122734089937
85.401	0.08794128074894668
85.451	0.08794133396729316
85.501	0.08794138699737558
85.551	0.08794143984062161
85.601	0.08794149249844979
85.651	0.08794154497226962
85.701	0.08794159726348152
85.751	0.08794164937347689
85.801	0.08794170130363813
85.851	0.08794175305533868
85.901	0.08794180462994304
85.951	0.08794185602880678
86.001	0.0879419072532766
86.051	0.0879419583046903
86.101	0.08794200918437692
86.151	0.08794205989365664
86.201	0.08794211043384087
86.251	0.0879421608062323
86.301	0.08794221101212488
86.351	0.08794226105280388
86.401	0.08794231092954591
86.451	0.08794236064361896
86.501	0.0879424101962824
86.551	0.08794245958878706
86.601	0.08794250882237523
86.651	0.08794255789828063
86.701	0.08794260681772859
86.751	0.08794265558193591
86.801	0.08794270419211106
86.851	0.08794275264945403
86.901	0.08794280095515652
86.951	0.08794284911040189
87.001	0.08794289711636517
87.051	0.08794294497421319
87.101	0.08794299268510451
87.151	0.0879430402501895
87.201	0.08794308767061036
87.251	0.08794313494750115
87.301	0.08794318208198784
87.351	0.08794322907518833
87.401	0.08794327592821247
87.451	0.08794332264216209
87.501	0.0879433692181311
87.551	0.0879434156572054
87.601	0.08794346196046304
87.651	0.08794350812897414
87.701	0.08794355416380104
87.751	0.0879436000659982
87.801	0.08794364583661236
87.851	0.08794369147668249
87.901	0.08794373698723985
87.951	0.08794378236930804
88.001	0.08794382762390299
88.051	0.08794387275203301
88.101	0.0879439177546989
88.151	0.08794396263289385
88.201	0.08794400738760355
88.251	0.08794405201980623
88.301	0.08794409653047268
88.351	0.08794414092056627
88.401	0.087944185191043
88.451	0.08794422934285152
88.501	0.0879442733769332
88.551	0.08794431729422209
88.601	0.08794436109564505
88.651	0.08794440478212169
88.701	0.0879444483545645
88.751	0.0879444918138788
88.801	0.08794453516096279
88.851	0.08794457839670766
88.901	0.0879446215219975
88.951	0.08794466453770945
89.001	0.08794470744471365
89.051	0.08794475024387334
89.101	0.08794479293604485
89.151	0.08794483552207762
89.201	0.08794487800281431
89.251	0.08794492037909075
89.301	0.08794496265173603
89.351	0.08794500482157248
89.401	0.08794504688941582
89.451	0.08794508885607501
89.501	0.08794513072235245
89.551	0.08794517248904395
89.601	0.08794521415693875
89.651	0.08794525572681956
89.701	0.08794529719946266
89.751	0.08794533857563781
89.801	0.08794537985610838
89.851	0.08794542104163139
89.901	0.08794546213295747
89.951	0.08794550313083095
90.001	0.08794554403598988
90.051	0.08794558484916606
90.101	0.08794562557108512
90.151	0.08794566620246645
90.201	0.08794570674402333
90.251	0.08794574719646293
90.301	0.08794578756048635
90.351	0.08794582783678864
90.401	0.08794586802605886
90.451	0.08794590812898007
90.501	0.0879459481462294
90.551	0.0879459880784781
90.601	0.08794602792639152
90.651	0.0879460676906292
90.701	0.08794610737184483
90.751	0.0879461469706864
90.801	0.08794618648779608
90.851	0.08794622592381043
90.901	0.08794626527936027
90.951	0.08794630455507081
91.001	0.08794634375156166
91.051	0.08794638286944685
91.101	0.08794642190933491
91.151	0.08794646087182882
91.201	0.08794649975752611
91.251	0.0879465385670189
91.301	0.08794657730089386
91.351	0.08794661595973234
91.401	0.08794665454411031
91.451	0.08794669305459846
91.501	0.08794673149176221
91.551	0.08794676985616175
91.601	0.08794680814835204
91.651	0.08794684636888288
91.701	0.08794688451829892
91.751	0.08794692259713972
91.801	0.08794696060593976
91.851	0.08794699854522849
91.901	0.0879470364155303
91.951	0.08794707421736464
92.001	0.08794711195124603
92.051	0.08794714961768405
92.101	0.08794718721718338
92.151	0.08794722475024389
92.201	0.0879472622173606
92.251	0.08794729961902377
92.301	0.08794733695571887
92.351	0.08794737422792666
92.401	0.08794741143612324
92.451	0.08794744858077999
92.501	0.0879474856623637
92.551	0.08794752268133656
92.601	0.08794755963815618
92.651	0.08794759653327561
92.701	0.08794763336714345
92.751	0.08794767014020378
92.801	0.08794770685289625
92.851	0.08794774350565611
92.901	0.08794778009891417
92.951	0.08794781663309698
93.001	0.08794785310862667
93.051	0.08794788952592113
93.101	0.087947925885394
93.151	0.08794796218745465
93.201	0.08794799843250826
93.251	0.08794803462095586
93.301	0.08794807075319429
93.351	0.08794810682961632
93.401	0.08794814285061062
93.451	0.08794817881656178
93.501	0.0879482147278504
93.551	0.08794825058485309
93.601	0.08794828638794246
93.651	0.08794832213748718
93.701	0.08794835783385205
93.751	0.08794839347739795
93.801	0.08794842906848194
93.851	0.08794846460745721
93.901	0.08794850009467321
93.951	0.0879485355304756
94.001	0.08794857091520628
94.051	0.08794860624920346
94.101	0.08794864153280167
94.151	0.08794867676633178
94.201	0.08794871195012105
94.251	0.0879487470844931
94.301	0.08794878216976801
94.351	0.08794881720626231
94.401	0.08794885219428901
94.451	0.08794888713415765
94.501	0.08794892202617426
94.551	0.08794895687064148
94.601	0.08794899166785852
94.651	0.08794902641812123
94.701	0.08794906112172206
94.751	0.08794909577895017
94.801	0.08794913039009142
94.851	0.08794916495542834
94.901	0.08794919947524031
94.951	0.08794923394980338
95.001	0.08794926837939045
95.051	0.08794930276427126
95.101	0.08794933710471241
95.151	0.08794937140097732
95.201	0.08794940565332636
95.251	0.08794943986201685
95.301	0.087949474027303
95.351	0.08794950814943608
95.401	0.0879495422286643
95.451	0.08794957626523293
95.501	0.08794961025938429
95.551	0.08794964421135777
95.601	0.08794967812138989
95.651	0.08794971198971428
95.701	0.08794974581656172
95.751	0.08794977960216016
95.801	0.0879498133467348
95.851	0.087949847050508
95.901	0.0879498807136994
95.951	0.08794991433652591
96.001	0.08794994791920176
96.051	0.08794998146193846
96.101	0.08795001496494487
96.151	0.08795004842842724
96.201	0.0879500818525892
96.251	0.08795011523763177
96.301	0.08795014858375344
96.351	0.08795018189115014
96.401	0.08795021516001528
96.451	0.08795024839053976
96.501	0.08795028158291206
96.551	0.08795031473731812
96.601	0.08795034785394155
96.651	0.08795038093296347
96.701	0.08795041397456264
96.751	0.08795044697891549
96.801	0.08795047994619605
96.851	0.08795051287657607
96.901	0.087950545770225
96.951	0.08795057862730997
97.001	0.08795061144799592
97.051	0.08795064423244547
97.101	0.08795067698081913
97.151	0.0879507096932751
97.201	0.08795074236996951
97.251	0.08795077501105628
97.301	0.08795080761668718
97.351	0.08795084018701194
97.401	0.08795087272217814
97.451	0.08795090522233129
97.501	0.08795093768761489
97.551	0.08795097011817037
97.601	0.08795100251413714
97.651	0.08795103487565267
97.701	0.08795106720285241
97.751	0.08795109949586986
97.801	0.08795113175483663
97.851	0.08795116397988237
97.901	0.08795119617113482
97.951	0.08795122832871992
98.001	0.08795126045276168
98.051	0.08795129254338228
98.101	0.08795132460070212
98.151	0.08795135662483977
98.201	0.08795138861591201
98.251	0.08795142057403388
98.301	0.08795145249931863
98.351	0.08795148439187783
98.401	0.08795151625182132
98.451	0.08795154807925724
98.501	0.08795157987429206
98.551	0.0879516116370306
98.601	0.08795164336757601
98.651	0.08795167506602986
98.701	0.08795170673249207
98.751	0.08795173836706101
98.801	0.08795176996983346
98.851	0.08795180154090466
98.901	0.08795183308036829
98.951	0.08795186458831651
99.001	0.08795189606484
99.051	0.08795192751002791
99.101	0.08795195892396798
99.151	0.08795199030674644
99.201	0.08795202165844812
99.251	0.08795205297915638
99.301	0.0879520842689532
99.351	0.0879521155279192
99.401	0.08795214675613357
99.451	0.08795217795367416
99.501	0.08795220912061749
99.551	0.08795224025703874
99.601	0.08795227136301174
99.651	0.08795230243860912
99.701	0.08795233348390209
99.751	0.08795236449896073
99.801	0.08795239548385375
99.851	0.08795242643864869
99.901	0.08795245736341185
99.951	0.08795248825820831