0.001	1.1887523078862836e-8
0.051	0.000017776037025051398
0.101	0.000060760362790708554
0.151	0.00012403153583500325
0.201	0.00020493464722834886
0.251	0.0003016150351794123
0.301	0.0004126448649640205
0.351	0.0005368638869454569
0.401	0.000673295955274204
0.451	0.0008210996169454785
0.501	0.0009795363831756375
0.551	0.0011479491170839342
0.601	0.0013257466365443917
0.651	0.0015123923499689971
0.701	0.001707395625006198
0.751	0.001910305075793443
0.801	0.002120703237200878
0.851	0.0023382022669748022
0.901	0.002562440426026971
0.951	0.00279307915875591
1.001	0.0030298006435804927
1.051	0.003272305717239571
1.101	0.0035203120999829193
1.151	0.003773552865752556
1.201	0.004031775113889481
1.251	0.004294738808154945
1.301	0.004562215755839136
1.351	0.004833988705068321
1.401	0.0051098505425496476
1.451	0.005389603577219442
1.501	0.005673058897807876
1.551	0.005960035794361565
1.601	0.006250361235395348
1.651	0.006543869393663658
1.701	0.0068404012146177405
1.751	0.007139804022498106
1.801	0.007441931159741364
1.851	0.007746641655987031
1.901	0.00805379992347687
1.951	0.008363275476065173
2.001	0.008674942669418085
2.051	0.008988680460285134
2.101	0.009304372182986163
2.151	0.009621905341479288
2.201	0.009941171415566703
2.251	0.010262065679959962
2.301	0.01058448703506907
2.351	0.010908337848503619
2.401	0.0112335238063822
2.451	0.011559953773640701
2.501	0.011887539662612847
2.551	0.0122161963092291
2.601	0.0125458413562442
2.651	0.012876395142960302
2.701	0.013207780600962952
2.751	0.013539923155431764
2.801	0.013872750631627417
2.851	0.0142061931661921
2.901	0.014540183122932196
2.951	0.01487465501278051
3.001	0.015209545417660843
3.051	0.01554479291800067
3.101	0.015880338023658472
3.151	0.016216123108050876
3.201	0.016552092345281787
3.251	0.016888191650090926
3.301	0.017224368620453213
3.351	0.017560572482672992
3.401	0.01789675403882868
3.451	0.018232865616433936
3.501	0.01856886102019094
3.551	0.018904695485720317
3.601	0.019240325635160076
3.651	0.019575709434533496
3.701	0.01991080615279248
3.751	0.020245576322449218
3.801	0.020579981701714725
3.851	0.02091398523806801
3.901	0.02124755103318455
3.951	0.021580644309157283
4.001	0.021913231375947344
4.051	0.02224527960000576
4.101	0.022576757374010777
4.151	0.022907634087668837
4.201	0.023237880099530303
4.251	0.023567466709773773
4.301	0.023896366133915672
4.351	0.02422455147740402
4.401	0.02455199671105779
4.451	0.024878676647315304
4.501	0.025204566917257108
4.551	0.025529643948370657
4.601	0.02585388494302592
4.651	0.026177267857632587
4.701	0.02649977138245109
4.751	0.026821374922031162
4.801	0.027142058576252872
4.851	0.027461803121946463
4.901	0.027780589995068435
4.951	0.028098401273412378
5.001	0.02841521965983425
5.051	0.02873102846597264
5.101	0.02904581159644552
5.151	0.029359553533505927
5.201	0.02967223932213975
5.251	0.029983854555589606
5.301	0.030294385361289575
5.351	0.03060381838719613
5.401	0.03091214078850139
5.451	0.031219340214715383
5.501	0.031525404797104514
5.551	0.03183032313647417
5.601	0.03213408429128373
5.651	0.03243667776608279
5.701	0.032738093500258136
5.751	0.033038321857080846
5.801	0.03333735361304414
5.851	0.03363517994748221
5.901	0.03393179243246121
5.951	0.03422718302293367
6.001	0.03452134404714804
6.051	0.03481426819730532
6.101	0.03510594852045519
6.151	0.03539637840962416
6.201	0.03568555159516875
6.251	0.035973462136346765
6.301	0.03626010441310021
6.351	0.03654547311804346
6.401	0.0368295632486506
6.451	0.03711237009963609
6.501	0.03739388925552315
6.551	0.037674116583394326
6.601	0.0379530482258191
6.651	0.038230680593953424
6.701	0.038507010360806275
6.751	0.038782034454668615
6.801	0.03905575005270011
6.851	0.039328154574669295
6.901	0.03959924567684292
6.951	0.03986902124602033
7.001	0.040137479393709055
7.051	0.04040461845043768
7.101	0.040670436960202276
7.151	0.04093493367504295
7.201	0.041198107549746926
7.251	0.04145995773667488
7.301	0.041720483580707284
7.351	0.04197968461430759
7.401	0.04223756055269925
7.451	0.04249411128915369
7.501	0.042749336890386215
7.551	0.04300323759205733
7.601	0.043255813794376596
7.651	0.04350706605780652
7.701	0.04375699509886401
7.751	0.04400560178601683
7.801	0.04425288713567286
7.851	0.0444988523082597
7.901	0.04474349860439251
7.951	0.04498682746112788
8.001	0.04522884044830168
8.051	0.045469539264948754
8.101	0.04570892573580258
8.151	0.04594700180787297
8.201	0.046183769547099865
8.251	0.04641923113508152
8.301	0.046653388865875216
8.351	0.04688624514286886
8.401	0.04711780247572182
8.451	0.04734806347737327
8.501	0.047577030861116566
8.551	0.047804707437738195
8.601	0.048031096112719524
8.651	0.04825619988350031
8.701	0.048480021836802126
8.751	0.048702565146010734
8.801	0.04892383306861576
8.851	0.049143828943706495
8.901	0.04936255618952266
8.951	0.049580018301058654
9.001	0.0497962188477203
9.051	0.05001116147103284
9.101	0.050224849882399045
9.151	0.050437287860906246
9.201	0.050648479251181426
9.251	0.05085842796129302
9.301	0.051067137960698665
9.351	0.0512746132782377
9.401	0.05148085800016759
9.451	0.05168587626824316
9.501	0.051889672277837876
9.551	0.05209225027610614
9.601	0.052293614560185775
9.651	0.052493769475439815
9.701	0.05269271941373676
9.751	0.05289046881176848
9.801	0.05308702214940498
9.851	0.053282383948085155
9.901	0.053476558769242954
9.951	0.05366955121276796
10.001	0.05386136591549987
10.051	0.05405200754975608
10.101	0.05424148082189162
10.151	0.05442979047089088
10.201	0.05461694126699036
10.251	0.054802938010331856
10.301	0.054987785529645436
10.351	0.05517148868096155
10.401	0.05535405234635171
10.451	0.0555354814326972
10.501	0.05571578087048506
10.551	0.05589495561263096
10.601	0.0560730106333284
10.651	0.05624995092692352
10.701	0.05642578150681521
10.751	0.05660050740437987
10.801	0.056774133667920376
10.851	0.056946665361638706
10.901	0.05711810756463179
10.951	0.057288465369910085
11.001	0.05745774388343847
11.051	0.05762594822319887
11.101	0.05779308351827435
11.151	0.05795915490795409
11.201	0.05812416754085893
11.251	0.05828812657408698
11.301	0.05845103717237897
11.351	0.058612904507302874
11.401	0.058773733756457475
11.451	0.05893353010269444
11.501	0.05909229873335862
11.551	0.05925004483954603
11.601	0.05940677361537943
11.651	0.059562490257300864
11.701	0.059717199963381026
11.751	0.05987090793264501
11.801	0.06002361936441417
11.851	0.06017533945766374
11.901	0.06032607341039588
11.951	0.060475826419027906
12.001	0.060624603677795375
12.051	0.06077241037816963
12.101	0.06091925170828972
12.151	0.06106513285240817
12.201	0.06121005899035059
12.251	0.061354035296988546
12.301	0.06149706694172574
12.351	0.061639159087996956
12.401	0.06178031689277973
12.451	0.061920545506118384
12.501	0.062059850070660165
12.551	0.062198235721203345
12.601	0.06233570758425693
12.651	0.06247227077761183
12.701	0.06260793040992324
12.751	0.06274269158030392
12.801	0.06287655937792842
12.851	0.06300953888164763
12.901	0.06314163515961385
12.951	0.06327285326891588
13.001	0.0634031982552241
13.051	0.06353267515244526
13.101	0.06366128898238686
13.151	0.06378904475443074
13.201	0.06391594746521606
13.251	0.06404200209833102
13.301	0.06416721362401356
13.351	0.0642915869988606
13.401	0.06441512716554575
13.451	0.0645378390525453
13.501	0.06465972757387238
13.551	0.06478079762881897
13.601	0.06490105410170584
13.651	0.06502050186163996
13.701	0.06513914576227961
13.751	0.06525699064160662
13.801	0.06537404132170593
13.851	0.06549030260855218
13.901	0.06560577929180307
13.951	0.06572047614459971
14.001	0.0658343979233734
14.051	0.06594754936765895
14.101	0.06605993519991449
14.151	0.06617156012534724
14.201	0.06628242883174568
14.251	0.06639254598931747
14.301	0.0665019162505334
14.351	0.06661054424997691
14.401	0.06671843460419938
14.451	0.0668255919115808
14.501	0.066932020752196
14.551	0.06703772568768587
14.601	0.06714271126113414
14.651	0.06724698199694884
14.701	0.06735054240074903
14.751	0.06745339695925616
14.801	0.06755555014019032
14.851	0.06765700639217109
14.901	0.06775777014462302
14.951	0.06785784580768539
15.001	0.06795723777212666
15.051	0.0680559504092628
15.101	0.06815398807088018
15.151	0.06825135508916232
15.201	0.06834805577662073
15.251	0.0684440944260297
15.301	0.06853947531036489
15.351	0.06863420268274568
15.401	0.06872828077638132
15.451	0.06882171380452046
15.501	0.06891450596040438
15.551	0.06900666141722364
15.601	0.06909818432807804
15.651	0.06918907882593997
15.701	0.06927934902362085
15.751	0.06936899901374091
15.801	0.0694580328687019
15.851	0.0695464546406629
15.901	0.06963426836151908
15.951	0.06972147804288326
16.001	0.06980808767607045
16.051	0.06989410123208505
16.101	0.06997952266161066
16.151	0.07006435589500273
16.201	0.07014860484228368
16.251	0.07023227339314045
16.301	0.07031536541692468
16.351	0.07039788476265518
16.401	0.07047983525902278
16.451	0.0705612207143975
16.501	0.07064204491683784
16.551	0.07072231163410252
16.601	0.07080202461366401
16.651	0.07088118758272445
16.701	0.07095980424823341
16.751	0.0710378782969077
16.801	0.07111541339525324
16.851	0.07119241318958851
16.901	0.07126888130607023
16.951	0.07134482135072057
17.001	0.0714202369094562
17.051	0.07149513154811908
17.101	0.07156950881250893
17.151	0.0716433722284172
17.201	0.07171672530166283
17.251	0.07178957151812942
17.301	0.07186191434380391
17.351	0.07193375722481679
17.401	0.07200510358748372
17.451	0.07207595683834853
17.501	0.07214632036422754
17.551	0.07221619753225533
17.601	0.07228559168993168
17.651	0.0723545061651697
17.701	0.07242294426634541
17.751	0.07249090928234829
17.801	0.07255840448263305
17.851	0.07262543311727254
17.901	0.07269199841701174
17.951	0.07275810359332276
18.001	0.07282375183846093
18.051	0.0728889463255219
18.101	0.07295369020849957
18.151	0.07301798662234511
18.201	0.0730818386830269
18.251	0.07314524948759116
18.301	0.07320822211422363
18.351	0.07327075962231208
18.401	0.07333286505250942
18.451	0.07339454142679785
18.501	0.07345579174855359
18.551	0.07351661900261233
18.601	0.0735770261553356
18.651	0.07363701615467746
18.701	0.07369659193025227
18.751	0.07375575639340266
18.801	0.07381451243726851
18.851	0.07387286293685623
18.901	0.07393081074910879
18.951	0.07398835871297615
19.001	0.07404550964948642
19.051	0.07410226636181726
19.101	0.07415863163536802
19.151	0.07421460823783224
19.201	0.07427019891927056
19.251	0.0743254064121841
19.301	0.07438023343158834
19.351	0.07443468267508722
19.401	0.0744887568229478
19.451	0.07454245853817511
19.501	0.07459579046658749
19.551	0.07464875523689218
19.601	0.07470135546076126
19.651	0.07475359373290781
19.701	0.07480547263116247
19.751	0.07485699471655015
19.801	0.07490816253336707
19.851	0.074958978609258
19.901	0.07500944545529376
19.951	0.0750595655660488
20.001	0.0751093414196792
20.051	0.07515877547800065
20.101	0.07520787018656665
20.151	0.07525662797474694
20.201	0.075305051255806
20.251	0.07535314242698167
20.301	0.07540090386956393
20.351	0.0754483379489738
20.401	0.07549544701484229
20.451	0.07554223340108941
20.501	0.07558869942600335
20.551	0.07563484739231965
20.601	0.0756806795873004
20.651	0.07572619828281357
20.701	0.07577140573541229
20.751	0.07581630418641415
20.801	0.07586089586198061
20.851	0.0759051829731963
20.901	0.07594916771614833
20.951	0.07599285227200565
21.001	0.07603623880709835
21.051	0.07607932947299688
21.101	0.07612212640659127
21.151	0.07616463173017034
21.201	0.07620684755150078
21.251	0.07624877596390618
21.301	0.07629041904634601
21.351	0.07633177886349453
21.401	0.07637285746581955
21.451	0.07641365688966116
21.501	0.07645417915731031
21.551	0.07649442627708732
21.601	0.07653440024342022
21.651	0.07657410303692305
21.701	0.07661353662447393
21.751	0.07665270295929306
21.801	0.07669160398102065
21.851	0.07673024161579445
21.901	0.07676861777632743
21.951	0.07680673436198514
22.001	0.07684459325886286
22.051	0.0768821963398628
22.101	0.07691954546477081
22.151	0.0769566424803332
22.201	0.0769934892203332
22.251	0.0770300875056673
22.301	0.0770664391444214
22.351	0.07710254593194674
22.401	0.07713840965093559
22.451	0.07717403207149683
22.501	0.07720941495123122
22.551	0.07724456003530655
22.601	0.0772794690565325
22.651	0.07731414373543527
22.701	0.07734858578033203
22.751	0.07738279688740514
22.801	0.0774167787407761
22.851	0.0774505330125793
22.901	0.07748406136303546
22.951	0.07751736544052495
23.001	0.07755044688166075
23.051	0.07758330731136119
23.101	0.07761594834292251
23.151	0.07764837157809103
23.201	0.07768057860713516
23.251	0.0777125710089172
23.301	0.07774435035096468
23.351	0.07777591818954165
23.401	0.07780727606971957
23.451	0.07783842552544802
23.501	0.07786936807962502
23.551	0.07790010524416717
23.601	0.07793063852007952
23.651	0.0779609693975251
23.701	0.07799109935589418
23.751	0.07802102986387333
23.801	0.07805076237951405
23.851	0.07808029835030131
23.901	0.07810963921322156
23.951	0.0781387863948307
24.001	0.07816774131132154
24.051	0.07819650536859114
24.101	0.0782250799623078
24.151	0.0782534664779777
24.201	0.07828166629101128
24.251	0.07830968076678937
24.301	0.07833751126072899
24.351	0.07836515911834879
24.401	0.07839262567533431
24.451	0.07841991225760284
24.501	0.07844702018136804
24.551	0.0784739507532042
24.601	0.07850070527011023
24.651	0.07852728501957343
24.701	0.07855369127963274
24.751	0.0785799253189419
24.801	0.07860598839683222
24.851	0.07863188176337502
24.901	0.07865760665944377
24.951	0.07868316431677601
25.001	0.07870855595803485
25.051	0.07873378279687016
25.101	0.07875884603797961
25.151	0.07878374687716921
25.201	0.07880848650141363
25.251	0.07883306608891621
25.301	0.0788574868091687
25.351	0.07888174982301055
25.401	0.07890585628268808
25.451	0.07892980733191321
25.501	0.0789536041059219
25.551	0.07897724773153236
25.601	0.07900073932720279
25.651	0.07902408000308905
25.701	0.07904727086110173
25.751	0.07907031299496321
25.801	0.07909320749026418
25.851	0.07911595542451995
25.901	0.07913855786722646
25.951	0.07916101587991596
26.001	0.07918333051621242
26.051	0.0792055028218865
26.101	0.07922753383491046
26.151	0.07924942458551248
26.201	0.07927117609623092
26.251	0.0792927893819681
26.301	0.07931426545004386
26.351	0.07933560530024883
26.401	0.07935680992489734
26.451	0.07937788030888004
26.501	0.07939881742971629
26.551	0.0794196222576061
26.601	0.07944029575548194
26.651	0.07946083887906012
26.701	0.07948125257689195
26.751	0.07950153779041454
26.801	0.07952169545400135
26.851	0.07954172649501241
26.901	0.07956163183384427
26.951	0.07958141238397962
27.001	0.07960106905203665
27.051	0.07962060273781812
27.101	0.07964001433436006
27.151	0.07965930472798029
27.201	0.07967847479832653
27.251	0.07969752541842436
27.301	0.0797164574547247
27.351	0.07973527176715127
27.401	0.07975396920914739
27.451	0.0797725506277229
27.501	0.07979101686350046
27.551	0.07980936875076178
27.601	0.07982760711749344
27.651	0.0798457327854325
27.701	0.07986374657011176
27.751	0.07988164928090483
27.801	0.07989944172107079
27.851	0.07991712468779874
27.901	0.0799346989722519
27.951	0.07995216535961151
28.001	0.07996952462912052
28.051	0.07998677755412681
28.101	0.08000392490212642
28.151	0.0800209674348062
28.201	0.0800379059080864
28.251	0.08005474107216295
28.301	0.08007147367154936
28.351	0.08008810444511849
28.401	0.08010463412614396
28.451	0.08012106344234138
28.501	0.08013739311590916
28.551	0.08015362386356928
28.601	0.08016975639660752
28.651	0.08018579142091374
28.701	0.08020172963702159
28.751	0.08021757174014818
28.801	0.08023331842023343
28.851	0.08024897036197905
28.901	0.08026452824488749
28.951	0.0802799927433004
29.001	0.08029536452643699
29.051	0.08031064425843204
29.101	0.08032583259837377
29.151	0.0803409302003413
29.201	0.08035593771344204
29.251	0.0803708557818487
29.301	0.08038568504483606
29.351	0.08040042613681758
29.401	0.08041507968738168
29.451	0.08042964632132783
29.501	0.08044412665870235
29.551	0.080458521314834
29.601	0.0804728309003693
29.651	0.08048705602130769
29.701	0.08050119727903635
29.751	0.08051525527036478
29.801	0.0805292305875593
29.851	0.08054312381837712
29.901	0.08055693554610027
29.951	0.08057066634956933
30.001	0.08058431680321686
30.051	0.0805978874771006
30.101	0.08061137893693653
30.151	0.0806247917441316
30.201	0.08063812645581628
30.251	0.0806513836248769
30.301	0.08066456379998771
30.351	0.08067766752564279
30.401	0.08069069534218767
30.451	0.0807036477858508
30.501	0.08071652538877475
30.551	0.08072932867904713
30.601	0.08074205818073148
30.651	0.0807547144138978
30.701	0.08076729789465283
30.751	0.08077980913517027
30.801	0.08079224864372067
30.851	0.0808046169247011
30.901	0.08081691447866472
30.951	0.08082914180235005
31.001	0.08084129938871004
31.051	0.08085338772694094
31.101	0.08086540730251102
31.151	0.080877358597189
31.201	0.08088924208907236
31.251	0.08090105825261534
31.301	0.0809128075586569
31.351	0.08092449047444829
31.401	0.0809361074636806
31.451	0.08094765898651199
31.501	0.08095914549959479
31.551	0.08097056745610236
31.601	0.08098192530575579
31.651	0.08099321949485042
31.701	0.08100445046628212
31.751	0.08101561865957342
31.801	0.08102672451089944
31.851	0.08103776845311363
31.901	0.08104875091577328
31.951	0.081059672325165
32.001	0.0810705331043298
32.051	0.08108133367308813
32.101	0.08109207444806471
32.151	0.08110275584271316
32.201	0.08111337826734046
32.251	0.08112394212913122
32.301	0.08113444783217184
32.351	0.08114489577747436
32.401	0.08115528636300023
32.451	0.08116561998368395
32.501	0.08117589703145642
32.551	0.08118611789526818
32.601	0.08119628296111246
32.651	0.08120639261204812
32.701	0.08121644722822235
32.751	0.0812264471868932
32.801	0.081236392862452
32.851	0.08124628462644559
32.901	0.08125612284759834
32.951	0.08126590789183408
33.001	0.08127564012229785
33.051	0.08128531989937744
33.101	0.08129494758072481
33.151	0.08130452352127733
33.201	0.08131404807327891
33.251	0.08132352158630093
33.301	0.08133294440726299
33.351	0.08134231688045357
33.401	0.08135163934755049
33.451	0.08136091214764121
33.501	0.08137013561724306
33.551	0.08137931009032319
33.601	0.08138843589831844
33.651	0.08139751337015512
33.701	0.08140654283226852
33.751	0.08141552460862234
33.801	0.08142445902072798
33.851	0.08143334638766367
33.901	0.08144218702609347
33.951	0.08145098125028606
34.001	0.0814597293721335
34.051	0.08146843170116977
34.101	0.08147708854458918
34.151	0.08148570020726464
34.201	0.08149426699176587
34.251	0.08150278919837729
34.301	0.08151126712511599
34.351	0.0815197010677494
34.401	0.08152809131981294
34.451	0.08153643817262742
34.501	0.08154474191531642
34.551	0.08155300283482347
34.601	0.08156122121592912
34.651	0.08156939734126789
34.701	0.08157753149134502
34.751	0.08158562394455324
34.801	0.08159367497718926
34.851	0.08160168486347023
34.901	0.08160965387555
34.951	0.08161758228353531
35.001	0.08162547035550188
35.051	0.08163331835751028
35.101	0.0816411265536218
35.151	0.08164889520591402
35.201	0.08165662457449654
35.251	0.08166431491752628
35.301	0.08167196649122288
35.351	0.08167957954988388
35.401	0.0816871543458998
35.451	0.0816946911297692
35.501	0.08170219015011336
35.551	0.08170965165369123
35.601	0.08171707588541392
35.651	0.08172446308835925
35.701	0.08173181350378617
35.751	0.08173912737114906
35.801	0.0817464049281119
35.851	0.0817536464105623
35.901	0.08176085205262555
35.951	0.0817680220866784
36.001	0.08177515674336282
36.051	0.08178225625159971
36.101	0.08178932083860233
36.151	0.08179635072988978
36.201	0.08180334614930033
36.251	0.08181030731900467
36.301	0.08181723445951893
36.351	0.08182412778971779
36.401	0.08183098752684735
36.451	0.08183781388653796
36.501	0.08184460708281693
36.551	0.08185136732812115
36.601	0.08185809483330955
36.651	0.08186478980767564
36.701	0.08187145245895967
36.751	0.08187808299336102
36.801	0.08188468161555021
36.851	0.08189124852868093
36.901	0.0818977839344021
36.951	0.08190428803286957
37.001	0.08191076102275796
37.051	0.08191720310127232
37.101	0.08192361446415963
37.151	0.08192999530572037
37.201	0.08193634581881983
37.251	0.08194266619489943
37.301	0.08194895662398796
37.351	0.08195521729471268
37.401	0.08196144839431034
37.451	0.08196765010863814
37.501	0.0819738226221846
37.551	0.0819799661180803
37.601	0.0819860807781086
37.651	0.08199216678271623
37.701	0.08199822431102384
37.751	0.08200425354083639
37.801	0.08201025464865354
37.851	0.08201622780967993
37.901	0.08202217319783532
37.951	0.08202809098576477
38.001	0.08203398134484863
38.051	0.0820398444452125
38.101	0.08204568045573711
38.151	0.08205148954406812
38.201	0.08205727187662579
38.251	0.08206302761861473
38.301	0.0820687569340333
38.351	0.08207445998568329
38.401	0.08208013693517915
38.451	0.08208578794295748
38.501	0.08209141316828616
38.551	0.08209701276927368
38.601	0.08210258690287811
38.651	0.08210813572491628
38.701	0.08211365939007262
38.751	0.08211915805190821
38.801	0.08212463186286947
38.851	0.08213008097429703
38.901	0.08213550553643433
38.951	0.08214090569843631
39.001	0.0821462816083779
39.051	0.0821516334132626
39.101	0.08215696125903078
39.151	0.08216226529056811
39.201	0.0821675456517138
39.251	0.08217280248526886
39.301	0.08217803593300418
39.351	0.08218324613566874
39.401	0.08218843323299745
39.451	0.08219359736371927
39.501	0.08219873866556504
39.551	0.08220385727527528
39.601	0.08220895332860802
39.651	0.08221402696034645
39.701	0.08221907830430661
39.751	0.08222410749334493
39.801	0.08222911465936578
39.851	0.08223409993332892
39.901	0.08223906344525692
39.951	0.08224400532424245
40.001	0.08224892569845565
40.051	0.08225382469515127
40.101	0.08225870244067589
40.151	0.08226355906047499
40.201	0.08226839467910006
40.251	0.08227320942021553
40.301	0.08227800340660575
40.351	0.08228277676018188
40.401	0.0822875296019887
40.451	0.08229226205221134
40.501	0.08229697423018212
40.551	0.0823016662543871
40.601	0.08230633824247274
40.651	0.08231099031125247
40.701	0.08231562257671314
40.751	0.08232023515402156
40.801	0.08232482815753082
40.851	0.0823294017007867
40.901	0.08233395589653393
40.951	0.08233849085672244
41.001	0.08234300669251361
41.051	0.08234750351428634
41.101	0.08235198143164321
41.151	0.0823564405534165
41.201	0.08236088098767418
41.251	0.08236530284172591
41.301	0.08236970622212893
41.351	0.08237409123469383
41.401	0.08237845798449052
41.451	0.08238280657585385
41.501	0.08238713711238939
41.551	0.08239144969697909
41.601	0.08239574443178693
41.651	0.08240002141826447
41.701	0.08240428075715635
41.751	0.08240852254850586
41.801	0.08241274689166035
41.851	0.0824169538852766
41.901	0.08242114362732622
41.951	0.08242531621510094
42.001	0.08242947174521788
42.051	0.08243361031362482
42.101	0.08243773201560535
42.151	0.082441836945784
42.201	0.08244592519813136
42.251	0.0824499968659692
42.301	0.08245405204197537
42.351	0.08245809081818888
42.401	0.08246211328601483
42.451	0.08246611953622925
42.501	0.08247010965898403
42.551	0.0824740837438117
42.601	0.08247804187963023
42.651	0.08248198415474778
42.701	0.08248591065686736
42.751	0.08248982147309157
42.801	0.08249371668992718
42.851	0.08249759639328974
42.901	0.08250146066850812
42.951	0.08250530960032905
43.001	0.08250914327292158
43.051	0.08251296176988154
43.101	0.08251676517423598
43.151	0.08252055356844747
43.201	0.08252432703441849
43.251	0.08252808565349574
43.301	0.08253182950647439
43.351	0.08253555867360231
43.401	0.08253927323458427
43.451	0.08254297326858612
43.501	0.08254665885423894
43.551	0.08255033006964309
43.601	0.0825539869923723
43.651	0.08255762969947775
43.701	0.08256125826749197
43.751	0.08256487277243289
43.801	0.08256847328980774
43.851	0.08257205989461698
43.901	0.08257563266135816
43.951	0.08257919166402972
44.001	0.0825827369761349
44.051	0.08258626867068539
44.101	0.08258978682020521
44.151	0.08259329149673433
44.201	0.0825967827718324
44.251	0.08260026071658241
44.301	0.08260372540159432
44.351	0.08260717689700862
44.401	0.08261061527249997
44.451	0.08261404059728068
44.501	0.08261745294010427
44.551	0.08262085236926892
44.601	0.08262423895262093
44.651	0.08262761275755817
44.701	0.08263097385103348
44.751	0.08263432229955801
44.801	0.08263765816920461
44.851	0.08264098152561113
44.901	0.08264429243398368
44.951	0.08264759095909996
45.001	0.08265087716531246
45.051	0.08265415111655167
45.101	0.08265741287632926
45.151	0.08266066250774132
45.201	0.08266390007347137
45.251	0.08266712563579356
45.301	0.08267033925657576
45.351	0.08267354099728252
45.401	0.08267673091897826
45.451	0.08267990908233015
45.501	0.08268307554761116
45.551	0.082686230374703
45.601	0.08268937362309908
45.651	0.08269250535190743
45.701	0.08269562561985355
45.751	0.08269873448528332
45.801	0.08270183200616582
45.851	0.08270491824009618
45.901	0.08270799324429834
45.951	0.08271105707562787
46.001	0.08271410979057471
46.051	0.08271715144526588
46.101	0.08272018209546823
46.151	0.0827232017965911
46.201	0.08272621060368897
46.251	0.08272920857146417
46.301	0.08273219575426945
46.351	0.08273517220611058
46.401	0.08273813798064901
46.451	0.08274109313120429
46.501	0.08274403771075675
46.551	0.08274697177194996
46.601	0.08274989536709322
46.651	0.08275280854816405
46.701	0.08275571136681067
46.751	0.08275860387435444
46.801	0.08276148612179221
46.851	0.08276435815979884
46.901	0.08276722003872948
46.951	0.082770071808622
47.001	0.08277291351919928
47.051	0.08277574521987158
47.101	0.08277856695973881
47.151	0.08278137878759287
47.201	0.08278418075191986
47.251	0.08278697290090234
47.301	0.08278975528242162
47.351	0.08279252794405992
47.401	0.08279529093310256
47.451	0.08279804429654021
47.501	0.08280078808107098
47.551	0.08280352233310258
47.601	0.08280624709875448
47.651	0.08280896242385999
47.701	0.08281166835396837
47.751	0.0828143649343469
47.801	0.08281705220998296
47.851	0.08281973022558602
47.901	0.08282239902558973
47.951	0.08282505865415392
48.001	0.08282770915516655
48.051	0.08283035057224573
48.101	0.08283298294874172
48.151	0.08283560632773877
48.201	0.08283822075205716
48.251	0.08284082626425505
48.301	0.08284342290663044
48.351	0.08284601072122298
48.401	0.08284858974981592
48.451	0.08285116003393792
48.501	0.08285372161486487
48.551	0.08285627453362182
48.601	0.08285881883098467
48.651	0.08286135454748203
48.701	0.08286388172339702
48.751	0.082866400398769
48.801	0.08286891061339532
48.851	0.08287141240683314
48.901	0.08287390581840104
48.951	0.08287639088718082
49.001	0.0828788676520192
49.051	0.08288133615152944
49.101	0.08288379642409309
49.151	0.08288624850786161
49.201	0.082888692440758
49.251	0.0828911282604785
49.301	0.08289355600449412
49.351	0.08289597571005235
49.401	0.08289838741417868
49.451	0.0829007911536782
49.501	0.08290318696513718
49.551	0.08290557488492463
49.601	0.08290795494919384
49.651	0.08291032719388391
49.701	0.0829126916547213
49.751	0.08291504836722127
49.801	0.08291739736668945
49.851	0.0829197386882233
49.901	0.08292207236671358
49.951	0.08292439843684579
50.001	0.08292671693310168
50.051	0.08292902788976063
50.101	0.0829313313409011
50.151	0.08293362732040208
50.201	0.08293591586194442
50.251	0.08293819699901228
50.301	0.08294047076489454
50.351	0.08294273719268608
50.401	0.08294499631528922
50.451	0.08294724816541504
50.501	0.08294949277558475
50.551	0.08295173017813097
50.601	0.08295396040519908
50.651	0.08295618348874853
50.701	0.08295839946055414
50.751	0.08296060835220738
50.801	0.08296281019511766
50.851	0.08296500502051354
50.901	0.08296719285944414
50.951	0.08296937374278017
51.001	0.08297154770121537
51.051	0.08297371476526762
51.101	0.0829758749652802
51.151	0.08297802833142301
51.201	0.08298017489369375
51.251	0.08298231468191909
51.301	0.08298444772575592
51.351	0.08298657405469247
51.401	0.08298869369804945
51.451	0.08299080668498132
51.501	0.08299291304447728
51.551	0.08299501280536252
51.601	0.0829971059962993
51.651	0.08299919264578808
51.701	0.08300127278216862
51.751	0.08300334643362114
51.801	0.08300541362816732
51.851	0.08300747439367143
51.901	0.08300952875784143
51.951	0.08301157674823
52.001	0.08301361839223562
52.051	0.0830156537171036
52.101	0.08301768274992717
52.151	0.08301970551764846
52.201	0.08302172204705956
52.251	0.08302373236480354
52.301	0.08302573649737542
52.351	0.08302773447112324
52.401	0.08302972631224903
52.451	0.08303171204680974
52.501	0.08303369170071832
52.551	0.08303566529974463
52.601	0.0830376328695164
52.651	0.08303959443552025
52.701	0.08304155002310255
52.751	0.08304349965747045
52.801	0.08304544336369275
52.851	0.08304738116670088
52.901	0.08304931309128978
52.951	0.08305123916211885
53.001	0.08305315940371284
53.051	0.08305507384046275
53.101	0.0830569824966267
53.151	0.0830588853963309
53.201	0.08306078256357043
53.251	0.08306267402221017
53.301	0.08306455979598565
53.351	0.08306643990850393
53.401	0.08306831438324443
53.451	0.08307018324355978
53.501	0.08307204651267665
53.551	0.08307390421369666
53.601	0.08307575636959709
53.651	0.08307760300323179
53.701	0.08307944413733194
53.751	0.08308127979450694
53.801	0.08308310999724508
53.851	0.0830849347679145
53.901	0.08308675412876383
53.951	0.08308856810192308
54.001	0.08309037670940435
54.051	0.08309217997310267
54.101	0.08309397791479671
54.151	0.08309577055614957
54.201	0.08309755791870951
54.251	0.08309934002391074
54.301	0.08310111689307415
54.351	0.08310288854740801
54.401	0.08310465500800876
54.451	0.08310641629586171
54.501	0.08310817243184175
54.551	0.0831099234367141
54.601	0.08311166933113498
54.651	0.08311341013565239
54.701	0.08311514587070669
54.751	0.0831168765566314
54.801	0.08311860221365387
54.851	0.08312032286189593
54.901	0.08312203852137459
54.951	0.08312374921200275
55.001	0.08312545495358975
55.051	0.08312715576584223
55.101	0.0831288516683646
55.151	0.08313054268065981
55.201	0.08313222882212995
55.251	0.08313391011207691
55.301	0.08313558656970305
55.351	0.08313725821411178
55.401	0.08313892506430819
55.451	0.08314058713919976
55.501	0.08314224445759691
55.551	0.0831438970382136
55.601	0.083145544899668
55.651	0.08314718806048305
55.701	0.08314882653908715
55.751	0.0831504603538146
55.801	0.08315208952290636
55.851	0.08315371406451053
55.901	0.08315533399668301
55.951	0.08315694933738801
56.001	0.0831585601044987
56.051	0.0831601663157977
56.101	0.08316176798897773
56.151	0.08316336514164213
56.201	0.08316495779130544
56.251	0.08316654595539391
56.301	0.08316812965124613
56.351	0.08316970889611351
56.401	0.08317128370716087
56.451	0.08317285410146692
56.501	0.0831744200960249
56.551	0.08317598170774299
56.601	0.08317753895344492
56.651	0.08317909184987046
56.701	0.08318064041367598
56.751	0.08318218466143491
56.801	0.0831837246096383
56.851	0.08318526027469529
56.901	0.08318679167293365
56.951	0.08318831882060027
57.001	0.08318984173386165
57.051	0.08319136042880441
57.101	0.08319287492143577
57.151	0.08319438522768402
57.201	0.08319589136339907
57.251	0.08319739334435282
57.301	0.08319889118623977
57.351	0.08320038490467736
57.401	0.08320187451520658
57.451	0.08320336003329229
57.501	0.08320484147432379
57.551	0.08320631885361525
57.601	0.08320779218640614
57.651	0.08320926148786173
57.701	0.08321072677307352
57.751	0.08321218805705964
57.801	0.0832136453547654
57.851	0.08321509868106361
57.901	0.0832165480507551
57.951	0.08321799347856915
58.001	0.08321943497916386
58.051	0.08322087256712664
58.101	0.08322230625697463
58.151	0.08322373606315508
58.201	0.08322516200004582
58.251	0.0832265840819556
58.301	0.08322800232312463
58.351	0.08322941673772485
58.401	0.08323082733986045
58.451	0.08323223414356819
58.501	0.08323363716281786
58.551	0.08323503641151263
58.601	0.08323643190348952
58.651	0.08323782365251971
58.701	0.08323921167230897
58.751	0.08324059597649804
58.801	0.08324197657866303
58.851	0.08324335349231579
58.901	0.0832447267309043
58.951	0.08324609630781302
59.001	0.08324746223636326
59.051	0.08324882452981361
59.101	0.08325018320136027
59.151	0.0832515382641374
59.201	0.0832528897312175
59.251	0.08325423761561179
59.301	0.08325558193027054
59.351	0.08325692268808343
59.401	0.08325825990187993
59.451	0.08325959358442962
59.501	0.08326092374844254
59.551	0.08326225040656958
59.601	0.08326357357140277
59.651	0.08326489325547563
59.701	0.08326620947126356
59.751	0.0832675222311841
59.801	0.08326883154759732
59.851	0.08327013743280613
59.901	0.08327143989905665
59.951	0.08327273895853846
60.001	0.08327403462338497
60.051	0.08327532690567377
60.101	0.08327661581742692
60.151	0.08327790137061122
60.201	0.08327918357713866
60.251	0.0832804624488666
60.301	0.08328173799759812
60.351	0.08328301023508239
60.401	0.08328427917301491
60.451	0.08328554482303785
60.501	0.0832868071967403
60.551	0.08328806630565867
60.601	0.08328932216127691
60.651	0.0832905747750268
60.701	0.08329182415828834
60.751	0.08329307032238993
60.801	0.08329431327860871
60.851	0.0832955530381709
60.901	0.08329678961225198
60.951	0.08329802301197706
61.001	0.08329925324842115
61.051	0.08330048033260941
61.101	0.08330170427551745
61.151	0.0833029250880716
61.201	0.08330414278114924
61.251	0.08330535736557898
61.301	0.08330656885214098
61.351	0.08330777725156724
61.401	0.08330898257454185
61.451	0.08331018483170125
61.501	0.0833113840336345
61.551	0.08331258019088354
61.601	0.08331377331394346
61.651	0.08331496341326278
61.701	0.08331615049924364
61.751	0.08331733458224214
61.801	0.08331851567256852
61.851	0.0833196937804875
61.901	0.08332086891621841
61.951	0.08332204108993559
62.001	0.08332321031176848
62.051	0.08332437659180199
62.101	0.0833255399400767
62.151	0.08332670036658908
62.201	0.08332785788129177
62.251	0.08332901249409379
62.301	0.0833301642148608
62.351	0.08333131305341532
62.401	0.08333245901953698
62.451	0.08333360212296276
62.501	0.08333474237338719
62.551	0.0833358797804626
62.601	0.08333701435379935
62.651	0.08333814610296607
62.701	0.08333927503748986
62.751	0.08334040116685654
62.801	0.08334152450051084
62.851	0.08334264504785664
62.901	0.08334376281825724
62.951	0.08334487782103546
63.001	0.08334599006547397
63.051	0.08334709956081546
63.101	0.08334820631626287
63.151	0.08334931034097956
63.201	0.08335041164408959
63.251	0.08335151023467785
63.301	0.08335260612179037
63.351	0.08335369931443441
63.401	0.08335478982157878
63.451	0.08335587765215396
63.501	0.08335696281505234
63.551	0.08335804531912844
63.601	0.08335912517319906
63.651	0.08336020238604351
63.701	0.08336127696640386
63.751	0.083362348922985
63.801	0.083363418264455
63.851	0.08336448499944517
63.901	0.08336554913655035
63.951	0.08336661068432903
64.001	0.08336766965130359
64.051	0.08336872604596045
64.101	0.08336977987675033
64.151	0.08337083115208833
64.201	0.08337187988035423
64.251	0.08337292606989256
64.301	0.0833739697290129
64.351	0.08337501086598996
64.401	0.08337604948906384
64.451	0.08337708560644017
64.501	0.08337811922629028
64.551	0.08337915035675142
64.601	0.08338017900592691
64.651	0.0833812051818863
64.701	0.08338222889266557
64.751	0.08338325014626731
64.801	0.08338426895066087
64.851	0.08338528531378253
64.901	0.0833862992435357
64.951	0.08338731074779107
65.001	0.08338831983438677
65.051	0.08338932651112854
65.101	0.08339033078578993
65.151	0.0833913326661124
65.201	0.08339233215980557
65.251	0.08339332927454728
65.301	0.08339432401798384
65.351	0.08339531639773018
65.401	0.08339630642136993
65.451	0.08339729409645569
65.501	0.08339827943050909
65.551	0.08339926243102107
65.601	0.08340024310545185
65.651	0.0834012214612313
65.701	0.08340219750575893
65.751	0.0834031712464041
65.801	0.08340414269050621
65.851	0.08340511184537479
65.901	0.08340607871828969
65.951	0.08340704331650119
66.001	0.0834080056472302
66.051	0.0834089657176684
66.101	0.08340992353497832
66.151	0.08341087910629359
66.201	0.08341183243871898
66.251	0.08341278353933064
66.301	0.08341373241517618
66.351	0.08341467907327481
66.401	0.08341562352061754
66.451	0.08341656576416727
66.501	0.08341750581085892
66.551	0.08341844366759964
66.601	0.08341937934126885
66.651	0.08342031283871847
66.701	0.08342124416677298
66.751	0.08342217333222961
66.801	0.08342310034185846
66.851	0.08342402520240262
66.901	0.08342494792057832
66.951	0.08342586850307504
67.001	0.08342678695655568
67.051	0.08342770328765665
67.101	0.08342861750298804
67.151	0.08342952960913368
67.201	0.08343043961265137
67.251	0.08343134752007295
67.301	0.08343225333790437
67.351	0.08343315707262595
67.401	0.08343405873069241
67.451	0.08343495831853301
67.501	0.08343585584255168
67.551	0.08343675130912714
67.601	0.08343764472461307
67.651	0.08343853609533813
67.701	0.0834394254276062
67.751	0.08344031272769638
67.801	0.08344119800186323
67.851	0.08344208125633679
67.901	0.08344296249732275
67.951	0.08344384173100257
68.001	0.08344471896353359
68.051	0.08344559420104909
68.101	0.08344646744965853
68.151	0.08344733871544752
68.201	0.08344820800447804
68.251	0.08344907532278852
68.301	0.08344994067639394
68.351	0.08345080407128598
68.401	0.08345166551343305
68.451	0.08345252500878053
68.501	0.08345338256325074
68.551	0.08345423818274315
68.601	0.08345509187313446
68.651	0.08345594364027868
68.701	0.08345679349000729
68.751	0.0834576414281293
68.801	0.08345848746043136
68.851	0.08345933159267793
68.901	0.0834601738306113
68.951	0.08346101417995173
69.001	0.08346185264639759
69.051	0.08346268923562539
69.101	0.08346352395328994
69.151	0.08346435680502444
69.201	0.08346518779644055
69.251	0.08346601693312856
69.301	0.08346684422065742
69.351	0.08346766966457486
69.401	0.08346849327040753
69.451	0.08346931504366105
69.501	0.08347013498982012
69.551	0.08347095311434863
69.601	0.08347176942268973
69.651	0.08347258392026599
69.701	0.08347339661247942
69.751	0.08347420750471161
69.801	0.0834750166023238
69.851	0.08347582391065703
69.901	0.08347662943503212
69.951	0.0834774331807499
70.001	0.08347823515309122
70.051	0.08347903535731706
70.101	0.08347983379866862
70.151	0.08348063048236741
70.201	0.08348142541361535
70.251	0.08348221859759487
70.301	0.08348301003946898
70.351	0.08348379974438135
70.401	0.0834845877174564
70.451	0.08348537396379947
70.501	0.08348615848849678
70.551	0.08348694129661557
70.601	0.08348772239320426
70.651	0.08348850178329241
70.701	0.08348927947189089
70.751	0.08349005546399194
70.801	0.08349082976456926
70.851	0.08349160237857808
70.901	0.08349237331095528
70.951	0.08349314256661944
71.001	0.0834939101504709
71.051	0.08349467606739196
71.101	0.08349544032224678
71.151	0.0834962029198816
71.201	0.08349696386512481
71.251	0.08349772316278699
71.301	0.08349848081766094
71.351	0.08349923683452191
71.401	0.08349999121812755
71.451	0.08350074397321804
71.501	0.08350149510451614
71.551	0.08350224461672731
71.601	0.08350299251453976
71.651	0.08350373880262454
71.701	0.0835044834856356
71.751	0.08350522656820991
71.801	0.08350596805496743
71.851	0.08350670795051134
71.901	0.08350744625942798
71.951	0.08350818298628702
72.001	0.08350891813564146
72.051	0.08350965171202776
72.101	0.08351038371996587
72.151	0.08351111416395937
72.201	0.08351184304849545
72.251	0.08351257037804505
72.301	0.08351329615706292
72.351	0.08351402038998766
72.401	0.08351474308124188
72.451	0.08351546423523212
72.501	0.08351618385634907
72.551	0.08351690194896756
72.601	0.08351761851744664
72.651	0.08351833356612968
72.701	0.0835190470993444
72.751	0.08351975912140297
72.801	0.08352046963660203
72.851	0.08352117864922283
72.901	0.08352188616353126
72.951	0.08352259218377789
73.001	0.08352329671419807
73.051	0.08352399975901204
73.101	0.08352470132242487
73.151	0.08352540140862666
73.201	0.08352610002179253
73.251	0.08352679716608272
73.301	0.08352749284564259
73.351	0.08352818706460281
73.401	0.08352887982707928
73.451	0.08352957113717331
73.501	0.08353026099897161
73.551	0.08353094941654637
73.601	0.08353163639395537
73.651	0.08353232193524197
73.701	0.08353300604443523
73.751	0.08353368872554992
73.801	0.08353436998258662
73.851	0.0835350498195318
73.901	0.08353572824035783
73.951	0.08353640524902305
74.001	0.08353708084947187
74.051	0.08353775504563478
74.101	0.08353842784142845
74.151	0.08353909924075578
74.201	0.08353976924750593
74.251	0.0835404378655544
74.301	0.08354110509876311
74.351	0.08354177095098043
74.401	0.08354243542604124
74.451	0.08354309852776698
74.501	0.08354376025996575
74.551	0.08354442062643233
74.601	0.0835450796309482
74.651	0.08354573727728172
74.701	0.08354639356918804
74.751	0.08354704851040924
74.801	0.08354770210467438
74.851	0.08354835435569954
74.901	0.08354900526718788
74.951	0.08354965484282967
75.001	0.08355030308630239
75.051	0.08355095000127076
75.101	0.08355159559138679
75.151	0.08355223986028984
75.201	0.0835528828116067
75.251	0.08355352444895153
75.301	0.08355416477592612
75.351	0.08355480379611971
75.401	0.08355544151310923
75.451	0.08355607793045924
75.501	0.08355671305172202
75.551	0.08355734688043763
75.601	0.08355797942013393
75.651	0.08355861067432668
75.701	0.08355924064651954
75.751	0.08355986934020414
75.801	0.08356049675886013
75.851	0.08356112290595526
75.901	0.08356174778494536
75.951	0.0835623713992745
76.001	0.08356299375237487
76.051	0.08356361484766701
76.101	0.08356423468855977
76.151	0.08356485327845033
76.201	0.0835654706207243
76.251	0.08356608671875576
76.301	0.08356670157590732
76.351	0.0835673151955301
76.401	0.08356792758096387
76.451	0.08356853873553703
76.501	0.0835691486625667
76.551	0.08356975736535872
76.601	0.08357036484720774
76.651	0.08357097111139725
76.701	0.0835715761611996
76.751	0.08357217999987611
76.801	0.08357278263067705
76.851	0.08357338405684171
76.901	0.08357398428159846
76.951	0.08357458330816478
77.001	0.0835751811397473
77.051	0.08357577777954182
77.101	0.08357637323073347
77.151	0.08357696749649657
77.201	0.08357756057999483
77.251	0.08357815248438132
77.301	0.08357874321279853
77.351	0.08357933276837841
77.401	0.08357992115424241
77.451	0.08358050837350156
77.501	0.08358109442925642
77.551	0.08358167932459724
77.601	0.08358226306260391
77.651	0.08358284564634604
77.701	0.08358342707888301
77.751	0.083584007363264
77.801	0.08358458650252804
77.851	0.08358516449970398
77.901	0.08358574135781066
77.951	0.08358631707985688
78.001	0.0835868916688414
78.051	0.08358746512775306
78.101	0.08358803745957077
78.151	0.08358860866726357
78.201	0.08358917875379065
78.251	0.08358974772210143
78.301	0.08359031557513553
78.351	0.0835908823158229
78.401	0.08359144794708377
78.451	0.08359201247182876
78.501	0.08359257589295888
78.551	0.08359313821336556
78.601	0.0835936994359307
78.651	0.08359425956352674
78.701	0.08359481859901667
78.751	0.08359537654525404
78.801	0.08359593340508305
78.851	0.08359648918133854
78.901	0.08359704387684606
78.951	0.08359759749442193
79.001	0.0835981500368732
79.051	0.08359870150699772
79.101	0.08359925190758423
79.151	0.08359980124141234
79.201	0.08360034951125257
79.251	0.08360089671986638
79.301	0.08360144287000626
79.351	0.08360198796441569
79.401	0.08360253200582923
79.451	0.08360307499697253
79.501	0.08360361694056238
79.551	0.08360415783930673
79.601	0.08360469769590474
79.651	0.0836052365130468
79.701	0.08360577429341455
79.751	0.08360631103968098
79.801	0.08360684675451038
79.851	0.08360738144055845
79.901	0.08360791510047225
79.951	0.0836084477368903
80.001	0.08360897935244263
80.051	0.08360950994975073
80.101	0.08361003953142766
80.151	0.08361056810007803
80.201	0.08361109565829807
80.251	0.08361162220867564
80.301	0.08361214775379029
80.351	0.08361267229621328
80.401	0.08361319583850754
80.451	0.08361371838322787
80.501	0.0836142399329208
80.551	0.0836147604901247
80.601	0.08361528005736983
80.651	0.08361579863717833
80.701	0.08361631623206427
80.751	0.08361683284453365
80.801	0.08361734847708453
80.851	0.08361786313220693
80.901	0.0836183768123829
80.951	0.08361888952008667
81.001	0.08361940125778448
81.051	0.08361991202793477
81.101	0.08362042183298814
81.151	0.08362093067538738
81.201	0.08362143855756753
81.251	0.08362194548195588
81.301	0.08362245145097204
81.351	0.08362295646702789
81.401	0.08362346053252771
81.451	0.08362396364986815
81.501	0.08362446582143827
81.551	0.08362496704961954
81.601	0.08362546733678594
81.651	0.08362596668530393
81.701	0.08362646509753248
81.751	0.08362696257582314
81.801	0.08362745912252002
81.851	0.08362795473995988
81.901	0.08362844943047205
81.951	0.0836289431963786
82.001	0.08362943603999426
82.051	0.08362992796362646
82.101	0.08363041896957543
82.151	0.08363090906013415
82.201	0.08363139823758839
82.251	0.0836318865042168
82.301	0.08363237386229083
82.351	0.08363286031407487
82.401	0.08363334586182619
82.451	0.083633830507795
82.501	0.08363431425422452
82.551	0.0836347971033509
82.601	0.08363527905740334
82.651	0.08363576011860412
82.701	0.08363624028916851
82.751	0.08363671957130496
82.801	0.08363719796721501
82.851	0.08363767547909334
82.901	0.08363815210912784
82.951	0.08363862785949956
83.001	0.08363910273238279
83.051	0.0836395767299451
83.101	0.08364004985434731
83.151	0.08364052210774353
83.201	0.08364099349228125
83.251	0.08364146401010127
83.301	0.08364193366333776
83.351	0.08364240245411833
83.401	0.083642870384564
83.451	0.08364333745678923
83.501	0.08364380367290196
83.551	0.08364426903500365
83.601	0.08364473354518927
83.651	0.08364519720554732
83.701	0.0836456600181599
83.751	0.08364612198510271
83.801	0.08364658310844504
83.851	0.08364704339024985
83.901	0.08364750283257377
83.951	0.0836479614374671
84.001	0.08364841920697384
84.051	0.0836488761431318
84.101	0.08364933224797244
84.151	0.08364978752352113
84.201	0.08365024197179693
84.251	0.08365069559481282
84.301	0.08365114839457556
84.351	0.08365160037308585
84.401	0.08365205153233822
84.451	0.08365250187432118
84.501	0.08365295140101715
84.551	0.08365340011440252
84.601	0.08365384801644768
84.651	0.083654295109117
84.701	0.0836547413943689
84.751	0.08365518687415587
84.801	0.08365563155042441
84.851	0.0836560754251152
84.901	0.083656518500163
84.951	0.08365696077749668
85.001	0.0836574022590393
85.051	0.08365784294670811
85.101	0.08365828284241456
85.151	0.0836587219480643
85.201	0.08365916026555724
85.251	0.08365959779678755
85.301	0.08366003454364372
85.351	0.08366047050800851
85.401	0.08366090569175902
85.451	0.08366134009676668
85.501	0.08366177372489735
85.551	0.08366220657801118
85.601	0.08366263865796285
85.651	0.08366306996660137
85.701	0.08366350050577025
85.751	0.08366393027730747
85.801	0.08366435928304548
85.851	0.08366478752481125
85.901	0.0836652150044263
85.951	0.08366564172370666
86.001	0.08366606768446298
86.051	0.08366649288850045
86.101	0.08366691733761888
86.151	0.08366734103361276
86.201	0.08366776397827116
86.251	0.08366818617337785
86.301	0.08366860762071128
86.351	0.08366902832204459
86.401	0.08366944827914569
86.451	0.08366986749377718
86.501	0.08367028596769645
86.551	0.08367070370265565
86.601	0.08367112070040178
86.651	0.0836715369626766
86.701	0.08367195249121671
86.751	0.08367236728775361
86.801	0.08367278135401365
86.851	0.08367319469171805
86.901	0.08367360730258297
86.951	0.08367401918831947
87.001	0.0836744303506336
87.051	0.08367484079122632
87.101	0.08367525051179361
87.151	0.08367565951402643
87.201	0.08367606779961077
87.251	0.08367647537022765
87.301	0.08367688222755315
87.351	0.0836772883732584
87.401	0.08367769380900962
87.451	0.08367809853646818
87.501	0.08367850255729051
87.551	0.0836789058731282
87.601	0.08367930848562805
87.651	0.08367971039643195
87.701	0.08368011160717703
87.751	0.08368051211949562
87.801	0.08368091193501527
87.851	0.08368131105535877
87.901	0.08368170948214419
87.951	0.08368210721698484
88.001	0.08368250426148935
88.051	0.08368290061726165
88.101	0.08368329628590097
88.151	0.08368369126900195
88.201	0.0836840855681545
88.251	0.08368447918494397
88.301	0.08368487212095106
88.351	0.0836852643777519
88.401	0.08368565595691803
88.451	0.08368604686001645
88.501	0.08368643708860958
88.551	0.08368682664425532
88.601	0.08368721552850708
88.651	0.08368760374291376
88.701	0.08368799128901974
88.751	0.08368837816836501
88.801	0.08368876438248503
88.851	0.08368914993291086
88.901	0.08368953482116916
88.951	0.08368991904878213
89.001	0.08369030261726765
89.051	0.08369068552813916
89.101	0.08369106778290578
89.151	0.08369144938307226
89.201	0.08369183033013905
89.251	0.08369221062560227
89.301	0.08369259027095374
89.351	0.08369296926768098
89.401	0.0836933476172673
89.451	0.08369372532119165
89.501	0.08369410238092886
89.551	0.08369447879794945
89.601	0.08369485457371975
89.651	0.08369522970970192
89.701	0.0836956042073539
89.751	0.0836959780681295
89.801	0.08369635129347834
89.851	0.08369672388484592
89.901	0.0836970958436736
89.951	0.08369746717139867
90.001	0.0836978378694543
90.051	0.08369820793926953
90.101	0.08369857738226942
90.151	0.08369894619987492
90.201	0.08369931439350294
90.251	0.08369968196456637
90.301	0.0837000489144741
90.351	0.08370041524463102
90.401	0.08370078095643801
90.451	0.08370114605129202
90.501	0.08370151053058598
90.551	0.08370187439570895
90.601	0.08370223764804599
90.651	0.08370260028897827
90.701	0.08370296231988308
90.751	0.0837033237421338
90.801	0.08370368455709988
90.851	0.08370404476614701
90.901	0.08370440437063693
90.951	0.0837047633719276
91.001	0.08370512177137314
91.051	0.08370547957032384
91.101	0.0837058367701262
91.151	0.08370619337212297
91.201	0.08370654937765305
91.251	0.08370690478805165
91.301	0.08370725960465018
91.351	0.08370761382877637
91.401	0.08370796746175416
91.451	0.08370832050490383
91.501	0.08370867295954193
91.551	0.08370902482698135
91.601	0.0837093761085313
91.651	0.0837097268054973
91.701	0.08371007691918128
91.751	0.08371042645088146
91.801	0.0837107754018925
91.851	0.08371112377350542
91.901	0.08371147156700764
91.951	0.08371181878368299
92.001	0.08371216542481173
92.051	0.08371251149167055
92.101	0.08371285698553262
92.151	0.08371320190766751
92.201	0.08371354625934131
92.251	0.08371389004181658
92.301	0.08371423325635237
92.351	0.08371457590420425
92.401	0.0837149179866243
92.451	0.0837152595048611
92.501	0.08371560046015984
92.551	0.08371594085376222
92.601	0.0837162806869065
92.651	0.08371661996082753
92.701	0.08371695867675676
92.751	0.08371729683592219
92.801	0.08371763443954851
92.851	0.08371797148885694
92.901	0.08371830798506542
92.951	0.08371864392938849
93.001	0.08371897932303732
93.051	0.0837193141672198
93.101	0.08371964846314046
93.151	0.08371998221200054
93.201	0.08372031541499797
93.251	0.0837206480733274
93.301	0.08372098018818017
93.351	0.08372131176074438
93.401	0.08372164279220488
93.451	0.08372197328374324
93.501	0.08372230323653784
93.551	0.0837226326517638
93.601	0.08372296153059301
93.651	0.08372328987419422
93.701	0.08372361768373293
93.751	0.08372394496037146
93.801	0.083724271705269
93.851	0.08372459791958152
93.901	0.08372492360446189
93.951	0.08372524876105981
94.001	0.08372557339052186
94.051	0.0837258974939915
94.101	0.08372622107260906
94.151	0.08372654412751179
94.201	0.08372686665983385
94.251	0.08372718867070632
94.301	0.08372751016125718
94.351	0.0837278311326114
94.401	0.08372815158589085
94.451	0.08372847152221441
94.501	0.08372879094269789
94.551	0.0837291098484541
94.601	0.08372942824059282
94.651	0.08372974612022085
94.701	0.08373006348844202
94.751	0.0837303803463571
94.801	0.08373069669506397
94.851	0.08373101253565751
94.901	0.08373132786922965
94.951	0.0837316426968694
95.001	0.08373195701966282
95.051	0.08373227083869302
95.101	0.08373258415504024
95.151	0.0837328969697818
95.201	0.08373320928399211
95.251	0.08373352109874271
95.301	0.08373383241510228
95.351	0.08373414323413658
95.401	0.08373445355690856
95.451	0.08373476338447831
95.501	0.08373507271790306
95.551	0.08373538155823725
95.601	0.08373568990653245
95.651	0.08373599776383746
95.701	0.08373630513119824
95.751	0.083736612009658
95.801	0.08373691840025711
95.851	0.08373722430403321
95.901	0.08373752972202117
95.951	0.08373783465525306
96.001	0.08373813910475823
96.051	0.08373844307156329
96.101	0.08373874655669214
96.151	0.08373904956116589
96.201	0.08373935208600301
96.251	0.08373965413221922
96.301	0.08373995570082754
96.351	0.08374025679283834
96.401	0.08374055740925926
96.451	0.08374085755109531
96.501	0.08374115721934881
96.551	0.08374145641501946
96.601	0.08374175513910426
96.651	0.08374205339259762
96.701	0.08374235117649129
96.751	0.08374264849177443
96.801	0.08374294533943355
96.851	0.0837432417204526
96.901	0.0837435376358129
96.951	0.08374383308649318
97.001	0.08374412807346962
97.051	0.08374442259771579
97.101	0.08374471666020275
97.151	0.08374501026189894
97.201	0.08374033712613917
97.251	0.08374063505062568
97.301	0.0837380700668999
97.351	0.08373626390257896
97.401	0.08373866962255105
97.451	0.0837378556092177
97.501	0.08373218776904551
97.551	0.08373249335900365
97.601	0.0837327984718737
97.651	0.08373310310865234
97.701	0.08373340727033364
97.751	0.08373371095790905
97.801	0.08373064152779916
97.851	0.08373094781182029
97.901	0.08372824276727346
97.951	0.08372855124902188
98.001	0.08372885925099179
98.051	0.08372916677418175
98.101	0.0837328252982127
98.151	0.08372614844666393
98.201	0.08372645834108043
98.251	0.08372676775466045
98.301	0.08373006247686196
98.351	0.08373036782105579
98.401	0.08372875652609939
98.451	0.08373097709157977
98.501	0.08373128101986807
98.551	0.08373158447814176
98.601	0.08373188746737356
98.651	0.08372830272718929
98.701	0.0837286088305884
98.751	0.08372891446146094
98.801	0.08372921962078315
98.851	0.08372952430952874
98.901	0.08372778155079404
98.951	0.08372808742889118
99.001	0.08372337135423039
99.051	0.08372572208838187
99.101	0.08372602962263462
99.151	0.08373018373774278
99.201	0.08372249723802866
99.251	0.08372280765276202
99.301	0.08372311759077843
99.351	0.08372342705305783
99.401	0.08372373604057765
99.451	0.08372404455431282
99.501	0.08372217499985588
99.551	0.08372248481932094
99.601	0.08372279416438823
99.651	0.08372527389081715
99.701	0.08372558005016492
99.751	0.08372588574152498
99.801	0.08372619096585482
99.851	0.08372209159911954
99.901	0.08372240042748916
99.951	0.0837276329901192