0.001	1.2388951997046762e-8
0.051	0.000018401933738032032
0.101	0.00006275332983087373
0.151	0.00012787988351403763
0.201	0.00021099149005822753
0.251	0.00031014007483442607
0.301	0.0004238268365450008
0.351	0.0005508347380183388
0.401	0.000690140677253828
0.451	0.0008408634936862444
0.501	0.0010022305740706196
0.551	0.001173555100369215
0.601	0.0013542198364092884
0.651	0.001543665157909199
0.701	0.0017413799583686743
0.751	0.0019468945741315544
0.801	0.002159775169390911
0.851	0.002379619203328918
0.901	0.002606051716597135
0.951	0.0028387222497091276
1.001	0.0030773022567239764
1.051	0.0033214829127115285
1.101	0.0035709732382911636
1.151	0.0038254984823960516
1.201	0.004084798717501146
1.251	0.004348627611291811
1.301	0.004616751346099976
1.351	0.004888947663053205
1.401	0.005165005012227398
1.451	0.00544472179349049
1.501	0.0057279056754059535
1.551	0.006014372981700945
1.601	0.006303948136519851
1.651	0.006596463161073301
1.701	0.006891757215425656
1.751	0.007189676180094295
1.801	0.007490072272902682
1.851	0.007792803697168165
1.901	0.008097734317839594
1.951	0.008404733362648631
2.001	0.008713675145717697
2.051	0.009024438811389071
2.101	0.009336908096313757
2.151	0.00965097110807331
2.201	0.009966520118809363
2.251	0.010283451372509474
2.301	0.010601664904748393
2.351	0.01092106437381462
2.401	0.01124155690226601
2.451	0.011563052928057857
2.501	0.011885466064474163
2.551	0.01220871296816969
2.601	0.012532713214698043
2.651	0.012857389180960993
2.701	0.013182665934067292
2.751	0.01350847112613641
2.801	0.013834734894624626
2.851	0.014161389767788427
2.901	0.014488370574933676
2.951	0.014815614361129107
3.001	0.015143060306089735
3.051	0.01547064964695999
3.101	0.015798325604748444
3.151	0.01612603331418565
3.201	0.016453719756794633
3.251	0.016781333696979782
3.301	0.017108825620954594
3.351	0.017436147678342204
3.401	0.017763253626294783
3.451	0.018090098775989046
3.501	0.018416639941365297
3.551	0.018742835389986685
3.601	0.019068644795904012
3.651	0.019394029194419005
3.701	0.019718950938646437
3.751	0.02004337365778181
3.801	0.020367262216987616
3.851	0.02069058267881657
3.901	0.02101330226609565
3.951	0.021335389326199224
4.001	0.02165681329664428
4.051	0.02197754467194463
4.101	0.022297554971664836
4.151	0.022616816709618168
4.201	0.02293530336415604
4.251	0.02325298934949952
4.301	0.023569849988066303
4.351	0.023885861483749042
4.401	0.02420100089610365
4.451	0.024515246115408142
4.501	0.024828575838554977
4.551	0.025140969545741722
4.601	0.025452407477926764
4.651	0.025762870615018512
4.701	0.026072340654768218
4.751	0.026380799992338014
4.801	0.026688231700517245
4.851	0.02699461951056148
4.901	0.02729994779362993
4.951	0.027604201542798083
5.001	0.027907366355623565
5.051	0.028209428417244286
5.101	0.02851037448398887
5.151	0.02881019186748039
5.201	0.02910886841921516
5.251	0.029406392515599428
5.301	0.029702753043427278
5.351	0.029997939385784052
5.401	0.030291941408360206
5.451	0.03058474944616114
5.501	0.03087635429059925
5.551	0.031166747176955008
5.601	0.0314559197721944
5.651	0.03174386416313072
5.701	0.032030572844919024
5.751	0.032316038709872236
5.801	0.0326002550365882
5.851	0.032883215479377496
5.901	0.03316491405798223
5.951	0.033445345147576355
6.001	0.033724503469038554
6.051	0.034002384079488926
6.101	0.03427898236308123
6.151	0.03455429402204261
6.201	0.03482831506795313
6.251	0.03510104181325763
6.301	0.03537247086300293
6.351	0.03564259910679334
6.401	0.03591142371095796
6.451	0.03617894211092335
6.501	0.03644515200378557
6.551	0.0367100513410754
6.601	0.036973638321711355
6.651	0.03723591138513479
6.701	0.03749686920462185
6.751	0.03775651068076712
6.801	0.03801483493513416
6.851	0.03827184130406791
6.901	0.03852752933266464
6.951	0.03878189876889479
7.001	0.03903494955787451
7.051	0.03928668183628167
7.101	0.039537095926912416
7.151	0.03978619233337428
7.201	0.04003397173491219
7.251	0.040280434981363696
7.301	0.040525583088239864
7.351	0.04076941723192854
7.401	0.04101193874501657
7.451	0.04125314911172782
7.501	0.04149304996347405
7.551	0.04173164307451536
7.601	0.04196893035772763
7.651	0.04220491386047386
7.701	0.04243959576057695
7.751	0.042672978362391034
7.801	0.042905064092968986
7.851	0.04313585549832354
7.901	0.04336535523977964
7.951	0.043593566090415654
8.001	0.04382049093159119
8.051	0.04404613274955938
8.101	0.044270494632161386
8.151	0.04449357976560114
8.201	0.0447153914312983
8.251	0.04493593300281734
8.301	0.04515520794287113
8.351	0.045373219800396845
8.401	0.045589972207702716
8.451	0.0458054688776836
8.501	0.04601971360110392
8.551	0.04623271024394612
8.601	0.04644446274482322
8.651	0.04665497511245376
8.701	0.046864251423197695
8.751	0.047072295818651765
8.801	0.04727911250330288
8.851	0.04748470574223817
8.901	0.04768907985891028
8.951	0.04789223923295665
9.001	0.04809418829807143
9.051	0.048294931539928886
9.101	0.048494473494156906
9.151	0.048692818744359635
9.201	0.04888997192018789
9.251	0.04908593769545634
9.301	0.04928072078630632
9.351	0.049474325949413235
9.401	0.04966675798023745
9.451	0.04985802171131776
9.501	0.05004812201060632
9.551	0.050237063779844215
9.601	0.050424851952976586
9.651	0.05061149149460651
9.701	0.050796987398486725
9.751	0.05098134468604821
9.801	0.051164568404965007
9.851	0.05134666362775417
9.901	0.051527635450410315
9.951	0.051707488991073774
10.001	0.051886229388731664
10.051	0.05206386180195118
10.101	0.05224039140764427
10.151	0.05241582339986301
10.201	0.052590162988625115
10.251	0.052763415398768686
10.301	0.05293558586883567
10.351	0.05310667964998342
10.401	0.05327670200492356
10.451	0.053445658206887736
10.501	0.05361355353861951
10.551	0.053780393291391844
10.601	0.053946182764049645
10.651	0.05411092726207676
10.701	0.05427463209668688
10.751	0.05443730258393788
10.801	0.05459894404386894
10.851	0.05475956179966011
10.901	0.05491916117681366
10.951	0.05507774750235686
11.001	0.05523532610406557
11.051	0.05539190230970838
11.101	0.05554748144631059
11.151	0.05570206883943786
11.201	0.05585566981249883
11.251	0.056008289686066505
11.301	0.05615993377721787
11.351	0.05631060739889135
11.401	0.05646031585926176
11.451	0.05660906446113231
11.501	0.056756858501343266
11.551	0.05690370327019705
11.601	0.0570496040508992
11.651	0.05719456611901496
11.701	0.05733859474194118
11.751	0.05748169517839313
11.801	0.05762387267790586
11.851	0.05776513248034991
11.901	0.057905479815460924
11.951	0.05804491990238296
12.001	0.058183457949225116
12.051	0.058321099152631194
12.101	0.058457848697362196
12.151	0.05859371175589121
12.201	0.05872869348801059
12.251	0.05886279904045098
12.301	0.058996033546512096
12.351	0.05912840212570484
12.401	0.05925990988340463
12.451	0.05939056191051558
12.501	0.05952036328314544
12.551	0.05964931906229081
12.601	0.05977743429353274
12.651	0.05990471400674212
12.701	0.06003116321579496
12.751	0.06015678691829709
12.801	0.06028159009531825
12.851	0.06040557771113523
12.901	0.06052875471298398
12.951	0.06065112603082036
13.001	0.06077269657708939
13.051	0.06089347124650293
13.101	0.061013454915825306
13.151	0.06113265244366707
13.201	0.0612510686702864
13.251	0.0613687084173981
13.301	0.06148557648799012
13.351	0.06160167766614718
13.401	0.061717016716881595
13.451	0.06183159838597098
13.501	0.061945427399802716
13.551	0.06205850846522503
13.601	0.062170846269404556
13.651	0.06228244547969019
13.701	0.06239331074348309
13.751	0.06250344668811277
13.801	0.062612857920719
13.851	0.0627215490281395
13.901	0.06282952457680328
13.951	0.06293678911262934
14.001	0.06304334716093092
14.051	0.0631492032263248
14.101	0.06325436179264582
14.151	0.06335882732286638
14.201	0.06346260425902076
14.251	0.06356569702213423
14.301	0.06366811001215683
14.351	0.06376984760790165
14.401	0.06387091416698754
14.451	0.06397131402578611
14.501	0.0640710514993731
14.551	0.06417013088148361
14.601	0.06426855644447159
14.651	0.0643663324392731
14.701	0.06446346309537346
14.751	0.06455995262077809
14.801	0.06465580520198702
14.851	0.06475102500397295
14.901	0.06484561617016277
14.951	0.06493958282242243
15.001	0.06503292906104513
15.051	0.0651256589647427
15.101	0.06521777659064015
15.151	0.06530928597427324
15.201	0.065400191129589
15.251	0.0654904960489492
15.301	0.0655802047031366
15.351	0.06566932104136398
15.401	0.0657578489912859
15.451	0.06584579245901287
15.501	0.06593315532912837
15.551	0.06601994146470805
15.601	0.06610615470734155
15.651	0.06619179887715655
15.701	0.06627687777284519
15.751	0.06636139517169261
15.801	0.06644535482960773
15.851	0.06652876048115612
15.901	0.06661161583959495
15.951	0.06669392459690979
16.001	0.06677569042385353
16.051	0.0668569169699871
16.101	0.06693760786372197
16.151	0.06701776671236448
16.201	0.06709739710216191
16.251	0.0671765025983502
16.301	0.06725508674520332
16.351	0.06733315306608413
16.401	0.06741070506349696
16.451	0.06748774621914146
16.501	0.06756427999396805
16.551	0.06764030982823473
16.601	0.06771583914156516
16.651	0.06779087133300826
16.701	0.06786540978109884
16.751	0.06793945784391962
16.801	0.06801301885916441
16.851	0.06808609614420243
16.901	0.06815869299614376
16.951	0.0682308126919059
17.001	0.06830245848828131
17.051	0.06837363362200602
17.101	0.06844434130982921
17.151	0.06851458474858366
17.201	0.06858436711525727
17.251	0.06865369156706529
17.301	0.06872256124152343
17.351	0.06879097925652192
17.401	0.06885894871040019
17.451	0.06892647268202236
17.501	0.06899355423085352
17.551	0.0690601963970366
17.601	0.06912640220147001
17.651	0.06919217464588585
17.701	0.06925751671292878
17.751	0.06932243136623546
17.801	0.06938692155051458
17.851	0.06945099019162743
17.901	0.06951464019666889
17.951	0.0695778744540491
18.001	0.06964069583357546
18.051	0.06970310718653508
18.101	0.06976511134577774
18.151	0.06982671112579916
18.201	0.06988790932282475
18.251	0.06994870871489359
18.301	0.07000911206194291
18.351	0.07006912210589278
18.401	0.07012874157073114
18.451	0.07018797316259909
18.501	0.0702468195698765
18.551	0.07030528346326781
18.601	0.0703633674958881
18.651	0.07042107430334935
18.701	0.07047840650384689
18.751	0.07053536669824607
18.801	0.07059195747016908
18.851	0.07064818138608182
18.901	0.0707040409953811
18.951	0.07075953883048182
19.001	0.07081467740690418
19.051	0.07086945922336127
19.101	0.07092388676184634
19.151	0.0709779624877205
19.201	0.07103168884980024
19.251	0.07108506828044504
19.301	0.07113810319564508
19.351	0.07119079599510884
19.401	0.07124314906235078
19.451	0.071295164764779
19.501	0.07134684545378285
19.551	0.07139819346482054
19.601	0.07144921111750664
19.651	0.07149990071569964
19.701	0.07155026454758931
19.751	0.07160030488578406
19.801	0.07165002398739825
19.851	0.0716994240941393
19.901	0.07174850743239476
19.951	0.0717972762133193
20.001	0.07184573263292149
20.051	0.0718938788721505
20.101	0.07194171709698273
20.151	0.0719892494585081
20.201	0.07203647809301643
20.251	0.07208340512208342
20.301	0.07213003265265668
20.351	0.07217636277714139
20.401	0.07222239757348592
20.451	0.07226813910526718
20.501	0.07231358942177579
20.551	0.07235875055810106
20.601	0.07240362453521575
20.651	0.07244821336006062
20.701	0.07249251902562874
20.751	0.0725365435110496
20.801	0.07258028878167296
20.851	0.07262375678915244
20.901	0.07266694947152899
20.951	0.07270986875331395
21.001	0.07275251654557192
21.051	0.07279489474600341
21.101	0.07283700523902718
21.151	0.07287884989586234
21.201	0.07292043057461013
21.251	0.07296174912033548
21.301	0.07300280736514832
21.351	0.07304360712828442
21.401	0.07308415021618625
21.451	0.0731244384225832
21.501	0.07316447352857183
21.551	0.07320425730269557
21.601	0.07324379150102427
21.651	0.07328307786723337
21.701	0.07332211813268281
21.751	0.07336091401649562
21.801	0.0733994672256361
21.851	0.07343777945498789
21.901	0.07347585238743148
21.951	0.07351368769392165
22.001	0.07355128703356432
22.051	0.07358865205369329
22.101	0.07362578438994653
22.151	0.07366268566634224
22.201	0.07369935749535446
22.251	0.07373580147798842
22.301	0.07377201920385555
22.351	0.07380801225124815
22.401	0.07384378218721367
22.451	0.07387933056762878
22.501	0.07391465893727289
22.551	0.07394976882990156
22.601	0.0739846617683194
22.651	0.07401933926445266
22.701	0.07405380281942153
22.751	0.07408805392361205
22.801	0.07412209405674762
22.851	0.07415592468796031
22.901	0.07418954727586162
22.951	0.07422296326861305
23.001	0.07425617410399626
23.051	0.07428918120948284
23.101	0.0743219860023038
23.151	0.07435458988951865
23.201	0.07438699426808412
23.251	0.07441920052492261
23.301	0.07445121003699016
23.351	0.07448302417134417
23.401	0.07451464428521068
23.451	0.07454607172605139
23.501	0.07457730783163022
23.551	0.0746083539300796
23.601	0.0746392113399663
23.651	0.07466988137035709
23.701	0.07470036532088377
23.751	0.07473066448180815
23.801	0.07476078013408638
23.851	0.07479071354943319
23.901	0.07482046599038554
23.951	0.0748500387103661
24.001	0.07487943295374629
24.051	0.0749086499559089
24.101	0.07493769094331054
24.151	0.07496655713354355
24.201	0.07499524973539762
24.251	0.07502376994892113
24.301	0.07505211896548203
24.351	0.07508029796782843
24.401	0.07510830813014881
24.451	0.07513615061813189
24.501	0.07516382658902618
24.551	0.07519133719169911
24.601	0.0752186835666959
24.651	0.07524586684629794
24.701	0.07527288815458108
24.751	0.07529974860747321
24.801	0.07532644931281188
24.851	0.07535299137040126
24.901	0.07537937587206896
24.951	0.07540560390172239
25.001	0.07543167653540483
25.051	0.0754575948413512
25.101	0.07548335988004334
25.151	0.07550897270426514
25.201	0.0755344343591572
25.251	0.07555974588227121
25.301	0.07558490830362397
25.351	0.07560992264575106
25.401	0.07563478992376027
25.451	0.07565951114538454
25.501	0.07568408731103471
25.551	0.07570851941385186
25.601	0.07573280843975938
25.651	0.07575695536751462
25.701	0.07578096116876032
25.751	0.07580482680807561
25.801	0.0758285532430268
25.851	0.07585214142421776
25.901	0.07587559229533994
25.951	0.07589890679322224
26.001	0.07592208584788039
26.051	0.07594513038256605
26.101	0.0759680413138157
26.151	0.07599081955149899
26.201	0.07601346599886709
26.251	0.07603598155260041
26.301	0.0760583671028562
26.351	0.07608062353331581
26.401	0.07610275172123158
26.451	0.07612475253747349
26.501	0.07614662684657544
26.551	0.07616837550678132
26.601	0.07618999937009066
26.651	0.07621149928230402
26.701	0.07623287608306815
26.751	0.07625413060592078
26.801	0.07627526367833506
26.851	0.07629627612176386
26.901	0.07631716875168358
26.951	0.07633794237763787
27.001	0.07635859780328086
27.051	0.07637913582642025
27.101	0.07639955723906006
27.151	0.076419862827443
27.201	0.07644005337209275
27.251	0.07646012964785578
27.301	0.07648009242394292
27.351	0.07649994246397075
27.401	0.07651968052600255
27.451	0.07653930736258913
27.501	0.07655882372080923
27.551	0.07657823034230977
27.601	0.07659752796334579
27.651	0.07661671731481999
27.701	0.07663579912232224
27.751	0.07665477410616858
27.801	0.07667364298144014
27.851	0.0766924064580216
27.901	0.0767110652406396
27.951	0.0767296200289007
28.001	0.07674807151732917
28.051	0.07676642039540449
28.101	0.07678466734759862
28.151	0.07680281305341298
28.201	0.07682085818741512
28.251	0.07683880341927529
28.301	0.07685664941380257
28.351	0.07687439683098088
28.401	0.07689204632600467
28.451	0.07690959854931438
28.501	0.07692705414663166
28.551	0.07694441375899433
28.601	0.07696167802279107
28.651	0.07697884756979592
28.701	0.07699592302720248
28.751	0.07701290501765795
28.801	0.07702979415929675
28.851	0.07704659106577418
28.901	0.07706329634629953
28.951	0.07707991060566925
29.001	0.07709643444429966
29.051	0.07711286845825949
29.101	0.07712921323930226
29.151	0.07714546937489837
29.201	0.07716163744826694
29.251	0.07717771803840746
29.301	0.07719371172013122
29.351	0.0772096190640924
29.401	0.07722544063681921
29.451	0.07724117700074447
29.501	0.07725682871423617
29.551	0.0772723963316278
29.601	0.07728788040324841
29.651	0.07730328147545246
29.701	0.07731860009064948
29.751	0.07733383678733347
29.801	0.07734899210011216
29.851	0.07736406655973603
29.901	0.07737906069312704
29.951	0.07739397502340724
30.001	0.07740881006992718
30.051	0.07742356634829407
30.101	0.07743824437039971
30.151	0.07745284464444832
30.201	0.07746736767498402
30.251	0.07748181396291827
30.301	0.07749618400555695
30.351	0.07751047829662742
30.401	0.07752469732630518
30.451	0.0775388415812405
30.501	0.07755291154458475
30.551	0.07756690769601667
30.601	0.07758083051176823
30.651	0.07759468046465051
30.701	0.07760845802407931
30.751	0.07762216365610052
30.801	0.07763579782341534
30.851	0.07764936098540545
30.901	0.07766285359815771
30.951	0.0776762761144889
31.001	0.07768962898397029
31.051	0.0777029126529518
31.101	0.07771612756458629
31.151	0.0777292741588534
31.201	0.0777423528725834
31.251	0.07775536413948071
31.301	0.07776830839014745
31.351	0.07778118605210659
31.401	0.07779399754982504
31.451	0.0778067433047366
31.501	0.0778194237352647
31.551	0.0778320392568449
31.601	0.07784459028194737
31.651	0.0778570772200991
31.701	0.07786950047790593
31.751	0.07788186045907451
31.801	0.077894157564434
31.851	0.07790639219195768
31.901	0.07791856473678432
31.951	0.0779306755912395
32.001	0.07794272514485667
32.051	0.07795471378439808
32.101	0.07796664189387559
32.151	0.07797850985457126
32.201	0.0779903180450579
32.251	0.07800206684121931
32.301	0.07801375661627047
32.351	0.07802538774077758
32.401	0.07803696058267788
32.451	0.07804847550729944
32.501	0.07805993287738064
32.551	0.07807133305308964
32.601	0.07808267639204368
32.651	0.07809396324932816
32.701	0.07810519397751561
32.751	0.07811636892668462
32.801	0.07812748844443848
32.851	0.0781385528759237
32.901	0.07814956256384853
32.951	0.07816051784850118
33.001	0.07817141906776794
33.051	0.07818226655715124
33.101	0.07819306064978751
33.151	0.07820380167646487
33.201	0.07821448996564079
33.251	0.0782251258434595
33.301	0.0782357096337694
33.351	0.07824624165814015
33.401	0.07825672223587987
33.451	0.07826715168405203
33.501	0.07827753031749221
33.551	0.07828785844882491
33.601	0.07829813638847996
33.651	0.07830836444470912
33.701	0.07831854292360228
33.751	0.07832867212910366
33.801	0.07833875236302792
33.851	0.07834878392507608
33.901	0.07835876711285131
33.951	0.07836870222187467
34.001	0.07837858954560072
34.051	0.07838842937543287
34.101	0.0783982220007389
34.151	0.078407967708866
34.201	0.07841766678515603
34.251	0.07842731951296043
34.301	0.07843692617365518
34.351	0.07844648704665545
34.401	0.07845600240943042
34.451	0.07846547253751768
34.501	0.07847489770453775
34.551	0.0784842781822084
34.601	0.0784936142403588
34.651	0.07850290614694373
34.701	0.07851215416805749
34.751	0.07852135856794783
34.801	0.07853051960902974
34.851	0.07853963755189912
34.901	0.0785487126553464
34.951	0.0785577451763699
35.001	0.07856673537018938
35.051	0.07857568349025912
35.101	0.07858458978828121
35.151	0.07859345451421859
35.201	0.07860227791630797
35.251	0.07861106024107276
35.301	0.0786198017333358
35.351	0.07862850263623203
35.401	0.07863716319122112
35.451	0.07864578363809985
35.501	0.07865436421501457
35.551	0.07866290515847346
35.601	0.07867140670335875
35.651	0.07867986908293875
35.701	0.07868829252887995
35.751	0.07869667727125884
35.801	0.07870502353857384
35.851	0.07871333155775691
35.901	0.07872160155418531
35.951	0.07872983375169308
36.001	0.07873802837258255
36.051	0.07874618563763566
36.101	0.07875430576612531
36.151	0.07876238897582656
36.201	0.07877043548302769
36.251	0.07877844550254129
36.301	0.07878641924771516
36.351	0.07879435693044326
36.401	0.07880225876117639
36.451	0.07881012494893294
36.501	0.07881795570130949
36.551	0.07882575122449136
36.601	0.07883351172326304
36.651	0.07884123740101862
36.701	0.07884892845977198
36.751	0.0788565851001671
36.801	0.07886420752148815
36.851	0.07887179592166958
36.901	0.07887935049730604
36.951	0.07888687144366237
37.001	0.07889435895468333
37.051	0.07890181322300346
37.101	0.07890923443995668
37.151	0.07891662279558588
37.201	0.07892397847865255
37.251	0.07893130167664615
37.301	0.07893859257579348
37.351	0.07894585136106808
37.401	0.07895307821619937
37.451	0.07896027332368193
37.501	0.07896743686478447
37.551	0.07897456901955897
37.601	0.07898166996684958
37.651	0.07898873988430151
37.701	0.0789957789483699
37.751	0.07900278733432853
37.801	0.0790097652162785
37.851	0.07901671276715691
37.901	0.07902363015874533
37.951	0.07903051756167838
38.001	0.07903737514545205
38.051	0.07904420307843218
38.101	0.07905100152786264
38.151	0.07905777065987364
38.201	0.07906451063948985
38.251	0.07907122163063855
38.301	0.07907790379615762
38.351	0.07908455729780353
38.401	0.07909118229625933
38.451	0.07909777895114242
38.501	0.07910434742101237
38.551	0.07911088786337872
38.601	0.07911740043470855
38.651	0.07912388529043422
38.701	0.07913034258496082
38.751	0.07913677247167376
38.801	0.07914317510294616
38.851	0.07914955063014628
38.901	0.07915589920364481
38.951	0.07916222097282218
39.001	0.07916851608607577
39.051	0.07917478469082705
39.101	0.07918102693352874
39.151	0.07918724295967182
39.201	0.07919343291379255
39.251	0.07919959693947941
39.301	0.07920573517938001
39.351	0.07921184777520789
39.401	0.07921793486774935
39.451	0.07922399659687018
39.501	0.07923003310152235
39.551	0.07923604451975058
39.601	0.07924203098869904
39.651	0.07924799264461775
39.701	0.07925392962286916
39.751	0.07925984205793457
39.801	0.07926573008342043
39.851	0.07927159383206481
39.901	0.07927743343574353
39.951	0.07928324902547657
40.001	0.07928904073143409
40.051	0.07929480868294268
40.101	0.07930055300849144
40.151	0.079306273835738
40.201	0.07931197129151453
40.251	0.07931764550183372
40.301	0.07932329659189465
40.351	0.0793289246860887
40.401	0.07933452990800532
40.451	0.07934011238043788
40.501	0.07934567222538931
40.551	0.07935120956407786
40.601	0.07935672451694271
40.651	0.07936221720364961
40.701	0.07936768774309634
40.751	0.07937313625341837
40.801	0.07937856285199421
40.851	0.0793839676554509
40.901	0.07938935077966941
40.951	0.07939471233978994
41.001	0.07940005245021729
41.051	0.07940537122462607
41.101	0.07941066877596598
41.151	0.07941594521646693
41.201	0.07942120065764428
41.251	0.07942643521030389
41.301	0.07943164898454715
41.351	0.07943684208977612
41.401	0.07944201463469844
41.451	0.07944716672733229
41.501	0.07945229847501137
41.551	0.0794574099843897
41.601	0.0794625013614465
41.651	0.079467572711491
41.701	0.07947262413916721
41.751	0.07947765574845864
41.801	0.07948266764269298
41.851	0.0794876599245468
41.901	0.07949263269605017
41.951	0.07949758605859124
42.001	0.07950252011292075
42.051	0.07950743495915663
42.101	0.07951233069678845
42.151	0.07951720742468187
42.201	0.07952206524108303
42.251	0.07952690424362302
42.301	0.07953172452932214
42.351	0.07953652619459427
42.401	0.07954130933525111
42.451	0.07954607404650652
42.501	0.07955082042298063
42.551	0.07955554855870411
42.601	0.07956025854712233
42.651	0.07956495048109939
42.701	0.07956962445292234
42.751	0.07957428055430515
42.801	0.07957891887639279
42.851	0.07958353950976521
42.901	0.07958814254444134
42.951	0.079592728069883
43.001	0.0795972961749988
43.051	0.07960184694814809
43.101	0.07960638047714474
43.151	0.079610896849261
43.201	0.07961539615123125
43.251	0.0796198784692559
43.301	0.07962434388900493
43.351	0.07962879249562173
43.401	0.07963322437372677
43.451	0.07963763960742123
43.501	0.07964203828029061
43.551	0.07964642047540837
43.601	0.07965078627533949
43.651	0.07965513576214395
43.701	0.07965946901738036
43.751	0.07966378612210938
43.801	0.07966808715689719
43.851	0.07967237220181894
43.901	0.07967664133646217
43.951	0.07968089463993018
44.001	0.0796851321908454
44.051	0.07968935406735272
44.101	0.07969356034712284
44.151	0.0796977511073555
44.201	0.07970192642478274
44.251	0.07970608637567221
44.301	0.07971023103583033
44.351	0.07971436048060547
44.401	0.07971847478489114
44.451	0.0797225740231291
44.501	0.07972665826931255
44.551	0.07973072759698911
44.601	0.07973478207926403
44.651	0.07973882178880308
44.701	0.07974284679783572
44.751	0.07974685717815803
44.801	0.07975085300113569
44.851	0.07975483433770693
44.901	0.07975880125838553
44.951	0.07976275383326366
45.001	0.0797666921320148
45.051	0.07977061622389664
45.101	0.07977452617775385
45.151	0.07977842206202101
45.201	0.07978230394472532
45.251	0.07978617189348945
45.301	0.07979002597553429
45.351	0.07979386625768169
45.401	0.07979769280635716
45.451	0.07980150568759262
45.501	0.07980530496702903
45.551	0.07980909070991914
45.601	0.07981286298113001
45.651	0.07981662184514572
45.701	0.07982036736607
45.751	0.07982409960762868
45.801	0.07982781863317244
45.851	0.07983152450567921
45.901	0.07983521728775675
45.951	0.07983889704164515
46.001	0.07984256382921938
46.051	0.07984621771199166
46.101	0.07984985875111396
46.151	0.0798534870073805
46.201	0.07985710254123003
46.251	0.07986070541274838
46.301	0.07986429568167071
46.351	0.07986787340738395
46.401	0.07987143864892916
46.451	0.07987499146500378
46.501	0.07987853191396402
46.551	0.07988206005382713
46.601	0.07988557594227363
46.651	0.07988907963664969
46.701	0.07989257119396923
46.751	0.07989605067091625
46.801	0.07989951812384699
46.851	0.07990297360879217
46.901	0.07990641718145913
46.951	0.079909848897234
47.001	0.07991326881118384
47.051	0.07991667697805883
47.101	0.0799200734522943
47.151	0.07992345828801287
47.201	0.07992683153902655
47.251	0.0799301932588388
47.301	0.07993354350064656
47.351	0.07993688231734232
47.401	0.07994020976151613
47.451	0.07994352588545758
47.501	0.0799468307411579
47.551	0.07995012438031178
47.601	0.07995340685431947
47.651	0.07995667821428866
47.701	0.07995993851103644
47.751	0.07996318779509126
47.801	0.07996642611669474
47.851	0.07996965352580367
47.901	0.0799728700720918
47.951	0.07997607580495181
48.001	0.07997927077349704
48.051	0.07998245502656345
48.101	0.07998562861271137
48.151	0.07998879158022733
48.201	0.07999194397712586
48.251	0.07999508585115131
48.301	0.07999821724977957
48.351	0.08000133822021986
48.401	0.08000444880941647
48.451	0.08000754906405054
48.501	0.08001063903054167
48.551	0.0800137187550498
48.601	0.0800167882834767
48.651	0.08001984766146786
48.701	0.08002289693441403
48.751	0.08002593614745292
48.801	0.08002896534547085
48.851	0.08003198457310443
48.901	0.08003499387474207
48.951	0.08003799329452572
49.001	0.08004098287635245
49.051	0.08004396266387591
49.101	0.0800469327005081
49.151	0.0800498930294208
49.201	0.0800528436935472
49.251	0.0800557847355834
49.301	0.08005871619798999
49.351	0.08006163812299351
49.401	0.080064550552588
49.451	0.08006745352853653
49.501	0.08007034709237262
49.551	0.0800732312854018
49.601	0.080076106148703
49.651	0.08007897172313007
49.701	0.08008182804931319
49.751	0.08008467516766031
49.801	0.08008751311835863
49.851	0.08009034194137592
49.901	0.08009316167646204
49.951	0.08009597236315022
50.001	0.08009877404075856
50.051	0.08010156674839132
50.101	0.08010435052494032
50.151	0.08010712540908631
50.201	0.0801098914393003
50.251	0.08011264865384489
50.301	0.08011539709077564
50.351	0.08011813678794233
50.401	0.08012086778299031
50.451	0.0801235901133618
50.501	0.08012630381629716
50.551	0.08012900892883618
50.601	0.08013170548781935
50.651	0.08013439352988916
50.701	0.08013707309149128
50.751	0.08013974420887586
50.801	0.0801424069180988
50.851	0.08014506125502287
50.901	0.08014770725531904
50.951	0.08015034495446763
51.001	0.08015297438775949
51.051	0.08015559559029732
51.101	0.08015820859699667
51.151	0.08016081344258726
51.201	0.08016341016161409
51.251	0.08016599878843862
51.301	0.08016857935723992
51.351	0.08017115190201579
51.401	0.0801737164565839
51.451	0.08017627305458298
51.501	0.08017882172947385
51.551	0.08018136251454058
51.601	0.08018389544289162
51.651	0.08018642054746081
51.701	0.08018893786100856
51.751	0.0801914474161229
51.801	0.08019394924522052
51.851	0.08019644338054789
51.901	0.0801989298541823
51.951	0.08020140869803286
52.001	0.08020387994384162
52.051	0.0802063436231846
52.101	0.08020879976747272
52.151	0.08021124840795299
52.201	0.08021368957570935
52.251	0.08021612330166379
52.301	0.08021854961657733
52.351	0.08022096855105101
52.401	0.08022338013552684
52.451	0.08022578440028882
52.501	0.08022818137546393
52.551	0.08023057109102305
52.601	0.08023295357678194
52.651	0.08023532886240217
52.701	0.08023769697739216
52.751	0.08024005795110799
52.801	0.08024241181275439
52.851	0.0802447585913857
52.901	0.08024709831590678
52.951	0.08024943101507383
53.001	0.08025175671749545
53.051	0.08025407545163342
53.101	0.08025638724580367
53.151	0.0802586921281771
53.201	0.08026099012678053
53.251	0.08026328126949756
53.301	0.0802655655840694
53.351	0.08026784309809577
53.401	0.08027011383903576
53.451	0.0802723778342087
53.501	0.08027463511079494
53.551	0.08027688569583676
53.601	0.08027912961623918
53.651	0.08028136689877077
53.701	0.08028359757006455
53.751	0.08028582165661867
53.801	0.08028803918479738
53.851	0.08029025018083172
53.901	0.08029245467082037
53.951	0.08029465268073048
54.001	0.08029684423639835
54.051	0.08029902936353035
54.101	0.08030120808770362
54.151	0.08030338043436684
54.201	0.08030554642884107
54.251	0.0803077060963204
54.301	0.08030985946187283
54.351	0.08031200655044095
54.401	0.0803141473868427
54.451	0.08031628199577213
54.501	0.08031841040180013
54.551	0.08032053262937518
54.601	0.080322648702824
54.651	0.08032475864635243
54.701	0.08032686248404597
54.751	0.08032896023987063
54.801	0.08033105193767355
54.851	0.0803331376011838
54.901	0.08033521725401295
54.951	0.08033729091965588
55.001	0.08033935862149143
55.051	0.08034142038278304
55.101	0.08034347622667953
55.151	0.08034552617621568
55.201	0.08034757025431297
55.251	0.08034960848378016
55.301	0.08035164088731407
55.351	0.08035366748750015
55.401	0.0803556883068132
55.451	0.08035770336761792
55.501	0.08035971269216967
55.551	0.08036171630261503
55.601	0.08036371422099248
55.651	0.080365706469233
55.701	0.08036769306916074
55.751	0.08036967404249358
55.801	0.08037164941084385
55.851	0.08037361919571881
55.901	0.08037558341852138
55.951	0.0803775421005507
56.001	0.08037949526300274
56.051	0.08038144292697086
56.101	0.08038338511344648
56.151	0.08038532184331962
56.201	0.08038725313737949
56.251	0.08038917901631508
56.301	0.08039109950071577
56.351	0.08039301461107184
56.401	0.08039492436777512
56.451	0.08039682879111948
56.501	0.08039872790130147
56.551	0.0804006217184208
56.601	0.08040251026248098
56.651	0.0804043935533898
56.701	0.08040627161095996
56.751	0.08040814445490953
56.801	0.08041001210486252
56.851	0.08041187458034948
56.901	0.08041373190080797
56.951	0.08041558408558308
57.001	0.080417431153928
57.051	0.08041927312500455
57.101	0.08042111001788366
57.151	0.08042294185154593
57.201	0.0804247686448821
57.251	0.0804265904166936
57.301	0.08042840718569307
57.351	0.0804302189705048
57.401	0.08043202578966528
57.451	0.0804338276616237
57.501	0.08043562460474242
57.551	0.08043741663729749
57.601	0.08043920377747912
57.651	0.08044098604339214
57.701	0.08044276345305655
57.751	0.08044453602440794
57.801	0.08044630377529798
57.851	0.0804480667234949
57.901	0.08044982488668398
57.951	0.08045157828246795
58.001	0.08045332692836753
58.051	0.08045507084182184
58.101	0.0804568100401889
58.151	0.08045854454074602
58.201	0.08046027436069034
58.251	0.0804619995171392
58.301	0.08046372002713059
58.351	0.08046543590762369
58.401	0.08046714717549917
58.451	0.08046885384755975
58.501	0.08047055594053053
58.551	0.0804722534710595
58.601	0.08047394645571795
58.651	0.08047563491100088
58.701	0.0804773188533274
58.751	0.08047899829904125
58.801	0.08048067326441108
58.851	0.08048234376563096
58.901	0.08048400981882078
58.951	0.08048567144002666
59.001	0.08048732864522129
59.051	0.08048898145030443
59.101	0.0804906298711033
59.151	0.08049227392337287
59.201	0.0804939136227964
59.251	0.08049554898498579
59.301	0.08049718002548188
59.351	0.080498806759755
59.401	0.08050042920320521
59.451	0.08050204737116279
59.501	0.08050366127888853
59.551	0.08050527094157421
59.601	0.08050687637434291
59.651	0.0805084775922494
59.701	0.08051007461028048
59.751	0.08051166744335544
59.801	0.08051325610632634
59.851	0.08051484061397843
59.901	0.08051642098103047
59.951	0.0805179972221351
60.001	0.08051956935187926
60.051	0.08052113738478445
60.101	0.08052270133530716
60.151	0.08052426121783918
60.201	0.08052581704670797
60.251	0.080527368836177
60.301	0.0805289166004461
60.351	0.0805304603536518
60.401	0.08053200010986766
60.451	0.08053353588310462
60.501	0.08053506768731138
60.551	0.08053659553637463
60.601	0.08053811944411947
60.651	0.08053963942430975
60.701	0.0805411554906483
60.751	0.08054266765677738
60.801	0.0805441759362789
60.851	0.08054568034267481
60.901	0.0805471808894274
60.951	0.08054867758993961
61.001	0.08055017045755536
61.051	0.08055165950555984
61.101	0.08055314474717985
61.151	0.08055462619558412
61.201	0.08055610386388358
61.251	0.08055757776513167
61.301	0.0805590479123247
61.351	0.0805605143184021
61.401	0.0805619769962467
61.451	0.08056343595868512
61.501	0.08056489121848799
61.551	0.08056634278837026
61.601	0.08056779068099151
61.651	0.08056923490895623
61.701	0.08057067548481413
61.751	0.08057211242106038
61.801	0.08057354573013598
61.851	0.08057497542442793
61.901	0.08057640151626963
61.951	0.0805778240179411
62.001	0.08057924294166924
62.051	0.08058065829962817
62.101	0.08058207010393947
62.151	0.08058347836667243
62.201	0.08058488309984438
62.251	0.08058628431542093
62.301	0.08058768202531623
62.351	0.08058907624139323
62.401	0.08059046697546404
62.451	0.08059185423929004
62.501	0.08059323804458225
62.551	0.0805946184030016
62.601	0.08059599532615912
62.651	0.08059736882561623
62.701	0.08059873891288503
62.751	0.08060010559942853
62.801	0.08060146889666085
62.851	0.08060282881594757
62.901	0.08060418536860593
62.951	0.08060553856590508
63.001	0.08060688841906628
63.051	0.08060823493926329
63.101	0.08060957813762246
63.151	0.08061091802522302
63.201	0.08061225461309739
63.251	0.08061358791223135
63.301	0.08061491793356425
63.351	0.08061624468798936
63.401	0.08061756818635402
63.451	0.08061888843945986
63.501	0.0806202054580631
63.551	0.08062151925287475
63.601	0.08062282983456083
63.651	0.0806241372137426
63.701	0.08062544140099684
63.751	0.08062674240685597
63.801	0.08062804024180836
63.851	0.08062933491629859
63.901	0.08063062644072753
63.951	0.0806319148254527
64.001	0.08063320008078842
64.051	0.08063448221700605
64.101	0.08063576124433415
64.151	0.08063703717295884
64.201	0.08063831001302385
64.251	0.08063957977463083
64.301	0.08064084646783956
64.351	0.08064211010266807
64.401	0.08064337068909298
64.451	0.08064462823704964
64.501	0.08064588275643232
64.551	0.08064713425709445
64.601	0.08064838274884881
64.651	0.08064962824146772
64.701	0.08065087074468333
64.751	0.08065211026818765
64.801	0.08065334682163293
64.851	0.08065458041463175
64.901	0.08065581105675723
64.951	0.08065703875754328
65.001	0.08065826352648474
65.051	0.08065948537303758
65.101	0.08066070430661913
65.151	0.08066192033660825
65.201	0.0806631334723455
65.251	0.08066434372313334
65.301	0.08066555109823637
65.351	0.08066675560688143
65.401	0.08066795725825786
65.451	0.08066915606151764
65.501	0.08067035202577562
65.551	0.08067154516010963
65.601	0.08067273547356074
65.651	0.0806739229751334
65.701	0.08067510767379561
65.751	0.08067628957847915
65.801	0.08067746869807968
65.851	0.08067864504145703
65.901	0.08067981861743521
65.951	0.08068098943480277
66.001	0.08068215750231286
66.051	0.08068332282868342
66.101	0.08068448542259733
66.151	0.0806856452927027
66.201	0.08068680244761287
66.251	0.08068795689590667
66.301	0.08068910864612865
66.351	0.08069025770678909
66.401	0.0806914040863643
66.451	0.08069254779329671
66.501	0.0806936888359951
66.551	0.0806948272228347
66.601	0.08069596296215738
66.651	0.0806970960622718
66.701	0.0806982265314536
66.751	0.08069935437794552
66.801	0.08070047960995759
66.851	0.08070160223566729
66.901	0.08070272226321965
66.951	0.08070383970072748
67.001	0.0807049545562715
67.051	0.08070606683790045
67.101	0.08070717655363134
67.151	0.0807082837114495
67.201	0.08070938831930878
67.251	0.08071049038513171
67.301	0.08071158991680964
67.351	0.08071268692220286
67.401	0.0807137814091408
67.451	0.08071487338542213
67.501	0.08071596285881497
67.551	0.08071704983705692
67.601	0.08071813432785536
67.651	0.08071921633888747
67.701	0.08072029587780041
67.751	0.08072137295221149
67.801	0.08072244756970828
67.851	0.08072351973784878
67.901	0.0807245894641615
67.951	0.0807256567561457
68.001	0.0807267216212714
68.051	0.08072778406697965
68.101	0.0807288441006826
68.151	0.08072990172976359
68.201	0.0807309569615774
68.251	0.08073200980345026
68.301	0.0807330602626801
68.351	0.0807341083465366
68.401	0.08073515406226137
68.451	0.08073619741706806
68.501	0.08073723841814245
68.551	0.08073827707264271
68.601	0.08073931338769938
68.651	0.08074034737041559
68.701	0.08074137902786716
68.751	0.0807424083671027
68.801	0.08074343539514382
68.851	0.08074446011898517
68.901	0.08074548254559462
68.951	0.08074650268191332
69.001	0.08074752053485591
69.051	0.0807485361113106
69.101	0.08074954941813926
69.151	0.08075056046217761
69.201	0.08075156925023531
69.251	0.08075257578909603
69.301	0.08075358008551767
69.351	0.08075458214623239
69.401	0.08075558197794681
69.451	0.08075657958734206
69.501	0.0807575749810739
69.551	0.0807585681657729
69.601	0.08075955914804447
69.651	0.08076054793446907
69.701	0.08076153453160224
69.751	0.08076251894597479
69.801	0.0807635011840928
69.851	0.08076448125243789
69.901	0.0807654591574672
69.951	0.08076643490561357
70.001	0.0807674085032856
70.051	0.08076837995686786
70.101	0.08076934927272088
70.151	0.08077031645718132
70.201	0.08077128151656209
70.251	0.0807722444571524
70.301	0.08077320528521799
70.351	0.08077416400700106
70.401	0.08077512062872054
70.451	0.08077607515657208
70.501	0.08077702759672824
70.551	0.08077797795533855
70.601	0.0807789262385296
70.651	0.08077987245240519
70.701	0.08078081660304641
70.751	0.08078175869651175
70.801	0.08078269873883714
70.851	0.08078363673603618
70.901	0.08078457269410011
70.951	0.08078550661899801
71.001	0.08078643851667684
71.051	0.08078736839306154
71.101	0.08078829625405518
71.151	0.08078922210553897
71.201	0.08079014595337249
71.251	0.08079106780339365
71.301	0.08079198766141886
71.351	0.08079290553324313
71.401	0.08079382142464012
71.451	0.08079473534136229
71.501	0.08079564728914097
71.551	0.08079655727368641
71.601	0.08079746530068799
71.651	0.08079837137581417
71.701	0.08079927550471268
71.751	0.0808001776930106
71.801	0.08080107794631441
71.851	0.08080197627021014
71.901	0.08080287267026341
71.951	0.08080376715201955
72.001	0.08080465972100365
72.051	0.08080555038272072
72.101	0.08080643914265571
72.151	0.08080732600627365
72.201	0.0808082109790197
72.251	0.08080909406631925
72.301	0.08080997527357803
72.351	0.08081085460618215
72.401	0.08081173206949822
72.451	0.08081260766887345
72.501	0.08081348140963569
72.551	0.08081435329709356
72.601	0.08081522333653648
72.651	0.08081609153323482
72.701	0.08081695789243995
72.751	0.0808178224193843
72.801	0.08081868511928149
72.851	0.08081954599732638
72.901	0.08082040505869517
72.951	0.08082126230854546
73.001	0.08082211775201635
73.051	0.08082297139422852
73.101	0.0808238232402843
73.151	0.08082467329526774
73.201	0.08082552156424475
73.251	0.08082636805226308
73.301	0.08082721276435247
73.351	0.08082805570552473
73.401	0.08082889688077378
73.451	0.08082973629507575
73.501	0.08083057395338906
73.551	0.08083140986065446
73.601	0.08083224402179515
73.651	0.08083307644171688
73.701	0.0808339071253079
73.751	0.08083473607743923
73.801	0.08083556330296453
73.851	0.08083638880672031
73.901	0.080837212593526
73.951	0.08083803466818393
74.001	0.08083885503547948
74.051	0.08083967370018115
74.101	0.08084049066704059
74.151	0.08084130594079272
74.201	0.08084211952615579
74.251	0.0808429314278314
74.301	0.08084374165050465
74.351	0.08084455019884415
74.401	0.08084535707750215
74.451	0.08084616229111452
74.501	0.08084696584430091
74.551	0.08084776774166479
74.601	0.08084856798779347
74.651	0.08084936658725825
74.701	0.08085016354461443
74.751	0.08085095886440137
74.801	0.08085175255114266
74.851	0.08085254460934602
74.901	0.0808533350435035
74.951	0.08085412385809153
75.001	0.08085491105757092
75.051	0.08085569664638696
75.101	0.08085648062896952
75.151	0.08085726300973309
75.201	0.0808580437930768
75.251	0.08085882298338457
75.301	0.0808596005850251
75.351	0.08086037660235197
75.401	0.08086115103970373
75.451	0.08086192390140387
75.501	0.08086269519176101
75.551	0.08086346491506884
75.601	0.08086423307560626
75.651	0.08086499967763744
75.701	0.08086576472541183
75.751	0.08086652822316427
75.801	0.08086729017511504
75.851	0.08086805058546992
75.901	0.0808688094584202
75.951	0.08086956679814286
76.001	0.08087032260880049
76.051	0.08087107689454145
76.101	0.0808718296594999
76.151	0.08087258090779584
76.201	0.08087333064353518
76.251	0.0808740788708098
76.301	0.08087482559369763
76.351	0.08087557081626266
76.401	0.08087631454255505
76.451	0.08087705677661115
76.501	0.08087779752245358
76.551	0.08087853678409125
76.601	0.08087927456551947
76.651	0.08088001087071996
76.701	0.08088074570366094
76.751	0.08088147906829717
76.801	0.08088221096856998
76.851	0.08088294140840739
76.901	0.0808836703917241
76.951	0.08088439792242158
77.001	0.0808851240043881
77.051	0.08088584864149882
77.101	0.08088657183761581
77.151	0.08088729359658814
77.201	0.08088801392225184
77.251	0.08088873281843012
77.301	0.08088945028893324
77.351	0.08089016633755872
77.401	0.08089088096809124
77.451	0.08089159418430286
77.501	0.08089230598995291
77.551	0.08089301638878817
77.601	0.0808937253845428
77.651	0.08089443298093854
77.701	0.08089513918168462
77.751	0.08089584399047789
77.801	0.08089654741100284
77.851	0.08089724944693168
77.901	0.08089795010192433
77.951	0.08089864937962854
78.001	0.08089934728367992
78.051	0.08090004381770192
78.101	0.08090073898530602
78.151	0.08090143279009161
78.201	0.08090212523564617
78.251	0.08090281632554527
78.301	0.0809035060633526
78.351	0.08090419445262007
78.401	0.08090488149688775
78.451	0.0809055671996841
78.501	0.08090625156452581
78.551	0.08090693459491803
78.601	0.08090761629435424
78.651	0.08090829666631646
78.701	0.08090897571427522
78.751	0.08090965344168956
78.801	0.08091032985200718
78.851	0.08091100494866439
78.901	0.08091167873508623
78.951	0.08091235121468647
79.001	0.08091302239086766
79.051	0.08091369226702119
79.101	0.08091436084652731
79.151	0.08091502813275522
79.201	0.08091569412906308
79.251	0.080916358838798
79.301	0.08091702226529622
79.351	0.08091768441188303
79.401	0.08091834528187289
79.451	0.08091900487856939
79.501	0.0809196632052654
79.551	0.08092032026524303
79.601	0.08092097606177368
79.651	0.08092163059811815
79.701	0.08092228387752659
79.751	0.0809229359032386
79.801	0.08092358667848326
79.851	0.08092423620647918
79.901	0.08092488449043449
79.951	0.08092553153354697
80.001	0.08092617733900401
80.051	0.08092682190998267
80.101	0.08092746524964978
80.151	0.08092810736116188
80.201	0.08092874824766536
80.251	0.08092938791229641
80.301	0.08093002635818114
80.351	0.08093066358843555
80.401	0.08093129960616563
80.451	0.08093193441446735
80.501	0.08093256801642672
80.551	0.08093320041511984
80.601	0.08093383161361292
80.651	0.08093446161496233
80.701	0.08093509042221463
80.751	0.08093571803840661
80.801	0.08093634446656535
80.851	0.08093696970970819
80.901	0.08093759377084288
80.951	0.0809382166529675
81.001	0.08093883835907058
81.051	0.08093945889213107
81.101	0.08094007825511847
81.151	0.08094069645099278
81.201	0.08094131348270454
81.251	0.08094192935319496
81.301	0.08094254406539582
81.351	0.08094315762222962
81.401	0.08094377002660956
81.451	0.08094438128143959
81.501	0.08094499138961443
81.551	0.08094560035401965
81.601	0.08094620817753165
81.651	0.08094681486301769
81.701	0.08094742041333604
81.751	0.08094802483133584
81.801	0.08094862811985726
81.851	0.08094923028173151
81.901	0.08094983131978085
81.951	0.08095043123681864
82.001	0.08095103003564935
82.051	0.08095162771906864
82.101	0.08095222428986336
82.151	0.08095281975081159
82.201	0.08095341410468268
82.251	0.08095400735423727
82.301	0.08095459950222735
82.351	0.08095519055139624
82.401	0.08095578050447869
82.451	0.08095636936420085
82.501	0.08095695713328038
82.551	0.08095754381442638
82.601	0.0809581294103395
82.651	0.08095871392371197
82.701	0.08095929735722758
82.751	0.08095987971356176
82.801	0.08096046099538158
82.851	0.08096104120534581
82.901	0.08096162034610493
82.951	0.08096219842030118
83.001	0.08096277543056857
83.051	0.0809633513795329
83.101	0.08096392626981186
83.151	0.08096450010401496
83.201	0.08096507288474365
83.251	0.08096564461459131
83.301	0.08096621529614327
83.351	0.08096678493197684
83.401	0.0809673535246614
83.451	0.08096792107675833
83.501	0.08096848759082113
83.551	0.0809690530693954
83.601	0.08096961751501888
83.651	0.08097018093022149
83.701	0.08097074331752534
83.751	0.08097130467944479
83.801	0.08097186501848641
83.851	0.08097242433714913
83.901	0.08097298263792414
83.951	0.08097353992329501
84.001	0.08097409619573764
84.051	0.0809746514577204
84.101	0.08097520571170401
84.151	0.0809757589601417
84.201	0.08097631120547918
84.251	0.08097686245015467
84.301	0.08097741269659894
84.351	0.08097796194723529
84.401	0.08097851020447967
84.451	0.08097905747074062
84.501	0.08097960374841935
84.551	0.08098014903990974
84.601	0.08098069334759836
84.651	0.08098123667386456
84.701	0.08098177902108038
84.751	0.08098232039161071
84.801	0.08098286078781322
84.851	0.08098340021203843
84.901	0.0809839386666297
84.951	0.08098447615392333
85.001	0.0809850126762485
85.051	0.08098554823592734
85.101	0.08098608283527495
85.151	0.08098661647659942
85.201	0.0809871491622019
85.251	0.08098768089437652
85.301	0.08098821167541054
85.351	0.08098874150758427
85.401	0.08098927039317118
85.451	0.08098979833443788
85.501	0.08099032533364413
85.551	0.0809908513930429
85.601	0.0809913765148804
85.651	0.08099190070139607
85.701	0.0809924239548226
85.751	0.08099294627738603
85.801	0.08099346767130566
85.851	0.08099398813879417
85.901	0.08099450768205761
85.951	0.0809950263032954
86.001	0.08099554400470038
86.051	0.08099606078845886
86.101	0.08099657665675059
86.151	0.08099709161174878
86.201	0.08099760565562023
86.251	0.0809981187905252
86.301	0.08099863101861751
86.351	0.08099914234204462
86.401	0.08099965276294756
86.451	0.08100016228346095
86.501	0.08100067090571313
86.551	0.08100117863182606
86.601	0.08100168546391542
86.651	0.08100219140409062
86.701	0.08100269645445476
86.751	0.08100320061710477
86.801	0.08100370389413131
86.851	0.08100420628761887
86.901	0.08100470779964579
86.951	0.08100520843228423
87.001	0.08100570818760024
87.051	0.08100620706765377
87.101	0.08100670507449866
87.151	0.08100720221018273
87.201	0.08100769847674776
87.251	0.08100819387622944
87.301	0.08100868841065757
87.351	0.08100918208205592
87.401	0.08100967489244228
87.451	0.08101016684382857
87.501	0.08101065793822075
87.551	0.08101114817761892
87.601	0.0810116375640173
87.651	0.08101212609940425
87.701	0.08101261378576233
87.751	0.08101310062506827
87.801	0.081013586619293
87.851	0.08101407177040174
87.901	0.0810145560803539
87.951	0.08101503955110323
88.001	0.0810155221845977
88.051	0.08101600398277967
88.101	0.08101648494758577
88.151	0.08101696508094702
88.201	0.08101744438478883
88.251	0.08101792286103097
88.301	0.08101840051158765
88.351	0.08101887733836749
88.401	0.08101935334327358
88.451	0.0810198285282035
88.501	0.08102030289504927
88.551	0.08102077644569748
88.601	0.08102124918202923
88.651	0.08102172110592017
88.701	0.0810221922192405
88.751	0.08102266252385502
88.801	0.08102313202162317
88.851	0.08102360071439897
88.901	0.08102406860403111
88.951	0.08102453569236294
89.001	0.08102500198123248
89.051	0.08102546747247247
89.101	0.08102593216791036
89.151	0.08102639606936834
89.201	0.08102685917866335
89.251	0.08102732149760711
89.301	0.08102778302800612
89.351	0.08102824377166172
89.401	0.08102870373037004
89.451	0.08102916290592209
89.501	0.08102962130010373
89.551	0.08103007891469569
89.601	0.08103053575147362
89.651	0.08103099181220809
89.701	0.08103144709866457
89.751	0.08103190161260353
89.801	0.08103235535578038
89.851	0.08103280832994551
89.901	0.08103326053684434
89.951	0.08103371197821731
90.001	0.08103416265579988
90.051	0.08103461257132256
90.101	0.08103506172651098
90.151	0.08103551012308581
90.201	0.08103595776276284
90.251	0.08103640464725301
90.301	0.08103685077826236
90.351	0.08103729615749211
90.401	0.08103774078663865
90.451	0.08103818466739358
90.501	0.08103862780144366
90.551	0.08103907019047092
90.601	0.0810395118361526
90.651	0.0810399527401612
90.701	0.08104039290416451
90.751	0.08104083232982558
90.801	0.08104127101880279
90.851	0.08104170897274984
90.901	0.08104214619331573
90.951	0.08104258268214487
91.001	0.08104301844087697
91.051	0.08104345347114719
91.101	0.08104388777458603
91.151	0.08104432135281946
91.201	0.08104475420746884
91.251	0.08104518634015098
91.301	0.08104561775247819
91.351	0.0810460484460582
91.401	0.08104647842249427
91.451	0.08104690768338516
91.501	0.08104733623032515
91.551	0.08104776406490403
91.601	0.08104819118870722
91.651	0.08104861760331562
91.701	0.08104904331030577
91.751	0.08104946831124978
91.801	0.08104989260771538
91.851	0.08105031620126593
91.901	0.08105073909346043
91.951	0.08105116128585355
92.001	0.08105158277999559
92.051	0.0810520035774326
92.101	0.08105242367970625
92.151	0.081052843088354
92.201	0.08105326180490902
92.251	0.08105367983090019
92.301	0.08105409716785215
92.351	0.08105451381728537
92.401	0.08105492978071606
92.451	0.08105534505965623
92.501	0.0810557596556137
92.551	0.08105617357009214
92.601	0.08105658680459106
92.651	0.08105699936060581
92.701	0.08105741123962763
92.751	0.08105782244314362
92.801	0.08105823297263678
92.851	0.08105864282958605
92.901	0.08105905201546627
92.951	0.08105946053174823
93.001	0.08105986837989863
93.051	0.08106027556138021
93.101	0.08106068207765163
93.151	0.08106108793016756
93.201	0.08106149312037868
93.251	0.08106189764973168
93.301	0.08106230151966928
93.351	0.08106270473163027
93.401	0.08106310728704945
93.451	0.08106350918735775
93.501	0.08106391043398212
93.551	0.08106431102834566
93.601	0.08106471097186754
93.651	0.0810651102659631
93.701	0.08106550891204375
93.751	0.08106160228900966
93.801	0.08105945793320525
93.851	0.08105809644112706
93.901	0.08105712904329432
93.951	0.08106066870002855
94.001	0.08106360624682853
94.051	0.08105866615702383
94.101	0.08105907022162796
94.151	0.08105470470787762
94.201	0.08105511269285103
94.251	0.08105702235234744
94.301	0.08105742737408911
94.351	0.08105476192240951
94.401	0.08105516900041972
94.451	0.08105557542228703
94.501	0.08105434268648297
94.551	0.08105474959230609
94.601	0.08105515584324313
94.651	0.08105719457659398
94.701	0.08105426102265703
94.751	0.08105788798367075
94.801	0.08105828998508639
94.851	0.08105869134133424
94.901	0.08105909205380077
94.951	0.08105772090552701
95.001	0.08105812226313437
95.051	0.0810585229779037
95.101	0.08106068849345255
95.151	0.08106108600767908
95.201	0.08105244401854675
95.251	0.08105285005584761
95.301	0.08105325544420904
95.351	0.08105366018502012
95.401	0.08105406427966626
95.451	0.08105256215782812
95.501	0.0810529670289385
95.551	0.08105337125461486
95.601	0.08105377483623534
95.651	0.0810560751086511
95.701	0.08105260585913754
95.751	0.08105300965065805
95.801	0.0810534128000897
95.851	0.08105381530880011
95.901	0.08105421717815324
95.951	0.0810546184095094
96.001	0.08105501900422522
96.051	0.08105337943537068
96.101	0.08105378095751994
96.151	0.0810541818434776
96.201	0.08105458209459386
96.251	0.08105701247542973
96.301	0.08105740927859138
96.351	0.08105780545450851
96.401	0.08105407104821721
96.451	0.08105447040528402
96.501	0.08105486913184483
96.551	0.08105526722923309
96.601	0.0810556646987787
96.651	0.081056061541808
96.701	0.08105645775964385
96.751	0.08105468046020155
96.801	0.08105507775563434
96.851	0.08105547442603872
96.901	0.0810558704727319
96.951	0.0810562658970276
97.001	0.08105666070023605
97.051	0.0810632867939594
97.101	0.08105520734867884
97.151	0.08105560268519311
97.201	0.08105599740195181
97.251	0.08105639150025648
97.301	0.08105678498140521
97.351	0.08105717784669271
97.401	0.08106275939870204
97.451	0.08106314555779344
97.501	0.08106122313670112
97.551	0.08106161054088255
97.601	0.08106199734039936
97.651	0.08106238353651574
97.701	0.08106276913049251
97.751	0.08106315412358725
97.801	0.08106353851705417
97.851	0.08106621321997573
97.901	0.08106192957460134
97.951	0.0810623146892032
98.001	0.08106269920511726
98.051	0.08106308312359024
98.101	0.08106346644586564
98.151	0.08106384917318361
98.201	0.08106423130678117
98.251	0.08106461284789201
98.301	0.08106499379774668
98.351	0.08106293167120877
98.401	0.0810633140136636
98.451	0.08106369576441362
98.501	0.08106407692468554
98.551	0.08106445749570283
98.601	0.08106483747868579
98.651	0.08106521687485155
98.701	0.08106559568541406
98.751	0.08107297759600043
98.801	0.08106384138331693
98.851	0.08106422107538318
98.901	0.08106460018247226
98.951	0.08108640250356922
99.001	0.08108675814854614
99.051	0.08108711324737562
99.101	0.08108746780118045
99.151	0.0810878218110805
99.201	0.08108817527819277
99.251	0.08108852820363138
99.301	0.0810863041989984
99.351	0.0810866587316428
99.401	0.08108701272167151
99.451	0.08108736617019642
99.501	0.08108771907832654
99.551	0.08108807144716804
99.601	0.08108842327782423
99.651	0.08108877457139559
99.701	0.08108912532897976
99.751	0.08109202790902861
99.801	0.08109237494877326
99.851	0.08108753333204861
99.901	0.08108788469640571
99.951	0.08108823552589438