0.001	1.0347430696970524e-8
0.051	0.000015756964887181662
0.101	0.00005419469587032522
0.151	0.0001111338089222744
0.201	0.00018431758292075548
0.251	0.00027216772783208055
0.301	0.0003734675135789005
0.351	0.00048722667721251203
0.401	0.0006126106237267144
0.451	0.0007488985369154955
0.501	0.0008954564922452854
0.551	0.0010517191511793388
0.601	0.001217176726714277
0.651	0.0013913653686071332
0.701	0.0015738598654141801
0.751	0.0017642679725518456
0.801	0.0019622259155372243
0.851	0.002167394763888499
0.901	0.002379457463919607
0.951	0.0025981163794317145
1.001	0.0028230912302651197
1.051	0.0030541173469782598
1.101	0.0032909441799084897
1.151	0.0035333340152608594
1.201	0.0037810608614139065
1.251	0.004033909476475701
1.301	0.004291674514042338
1.351	0.004554159768634677
1.401	0.004821177505786794
1.451	0.00509254786449308
1.501	0.00536809832187817
1.551	0.005647663211671994
1.601	0.005931083289451953
1.651	0.006218205338731094
1.701	0.006508881812881576
1.751	0.006802970508630139
1.801	0.007100334267479593
1.851	0.0074008407019233585
1.901	0.007704361943748754
1.951	0.008010774412084809
2.001	0.008319958599154353
2.051	0.008631798871947975
2.101	0.00894618328825707
2.151	0.009263003425691108
2.201	0.009582154222465673
2.251	0.009903533828886904
2.301	0.010227043468578476
2.351	0.010552587308601712
2.401	0.010880072337710552
2.451	0.011209408252062618
2.501	0.011540507347777437
2.551	0.011873284419794117
2.601	0.012207656666534838
2.651	0.012543543599928276
2.701	0.012880866960389342
2.751	0.013219550636389202
2.801	0.013559520588282985
2.851	0.0139007047760924
2.901	0.014243033090967154
2.951	0.014586437290072961
3.001	0.01493085093467535
3.051	0.015276209331207831
3.101	0.01562244947513027
3.151	0.015969509997399094
3.201	0.016317331113385077
3.251	0.016665854574087334
3.301	0.01701502361950383
3.351	0.017364782934029238
3.401	0.017715078603760682
3.451	0.018065858075600683
3.501	0.018417070118054584
3.551	0.018768664783627174
3.601	0.019120593372729793
3.651	0.01947280839901548
3.701	0.0198252635560653
3.751	0.020177913685354147
3.801	0.02053071474542917
3.851	0.020883623782238257
3.901	0.02123659890055015
3.951	0.021589599236411412
4.001	0.021942584930588992
4.051	0.022295517102950295
4.101	0.022648357827735593
4.151	0.02300107010968039
4.201	0.023353617860947907
4.251	0.0237059658788341
4.301	0.024058079824210023
4.351	0.02440992620066813
4.401	0.02476147233434126
4.451	0.0251126863543646
4.501	0.025463537173952767
4.551	0.025813994472065484
4.601	0.026164028675636965
4.651	0.026513610942345337
4.701	0.02686271314389971
4.751	0.027211307849823712
4.801	0.02755936831171541
4.851	0.027906868447964528
4.901	0.028253782828908877
4.951	0.02860008666241285
5.001	0.028945755779851617
5.051	0.029290766622485517
5.101	0.029635096228209944
5.151	0.029978722218666546
5.201	0.03032162278670254
5.251	0.03066377668416524
5.301	0.03100516321001975
5.351	0.031345762198778236
5.401	0.03168555400922964
5.451	0.032024519513459436
5.501	0.03236264008614919
5.551	0.032699897594146474
5.601	0.033036274386295764
5.651	0.033371753283521655
5.701	0.03370631756915594
5.751	0.03403995097950046
5.801	0.03437263769461806
5.851	0.034704362329344283
5.901	0.03503510992451264
5.951	0.035364865938386766
6.001	0.03569361623829289
6.051	0.036021347092446414
6.101	0.036348045161966595
6.151	0.03667369749307356
6.201	0.03699829150946219
6.251	0.03732181500484746
6.301	0.037644256135676256
6.351	0.037965603414000675
6.401	0.0382858457005081
6.451	0.038604972197703584
6.501	0.03892297244324005
6.551	0.039239836303392214
6.601	0.03955555396667013
6.651	0.039870115937568444
6.701	0.0401835130304476
6.751	0.040495736363543436
6.801	0.04080677735310154
6.851	0.041116627707633156
6.901	0.04142527942228922
6.951	0.04173272477334955
7.001	0.042038956312824
7.051	0.04234396686316278
7.101	0.04264774951207302
7.151	0.042950297607438924
7.201	0.04325160475234278
7.251	0.04355166480018436
7.301	0.04385047184989619
7.351	0.04414802024125232
7.401	0.04444430455026826
7.451	0.04473931958468986
7.501	0.045033060379569
7.551	0.04532552219292392
7.601	0.04561670050148222
7.651	0.04590659099650454
7.701	0.046195189579687025
7.751	0.04648249235914068
7.801	0.04676849564544592
7.851	0.04705319594778044
7.901	0.0473365899701189
7.951	0.047618674607502555
8.001	0.047899446942377515
8.051	0.04817890424099987
8.101	0.04845704394990628
8.151	0.048733863692448594
8.201	0.049009361265391065
8.251	0.049283534635568775
8.301	0.04955638193660596
8.351	0.04982790146569296
8.401	0.05009809168042045
8.451	0.050366951195669925
8.501	0.050634478780558975
8.551	0.05090067335544043
8.601	0.05116553398895416
8.651	0.05142905989513039
8.701	0.05169125043054358
8.751	0.051952105091515696
8.801	0.052211623511368
8.851	0.05246980545772031
8.901	0.0527266508298367
8.951	0.05298215965601689
9.001	0.05323633209103225
9.051	0.05348916841360561
9.101	0.053740669023934026
9.151	0.0539908344412536
9.201	0.0542396653014456
9.251	0.05448716235468304
9.301	0.054733326463116995
9.351	0.054978158598601785
9.401	0.05522165984045842
9.451	0.05546383137327547
9.501	0.055704674484746745
9.551	0.05594419056354501
9.601	0.05618238109723115
9.651	0.05641924767019804
9.701	0.05665479196164858
9.751	0.056889015743607156
9.801	0.05712192087896402
9.851	0.057353509319551896
9.901	0.057583783104254355
9.951	0.057812744357145215
10.001	0.058040395285658596
10.051	0.05826673817878893
10.101	0.05849177540532049
10.151	0.058715509412085864
10.201	0.05893794272225295
10.251	0.059159077933639795
10.301	0.05937891771705702
10.351	0.05959746481467719
10.401	0.059814722038430676
10.451	0.06003069226842772
10.501	0.060245378451405956
10.551	0.06045878359920326
10.601	0.06067091078725529
10.651	0.0608817631531174
10.701	0.061091343895010475
10.751	0.06129965627039032
10.801	0.06150670359454014
10.851	0.06171248923918585
10.901	0.06191701663113368
10.951	0.06212028925092984
11.001	0.06232231063154185
11.051	0.06252308435706108
11.101	0.0627226140614263
11.151	0.06292090342716784
11.201	0.06311795618417196
11.251	0.06331377610846518
11.301	0.06350836702101828
11.351	0.06370173278656953
11.401	0.06389387731246698
11.451	0.06408480454752938
11.501	0.06427451848092554
11.551	0.06446302314107176
11.601	0.06465032259454714
11.651	0.06483642094502634
11.701	0.06502132233222965
11.751	0.06520503093089007
11.801	0.06538755094973704
11.851	0.06556888663049673
11.901	0.06574904224690847
11.951	0.0659280221037572
12.001	0.0661058305359215
12.051	0.06628247190743732
12.101	0.06645795061057666
12.151	0.06663227106494153
12.201	0.06680543771657248
12.251	0.06697745503707173
12.301	0.06714832752274065
12.351	0.06731805969373139
12.401	0.06748665609321224
12.451	0.06765412128654685
12.501	0.06782045986048686
12.551	0.06798567642237777
12.601	0.0681497755993779
12.651	0.06831276203769035
12.701	0.0684746404018074
12.751	0.06863541537376765
12.801	0.06879509165242538
12.851	0.06895367395273197
12.901	0.06911116700502941
12.951	0.06926757555435545
13.001	0.06942290435976047
13.051	0.06957715819363564
13.101	0.0697303418410525
13.151	0.06988246009911354
13.201	0.07003351777631366
13.251	0.07018351969191251
13.301	0.0703324706753175
13.351	0.070480375565477
13.401	0.07062723921028413
13.451	0.07077306646599062
13.501	0.07091786219663057
13.551	0.07106163127345427
13.601	0.07120437857437155
13.651	0.07134610898340484
13.701	0.07148682739015164
13.751	0.07162653868925624
13.801	0.07176524777989074
13.851	0.07190295956524492
13.901	0.07203967895202526
13.951	0.07217541084996248
14.001	0.07231016017132796
14.051	0.07244393183045854
14.101	0.07257673074328982
14.151	0.07270856182689771
14.201	0.07283942999904813
14.251	0.0729693401777548
14.301	0.07309829728084499
14.351	0.07322630622553299
14.401	0.0733533719280014
14.451	0.07347949930298998
14.501	0.07360469326339203
14.551	0.07372895871985805
14.601	0.07385230058040682
14.651	0.07397472375004358
14.701	0.07409623313038528
14.751	0.07421683361929288
14.801	0.07433653011051039
14.851	0.07445532749331085
14.901	0.07457323065214891
14.951	0.07469024446631993
15.001	0.07480637380962571
15.051	0.07492162355004656
15.101	0.07503599854941963
15.151	0.07514950366312355
15.201	0.07526214373976914
15.251	0.07537392362089622
15.301	0.07548484814067626
15.351	0.0755949221256211
15.401	0.07570415039429727
15.451	0.07581253775704616
15.501	0.07592008901570967
15.551	0.07602680896336161
15.601	0.07613270238404438
15.651	0.07623777405251113
15.701	0.07634202873397321
15.751	0.07644547118385292
15.801	0.07654810614754132
15.851	0.07664993836016118
15.901	0.07675097254633502
15.951	0.07685121341995796
16.001	0.07695066568397553
16.051	0.07704933403016627
16.101	0.0771472231389291
16.151	0.0772443376790753
16.201	0.07734068230762513
16.251	0.07743626166960893
16.301	0.07753108039787283
16.351	0.07762514311288872
16.401	0.07771845442256861
16.451	0.07781101892208334
16.501	0.0779028411936854
16.551	0.07799392580653598
16.601	0.07808427731653615
16.651	0.07817390026616194
16.701	0.07826279918430362
16.751	0.07835097858610866
16.801	0.07843844297282877
16.851	0.07852519683167063
16.901	0.07861124463565038
16.951	0.0786965908434519
17.001	0.07878123989928865
17.051	0.0788651962327691
17.101	0.07894846425876581
17.151	0.07903104837728786
17.201	0.07911295297335681
17.251	0.07919418241688604
17.301	0.07927474106256342
17.351	0.0793546332497372
17.401	0.0794338633023053
17.451	0.07951243552860765
17.501	0.07959035422132171
17.551	0.07966762365736119
17.601	0.07974424809777764
17.651	0.07982023178766522
17.701	0.07989557895606834
17.751	0.07997029381589228
17.801	0.08004438056381662
17.851	0.08011784338021151
17.901	0.08019068642905681
17.951	0.08026291385786394
18.001	0.08033452979760032
18.051	0.08040553836261673
18.101	0.08047594365057698
18.151	0.08054574974239047
18.201	0.08061496070214709
18.251	0.0806835805770547
18.301	0.08075161339737913
18.351	0.08081906317638644
18.401	0.08088593391028787
18.451	0.08095222957818676
18.501	0.08101795414202821
18.551	0.08108311154655069
18.601	0.08114770571924004
18.651	0.08121174057028574
18.701	0.0812752199925392
18.751	0.08133814786147438
18.801	0.0814005280351504
18.851	0.0814623643541762
18.901	0.08152366064167745
18.951	0.08158442070326519
19.001	0.08164464832700669
19.051	0.08170434728339811
19.101	0.08176352132533919
19.151	0.08182217418810975
19.201	0.08188030958934803
19.251	0.081937931229031
19.301	0.08199504278945627
19.351	0.08205164793522597
19.401	0.0821077503132322
19.451	0.08216335355264427
19.501	0.08221846126489765
19.551	0.08227307704368454
19.601	0.08232720446494605
19.651	0.08238084708686604
19.701	0.08243400844986647
19.751	0.08248669207660433
19.801	0.08253890147197018
19.851	0.08259064012308796
19.901	0.0826419114993165
19.951	0.08269271905225241
20.001	0.0827430662157343
20.051	0.08279295640584851
20.101	0.08284239302093621
20.151	0.08289137944160173
20.201	0.08293991903072238
20.251	0.08298801513345946
20.301	0.08303567107727056
20.351	0.08308289017192316
20.401	0.08312967570950952
20.451	0.08317603096446256
20.501	0.08322195919357324
20.551	0.08326746363600883
20.601	0.08331254751333254
20.651	0.08335721402952413
20.701	0.08340146637100175
20.751	0.08344530770664474
20.801	0.08348874118781761
20.851	0.08353176994839501
20.901	0.08357439710478771
20.951	0.08361662575596969
21.001	0.08365845898350606
21.051	0.08369989985158212
21.101	0.08374095140703322
21.151	0.08378161667937567
21.201	0.08382189868083852
21.251	0.08386180040639617
21.301	0.08390132483380205
21.351	0.08394047492362294
21.401	0.08397925361927429
21.451	0.08401766384705628
21.501	0.08405570851619076
21.551	0.08409339051885893
21.601	0.08413071273023985
21.651	0.08416767800854966
21.701	0.08420428919508159
21.751	0.0842405491142467
21.801	0.08427646057361525
21.851	0.08431202636395897
21.901	0.08434724925929377
21.951	0.08438213201692328
22.001	0.08441667737748307
22.051	0.08445088806498535
22.101	0.08448476678686448
22.151	0.08451831623402294
22.201	0.08455153908087802
22.251	0.08458443798540906
22.301	0.08461701558920522
22.351	0.08464927451751382
22.401	0.08468121737928934
22.451	0.08471284676724275
22.501	0.08474416525789152
22.551	0.08477517541161013
22.601	0.08480587977268098
22.651	0.08483628086934582
22.701	0.08486638121385777
22.751	0.0848961833025336
22.801	0.08492568961580658
22.851	0.08495490261827982
22.901	0.08498382475877983
22.951	0.08501245847041074
23.001	0.0850408061706087
23.051	0.08506887026119689
23.101	0.0850966531284407
23.151	0.08512415714310338
23.201	0.08515138466050214
23.251	0.08517833802056438
23.301	0.08520501954788444
23.351	0.08523143155178066
23.401	0.08525757632635263
23.451	0.08528345615053891
23.501	0.08530907328817491
23.551	0.08533442998805121
23.601	0.085359528483972
23.651	0.08538437099481393
23.701	0.08540895972458505
23.751	0.08543329686248427
23.801	0.08545738458296075
23.851	0.08548122504577378
23.901	0.08550482039605276
23.951	0.08552817276435737
24.001	0.08555128426673812
24.051	0.08557415700479684
24.101	0.08559679306574765
24.151	0.08561919452247785
24.201	0.08564136343360916
24.251	0.08566330184355914
24.301	0.08568501178260259
24.351	0.08570649526693332
24.401	0.08572775429872592
24.451	0.08574879086619777
24.501	0.08576960694367107
24.551	0.08579020449163512
24.601	0.08581058545680861
24.651	0.0858307517722021
24.701	0.08585070535718055
24.751	0.08587044811752598
24.801	0.0858899819455002
24.851	0.08590930871990765
24.901	0.08592843030615833
24.951	0.08594734855633071
25.001	0.0859660653092348
25.051	0.08598458239047527
25.101	0.08600290161251459
25.151	0.08602102477473625
25.201	0.08603895366350796
25.251	0.08605669005224496
25.301	0.08607423570147336
25.351	0.08609159235889342
25.401	0.08610876175944292
25.451	0.08612574562536057
25.501	0.08614254566624932
25.551	0.08615916357913982
25.601	0.08617560104855373
25.651	0.08619185974656716
25.701	0.08620794133287397
25.751	0.08622384745484914
25.801	0.08623957974761212
25.851	0.0862551398340901
25.901	0.08627052932508128
25.951	0.08628574981931814
26.001	0.08630080290353058
26.051	0.08631569015250912
26.101	0.08633041312916796
26.151	0.08634497338460807
26.201	0.08635937245818015
26.251	0.08637361187754761
26.301	0.08638769315874936
26.351	0.0864016178062627
26.401	0.08641538731306597
26.451	0.08642900316070126
26.501	0.08644246681933694
26.551	0.08645577974783018
26.601	0.08646894339378929
26.651	0.0864819591936361
26.701	0.08649482857266816
26.751	0.08650755294512077
26.801	0.08652013371422913
26.851	0.08653257227229015
26.901	0.08654487000072428
26.951	0.0865570282701372
27.001	0.08656904844038141
27.051	0.08658093186061766
27.101	0.08659267986937631
27.151	0.08660429379461856
27.201	0.0866157749537975
27.251	0.08662712465391909
27.301	0.08663834419160298
27.351	0.08664943485314323
27.401	0.08666039791456884
27.451	0.08667123464170416
27.501	0.08668194629022921
27.551	0.08669253410573977
27.601	0.08670299932380733
27.651	0.08671334317003901
27.701	0.0867235668601372
27.751	0.08673367159995905
27.801	0.08674365858557588
27.851	0.08675352900333239
27.901	0.08676328402990569
27.951	0.08677292483236419
28.001	0.08678245256822636
28.051	0.08679186838551922
28.101	0.08680117342283677
28.151	0.08681036880939819
28.201	0.08681945566510588
28.251	0.0868284351006033
28.301	0.08683730821733275
28.351	0.08684607610759276
28.401	0.08685473985459548
28.451	0.08686330053252385
28.501	0.08687175920658853
28.551	0.08688011693308469
28.601	0.08688837475944856
28.651	0.08689653372431397
28.701	0.08690459485756838
28.751	0.08691255918040906
28.801	0.08692042770539882
28.851	0.08692820143652169
28.901	0.08693588136923838
28.951	0.0869434684905415
29.001	0.08695096377901063
29.051	0.08695836820486709
29.101	0.08696568273002872
29.151	0.08697290830816423
29.201	0.0869800458847475
29.251	0.08698709639711158
29.301	0.08699406077450253
29.351	0.08700093993813313
29.401	0.08700773480123616
29.451	0.08701444626911779
29.501	0.08702107523921046
29.551	0.08702762260112569
29.601	0.08703408923670676
29.651	0.08704047602008103
29.701	0.08704678381771205
29.751	0.08705301348845167
29.801	0.08705916588359158
29.851	0.08706524184691504
29.901	0.08707124221474802
29.951	0.08707716781601044
30.001	0.08708301947226693
30.051	0.08708879799777759
30.101	0.08709450419954838
30.151	0.08710013887738138
30.201	0.08710570282392475
30.251	0.08711119682472264
30.301	0.0871166216582646
30.351	0.08712197809603506
30.401	0.08712726690256244
30.451	0.08713248883546801
30.501	0.08713764464551464
30.551	0.08714273507665525
30.601	0.08714776086608104
30.651	0.08715272274426956
30.701	0.08715762143503247
30.751	0.08716245765556314
30.801	0.08716723211648406
30.851	0.08717194552189385
30.901	0.08717659856941432
30.951	0.08718119195023706
31.001	0.08718572634916996
31.051	0.08719020244468342
31.101	0.08719462090895638
31.151	0.08719898240792215
31.201	0.0872032876013139
31.251	0.08720753714271011
31.301	0.08721173167957959
31.351	0.08721587185332645
31.401	0.08721995829933478
31.451	0.08722399164701304
31.501	0.08722797251983833
31.551	0.0872319015354004
31.601	0.0872357793054454
31.651	0.08723960643591946
31.701	0.08724338352701201
31.751	0.08724711117319885
31.801	0.08725078996328511
31.851	0.08725442048044788
31.901	0.08725800330227859
31.951	0.0872615390008253
32.001	0.08726502814263465
32.051	0.08726847128879364
32.101	0.08727186899497119
32.151	0.08727522181145943
32.201	0.0872785302832148
32.251	0.08728179494989897
32.301	0.08728501634591945
32.351	0.0872881950004701
32.401	0.08729133143757119
32.451	0.08729442617610961
32.501	0.08729747972987843
32.551	0.08730049260761663
32.601	0.08730346531304832
32.651	0.08730639834492188
32.701	0.08730929219704889
32.751	0.08731214735834275
32.801	0.08731496431285721
32.851	0.08731774353982452
32.901	0.08732048551369356
32.951	0.08732319070416752
33.001	0.08732585957624163
33.051	0.08732849259024039
33.101	0.08733109020185484
33.151	0.08733365286217942
33.201	0.08733618101774879
33.251	0.08733867511057422
33.301	0.08734113557818
33.351	0.08734356285363946
33.401	0.08734595736561088
33.451	0.0873483195383731
33.501	0.08735064979186104
33.551	0.08735294854170084
33.601	0.087355216199245
33.651	0.08735745317160709
33.701	0.08735965986169643
33.751	0.08736183666825245
33.801	0.0873639839858789
33.851	0.08736610220507779
33.901	0.08736819171228322
33.951	0.08737025288989488
34.001	0.08737228611631147
34.051	0.08737429176596383
34.101	0.08737627020934786
34.151	0.08737822181305736
34.201	0.08738014693981641
34.251	0.08738204594851187
34.301	0.08738391919422542
34.351	0.08738576702826549
34.401	0.08738758979819909
34.451	0.08738938784788321
34.501	0.08739116151749622
34.551	0.08739291114356904
34.601	0.08739463705901596
34.651	0.08739633959316549
34.701	0.08739801907179084
34.751	0.0873996758171403
34.801	0.08740131014796727
34.851	0.08740292237956042
34.901	0.08740451282377322
34.951	0.08740608178905368
35.001	0.0874076295804736
35.051	0.08740915649975782
35.101	0.08741066284531317
35.151	0.08741214891225725
35.201	0.08741361499244708
35.251	0.08741506137450751
35.301	0.08741648834385936
35.351	0.08741789618274758
35.401	0.087419285170269
35.451	0.08742065558240007
35.501	0.0874220076920243
35.551	0.08742334176895951
35.601	0.08742465807998502
35.651	0.08742595688886853
35.701	0.08742723845639286
35.751	0.08742850304038254
35.801	0.0874297508957301
35.851	0.0874309822744224
35.901	0.08743219742556654
35.951	0.08743339659541577
36.001	0.08743458002739506
36.051	0.08743574796212668
36.101	0.08743690063745543
36.151	0.08743803828847385
36.201	0.08743916114754707
36.251	0.08744026944433768
36.301	0.08744136340583027
36.351	0.08744244325635592
36.401	0.08744350921761643
36.451	0.08744456150870837
36.501	0.08744560034614711
36.551	0.08744662594389042
36.601	0.0874476385133622
36.651	0.08744863826347575
36.701	0.08744962540065712
36.751	0.08745060012886814
36.801	0.08745156264962935
36.851	0.08745251316204271
36.901	0.08745345186281421
36.951	0.0874543789462763
37.001	0.08745529460441012
37.051	0.08745619902686759
37.101	0.08745709240099335
37.151	0.08745797491184654
37.201	0.0874588467422224
37.251	0.08745970807267375
37.301	0.08746055908153222
37.351	0.08746139994492944
37.401	0.08746223083681803
37.451	0.08746305192899238
37.501	0.08746386339110936
37.551	0.08746466539070878
37.601	0.08746545809323385
37.651	0.08746624166205129
37.701	0.08746701625847142
37.751	0.08746778204176811
37.801	0.08746853916919847
37.851	0.08746928779602253
37.901	0.08747002807552261
37.951	0.0874707601590227
38.001	0.08747148419590763
38.051	0.08747220033364199
38.101	0.08747290871778915
38.151	0.08747360949202986
38.201	0.0874743027981809
38.251	0.0874749887762135
38.301	0.08747566756427164
38.351	0.0874763392986902
38.401	0.08747700411401298
38.451	0.08747766214301059
38.501	0.08747831351669816
38.551	0.08747895836435295
38.601	0.0874795968135318
38.651	0.08748022899008849
38.701	0.08748085501819086
38.751	0.08748147502033791
38.801	0.08748208911737673
38.851	0.08748269742851923
38.901	0.08748330007135881
38.951	0.08748389716188688
39.001	0.08748448881450928
39.051	0.08748507514206248
39.101	0.08748565625582971
39.151	0.08748623226555699
39.201	0.08748680327946896
39.251	0.08748736940428464
39.301	0.08748793074523306
39.351	0.08748848740606868
39.401	0.0874890394890868
39.451	0.0874895870951388
39.501	0.0874901303236472
39.551	0.08749066927262071
39.601	0.08749120403866906
39.651	0.08749173471701772
39.701	0.08749226140152258
39.751	0.08749278418468438
39.801	0.08749330315766317
39.851	0.0874938184102925
39.901	0.0874943300310936
39.951	0.08749483810728939
40.001	0.08749534272481843
40.051	0.08749584396834864
40.101	0.08749634192129105
40.151	0.08749683666581333
40.201	0.08749732828285321
40.251	0.08749781685213188
40.301	0.08749830245216719
40.351	0.08749878516028672
40.401	0.08749926505264084
40.451	0.08749974220421555
40.501	0.08750021668884529
40.551	0.08750068857922565
40.601	0.0875011579469258
40.651	0.08750162486240112
40.701	0.08750208939500544
40.751	0.08750255161300326
40.801	0.087503011583582
40.851	0.0875034693728639
40.901	0.08750392504591809
40.951	0.08750437866677227
41.001	0.08750483029842451
41.051	0.0875052800028549
41.101	0.08750572784103697
41.151	0.0875061738729492
41.201	0.08750661815758631
41.251	0.08750706075297045
41.301	0.08750750171616231
41.351	0.08750794110327222
41.401	0.08750837896947099
41.451	0.08750881536900078
41.501	0.08750925035518582
41.551	0.08750968398044304
41.601	0.08751011629629259
41.651	0.08751054735336834
41.701	0.0875109772014282
41.751	0.08751140588936435
41.801	0.08751183346521346
41.851	0.08751225997616675
41.901	0.08751268546857993
41.951	0.08751310998798317
42.001	0.08751353357909084
42.051	0.08751395628581123
42.101	0.08751437815125622
42.151	0.0875147992177508
42.201	0.08751521952684248
42.251	0.08751563911931069
42.301	0.08751605803517609
42.351	0.08751647631370969
42.401	0.08751689399344201
42.451	0.08751731111217206
42.501	0.08751772770697636
42.551	0.08751814381421769
42.601	0.08751855946955395
42.651	0.0875189747079468
42.701	0.08751938956367031
42.751	0.08751980407031944
42.801	0.08752021826081853
42.851	0.0875206321674297
42.901	0.08752104582176103
42.951	0.08752145925477489
43.001	0.08752187249679602
43.051	0.0875222855775196
43.101	0.08752269852601922
43.151	0.08752311137075479
43.201	0.08752352413958037
43.251	0.08752393685975192
43.301	0.087524349557935
43.351	0.08752476226021236
43.401	0.08752517499209145
43.451	0.08752558777851191
43.501	0.08752600064385296
43.551	0.08752641361194072
43.601	0.08752682670605537
43.651	0.08752723994893846
43.701	0.08752765336279994
43.751	0.08752806696932514
43.801	0.08752848078968185
43.851	0.08752889484452714
43.901	0.0875293091540142
43.951	0.08752972373779913
44.001	0.08753013861504756
44.051	0.08753055380444139
44.101	0.08753096932418523
44.151	0.08753138519201302
44.201	0.08753180142519432
44.251	0.08753221804054077
44.301	0.08753263505441242
44.351	0.08753305248272386
44.401	0.08753347034095048
44.451	0.08753388864413457
44.501	0.08753430740689132
44.551	0.08753472664341488
44.601	0.08753514636748426
44.651	0.08753556659246917
44.701	0.08753598733133587
44.751	0.08753640859665288
44.801	0.08753683040059672
44.851	0.08753725275495748
44.901	0.08753767567114443
44.951	0.08753809916019153
45.001	0.08753852323276289
45.051	0.08753894789915814
45.101	0.08753937316931781
45.151	0.08753979905282862
45.201	0.08754022555892865
45.251	0.08754065269651262
45.301	0.08754108047413692
45.351	0.08754150890002474
45.401	0.08754193798207105
45.451	0.08754236772784757
45.501	0.08754279814460768
45.551	0.08754322923929131
45.601	0.08754366101852966
45.651	0.08754409348865007
45.701	0.08754452665568062
45.751	0.08754496052535482
45.801	0.08754539510311624
45.851	0.087545830394123
45.901	0.08754626640325235
45.951	0.08754670313510504
46.001	0.08754714059400978
46.051	0.0875475787840276
46.101	0.0875480177089561
46.151	0.08754845737233377
46.201	0.0875488977774442
46.251	0.08754933892732022
46.301	0.08754978082474803
46.351	0.08755022347227129
46.401	0.08755066687219512
46.451	0.08755111102659012
46.501	0.08755155593729631
46.551	0.08755200160592701
46.601	0.08755244803387265
46.651	0.08755289522230468
46.701	0.08755334317217926
46.751	0.087553791884241
46.801	0.08755424135902666
46.851	0.08755469159686875
46.901	0.08755514259789918
46.951	0.08755559436205274
47.001	0.08755604688907072
47.051	0.08755650017850429
47.101	0.08755695422971797
47.151	0.08755740904189308
47.201	0.08755786461403094
47.251	0.08755832094495637
47.301	0.08755877803332088
47.351	0.08755923587760585
47.401	0.08755969447612585
47.451	0.08756015382703174
47.501	0.08756061392831378
47.551	0.08756107477780475
47.601	0.08756153637318298
47.651	0.08756199871197541
47.701	0.08756246179156049
47.751	0.08756292560917121
47.801	0.08756339016189793
47.851	0.0875638554466913
47.901	0.08756432146036511
47.951	0.08756478819959904
48.001	0.08756525566094146
48.051	0.08756572384081218
48.101	0.08756619273550514
48.151	0.08756666234119106
48.201	0.0875671326539201
48.251	0.08756760366962443
48.301	0.08756807538412086
48.351	0.08756854779311331
48.401	0.08756902089219537
48.451	0.08756949467685275
48.501	0.08756996914246572
48.551	0.08757044428431153
48.601	0.08757092009756681
48.651	0.0875713965773099
48.701	0.08757187371852321
48.751	0.0875723515160954
48.801	0.08757282996482382
48.851	0.08757330905941658
48.901	0.0875737887944949
48.951	0.08757426916459514
49.001	0.08757475016417106
49.051	0.0875752317875959
49.101	0.08757571402916445
49.151	0.08757619688309518
49.201	0.0875766803435322
49.251	0.08757716440454735
49.301	0.08757764906014211
49.351	0.08757813430424959
49.401	0.08757862013073649
49.451	0.08757910653340496
49.501	0.0875795935059945
49.551	0.0875800810421838
49.601	0.0875805691355926
49.651	0.0875810577797835
49.701	0.08758154696826366
49.751	0.08758203669448665
49.801	0.08758252695185413
49.851	0.08758301773371759
49.901	0.08758350903337997
49.951	0.08758400084409738
50.001	0.08758449315908078
50.051	0.08758498597149743
50.101	0.08758547927447265
50.151	0.0875859730610913
50.201	0.08758646732439937
50.251	0.08758696205740545
50.301	0.08758745725308228
50.351	0.08758795290436823
50.401	0.08758844900416869
50.451	0.08758894554535762
50.501	0.08758944252077887
50.551	0.08758993992324762
50.601	0.08759043774555177
50.651	0.08759093598045321
50.701	0.08759143462068929
50.751	0.08759193365897402
50.801	0.08759243308799941
50.851	0.08759293290043677
50.901	0.08759343308893787
50.951	0.08759393364613632
51.001	0.0875944345646487
51.051	0.08759493583707573
51.101	0.08759543745600351
51.151	0.08759593941400469
51.201	0.08759644170363957
51.251	0.08759694431745725
51.301	0.08759744724799674
51.351	0.08759795048778805
51.401	0.08759845402935323
51.451	0.08759895786520751
51.501	0.08759946198786021
51.551	0.08759996638981593
51.601	0.08760047106357541
51.651	0.08760097600163656
51.701	0.0876014811964955
51.751	0.08760198664064742
51.801	0.0876024923265876
51.851	0.08760299824681228
51.901	0.0876035043938196
51.951	0.0876040107601105
52.001	0.08760451733818957
52.051	0.08760502412056594
52.101	0.0876055310997541
52.151	0.08760603826827479
52.201	0.08760654561865576
52.251	0.08760705314343263
52.301	0.08760756083514962
52.351	0.08760806868636035
52.401	0.0876085766896287
52.451	0.08760908483752936
52.501	0.08760959312264875
52.551	0.08761010153758567
52.601	0.087610610074952
52.651	0.08761111872737337
52.701	0.08761162748748998
52.751	0.08761213634795707
52.801	0.08761264530144575
52.851	0.08761315434064353
52.901	0.08761366345825504
52.951	0.0876141726470026
53.001	0.08761468189962679
53.051	0.08761519120888717
53.101	0.08761570056756274
53.151	0.08761620996845257
53.201	0.08761671940437638
53.251	0.08761722886817502
53.301	0.08761773835271108
53.351	0.08761824785086941
53.401	0.08761875735555759
53.451	0.08761926685970645
53.501	0.0876197763562706
53.551	0.08762028583822892
53.601	0.08762079529858494
53.651	0.08762130473036743
53.701	0.08762181412663077
53.751	0.0876223234804554
53.801	0.0876228327849483
53.851	0.08762334203324337
53.901	0.08762385121850186
53.951	0.08762436033391278
54.001	0.08762486937269327
54.051	0.087625378328089
54.101	0.08762588719337457
54.151	0.08762639596185381
54.201	0.08762690462686026
54.251	0.08762741318175736
54.301	0.0876279216199389
54.351	0.08762842993482933
54.401	0.08762893811988408
54.451	0.08762944616858986
54.501	0.08762995407446496
54.551	0.08763046183105958
54.601	0.08763096943195611
54.651	0.08763147687076939
54.701	0.08763198414114699
54.751	0.08763249123676953
54.801	0.08763299815135081
54.851	0.08763350487863823
54.901	0.08763401141241288
54.951	0.08763451774648988
55.001	0.08763502387471854
55.051	0.08763552979098263
55.101	0.08763603548920057
55.151	0.08763654096332564
55.201	0.08763704620734616
55.251	0.08763755121528573
55.301	0.08763805598120339
55.351	0.08763856049919377
55.401	0.08763906476338731
55.451	0.08763956876795044
55.501	0.08764007250708565
55.551	0.08764057597503173
55.601	0.08764107916606392
55.651	0.08764158207449396
55.701	0.08764208469467033
55.751	0.08764258702097834
55.801	0.08764308904784024
55.851	0.08764359076971533
55.901	0.08764409218110013
55.951	0.0876445932765284
56.001	0.08764509405057136
56.051	0.08764559449783763
56.101	0.08764609461297346
56.151	0.08764659439066275
56.201	0.08764709382562713
56.251	0.08764759291262604
56.301	0.08764809164645684
56.351	0.0876485900219548
56.401	0.0876490880339932
56.451	0.0876495856774834
56.501	0.08765008294737488
56.551	0.08765057983865523
56.601	0.08765107634635032
56.651	0.08765157246552419
56.701	0.08765206819127914
56.751	0.08765256351875585
56.801	0.08765305844313322
56.851	0.08765355295962853
56.901	0.08765404706349741
56.951	0.08765454075003386
57.001	0.08765503401457023
57.051	0.08765552685247724
57.101	0.08765601925916398
57.151	0.08765651123007795
57.201	0.08765700276070491
57.251	0.08765749384656904
57.301	0.08765798448323281
57.351	0.08765847466629699
57.401	0.08765896439140067
57.451	0.08765945365422112
57.501	0.0876599424504739
57.551	0.08766043077591273
57.601	0.08766091862632946
57.651	0.08766140599755409
57.701	0.08766189288545465
57.751	0.08766237928593719
57.801	0.08766286519494575
57.851	0.08766335060846225
57.901	0.08766383552250652
57.951	0.0876643199331361
58.001	0.08766480383644637
58.051	0.08766528722857028
58.101	0.08766577010567847
58.151	0.08766625246397904
58.201	0.0876667342997176
58.251	0.0876672156091771
58.301	0.08766769638867784
58.351	0.08766817663457731
58.401	0.08766865634327013
58.451	0.087669135511188
58.501	0.0876696141347996
58.551	0.08767009221061041
58.601	0.08767056973516277
58.651	0.08767104670503567
58.701	0.08767152311684469
58.751	0.0876719989672419
58.801	0.08767247425291577
58.851	0.08767294897059104
58.901	0.08767342311702861
58.951	0.08767389668902548
59.001	0.0876743696834146
59.051	0.08767484209706476
59.101	0.0876753139268805
59.151	0.08767578516980196
59.201	0.08767625582280476
59.251	0.08767672588289997
59.301	0.08767719534713388
59.351	0.0876776642125879
59.401	0.08767813247637848
59.451	0.08767860013565698
59.501	0.08767906718760948
59.551	0.08767953362945673
59.601	0.08767999945845394
59.651	0.08768046467189075
59.701	0.08768092926709099
59.751	0.08768139324141264
59.801	0.08768185659224759
59.851	0.08768231931702163
59.901	0.08768278141319419
59.951	0.0876832428782583
60.001	0.08768370370974034
60.051	0.08768416390520005
60.101	0.08768462346223022
60.151	0.08768508237845667
60.201	0.08768554065153802
60.251	0.08768599827916566
60.301	0.08768645525906343
60.351	0.08768691158898764
60.401	0.08768736726672682
60.451	0.0876878222901016
60.501	0.08768827665696453
60.551	0.08768873036520002
60.601	0.08768918341272407
60.651	0.08768963579748419
60.701	0.08769008751745921
60.751	0.08769053857065917
60.801	0.08769098895512509
60.851	0.0876914386689289
60.901	0.08769188771017321
60.951	0.08769233607699119
61.001	0.0876927837675464
61.051	0.08769323078003266
61.101	0.08769367711267381
61.151	0.08769412276372367
61.201	0.08769456773146576
61.251	0.08769501201421322
61.301	0.0876954556103086
61.351	0.08769589851812373
61.401	0.08769634073605956
61.451	0.08769678226254594
61.501	0.08769722309604155
61.551	0.08769766323503363
61.601	0.0876981026780379
61.651	0.08769854142359837
61.701	0.08769897947028715
61.751	0.08769941681670432
61.801	0.08769985346147774
61.851	0.0877002894032629
61.901	0.08770072464074273
61.951	0.08770115917262748
62.001	0.08770159299765451
62.051	0.0877020261145881
62.101	0.08770245852221942
62.151	0.08770289021936614
62.201	0.08770332120487248
62.251	0.08770375147760891
62.301	0.08770418103647201
62.351	0.08770460988038437
62.401	0.0877050380082943
62.451	0.08770546541917577
62.501	0.08770589211202821
62.551	0.08770631808587631
62.601	0.08770674333976987
62.651	0.08770716787278368
62.701	0.08770759168401727
62.751	0.08770801477259484
62.801	0.08770843713766496
62.851	0.08770885877840055
62.901	0.08770927969399862
62.951	0.08770969988368012
63.001	0.08771011934668976
63.051	0.08771053808229594
63.101	0.08771095608979042
63.151	0.08771137336848828
63.201	0.08771178991772773
63.251	0.08771220573686987
63.301	0.08771262082529864
63.351	0.08771303518242059
63.401	0.08771344880766468
63.451	0.0877138617004822
63.501	0.08771427386034655
63.551	0.08771468528675307
63.601	0.0877150959792189
63.651	0.0877155059372828
63.701	0.08771591516050505
63.751	0.08771632364846713
63.801	0.08771673140077173
63.851	0.08771713841704251
63.901	0.08771754469692392
63.951	0.08771795024008106
64.001	0.08771835504619953
64.051	0.08771875911498526
64.101	0.08771916244616434
64.151	0.08771956503948285
64.201	0.08771996689470674
64.251	0.08772036801162163
64.301	0.08772076839003265
64.351	0.08772116802976433
64.401	0.08772156693066038
64.451	0.08772196509258358
64.501	0.08772236251541558
64.551	0.08772275919905678
64.601	0.08772315514342614
64.651	0.08772355034846106
64.701	0.0877239448141172
64.751	0.08772433854036832
64.801	0.08772473152720614
64.851	0.08772512377464019
64.901	0.0877255152826976
64.951	0.08772590605142307
65.001	0.08772629608087858
65.051	0.08772668537114331
65.101	0.08772707392231346
65.151	0.08772746173450217
65.201	0.08772784880783926
65.251	0.08772823514247115
65.301	0.08772862073856066
65.351	0.08772900559628698
65.401	0.08772938971584532
65.451	0.08772977309744696
65.501	0.087730155741319
65.551	0.08773053764770422
65.601	0.08773091881686094
65.651	0.08773129924906291
65.701	0.0877316789445991
65.751	0.08773205790377363
65.801	0.08773243612690552
65.851	0.0877328136143287
65.901	0.08773319036639171
65.951	0.08773356638345767
66.001	0.08773394166590405
66.051	0.08773431621412263
66.101	0.08773469002851926
66.151	0.0877350631095138
66.201	0.08773543545753992
66.251	0.087735807073045
66.301	0.08773617795648997
66.351	0.08773654810834919
66.401	0.08773691752911031
66.451	0.08773728621927411
66.501	0.0877376541793544
66.551	0.08773802140987788
66.601	0.08773838791138397
66.651	0.08773875368442471
66.701	0.08773911872956465
66.751	0.08773948304738065
66.801	0.08773984663846177
66.851	0.08774020950340922
66.901	0.08774057164283611
66.951	0.0877409330573674
67.001	0.08774129374763973
67.051	0.08774165371430133
67.101	0.08774201295801186
67.151	0.08774237147944229
67.201	0.08774272927927479
67.251	0.08774308635820259
67.301	0.08774344271692985
67.351	0.08774379835617155
67.401	0.08774415327665337
67.451	0.08774450747911153
67.501	0.08774486096429272
67.551	0.08774521373295398
67.601	0.08774556578586248
67.651	0.08774591712379554
67.701	0.08774626774754042
67.751	0.08774661765789422
67.801	0.0877469668556638
67.851	0.08774731534166559
67.901	0.08774766311672554
67.951	0.08774801018167894
68.001	0.08774835653737041
68.051	0.08774870218465367
68.101	0.08774904712439147
68.151	0.0877493913574555
68.201	0.08774973488472629
68.251	0.08775007770709299
68.301	0.0877504198254534
68.351	0.08775076124071375
68.401	0.0877511019537887
68.451	0.08775144196560108
68.501	0.08775178127708196
68.551	0.08775211988917037
68.601	0.08775245780281331
68.651	0.0877527950189656
68.701	0.08775313153858981
68.751	0.08775346736265609
68.801	0.08775380249214211
68.851	0.08775413692803294
68.901	0.08775447067132099
68.951	0.08775480372300581
69.001	0.08775513608409415
69.051	0.08775546775559964
69.101	0.0877557987385429
69.151	0.08775612903395132
69.201	0.087756458642859
69.251	0.0877567875663066
69.301	0.08775711580534136
69.351	0.08775744336101687
69.401	0.08775777023439305
69.451	0.08775809642653605
69.501	0.08775842193851811
69.551	0.08775874677141754
69.601	0.08775907092631854
69.651	0.08775939440431119
69.701	0.08775971720649128
69.751	0.0877600393339603
69.801	0.08776036078782527
69.851	0.08776068156919871
69.901	0.08776100167919851
69.951	0.08776132111894784
70.001	0.08776163988957512
70.051	0.08776195799221388
70.101	0.08776227542800268
70.151	0.08776259219808498
70.201	0.0877629083036092
70.251	0.08776322374572842
70.301	0.08776353852560052
70.351	0.08776385264438794
70.401	0.08776416610325762
70.451	0.08776447890338096
70.501	0.08776479104593375
70.551	0.08776510253209603
70.601	0.08776541336305206
70.651	0.08776572353999017
70.701	0.08776603306410277
70.751	0.08776634193658624
70.801	0.0877666501586408
70.851	0.0877669577314705
70.901	0.08776726465628312
70.951	0.08776757093429009
71.001	0.08776787656670638
71.051	0.08776818155475051
71.101	0.0877684858996444
71.151	0.0877687896026133
71.201	0.08776909266488579
71.251	0.08776939508769362
71.301	0.08776969687227165
71.351	0.08776999801985787
71.401	0.0877702985316932
71.451	0.08777059840902149
71.501	0.08777089765308947
71.551	0.08777119626514662
71.601	0.08777149424644513
71.651	0.08777179159823988
71.701	0.08777208832178826
71.751	0.08777238441835022
71.801	0.08777267988918813
71.851	0.08777297473556675
71.901	0.08777326895875315
71.951	0.08777356256001664
72.001	0.08777385554062872
72.051	0.08777414790186301
72.101	0.08777443964499518
72.151	0.08777473077130292
72.201	0.08777502128206582
72.251	0.08777531117856538
72.301	0.08777560046208487
72.351	0.08777588913390934
72.401	0.0877761771953255
72.451	0.08777646464762176
72.501	0.08777675149208802
72.551	0.08777703773001576
72.601	0.08777732336269788
72.651	0.0877776083914287
72.701	0.08777789281750388
72.751	0.08777817664222039
72.801	0.08777845986687638
72.851	0.08777874249277125
72.901	0.08777902452120545
72.951	0.08777930595348057
73.001	0.08777958679089917
73.051	0.08777986703476481
73.101	0.08778014668638194
73.151	0.08778042574705587
73.201	0.08778070421809273
73.251	0.0877809821007994
73.301	0.08778125939648347
73.351	0.08778153610645321
73.401	0.08778181223201746
73.451	0.08778208777448566
73.501	0.08778236273516773
73.551	0.0877826371153741
73.601	0.08778291091641553
73.651	0.08778318413960326
73.701	0.08778345678624878
73.751	0.08778372885766389
73.801	0.08778400035516058
73.851	0.0877842712800511
73.901	0.08778454163364778
73.951	0.08778481141726308
74.001	0.08778508063220948
74.051	0.08778534927979954
74.101	0.08778561736134571
74.151	0.08778588487816044
74.201	0.08778615183155601
74.251	0.08778641822284457
74.301	0.08778668405333807
74.351	0.08778694932434822
74.401	0.08778721403718644
74.451	0.08778747819316386
74.501	0.08778774179359125
74.551	0.08778800483977897
74.601	0.08778826733303693
74.651	0.08778852927467463
74.701	0.087788790666001
74.751	0.08778905150832444
74.801	0.0877893118029528
74.851	0.08778957155119327
74.901	0.08778983075435241
74.951	0.08779008941373607
75.001	0.08779034753064942
75.051	0.08779060510639682
75.101	0.08779086214228185
75.151	0.08779111863960729
75.201	0.08779137459967501
75.251	0.08779163002378604
75.301	0.08779188491324046
75.351	0.08779213926933738
75.401	0.08779239309337493
75.451	0.08779264638665023
75.501	0.08779289915045932
75.551	0.0877931513860972
75.601	0.0877934030948577
75.651	0.08779365427803357
75.701	0.08779390493691631
75.751	0.0877941550727963
75.801	0.08779440468696263
75.851	0.08779465378070316
75.901	0.08779490235530442
75.951	0.0877951504120517
76.001	0.08779539795222888
76.051	0.08779564497711848
76.101	0.08779589148800165
76.151	0.08779613748615811
76.201	0.0877963829728661
76.251	0.08779662794940243
76.301	0.08779687241704237
76.351	0.0877971163770597
76.401	0.08779735983072662
76.451	0.08779760277931375
76.501	0.08779784522409016
76.551	0.08779808716632324
76.601	0.08779832860727879
76.651	0.08779856954822089
76.701	0.08779880999041195
76.751	0.08779904993511269
76.801	0.08779928938358203
76.851	0.08779952833707723
76.901	0.08779976679685367
76.951	0.08780000476416498
77.001	0.08780024224026299
77.051	0.08780047922639765
77.101	0.08780071572381705
77.151	0.08780095173376741
77.201	0.08780118725749307
77.251	0.0878014222962364
77.301	0.08780165685123786
77.351	0.08780189092373596
77.401	0.08780212451496722
77.451	0.08780235762616614
77.501	0.08780259025856527
77.551	0.08780282241339506
77.601	0.08780305409188395
77.651	0.08780328529525833
77.701	0.08780351602474244
77.751	0.08780374628155851
77.801	0.08780397606692658
77.851	0.08780420538206461
77.901	0.08780443422818839
77.951	0.08780466260651153
78.001	0.08780489051824548
78.051	0.08780511796459954
78.101	0.08780534494678073
78.151	0.0878055714659939
78.201	0.08780579752344161
78.251	0.08780602312032425
78.301	0.08780624825783986
78.351	0.08780647293718429
78.401	0.087806697159551
78.451	0.08780692092613124
78.501	0.08780714423811388
78.551	0.08780736709668549
78.601	0.08780758950303032
78.651	0.0878078114583302
78.701	0.08780803296376466
78.751	0.08780825402051083
78.801	0.08780847462974345
78.851	0.08780869479263487
78.901	0.087808914510355
78.951	0.08780913378407137
79.001	0.08780935261494907
79.051	0.08780957100415072
79.101	0.08780978895283653
79.151	0.08781000646216422
79.201	0.08781022353328904
79.251	0.08781044016736379
79.301	0.08781065636553873
79.351	0.08781087212896166
79.401	0.08781108745877787
79.451	0.08781130235613012
79.501	0.08781151682215867
79.551	0.08781173085800119
79.601	0.08781194446479289
79.651	0.08781215764366637
79.701	0.08781237039575172
79.751	0.08781258272217642
79.801	0.0878127946240654
79.851	0.08781300610254103
79.901	0.08781321715872309
79.951	0.08781342779372873
80.001	0.08781363800867255
80.051	0.08781384780466653
80.101	0.08781405718282004
80.151	0.08781426614423982
80.201	0.08781447469003001
80.251	0.08781468282129212
80.301	0.08781489053912502
80.351	0.0878150978446249
80.401	0.08781530473888542
80.451	0.08781551122299747
80.501	0.08781571729804936
80.551	0.08781592296512672
80.601	0.0878161282253125
80.651	0.08781633307968702
80.701	0.0878165375293279
80.751	0.08781674157531012
80.801	0.08781694521870594
80.851	0.08781714846058494
80.901	0.08781735130201407
80.951	0.08781755374405753
81.001	0.08781775578777685
81.051	0.08781795743423089
81.101	0.08781815868447575
81.151	0.08781835953956488
81.201	0.08781856000054902
81.251	0.08781876006847619
81.301	0.08781895974439172
81.351	0.08781915902933819
81.401	0.08781935792435552
81.451	0.08781955643048088
81.501	0.08781975454874873
81.551	0.08781995228019081
81.601	0.08782014962583616
81.651	0.08782034658671108
81.701	0.08782054316383914
81.751	0.0878207393582412
81.801	0.0878209351709354
81.851	0.08782113060293713
81.901	0.08782132565525907
81.951	0.08782152032891119
82.001	0.0878217146249007
82.051	0.0878219085442321
82.101	0.08782210208790715
82.151	0.08782229525692489
82.201	0.08782248805228163
82.251	0.08782268047497094
82.301	0.08782287252598368
82.351	0.08782306420630798
82.401	0.0878232555169292
82.451	0.08782344645883003
82.501	0.08782363703299038
82.551	0.08782382724038751
82.601	0.08782401708199584
82.651	0.08782420655878719
82.701	0.08782439567173053
82.751	0.08782458442179221
82.801	0.08782477280993581
82.851	0.0878249608371222
82.901	0.0878251485043095
82.951	0.08782533581245318
83.001	0.08782552276250591
83.051	0.08782570935541771
83.101	0.08782589559213586
83.151	0.08782608147360492
83.201	0.08782626700076678
83.251	0.08782645217456055
83.301	0.08782663699592269
83.351	0.08782682146578698
83.401	0.08782700558508441
83.451	0.08782718935474336
83.501	0.08782737277568946
83.551	0.08782755584884566
83.601	0.08782773857513224
83.651	0.08782792095546675
83.701	0.08782810299076407
83.751	0.08782828468193643
83.801	0.08782846602989332
83.851	0.0878286470355416
83.901	0.08782882769978542
83.951	0.08782900802352629
84.001	0.08782918800766304
84.051	0.08782936765309184
84.101	0.08782954696070616
84.151	0.08782972593139686
84.201	0.08782990456605212
84.251	0.08783008286555748
84.301	0.08783026083079583
84.351	0.08783043846264739
84.401	0.08783061576198978
84.451	0.08783079272969795
84.501	0.08783096936664424
84.551	0.08783114567369835
84.601	0.08783132165172734
84.651	0.08783149730159567
84.701	0.08783167262416519
84.751	0.08783184762029511
84.801	0.08783202229084204
84.851	0.08783219663665998
84.901	0.08783237065860035
84.951	0.08783254435751196
85.001	0.08783271773424102
85.051	0.08783289078963116
85.101	0.08783306352452344
85.151	0.08783323593975632
85.201	0.0878334080361657
85.251	0.08783357981458488
85.301	0.08783375127584465
85.351	0.08783392242077322
85.401	0.0878340932501962
85.451	0.08783426376493671
85.501	0.08783443396581528
85.551	0.08783460385364994
85.601	0.08783477342925615
85.651	0.08783494269344685
85.701	0.08783511164703248
85.751	0.0878352802908209
85.801	0.08783544862561753
85.851	0.0878356166522252
85.901	0.08783578437144429
85.951	0.08783595178407269
86.001	0.08783611889090574
86.051	0.08783628569273634
86.101	0.08783645219035488
86.151	0.08783661838454929
86.201	0.08783678427610499
86.251	0.08783694986580498
86.301	0.08783711515442977
86.351	0.08783728014275742
86.401	0.08783744483156354
86.451	0.0878376092216213
86.501	0.0878377733137014
86.551	0.08783793710857216
86.601	0.0878381006069994
86.651	0.08783826380974659
86.701	0.08783842671757473
86.751	0.08783858933124244
86.801	0.08783875165150593
86.851	0.08783891367911899
86.901	0.08783907541483302
86.951	0.08783923685939704
87.001	0.08783939801355771
87.051	0.08783955887805928
87.101	0.08783971945364363
87.151	0.08783987974105031
87.201	0.08784003974101647
87.251	0.08784019945427692
87.301	0.08784035888156413
87.351	0.08784051802360825
87.401	0.08784067688113704
87.451	0.08784083545487599
87.501	0.08784099374554823
87.551	0.0878411517538746
87.601	0.0878413094805736
87.651	0.08784146692636145
87.701	0.08784162409195206
87.751	0.08784178097805706
87.801	0.08784193758538579
87.851	0.08784209391464529
87.901	0.08784224996654036
87.951	0.08784240574177352
88.001	0.08784256124104502
88.051	0.08784271646505287
88.101	0.08784287141449282
88.151	0.0878430260900584
88.201	0.08784318049244086
88.251	0.08784333462232927
88.301	0.08784348848041044
88.351	0.08784364206736901
88.401	0.08784379538388737
88.451	0.08784394843064569
88.501	0.087844101208322
88.551	0.08784425371759211
88.601	0.08784440595912962
88.651	0.08784455793360599
88.701	0.0878447096416905
88.751	0.08784486108405025
88.801	0.08784501226135019
88.851	0.08784516317425313
88.901	0.0878453138234197
88.951	0.08784546420950842
89.001	0.08784561433317568
89.051	0.08784576419507574
89.101	0.0878459137958607
89.151	0.08784606313618058
89.201	0.08784621221668333
89.251	0.08784636103801471
89.301	0.08784650960081847
89.351	0.08784665790573623
89.401	0.08784680595340752
89.451	0.08784695374446982
89.501	0.08784710127955854
89.551	0.08784724855930699
89.601	0.0878473955843465
89.651	0.08784754235530626
89.701	0.0878476888728135
89.751	0.08784783513749334
89.801	0.08784798114996892
89.851	0.08784812691086136
89.901	0.08784827242078971
89.951	0.08784841768037108
90.001	0.08784856269022052
90.051	0.08784870745095112
90.101	0.08784885196317395
90.151	0.08784899622749812
90.201	0.08784914024453074
90.251	0.08784928401487695
90.301	0.08784942753913995
90.351	0.08784957081792097
90.401	0.08784971385181928
90.451	0.08784985664143219
90.501	0.0878499991873551
90.551	0.08785014149018147
90.601	0.08785028355050283
90.651	0.08785042536890877
90.701	0.08785056694598702
90.751	0.08785070828232333
90.801	0.08785084937850161
90.851	0.08785099023510386
90.901	0.08785113085271015
90.951	0.08785127123189874
91.001	0.08785141137324595
91.051	0.08785155127732629
91.101	0.08785169094471236
91.151	0.08785183037597491
91.201	0.08785196957168287
91.251	0.08785210853240331
91.301	0.08785224725870144
91.351	0.08785238575114068
91.401	0.0878525240102826
91.451	0.08785266203668696
91.501	0.0878527998309117
91.551	0.08785293739351296
91.601	0.0878530747250451
91.651	0.08785321182606064
91.701	0.08785334869711037
91.751	0.08785348533874325
91.801	0.08785362175150652
91.851	0.08785375793594558
91.901	0.08785389389260413
91.951	0.0878540296220241
92.001	0.08785416512474566
92.051	0.08785430040130722
92.101	0.08785443545224551
92.151	0.08785457027809547
92.201	0.08785470487939034
92.251	0.08785483925666165
92.301	0.08785497341043921
92.351	0.08785510734125113
92.401	0.0878552410496238
92.451	0.08785537453608193
92.501	0.08785550780114855
92.551	0.087855640845345
92.601	0.08785577366919094
92.651	0.08785590627320437
92.701	0.08785603865790162
92.751	0.08785617082379737
92.801	0.08785630277140465
92.851	0.08785643450123481
92.901	0.08785656601379763
92.951	0.08785669730960119
93.001	0.08785682838915197
93.051	0.08785695925295484
93.101	0.08785708990151303
93.151	0.08785722033532818
93.201	0.08785735055490031
93.251	0.08785748056072787
93.301	0.08785761035330768
93.351	0.087857739933135
93.401	0.08785786930070351
93.451	0.08785799845650531
93.501	0.08785812740103092
93.551	0.08785825613476932
93.601	0.08785838465820792
93.651	0.08785851297183257
93.701	0.08785864107612759
93.751	0.08785876897157577
93.801	0.08785889665865834
93.851	0.08785902413785503
93.901	0.08785915140964401
93.951	0.08785927847450196
94.001	0.08785940533290407
94.051	0.08785953198532397
94.101	0.08785965843223383
94.151	0.08785978467410432
94.201	0.08785991071140463
94.251	0.08786003654460244
94.301	0.08786016217416395
94.351	0.08786028760055395
94.401	0.0878604128242357
94.451	0.08786053784567102
94.501	0.08786066266532029
94.551	0.0878607872836424
94.601	0.08786091170109483
94.651	0.08786103591813364
94.701	0.08786115993521341
94.751	0.08786128375278732
94.801	0.08786140737130711
94.851	0.08786153079122314
94.901	0.0878616540129843
94.951	0.08786177703703814
95.001	0.08786189986383076
95.051	0.08786202249380691
95.101	0.08786214492740989
95.151	0.08786226716508165
95.201	0.08786238920726279
95.251	0.08786251105439247
95.301	0.08786263270690854
95.351	0.08786275416524746
95.401	0.08786287542984433
95.451	0.08786299650113291
95.501	0.0878631173795456
95.551	0.08786323806551345
95.601	0.08786335855946621
95.651	0.08786347886183225
95.701	0.08786359897303866
95.751	0.08786371889351118
95.801	0.08786383862367421
95.851	0.08786395816395087
95.901	0.08786407751476301
95.951	0.08786419667653109
96.001	0.08786431564967434
96.051	0.08786443443461069
96.101	0.08786455303175673
96.151	0.08786467144152786
96.201	0.08786478966433812
96.251	0.08786490770060033
96.301	0.08786502555072603
96.351	0.08786514321512547
96.401	0.08786526069420768
96.451	0.08786537798838043
96.501	0.08786549509805021
96.551	0.08786561202362232
96.601	0.0878657287655008
96.651	0.08786584532408843
96.701	0.08786596169978682
96.751	0.08786607789299627
96.801	0.08786619390411597
96.851	0.08786630973354381
96.901	0.08786642538167651
96.951	0.08786654084890957
97.001	0.08786665613563732
97.051	0.08786677124225284
97.101	0.08786688616914806
97.151	0.08786700091671375
97.201	0.08786711548533942
97.251	0.08786722987541347
97.301	0.08786734408732311
97.351	0.08786745812145438
97.401	0.08786757197819216
97.451	0.08786768565792015
97.501	0.08786779916102093
97.551	0.08786791248787593
97.601	0.0878680256388654
97.651	0.08786813861436847
97.701	0.08786825141476315
97.751	0.0878683640404263
97.801	0.08786847649173365
97.851	0.08786858876905984
97.901	0.08786870087277833
97.951	0.08786881280326153
98.001	0.0878689245608807
98.051	0.08786903614600602
98.101	0.08786914755900656
98.151	0.08786925880025026
98.201	0.08786936987010405
98.251	0.08786948076893367
98.301	0.08786959149710387
98.351	0.08786970205497824
98.401	0.08786981244291936
98.451	0.08786992266128871
98.501	0.0878700327104467
98.551	0.08787014259075268
98.601	0.08787025230256494
98.651	0.08787036184624072
98.701	0.08787047122213623
98.751	0.08787058043060658
98.801	0.0878706894720059
98.851	0.08787079834668723
98.901	0.08787090705500263
98.951	0.08787101559730305
99.001	0.08787112397393851
99.051	0.08787123218525793
99.101	0.08787134023160925
99.151	0.0878714481133394
99.201	0.08787155583079428
99.251	0.08787166338431879
99.301	0.08787177077425684
99.351	0.08787187800095132
99.401	0.08787198506474415
99.451	0.08787209196597624
99.501	0.08787219870498751
99.551	0.08787230528211694
99.601	0.08787241169770246
99.651	0.08787251795208108
99.701	0.08787262404558883
99.751	0.08787272997856076
99.801	0.08787283575133094
99.851	0.08787294136423253
99.901	0.08787304681759768
99.951	0.08787315211175763