0.001	1.1538465572174137e-8
0.051	0.00001733003395062031
0.101	0.00005932566596728728
0.151	0.00012123781189915785
0.201	0.00020050388396130247
0.251	0.0002953331548993647
0.301	0.0004043464947772379
0.351	0.0005264227507606636
0.401	0.0006606182201347773
0.451	0.0008061189929672272
0.501	0.0009622103532286083
0.551	0.0011282559388347646
0.601	0.0013036828969691305
0.651	0.0014879709294146786
0.701	0.001680643973774656
0.751	0.0018812637349928185
0.801	0.0020894245544137
0.851	0.0023047492700064096
0.901	0.002526885826852562
0.951	0.0027555044661073174
1.001	0.00299029536722858
1.051	0.0032309666504616676
1.101	0.0034772426693031665
1.151	0.0037288625390395616
1.201	0.003985578859450794
1.251	0.004247156598694142
1.301	0.004513372112119157
1.351	0.00478401227491244
1.401	0.005058873711451998
1.451	0.005337762107362379
1.501	0.0056204915927177265
1.551	0.0059068841867960355
1.601	0.006196769296359056
1.651	0.006489983260704195
1.701	0.006786368937771852
1.751	0.007085775326442992
1.801	0.0073880572208651725
1.851	0.007693074893229791
1.901	0.008000693801911912
1.951	0.008310784322294472
2.001	0.008623221497945241
2.051	0.00893788481010893
2.101	0.009254657963727311
2.151	0.009573428688414608
2.201	0.009894088552999511
2.251	0.010216532792404
2.301	0.01054066014576659
2.351	0.010866372704836924
2.401	0.011193575771772693
2.451	0.01152217772556069
2.501	0.011852089896363516
2.551	0.012183226447163515
2.601	0.012515504262137211
2.651	0.012848842841248202
2.701	0.013183164200594708
2.751	0.013518392778091063
2.801	0.013854455344100595
2.851	0.014191280916671517
2.901	0.014528800681057986
2.951	0.014866947913235791
3.001	0.015205657907146784
3.051	0.015544867905428151
3.101	0.015884517033402646
3.151	0.016224546236123818
3.201	0.016564898218286574
3.251	0.01690551738682815
3.301	0.01724634979605794
3.351	0.017587343095166748
3.401	0.017928446477977224
3.451	0.018269610634807178
3.501	0.01861078770632676
3.551	0.018951931239299002
3.601	0.019292996144100707
3.651	0.019633938653928006
3.701	0.019974716285597202
3.751	0.020315287801857564
3.801	0.0206556131751382
3.851	0.02099565355265624
3.901	0.02133537122281816
3.951	0.0216747295828504
4.001	0.02201369310759948
4.051	0.02235222731944536
4.101	0.022690298759275383
4.151	0.023027874958469096
4.201	0.023364924411847374
4.251	0.023701416551541885
4.301	0.024037321721743457
4.351	0.024372611154290378
4.401	0.024707256945059732
4.451	0.025041232031126983
4.501	0.025374510168660953
4.551	0.02570706591152308
4.601	0.026038874590541508
4.651	0.0263699122934322
4.701	0.026700155845340596
4.751	0.02702958278997883
4.801	0.02735817137133473
4.851	0.027685900515930076
4.901	0.028012749815606634
4.951	0.02833869951081969
5.001	0.02866373047441965
5.051	0.02898782419590334
5.101	0.029310962766117412
5.151	0.0296331288623972
5.201	0.02995430573412509
5.251	0.030274477188693198
5.301	0.03059362757785588
5.351	0.03091174178445831
5.401	0.031228805209527827
5.451	0.031544803759715495
5.501	0.03185972383507584
5.551	0.03217355231717319
5.601	0.03248627655750359
5.651	0.0327978843662218
5.701	0.03310836400116318
5.751	0.03341770415715083
5.801	0.03372589395557872
5.851	0.03403292293426187
5.901	0.03433878103754505
5.951	0.034643458606661875
6.001	0.03494694637033635
6.051	0.03524923543561938
6.101	0.03555031727895294
6.151	0.03585018373745504
6.201	0.03614882700041866
6.251	0.036446239601018275
6.301	0.036742414408217836
6.351	0.037037344618874105
6.401	0.03733102375002976
6.451	0.037623445631390584
6.501	0.0379146043979816
6.551	0.0382044944829768
6.601	0.038493110610697774
6.651	0.03878044778977621
6.701	0.039066501306475876
6.751	0.03935126671816957
6.801	0.03963473984696667
6.851	0.03991691677348738
6.901	0.040197793830779364
6.951	0.040477367598373185
7.001	0.04075563489647273
7.051	0.041032592780276926
7.101	0.041308238534429456
7.151	0.04158256966759292
7.201	0.04185558390714429
7.251	0.04212727919398855
7.301	0.042397653677487324
7.351	0.042666705710499665
7.401	0.04293443384453216
7.451	0.04320083682499547
7.501	0.043465913586564715
7.551	0.043729663248641124
7.601	0.043992085110912335
7.651	0.044253178649008997
7.701	0.044512943510255316
7.751	0.044771379509511135
7.801	0.04502848662510344
7.851	0.045284264994845155
7.901	0.045538714912138956
7.951	0.04579183682216426
8.001	0.04604363131814536
8.051	0.04629409913769869
8.101	0.04654324115925755
8.151	0.04679105839857226
8.201	0.04703755200528416
8.251	0.0472827232595717
8.301	0.04752657356886691
8.351	0.04776910446464068
8.401	0.0480103175992553
8.451	0.048250214742882686
8.501	0.04848879778048683
8.551	0.048726068708869065
8.601	0.04896202963377467
8.651	0.049196682767059484
8.701	0.04943003042391524
8.751	0.049662075020152276
8.801	0.0498928190695383
8.851	0.05012226518119212
8.901	0.050350416057031104
8.951	0.05057727448927105
9.001	0.0508028433579776
9.051	0.051027125628667805
9.101	0.05125012434996102
9.151	0.0514718426512779
9.201	0.05169228374058655
9.251	0.05191145090219479
9.301	0.05212934749458764
9.351	0.052345976948308955
9.401	0.05256134276388638
9.451	0.052775448509798706
9.501	0.052988297820484684
9.551	0.053199894394392495
9.601	0.05341024199206906
9.651	0.053619344434288264
9.701	0.053827205600217407
9.751	0.05403382942562103
9.801	0.0542392199011014
9.851	0.05444338107037486
9.901	0.05464631702858334
9.951	0.05484803192064035
10.001	0.05504852993961071
10.051	0.05524781532512333
10.101	0.05544589236181649
10.151	0.055642765377814755
10.201	0.05583843874323716
10.251	0.05603291686873585
10.301	0.056226204204064566
10.351	0.0564183052366766
10.401	0.05660922449035134
10.451	0.05679896652384911
10.501	0.056987535929593505
10.551	0.057174937332380944
10.601	0.05736117538811668
10.651	0.05754625478257687
10.701	0.05773018023019619
10.751	0.05791295647288045
10.801	0.05809458827884379
10.851	0.05827508044146994
10.901	0.05845443777819704
10.951	0.05863266512942573
11.001	0.0588097673574498
11.051	0.05898574934540924
11.101	0.05916061599626509
11.151	0.0593343722317957
11.201	0.05950702299161401
11.251	0.059678573232205545
11.301	0.05984902792598649
11.351	0.06001839206038173
11.401	0.06018667063692231
11.451	0.06035386867036201
11.501	0.06051999118781263
11.551	0.06068504322789771
11.601	0.060849029839924275
11.651	0.06101195608307224
11.701	0.06117382702560125
11.751	0.06133464774407449
11.801	0.06149442332259931
11.851	0.06165315885208415
11.901	0.061810859429511686
11.951	0.06196753015722766
12.001	0.062123176142245315
12.051	0.06227780249556499
12.101	0.06243141433150869
12.151	0.06258401676706925
12.201	0.06273561492127398
12.251	0.06288621391456234
12.301	0.0630358188681775
12.351	0.06318443490357152
12.401	0.06333206714182384
12.451	0.06347872070307291
12.501	0.06362440070596062
12.551	0.06376911226708942
12.601	0.06391286050049176
12.651	0.06405565051711172
12.701	0.06419748742429858
12.751	0.06433837632531203
12.801	0.06447832231883902
12.851	0.06461733049852171
12.901	0.06475540595249668
12.951	0.06489255376294487
13.001	0.06502877900565218
13.051	0.06516408674958073
13.101	0.06529848205645017
13.151	0.06543196998032921
13.201	0.06556455556723707
13.251	0.0656962438547545
13.301	0.06582703987164458
13.351	0.06595694863748265
13.401	0.06608597516229558
13.451	0.06621412444621004
13.501	0.06634140147910957
13.551	0.06646781124030042
13.601	0.06659335869818586
13.651	0.06671804880994892
13.701	0.06684188652124325
13.751	0.06696487676589223
13.801	0.06708702446559582
13.851	0.06720833452964527
13.901	0.0673288118546454
13.951	0.0674484613242445
14.001	0.06756728780887142
14.051	0.06768529616547994
14.101	0.06780249123730026
14.151	0.06791887785359736
14.201	0.06803446082943622
14.251	0.06814924496545371
14.301	0.06826323504763714
14.351	0.068376435847109
14.401	0.06848885211991838
14.451	0.06860048860683832
14.501	0.06871135003316933
14.551	0.06882144110854892
14.601	0.06893076652676698
14.651	0.06903933096558683
14.701	0.06914713908657208
14.751	0.06925419553491884
14.801	0.06936050493929351
14.851	0.06946607191167581
14.901	0.0695709010472071
14.951	0.0696749969240438
15.001	0.06977836410321585
15.051	0.06988100712849007
15.101	0.06998293052623845
15.151	0.07008413880531111
15.201	0.070184636456914
15.251	0.07028442795449102
15.301	0.07038351775361086
15.351	0.070481910291858
15.401	0.0705796099887282
15.451	0.07067662124552808
15.501	0.070772948445279
15.551	0.07086859595262483
15.601	0.0709635681137439
15.651	0.07105786925626466
15.701	0.07115150368918537
15.751	0.07124447570279742
15.801	0.07133678956861236
15.851	0.07142844953929259
15.901	0.07151945984858553
15.951	0.0716098247112613
16.001	0.07169954832305384
16.051	0.07178863486060526
16.101	0.07187708848141354
16.151	0.07196491332378345
16.201	0.07205211350678058
16.251	0.07213869313018834
16.301	0.07222465627446825
16.351	0.07231000700072288
16.401	0.07239474935066184
16.451	0.07247888734657067
16.501	0.0725624249912823
16.551	0.07264536626815145
16.601	0.07272771514103153
16.651	0.07280947555425425
16.701	0.07289065143261178
16.751	0.07297124668134128
16.801	0.07305126518611213
16.851	0.0731307108130153
16.901	0.07320958740855522
16.951	0.07328789879964395
17.001	0.0733656487935975
17.051	0.07344284117813446
17.101	0.07351947972137672
17.151	0.07359556817185232
17.201	0.07367111025850039
17.251	0.07374610969067803
17.301	0.07382057015816929
17.351	0.07389449533119592
17.401	0.0739678888604302
17.451	0.07404075437700941
17.501	0.07411309549255231
17.551	0.07418491579917724
17.601	0.074256218869522
17.651	0.07432700825676541
17.701	0.07439728749465054
17.751	0.07446706009750953
17.801	0.07453632956029
17.851	0.07460509935858292
17.901	0.07467337294865221
17.951	0.07474115376746548
18.001	0.07480844523272646
18.051	0.07487525074290875
18.101	0.07494157367729086
18.151	0.07500741739599277
18.201	0.07507278524001354
18.251	0.07513768053127044
18.301	0.07520210657263912
18.351	0.07526606664799512
18.401	0.07532956402225649
18.451	0.07539260194142758
18.501	0.07545518363264395
18.551	0.07551731230421836
18.601	0.07557899114568785
18.651	0.07564022332786181
18.701	0.07570101200287112
18.751	0.0757613603042182
18.801	0.07582127134682813
18.851	0.07588074822710052
18.901	0.07593979402296244
18.951	0.07599841179392225
19.001	0.0760566045811241
19.051	0.07611437540740346
19.101	0.07617172727734337
19.151	0.07622866317733144
19.201	0.07628518607561775
19.251	0.07634129892237332
19.301	0.07639700464974943
19.351	0.07645230617193755
19.401	0.07650720638523002
19.451	0.07656170816808139
19.501	0.07661581438117024
19.551	0.0766695278674619
19.601	0.07672285145227144
19.651	0.07677578794332754
19.701	0.0768283401308367
19.751	0.07688051078754808
19.801	0.07693230266881888
19.851	0.07698371851268018
19.901	0.0770347610399033
19.951	0.07708543295406657
20.001	0.07713573694162264
20.051	0.07718567567196617
20.101	0.07723525179750194
20.151	0.07728446795371338
20.201	0.0773333267592315
20.251	0.07738183081590415
20.301	0.07742998270886567
20.351	0.07747778500660688
20.401	0.0775252402610454
20.451	0.07757235100759628
20.501	0.0776191197652429
20.551	0.07766554903660819
20.601	0.07771164130802616
20.651	0.0777573990496136
20.701	0.07780282471534206
20.751	0.07784792074311012
20.801	0.07789268955481582
20.851	0.07793713355642928
20.901	0.07798125513806563
20.951	0.07802505667405793
21.001	0.07806854052303049
21.051	0.07811170902797217
21.101	0.07815456451630998
21.151	0.07819710929998262
21.201	0.07823934567551441
21.251	0.0782812759240891
21.301	0.07832290231162392
21.351	0.0783642270888437
21.401	0.07840525249135512
21.451	0.07844598073972091
21.501	0.07848641403953424
21.551	0.07852655458149319
21.601	0.07856640454147512
21.651	0.07860596608061125
21.701	0.07864524134536116
21.751	0.07868423246758739
21.801	0.07872294156463
21.851	0.07876137073938114
21.901	0.07879952208035972
21.951	0.07883739766178585
22.001	0.07887499954365561
22.051	0.07891232977181536
22.101	0.07894939037803647
22.151	0.07898618338008964
22.201	0.07902271078181942
22.251	0.07905897457321855
22.301	0.07909497673050227
22.351	0.07913071921618264
22.401	0.07916620397914266
22.451	0.0792014329547104
22.501	0.07923640806473303
22.551	0.07927113121765073
22.601	0.07930560430857053
22.651	0.0793398292193401
22.701	0.07937380781862131
22.751	0.07940754196196373
22.801	0.0794410334918781
22.851	0.07947428423790956
22.901	0.07950729601671076
22.951	0.07954007063211493
23.001	0.07957260987520871
23.051	0.07960491552440488
23.101	0.07963698934551496
23.151	0.07966883309182156
23.201	0.07970044850415074
23.251	0.0797318373109441
23.301	0.07976300122833062
23.351	0.07979394196019853
23.401	0.07982466119826687
23.451	0.07985516062215689
23.501	0.07988544189946331
23.551	0.07991550668582532
23.601	0.07994535662499748
23.651	0.07997499334892036
23.701	0.080004418477791
23.751	0.0800336336201332
23.801	0.08006264037286757
23.851	0.08009144032138137
23.901	0.08012003503959816
23.951	0.08014842609004724
24.001	0.0801766150239329
24.051	0.08020460338120333
24.101	0.08023239269061948
24.151	0.08025998446982359
24.201	0.08028738022540749
24.251	0.0803145814529807
24.301	0.08034158963723836
24.351	0.08036840625202878
24.401	0.08039503276042084
24.451	0.08042147061477121
24.501	0.08044772125679121
24.551	0.08047378611761348
24.601	0.08049966661785843
24.651	0.08052536416770044
24.701	0.08055088016693371
24.751	0.08057621600503802
24.801	0.08060137306124415
24.851	0.08062635270459899
24.901	0.08065115629403051
24.951	0.08067578517841244
25.001	0.0807002406966286
25.051	0.08072452417763708
25.101	0.08074863694053414
25.151	0.0807725802946178
25.201	0.08079635553945116
25.251	0.08081996396492555
25.301	0.0808434068513233
25.351	0.08086668546938029
25.401	0.08088980108034825
25.451	0.08091275493605678
25.501	0.08093554827897503
25.551	0.08095818234227323
25.601	0.08098065834988383
25.651	0.08100297751656248
25.701	0.08102514104794861
25.751	0.08104715014062584
25.801	0.08106900598218204
25.851	0.08109070975126917
25.901	0.0811122626176628
25.951	0.08113366574232136
26.001	0.0811549202774452
26.051	0.08117602736653513
26.101	0.081196988144451
26.151	0.08121780373746974
26.201	0.08123847526334328
26.251	0.08125900383135609
26.301	0.08127939054238247
26.351	0.08129963648894359
26.401	0.08131974275526425
26.451	0.08133971041732926
26.501	0.08135954054293966
26.551	0.0813792341917686
26.601	0.08139879241541692
26.651	0.08141821625746849
26.701	0.08143750675354527
26.751	0.08145666493136204
26.801	0.08147569181078085
26.851	0.08149458840386524
26.901	0.08151335571493418
26.951	0.08153199474061562
27.001	0.0815505064698999
27.051	0.08156889188419277
27.101	0.08158715195736818
27.151	0.08160528765582079
27.201	0.08162329993851816
27.251	0.0816411897570527
27.301	0.08165895805569333
27.351	0.08167660577143683
27.401	0.08169413383405895
27.451	0.0817115431661652
27.501	0.0817288346832414
27.551	0.0817460092937039
27.601	0.08176306789894963
27.651	0.08178001139340568
27.701	0.08179684066457883
27.751	0.08181355659310459
27.801	0.0818301600527961
27.851	0.08184665191069275
27.901	0.08186303302710843
27.951	0.08187930425567959
28.001	0.08189546644341297
28.051	0.08191152043073316
28.101	0.0819274670515297
28.151	0.08194330713320407
28.201	0.08195904149671636
28.251	0.08197467095663163
28.301	0.0819901963211661
28.351	0.08200561839223286
28.401	0.0820209379654876
28.451	0.08203615583037378
28.501	0.08205127277016781
28.551	0.08206628956202369
28.601	0.08208120697701762
28.651	0.08209602578019215
28.701	0.08211074673060022
28.751	0.0821253705813488
28.801	0.08213989807964242
28.851	0.08215432996682628
28.901	0.08216866697842917
28.951	0.08218290984420618
29.001	0.08219705928818102
29.051	0.08221111602868822
29.101	0.08222508077841498
29.151	0.08223895424444273
29.201	0.08225273712828862
29.251	0.0822664301259465
29.301	0.08228003392792782
29.351	0.08229354921930221
29.401	0.08230697667973784
29.451	0.08232031698354147
29.501	0.08233357079969833
29.551	0.08234673879191162
29.601	0.08235982161864197
29.651	0.08237281993314641
29.701	0.0823857343835172
29.751	0.08239856561272055
29.801	0.08241131425863481
29.851	0.08242398095408865
29.901	0.08243656632689887
29.951	0.08244907099990804
30.001	0.08246149559102187
30.051	0.08247384071324625
30.101	0.08248610697472425
30.151	0.08249829497877272
30.201	0.08251040532391864
30.251	0.08252243860393536
30.301	0.0825343954078785
30.351	0.08254627632012165
30.401	0.08255808192039182
30.451	0.08256981278380471
30.501	0.08258146948089964
30.551	0.08259305257767437
30.601	0.08260456263561959
30.651	0.08261600021175328
30.701	0.08262736585865471
30.751	0.0826386601244984
30.801	0.08264988355308761
30.851	0.08266103668388784
30.901	0.08267212005205996
30.951	0.08268313418849317
31.001	0.08269407961983773
31.051	0.08270495686853747
31.101	0.08271576645286208
31.151	0.08272650888693917
31.201	0.08273718468078611
31.251	0.08274779434034174
31.301	0.08275833836749769
31.351	0.08276881726012962
31.401	0.08277923151212827
31.451	0.08278958161343014
31.501	0.08279986805004817
31.551	0.08281009130410198
31.601	0.08282025185384813
31.651	0.08283035017370996
31.701	0.08284038673430741
31.751	0.08285036200248652
31.801	0.08286027644134872
31.851	0.08287013051027997
31.901	0.08287992466497973
31.951	0.08288965935748957
32.001	0.0828993350362218
32.051	0.08290895214598766
32.101	0.08291851112802556
32.151	0.08292801242002894
32.201	0.08293745645617398
32.251	0.08294684366714712
32.301	0.08295617448017248
32.351	0.08296544931903889
32.401	0.0829746686041269
32.451	0.08298383275243551
32.501	0.08299294217760879
32.551	0.08300199728996217
32.601	0.08301099849650871
32.651	0.08301994620098507
32.701	0.08302884080387732
32.751	0.08303768270244659
32.801	0.0830464722907545
32.851	0.08305520995968846
32.901	0.08306389609698672
32.951	0.08307253108726331
33.001	0.08308111531203272
33.051	0.08308964914973448
33.101	0.0830981329757575
33.151	0.08310656716246433
33.201	0.08311495207921508
33.251	0.08312328809239136
33.301	0.08313157556541985
33.351	0.0831398148587959
33.401	0.08314800633010677
33.451	0.08315615033405484
33.501	0.08316424722248057
33.551	0.08317229734438532
33.601	0.08318030104595404
33.651	0.08318825867057768
33.701	0.08319617055887556
33.751	0.08320403704871754
33.801	0.08321185847524598
33.851	0.08321963517089755
33.901	0.08322736746542496
33.951	0.08323505568591842
34.001	0.08324270015682701
34.051	0.08325030119997985
34.101	0.08325785913460716
34.151	0.08326537427736112
34.201	0.0832728469423366
34.251	0.0832802774410917
34.301	0.08328766608266823
34.351	0.08329501317361188
34.401	0.0833023190179924
34.451	0.08330958391742352
34.501	0.08331680817108279
34.551	0.08332399207573124
34.601	0.08333113592573282
34.651	0.08333824001307387
34.701	0.0833453046273823
34.751	0.08335233005594661
34.801	0.08335931658373492
34.851	0.0833662644934137
34.901	0.08337317406536637
34.951	0.08338004557771192
35.001	0.08338687930632319
35.051	0.08339367552484511
35.101	0.0834004345047128
35.151	0.0834071565151695
35.201	0.08341384182328442
35.251	0.08342049069397035
35.301	0.08342710339000128
35.351	0.08343368017202975
35.401	0.08344022129860412
35.451	0.08344672702618576
35.501	0.08345319760916604
35.551	0.08345963329988318
35.601	0.08346603434863901
35.651	0.08347240100371565
35.701	0.08347873351139193
35.751	0.08348503211595977
35.801	0.08349129705974045
35.851	0.08349752858310072
35.901	0.08350372692446872
35.951	0.08350989232035
36.001	0.08351602500534307
36.051	0.08352212521215516
36.101	0.08352819317161768
36.151	0.0835342291127016
36.201	0.0835402332625327
36.251	0.08354620584640671
36.301	0.08355214708780437
36.351	0.08355805720840627
36.401	0.0835639364281077
36.451	0.08356978496503331
36.501	0.08357560303555166
36.551	0.08358139085428966
36.601	0.08358714863414689
36.651	0.0835928765863099
36.701	0.08359857492026619
36.751	0.08360424384381833
36.801	0.08360988356309779
36.851	0.08361549428257867
36.901	0.0836210762050915
36.951	0.08362662953183668
37.001	0.08363215446239798
37.051	0.08363765119475591
37.101	0.08364311992530093
37.151	0.08364856084884661
37.201	0.08365397415864267
37.251	0.08365936004638787
37.301	0.08366471870224287
37.351	0.08367005031484298
37.401	0.08367535507131073
37.451	0.08368063315726847
37.501	0.0836858847568507
37.551	0.08369111005271648
37.601	0.08369630922606164
37.651	0.08370148245663087
37.701	0.0837066299227298
37.751	0.08371175180123691
37.801	0.0837168482676154
37.851	0.08372191949592493
37.901	0.08372696565883325
37.951	0.08373198692762777
38.001	0.08373698347222708
38.051	0.08374195546119222
38.101	0.08374690306173808
38.151	0.08375182643974453
38.201	0.08375672575976752
38.251	0.08376160118505009
38.301	0.08376645287753337
38.351	0.08377128099786732
38.401	0.08377608570542153
38.451	0.08378086715829589
38.501	0.08378562551333113
38.551	0.08379036092611937
38.601	0.08379507355101445
38.651	0.08379976354114232
38.701	0.08380443104841126
38.751	0.083809076223522
38.801	0.08381369921597785
38.851	0.08381830017409464
38.901	0.08382287924501068
38.951	0.08382743657469655
39.001	0.08383197230796487
39.051	0.08383648658847993
39.101	0.0838409795587674
39.151	0.08384545136022367
39.201	0.08384990213312543
39.251	0.08385433201663894
39.301	0.0838587411488294
39.351	0.08386312966667002
39.401	0.08386749770605133
39.451	0.08387184540179006
39.501	0.08387617288763827
39.551	0.08388048029629212
39.601	0.08388476775940086
39.651	0.08388903540757543
39.701	0.0838932833703973
39.751	0.08389751177642696
39.801	0.08390172075321257
39.851	0.0839059104272984
39.901	0.08391008092423322
39.951	0.08391423236857865
40.001	0.08391836488391745
40.051	0.08392247859286171
40.101	0.08392657361706099
40.151	0.08393065007721036
40.201	0.08393470809305843
40.251	0.08393874778341529
40.301	0.08394276926616034
40.351	0.08394677265825015
40.401	0.08395075807572615
40.451	0.08395472563372233
40.501	0.08395867544647284
40.551	0.08396260762731957
40.601	0.08396652228871955
40.651	0.0839704195422525
40.701	0.0839742994986281
40.751	0.08397816226769328
40.801	0.08398200795843956
40.851	0.08398583667901013
40.901	0.083989648536707
40.951	0.08399344363799807
41.001	0.08399722208852413
41.051	0.08400098399310582
41.101	0.08400472945575047
41.151	0.08400845857965895
41.201	0.08401217146723247
41.251	0.08401586822007924
41.301	0.08401954893902118
41.351	0.08402321372410049
41.401	0.08402686267458619
41.451	0.08403049588898066
41.501	0.08403411346502603
41.551	0.08403771549971055
41.601	0.084041302089275
41.651	0.0840448733292189
41.701	0.08404842931430671
41.751	0.08405197013857411
41.801	0.08405549589533402
41.851	0.08405900667718269
41.901	0.08406250257600574
41.951	0.08406598368298414
42.001	0.08406945008860005
42.051	0.08407290188264281
42.101	0.08407633915421463
42.151	0.08407976199173643
42.201	0.08408317048295359
42.251	0.08408656471494151
42.301	0.08408994477411134
42.351	0.08409331074621552
42.401	0.0840966627163533
42.451	0.08410000076897621
42.501	0.08410332498789355
42.551	0.08410663545627772
42.601	0.08410993225666959
42.651	0.0841132154709838
42.701	0.08411648518051403
42.751	0.08411974146593815
42.801	0.08412298440732346
42.851	0.0841262140841318
42.901	0.08412943057522454
42.951	0.08413263395886775
43.001	0.08413582431273706
43.051	0.08413900171392272
43.101	0.08414216623893445
43.151	0.08414531796370632
43.201	0.08414845696360154
43.251	0.08415158331341734
43.301	0.08415469708738957
43.351	0.08415779835919754
43.401	0.08416088720196861
43.451	0.0841639636882828
43.501	0.08416702789017742
43.551	0.08417007987915161
43.601	0.08417311972617078
43.651	0.08417614750167117
43.701	0.08417916327556421
43.751	0.08418216711724096
43.801	0.08418515909557639
43.851	0.0841881392789338
43.901	0.08419110773516902
43.951	0.08419406453163467
44.001	0.08419700973518437
44.051	0.08419994341217694
44.101	0.08420286562848049
44.151	0.08420577644947654
44.201	0.08420867594006406
44.251	0.08421156416466358
44.301	0.08421444118722106
44.351	0.08421730707121196
44.401	0.08422016187964511
44.451	0.0842230056750666
44.501	0.0842258385195637
44.551	0.0842286604747686
44.601	0.08423147160186226
44.651	0.08423427196157815
44.701	0.08423706161420602
44.751	0.08423984061959551
44.801	0.08424260903715991
44.851	0.08424536692587972
44.901	0.08424811434430632
44.951	0.08425085135056545
45.001	0.08425357800236086
45.051	0.08425629435697772
45.101	0.08425900047128616
45.151	0.08426169640174473
45.201	0.08426438220440376
45.251	0.08426705793490877
45.301	0.0842697236485039
45.351	0.08427237940003512
45.401	0.08427502524395368
45.451	0.08427766123431923
45.501	0.08428028742480319
45.551	0.0842829038686919
45.601	0.08428551061888984
45.651	0.08428810772792279
45.701	0.08429069524794097
45.751	0.08429327323072212
45.801	0.08429584172767463
45.851	0.08429840078984054
45.901	0.08430095046789861
45.951	0.08430349081216733
46.001	0.08430602187260787
46.051	0.08430854369882701
46.101	0.08431105634008015
46.151	0.08431355984527411
46.201	0.08431605426297009
46.251	0.08431853964138644
46.301	0.08432101602840157
46.351	0.08432348347155669
46.401	0.0843259420180586
46.451	0.08432839171478246
46.501	0.08433083260827451
46.551	0.08433326474475478
46.601	0.08433568817011976
46.651	0.08433810292994506
46.701	0.08434050906948808
46.751	0.08434290663369054
46.801	0.0843452956671812
46.851	0.08434767621427829
46.901	0.08435004831899215
46.951	0.0843524120250277
47.001	0.08435476737578702
47.051	0.08435711441437171
47.101	0.08435945318358545
47.151	0.08436178372593638
47.201	0.08436410608363955
47.251	0.08436642029861931
47.301	0.08436872641251165
47.351	0.08437102446666661
47.401	0.08437331450215056
47.451	0.08437559655974855
47.501	0.08437787067996658
47.551	0.08438013690303388
47.601	0.08438239526890516
47.651	0.0843846458172629
47.701	0.08438688858751944
47.751	0.0843891236188193
47.801	0.08439135095004127
47.851	0.08439357061980063
47.901	0.08439578266645124
47.951	0.08439798712808771
48.001	0.08440018404254743
48.051	0.08440237344741273
48.101	0.08440455538001289
48.151	0.0844067298774262
48.201	0.08440889697648203
48.251	0.08441105671376278
48.301	0.0844132091256059
48.351	0.08441535424810588
48.401	0.0844174921171162
48.451	0.08441962276825128
48.501	0.08442174623688836
48.551	0.0844238625581695
48.601	0.08442597176700337
48.651	0.0844280738980672
48.701	0.08443016898580862
48.751	0.08443225706444747
48.801	0.0844343381679777
48.851	0.08443641233016909
48.901	0.08443847958456913
48.951	0.08444053996450475
49.001	0.08444259350308407
49.051	0.08444464023319824
49.101	0.08444668018752308
49.151	0.0844487133985208
49.201	0.08445073989844178
49.251	0.08445275971932621
49.301	0.08445477289300576
49.351	0.08445677945110525
49.401	0.08445877942504429
49.451	0.08446077284603895
49.501	0.0844627597451033
49.551	0.0844647401530511
49.601	0.08446671410049732
49.651	0.08446868161785975
49.701	0.08447064273536058
49.751	0.08447259748302788
49.801	0.08447454589069722
49.851	0.08447648798801313
49.901	0.08447842380443064
49.951	0.08448035336921675
50.001	0.08448227671145193
50.051	0.08448419386003161
50.101	0.08448610484366759
50.151	0.08448800969088949
50.201	0.08448990843004625
50.251	0.08449180108930744
50.301	0.08449368769666478
50.351	0.08449556827993344
50.401	0.08449744286675348
50.451	0.0844993114845912
50.501	0.08450117416074049
50.551	0.0845030309223242
50.601	0.08450488179629546
50.651	0.08450672680943902
50.701	0.08450856598837253
50.751	0.08451039935954786
50.801	0.08451222694925241
50.851	0.08451404878361034
50.901	0.08451586488858388
50.951	0.0845176752899746
51.001	0.08451948001342459
51.051	0.08452127908441773
51.101	0.08452307252828094
51.151	0.08452486037018536
51.201	0.08452664263514756
51.251	0.08452841934803074
51.301	0.0845301905335459
51.351	0.08453195621625303
51.401	0.08453371642056226
51.451	0.08453547117073501
51.501	0.08453722049088513
51.551	0.08453896440498007
51.601	0.0845407029368419
51.651	0.08454243611014858
51.701	0.08454416394843492
51.751	0.08454588647509373
51.801	0.08454760371337694
51.851	0.08454931568639659
51.901	0.08455102241712599
51.951	0.0845527239284007
52.001	0.08455442024291962
52.051	0.08455611138324601
52.101	0.08455779737180852
52.151	0.08455947823090224
52.201	0.08456115398268965
52.251	0.08456282464920169
52.301	0.08456449025233873
52.351	0.0845661508138715
52.401	0.08456780635544218
52.451	0.08456945689856528
52.501	0.08457110246462861
52.551	0.08457274307489426
52.601	0.08457437875049956
52.651	0.08457600951245796
52.701	0.08457763538166
52.751	0.08457925637887419
52.801	0.084580872524748
52.851	0.08458248383980867
52.901	0.08458409034446418
52.951	0.08458569205900411
53.001	0.0845872890036005
53.051	0.08458888119830875
53.101	0.0845904686630685
53.151	0.08459205141770446
53.201	0.08459362948192725
53.251	0.08459520287533431
53.301	0.08459677161741068
53.351	0.08459833572752981
53.401	0.08459989522495447
53.451	0.08460145012883745
53.501	0.0846030004582225
53.551	0.08460454623204502
53.601	0.08460608746913292
53.651	0.08460762418820736
53.701	0.08460915640788359
53.751	0.08461068414667168
53.801	0.0846122074229773
53.851	0.0846137262551025
53.901	0.08461524066124641
53.951	0.0846167506595061
54.001	0.08461825626787718
54.051	0.08461975750425466
54.101	0.0846212543864336
54.151	0.08462274693210987
54.201	0.08462423515888087
54.251	0.08462571908424624
54.301	0.08462719872560852
54.351	0.08462867410027392
54.401	0.08463014522545297
54.451	0.08463161211826123
54.501	0.08463307479571998
54.551	0.08463453327475683
54.601	0.08463598757220646
54.651	0.0846374377048113
54.701	0.08463888368922211
54.751	0.0846403255419987
54.801	0.08464176327961055
54.851	0.08464319691843747
54.901	0.0846446264747702
54.951	0.0846460519648111
55.001	0.08464747340467475
55.051	0.08464889081038852
55.101	0.08465030419789331
55.151	0.08465171358304402
55.201	0.08465311898161026
55.251	0.08465452040927689
55.301	0.08465591788164466
55.351	0.08465731141423076
55.401	0.08465870102246946
55.451	0.0846600867217126
55.501	0.0846614685272303
55.551	0.0846628464542114
55.601	0.08466422051776411
55.651	0.0846655907329165
55.701	0.08466695711461718
55.751	0.0846683196777357
55.801	0.08466967843706324
55.851	0.08467103340731302
55.901	0.08467238460312096
55.951	0.08467373203904613
56.001	0.08467507572957132
56.051	0.08467641568910357
56.101	0.08467775193197465
56.151	0.08467908447244162
56.201	0.08468041332468734
56.251	0.08468173850282096
56.301	0.08468306002087841
56.351	0.08468437789282296
56.401	0.08468569213254563
56.451	0.0846870027538658
56.501	0.08468830977053156
56.551	0.08468961319622027
56.601	0.08469091304453907
56.651	0.0846922093290253
56.701	0.08469350206314698
56.751	0.0846947912603033
56.801	0.08469607693382505
56.851	0.08469735909697515
56.901	0.084698637762949
56.951	0.08469991294487507
57.001	0.08470118465581518
57.051	0.0847024529087651
57.101	0.08470371771665494
57.151	0.08470497909234954
57.201	0.08470623704864898
57.251	0.08470749159828891
57.301	0.08470874275394115
57.351	0.0847099905282139
57.401	0.08471123493365235
57.451	0.08471247598273896
57.501	0.08471371368789397
57.551	0.08471494806147575
57.601	0.08471617911578123
57.651	0.08471740686304634
57.701	0.0847186313154463
57.751	0.08471985248509614
57.801	0.08472107038405108
57.851	0.0847222850243068
57.901	0.08472349641779998
57.951	0.08472470457640863
58.001	0.0847259095119524
58.051	0.08472711123619307
58.101	0.08472830976083488
58.151	0.08472950509752487
58.201	0.08473069725785332
58.251	0.08473188625335402
58.301	0.08473307209550476
58.351	0.08473425479572756
58.401	0.08473543436538913
58.451	0.08473661081580117
58.501	0.08473778415822074
58.551	0.0847389544038506
58.601	0.08474012156383959
58.651	0.08474128564928292
58.701	0.08474244667122253
58.751	0.08474360464064751
58.801	0.08474475956849427
58.851	0.08474591146564703
58.901	0.08474706034293808
58.951	0.08474820621114809
59.001	0.0847493490810065
59.051	0.08475048896319176
59.101	0.08475162586833174
59.151	0.08475275980700399
59.201	0.08475389078973607
59.251	0.08475501882700583
59.301	0.08475614392924181
59.351	0.08475726610682345
59.401	0.08475838537008144
59.451	0.08475950172929804
59.501	0.08476061519470733
59.551	0.08476172577649557
59.601	0.08476283348480146
59.651	0.0847639383297164
59.701	0.08476504032128489
59.751	0.08476613946950468
59.801	0.08476723578432717
59.851	0.08476832927565765
59.901	0.08476941995335556
59.951	0.08477050782723483
60.001	0.08477159290706408
60.051	0.08477267520256698
60.101	0.08477375472342248
60.151	0.08477483147926505
60.201	0.08477590547968504
60.251	0.08477697673422882
60.301	0.08477804525239921
60.351	0.08477911104365558
60.401	0.0847801741174142
60.451	0.08478123448304853
60.501	0.08478229214988937
60.551	0.08478334712722523
60.601	0.08478439942430248
60.651	0.08478544905032569
60.701	0.08478649601445783
60.751	0.08478754032582053
60.801	0.08478858199349436
60.851	0.08478962102651899
60.901	0.08479065743389351
60.951	0.08479169122457665
61.001	0.08479272240748702
61.051	0.0847937509915033
61.101	0.08479477698546457
61.151	0.08479580039817045
61.201	0.08479682123838139
61.251	0.08479783951481888
61.301	0.08479885523616568
61.351	0.08479986841106603
61.401	0.0848008790481259
61.451	0.08480188715591322
61.501	0.08480289274295807
61.551	0.08480389581775291
61.601	0.08480489638875283
61.651	0.0848058944643757
61.701	0.08480689005300246
61.751	0.08480788316297729
61.801	0.0848088738026078
61.851	0.08480986198016532
61.901	0.08481084770388504
61.951	0.08481183098196622
62.001	0.08481281182257244
62.051	0.08481379023383173
62.101	0.0848147662238369
62.151	0.08481573980064556
62.201	0.0848167109722805
62.251	0.08481767974672977
62.301	0.08481864613194694
62.351	0.08481961013585122
62.401	0.08482057176632778
62.451	0.08482153103122778
62.501	0.08482248793836873
62.551	0.08482344249553454
62.601	0.08482439471047581
62.651	0.08482534459090993
62.701	0.08482629214452132
62.751	0.08482723737896163
62.801	0.08482818030184985
62.851	0.0848291209207726
62.901	0.0848300592432842
62.951	0.08483099527690689
63.001	0.08483192902913105
63.051	0.08483286050741533
63.101	0.08483378971918681
63.151	0.08483471667184124
63.201	0.08483564137274316
63.251	0.08483656382922605
63.301	0.0848374840485926
63.351	0.08483840203811477
63.401	0.08483931780503401
63.451	0.08484023135656141
63.501	0.08484114269987789
63.551	0.08484205184213435
63.601	0.08484295879045183
63.651	0.08484386355192165
63.701	0.08484476613360564
63.751	0.08484566654253621
63.801	0.08484656478571659
63.851	0.08484746087012092
63.901	0.08484835480269447
63.951	0.08484924659035371
64.001	0.0848501362399866
64.051	0.08485102375845259
64.101	0.08485190915258287
64.151	0.08485279242918048
64.201	0.0848536735950205
64.251	0.08485455265685014
64.301	0.08485542962138896
64.351	0.08485630449532895
64.401	0.08485717728533469
64.451	0.08485804799804356
64.501	0.08485891664006578
64.551	0.08485978321798464
64.601	0.0848606477383566
64.651	0.08486151020771142
64.701	0.08486237063255235
64.751	0.08486322901935621
64.801	0.08486408537457359
64.851	0.08486493970462891
64.901	0.08486579201592065
64.951	0.08486664231482138
65.001	0.08486749060767801
65.051	0.0848683369008118
65.101	0.08486918120051863
65.151	0.08487002351306898
65.201	0.0848708638447082
65.251	0.08487170220165653
65.301	0.08487253859010933
65.351	0.08487337301623712
65.401	0.08487420548618577
65.451	0.08487503600607656
65.501	0.08487586458200638
65.551	0.08487669122004782
65.601	0.08487751592624927
65.651	0.08487833870663511
65.701	0.08487915956720576
65.751	0.08487997851393783
65.801	0.08488079555278426
65.851	0.08488161068967441
65.901	0.08488242393051422
65.951	0.08488323528118627
66.001	0.08488404474754993
66.051	0.0848848523354415
66.101	0.08488565805067429
66.151	0.08488646189903874
66.201	0.08488726388630255
66.251	0.0848880640182108
66.301	0.084888862300486
66.351	0.08488965873882831
66.401	0.08489045333891558
66.451	0.08489124610640345
66.501	0.0848920370469255
66.551	0.08489282616609332
66.601	0.08489361346949673
66.651	0.08489439896270368
66.701	0.08489518265126055
66.751	0.08489596454069219
66.801	0.08489674463650199
66.851	0.08489752294417205
66.901	0.0848982994691632
66.951	0.08489907421691524
67.001	0.08489984719284688
67.051	0.08490061840235594
67.101	0.08490138785081948
67.151	0.0849021555435938
67.201	0.08490292148601464
67.251	0.08490368568339719
67.301	0.08490444814103629
67.351	0.08490520886420644
67.401	0.08490596785816194
67.451	0.084906725128137
67.501	0.0849074806793458
67.551	0.08490823451698261
67.601	0.08490898664622186
67.651	0.08490973707221831
67.701	0.08491048580010706
67.751	0.08491123283500365
67.801	0.08491197818200422
67.851	0.08491272184618555
67.901	0.08491346383260516
67.951	0.0849142041463014
68.001	0.08491494279229356
68.051	0.08491567977558195
68.101	0.08491641510114797
68.151	0.08491714877395426
68.201	0.08491788079894468
68.251	0.08491861118104453
68.301	0.08491933992516054
68.351	0.08492006703618099
68.401	0.08492079251897583
68.451	0.08492151637839669
68.501	0.08492223861927706
68.551	0.08492295924643226
68.601	0.08492367826465966
68.651	0.08492439567873865
68.701	0.0849251114934308
68.751	0.08492582571347987
68.801	0.08492653834361197
68.851	0.0849272493885356
68.901	0.08492795885294176
68.951	0.08492866674150394
69.001	0.08492937305887836
69.051	0.08493007780970391
69.101	0.08493078099860227
69.151	0.08493148263017807
69.201	0.0849321827090188
69.251	0.08493288123969508
69.301	0.08493357822676062
69.351	0.08493427367475227
69.401	0.08493496758819023
69.451	0.08493565997157802
69.501	0.08493635082940255
69.551	0.08493704016613428
69.601	0.0849377279862272
69.651	0.08493841429411901
69.701	0.08493909909423109
69.751	0.0849397823909686
69.801	0.08494046418872063
69.851	0.08494114449186019
69.901	0.0849418233047443
69.951	0.08494250063171406
70.001	0.08494317647709478
70.051	0.08494385084519594
70.101	0.08494452374031139
70.151	0.08494519516671932
70.201	0.08494586512868237
70.251	0.0849465336304477
70.301	0.08494720067624704
70.351	0.08494786627029682
70.401	0.08494853041679815
70.451	0.08494919311993693
70.501	0.08494985438388396
70.551	0.08495051421279494
70.601	0.08495117261081056
70.651	0.08495182958205659
70.701	0.0849524851306439
70.751	0.08495313926066861
70.801	0.08495379197621203
70.851	0.08495444328134083
70.901	0.08495509318010706
70.951	0.08495574167654826
71.001	0.08495638877468745
71.051	0.08495703447853323
71.101	0.08495767879207987
71.151	0.08495832171930733
71.201	0.08495896326418136
71.251	0.08495960343065352
71.301	0.0849602422226613
71.351	0.08496087964412811
71.401	0.08496151569896342
71.451	0.08496215039106275
71.501	0.08496278372430778
71.551	0.08496341570256637
71.601	0.08496404632969266
71.651	0.08496467560952713
71.701	0.0849653035458966
71.751	0.08496593014261435
71.801	0.08496655540348017
71.851	0.08496717933228037
71.901	0.08496780193278795
71.951	0.08496842320876251
72.001	0.0849690431639504
72.051	0.08496966180208479
72.101	0.08497027912688565
72.151	0.0849708951420599
72.201	0.08497150985130138
72.251	0.08497212325829094
72.301	0.08497273536669656
72.351	0.08497334618017326
72.401	0.0849739557023633
72.451	0.08497456393689616
72.501	0.08497517088738862
72.551	0.08497577655744477
72.601	0.08497638095065614
72.651	0.0849769840706017
72.701	0.08497758592084788
72.751	0.08497818650494875
72.801	0.08497878582644591
72.851	0.08497938388886869
72.901	0.0849799806957341
72.951	0.08498057625054692
73.001	0.08498117055679974
73.051	0.08498176361797306
73.101	0.08498235543753527
73.151	0.08498294601894273
73.201	0.08498353536563984
73.251	0.08498412348105905
73.301	0.08498471036862099
73.351	0.0849852960317344
73.401	0.08498588047379627
73.451	0.08498646369819186
73.501	0.08498704570829477
73.551	0.08498762650746694
73.601	0.08498820609905876
73.651	0.08498878448640905
73.701	0.0849893616728452
73.751	0.08498993766168308
73.801	0.08499051245622728
73.851	0.08499108605977097
73.901	0.08499165847559603
73.951	0.08499222970697314
74.001	0.08499279975716172
74.051	0.08499336862941008
74.101	0.08499393632695541
74.151	0.08499450285302382
74.201	0.08499506821083043
74.251	0.08499563240357937
74.301	0.08499619543446385
74.351	0.0849967573066662
74.401	0.08499731802335792
74.451	0.0849978775876997
74.501	0.08499843600284147
74.551	0.08499899327192253
74.601	0.08499954939807146
74.651	0.0850001043844062
74.701	0.08500065823403417
74.751	0.08500121095005227
74.801	0.08500176253554685
74.851	0.08500231299359387
74.901	0.08500286232725887
74.951	0.08500341053959704
75.001	0.08500395763365325
75.051	0.08500450361246208
75.101	0.0850050484790479
75.151	0.08500559223642487
75.201	0.08500613488759703
75.251	0.08500667643555829
75.301	0.08500721688329248
75.351	0.08500775623377342
75.401	0.08500829448996496
75.451	0.08500883165482095
75.501	0.08500936773128541
75.551	0.08500990272229242
75.601	0.08501043663076628
75.651	0.08501096945962149
75.701	0.0850115012117628
75.751	0.08501203189008526
75.801	0.08501256149747423
75.851	0.08501309003680546
75.901	0.08501361751094512
75.951	0.08501414392274978
76.001	0.08501466927506654
76.051	0.085015193570733
76.101	0.08501571681257734
76.151	0.08501623900341831
76.201	0.08501676014606531
76.251	0.08501728024331842
76.301	0.08501779929796842
76.351	0.08501831731279684
76.401	0.085018834290576
76.451	0.08501935023406902
76.501	0.0850198651460299
76.551	0.08502037902920354
76.601	0.08502089188632572
76.651	0.08502140372012325
76.701	0.0850219145333139
76.751	0.08502242432860647
76.801	0.08502293310870086
76.851	0.08502344087628808
76.901	0.08502394763405025
76.951	0.08502445338466068
77.001	0.0850249581307839
77.051	0.08502546187507568
77.101	0.08502596462018307
77.151	0.08502646636874443
77.201	0.0850269671233895
77.251	0.08502746688673936
77.301	0.08502796566140652
77.351	0.08502846344999497
77.401	0.08502896025510012
77.451	0.08502945607930898
77.501	0.08502995092520003
77.551	0.08503044479534339
77.601	0.08503093769230076
77.651	0.08503142961862552
77.701	0.0850319205768627
77.751	0.08503241056954905
77.801	0.08503289959921309
77.851	0.08503338766837511
77.901	0.08503387477954717
77.951	0.08503436093523323
78.001	0.08503484613792908
78.051	0.08503533039012244
78.101	0.08503581369429294
78.151	0.0850362960529122
78.201	0.08503677746844383
78.251	0.08503725794334349
78.301	0.08503773748005884
78.351	0.08503821608102971
78.401	0.08503869374868797
78.451	0.08503917048545771
78.501	0.08503964629375517
78.551	0.0850401211759888
78.601	0.08504059513455929
78.651	0.08504106817185962
78.701	0.08504154029027505
78.751	0.08504201149218318
78.801	0.08504248177995398
78.851	0.08504295115594977
78.901	0.08504341962252535
78.951	0.0850438871820279
79.001	0.08504435383679713
79.051	0.08504481958916522
79.101	0.08504528444145691
79.151	0.08504574839598948
79.201	0.08504621145507282
79.251	0.08504667362100941
79.301	0.08504713489609442
79.351	0.08504759528261563
79.401	0.08504805478285359
79.451	0.08504851339908154
79.501	0.08504897113356549
79.551	0.08504942798856424
79.601	0.0850498839663294
79.651	0.08505033906910539
79.701	0.08505079329912954
79.751	0.08505124665863205
79.801	0.08505169914983605
79.851	0.08505215077495762
79.901	0.0850526015362058
79.951	0.08505305143578262
80.001	0.0850535004758832
80.051	0.08505394865869563
80.101	0.08505439598640112
80.151	0.08505484246117401
80.201	0.08505528808518172
80.251	0.08505573286058485
80.301	0.08505617678953718
80.351	0.08505661987418574
80.401	0.0850570621166707
80.451	0.0850575035191256
80.501	0.08505794408367716
80.551	0.08505838381244549
80.601	0.08505882270754399
80.651	0.08505926077107943
80.701	0.08505969800515198
80.751	0.0850601344118552
80.801	0.08506056999327609
80.851	0.08506100475149511
80.901	0.08506143868858619
80.951	0.08506187180661678
81.001	0.08506230410764787
81.051	0.08506273559373397
81.101	0.08506316626692322
81.151	0.0850635961292573
81.201	0.08506402518277158
81.251	0.08506445342949503
81.301	0.08506488087145032
81.351	0.08506530751065383
81.401	0.08506573334911562
81.451	0.08506615838883952
81.501	0.08506658263182312
81.551	0.08506700608005781
81.601	0.08506742873552878
81.651	0.08506785060021504
81.701	0.08506827167608953
81.751	0.08506869196511897
81.801	0.08506911146926406
81.851	0.08506953019047939
81.901	0.0850699481307135
81.951	0.08507036529190892
82.001	0.08507078167600217
82.051	0.08507119728492374
82.101	0.08507161212059823
82.151	0.08507202618494425
82.201	0.08507243947987449
82.251	0.08507285200729577
82.301	0.08507326376910901
82.351	0.08507367476720927
82.401	0.08507408500348582
82.451	0.08507449447982206
82.501	0.08507490319809563
82.551	0.08507531116017841
82.601	0.08507571836793651
82.651	0.08507612482323033
82.701	0.08507653052791454
82.751	0.08507693548383816
82.801	0.08507733969284449
82.851	0.08507774315677126
82.901	0.0850781458774505
82.951	0.08507854785670868
83.001	0.08507894909636668
83.051	0.08507934959823982
83.101	0.08507974936413787
83.151	0.08508014839586507
83.201	0.08508054669522017
83.251	0.08508094426399644
83.301	0.08508134110398168
83.351	0.08508173721695823
83.401	0.08508213260470304
83.451	0.08508252726898764
83.501	0.08508292121157818
83.551	0.08508331443423542
83.601	0.08508370693871481
83.651	0.08508409872676646
83.701	0.08508448980013517
83.751	0.08508488016056044
83.801	0.08508526980977653
83.851	0.08508565874951242
83.901	0.08508604698149189
83.951	0.08508643450743349
84.001	0.08508682132905056
84.051	0.08508720744805129
84.101	0.0850875928661387
84.151	0.0850879775850107
84.201	0.08508836160636003
84.251	0.08508874493187438
84.301	0.08508912756323632
84.351	0.08508950950212336
84.401	0.085089890750208
84.451	0.08509027130915765
84.501	0.08509065118063476
84.551	0.08509103036629677
84.601	0.08509140886779615
84.651	0.0850917866867804
84.701	0.08509216382489208
84.751	0.08509254028376885
84.801	0.08509291606504345
84.851	0.08509329117034373
84.901	0.08509366560129267
84.951	0.0850940393595084
85.001	0.08509441244660423
85.051	0.08509478486418864
85.101	0.0850951566138653
85.151	0.08509552769723308
85.201	0.08509589811588615
85.251	0.08509626787141386
85.301	0.08509663696540087
85.351	0.08509700539942709
85.401	0.08509737317506776
85.451	0.08509774029389341
85.501	0.08509810675746994
85.551	0.08509847256735856
85.601	0.08509883772511587
85.651	0.08509920223229382
85.701	0.08509956609043982
85.751	0.08509992930109665
85.801	0.08510029186580254
85.851	0.08510065378609112
85.901	0.08510101506349156
85.951	0.08510137569952846
86.001	0.0851017356957219
86.051	0.08510209505358753
86.101	0.08510245377463647
86.151	0.08510281186037542
86.201	0.08510316931230663
86.251	0.0851035261319279
86.301	0.08510388232073263
86.351	0.08510423788020983
86.401	0.08510459281184415
86.451	0.08510494711711583
86.501	0.08510530079750081
86.551	0.08510565385447066
86.601	0.08510600628949264
86.651	0.08510635810402968
86.701	0.08510670929954049
86.751	0.08510705987747945
86.801	0.0851074098392967
86.851	0.08510775918643809
86.901	0.08510810792034533
86.951	0.08510845604245583
87.001	0.08510880355420286
87.051	0.08510915045701545
87.101	0.0851094967523185
87.151	0.08510984244153276
87.201	0.08511018752607478
87.251	0.08511053200735705
87.301	0.08511087588678788
87.351	0.08511121916577155
87.401	0.08511156184570821
87.451	0.08511190392799395
87.501	0.08511224541402079
87.551	0.08511258630517674
87.601	0.08511292660284574
87.651	0.08511326630840772
87.701	0.08511360542323868
87.751	0.08511394394871051
87.801	0.08511428188619123
87.851	0.08511461923704486
87.901	0.08511495600263147
87.951	0.08511529218430719
88.001	0.08511562778342424
88.051	0.08511596280133096
88.101	0.08511629723937177
88.151	0.08511663109888719
88.201	0.08511696438121391
88.251	0.08511729708768477
88.301	0.08511762921962875
88.351	0.085117960778371
88.401	0.08511829176523286
88.451	0.08511862218153192
88.501	0.08511895202858188
88.551	0.08511928130769278
88.601	0.08511961002017082
88.651	0.08511993816731847
88.701	0.08512026575043449
88.751	0.08512059277081388
88.801	0.08512091922974796
88.851	0.08512124512852433
88.901	0.08512157046842692
88.951	0.08512189525073598
89.001	0.08512221947672811
89.051	0.08512254314767626
89.101	0.08512286626484972
89.151	0.0851231888295142
89.201	0.08512351084293177
89.251	0.0851238323063609
89.301	0.08512415322105651
89.351	0.0851244735882699
89.401	0.08512479340924883
89.451	0.08512511268523752
89.501	0.08512543141747662
89.551	0.0851257496072033
89.601	0.08512606725565118
89.651	0.0851263843640504
89.701	0.08512670093362759
89.751	0.08512701696560593
89.801	0.08512733246120509
89.851	0.08512764742164133
89.901	0.08512796184812746
89.951	0.08512827574187282
90.001	0.08512858910408339
90.051	0.08512890193596168
90.101	0.08512921423870684
90.151	0.08512952601351463
90.201	0.08512983726157745
90.251	0.0851301479840843
90.301	0.08513045818222087
90.351	0.08513076785716947
90.401	0.0851310770101091
90.451	0.08513138564221545
90.501	0.0851316937546609
90.551	0.08513200134861452
90.601	0.08513230842524212
90.651	0.08513261498570622
90.701	0.08513292103116607
90.751	0.08513322656277769
90.801	0.08513353158169383
90.851	0.08513383608906405
90.901	0.08513414008603466
90.951	0.08513444357374876
91.001	0.08513474655334627
91.051	0.08513504902596392
91.101	0.08513535099273525
91.151	0.08513565245479066
91.201	0.08513595341325736
91.251	0.08513625386925944
91.301	0.08513655382391785
91.351	0.08513685327835041
91.401	0.08513715223367184
91.451	0.08513745069099374
91.501	0.08513774865142462
91.551	0.08513804611606993
91.601	0.08513834308603202
91.651	0.08513863956241019
91.701	0.08513893554630068
91.751	0.0851392310387967
91.801	0.08513952604098841
91.851	0.08513982055396298
91.901	0.08514011457880453
91.951	0.08514040811659422
92.001	0.08514070116841016
92.051	0.08514099373532755
92.101	0.08514128581841854
92.151	0.08514157741875239
92.201	0.08514186853739535
92.251	0.08514215917541076
92.301	0.08514244933385903
92.351	0.08514273901379762
92.401	0.0851430282162811
92.451	0.08514331694236112
92.501	0.08514360519308643
92.551	0.08514389296950292
92.601	0.0851441802726536
92.651	0.08514446710357858
92.701	0.08514475346331513
92.751	0.0851450393528977
92.801	0.08514532477335789
92.851	0.08514560972572442
92.901	0.08514589421102325
92.951	0.08514617823027754
93.001	0.08514646178450756
93.051	0.0851467448747309
93.101	0.08514702750196228
93.151	0.08514730966721369
93.201	0.08514759137149434
93.251	0.0851478726158107
93.301	0.08514815340116647
93.351	0.08514843372856261
93.401	0.0851487135989974
93.451	0.08514899301346632
93.501	0.08514927197296221
93.551	0.08514955047847518
93.601	0.08514982853099264
93.651	0.08515010613149931
93.701	0.08515038328097725
93.751	0.08515065998040586
93.801	0.08515093623076185
93.851	0.0851512120330193
93.901	0.08515148738814965
93.951	0.0851517622971217
94.001	0.08515203676090163
94.051	0.085152310780453
94.101	0.08515258435673675
94.151	0.08515285749071126
94.201	0.08515313018333227
94.251	0.08515340243555299
94.301	0.08515367424832399
94.351	0.08515394562259332
94.401	0.08515421655930647
94.451	0.08515448705940637
94.501	0.08515475712383343
94.551	0.08515502675352549
94.601	0.08515529594941787
94.651	0.08515556471244341
94.701	0.08515583304353243
94.751	0.08515610094361271
94.801	0.08515636841360957
94.851	0.08515663545444586
94.901	0.08515690206704193
94.951	0.08515716825231566
95.001	0.08515743401118246
95.051	0.08515769934455533
95.101	0.08515796425334479
95.151	0.08515822873845892
95.201	0.08515849280080338
95.251	0.08515875644128143
95.301	0.08515901966079388
95.351	0.08515928246023916
95.401	0.08515954484051327
95.451	0.08515980680250985
95.501	0.08516006834712017
95.551	0.08516032947523308
95.601	0.08516059018773507
95.651	0.08516085048551032
95.701	0.0851611103694406
95.751	0.08516136984040534
95.801	0.08516162889928168
95.851	0.08516188754694437
95.901	0.08516214578426588
95.951	0.08516240361211634
96.001	0.08516266103136358
96.051	0.08516291804287313
96.101	0.08516317464750822
96.151	0.0851634308461298
96.201	0.08516368663959654
96.251	0.08516394202876483
96.301	0.08516419701448882
96.351	0.08516445159762036
96.401	0.0851647057790091
96.451	0.08516495955950239
96.501	0.0851652129399454
96.551	0.08516546592118103
96.601	0.08516571850404997
96.651	0.0851659706893907
96.701	0.08516622247803951
96.751	0.08516647387083044
96.801	0.08516672486859536
96.851	0.08516697547216398
96.901	0.08516722568236379
96.951	0.08516747550002013
97.001	0.08516772492595616
97.051	0.08516797396099288
97.101	0.08516822260594913
97.151	0.08516847086164164
97.201	0.08516871872888497
97.251	0.08516896620849153
97.301	0.08516921330127165
97.351	0.0851694600080335
97.401	0.08516970632958318
97.451	0.08516995226672461
97.501	0.0851701978202597
97.551	0.0851704429909882
97.601	0.08517068777970778
97.651	0.08517093218721408
97.701	0.08517117621430062
97.751	0.08517141986175886
97.801	0.0851716631303782
97.851	0.08517190602094601
97.901	0.08517214853424757
97.951	0.08517239067106615
98.001	0.08517263243218297
98.051	0.08517287381837722
98.101	0.08517311483042608
98.151	0.08517335546910472
98.201	0.08517359573518626
98.251	0.08517383562944186
98.301	0.08517407515264067
98.351	0.08517431430554982
98.401	0.0851745530889345
98.451	0.0851747915035579
98.501	0.08517502955018122
98.551	0.08517526722956371
98.601	0.08517550454246268
98.651	0.08517574148963344
98.701	0.08517597807182939
98.751	0.08517621428980197
98.801	0.08517645014430068
98.851	0.0851766856360731
98.901	0.08517692076586489
98.951	0.08517715553441976
99.001	0.08517738994247954
99.051	0.08517762399078416
99.101	0.08517785768007159
99.151	0.08517809101107798
99.201	0.08517832398453755
99.251	0.08517855660118263
99.301	0.08517878886174371
99.351	0.08517902076694936
99.401	0.08517925231752631
99.451	0.08517948351419942
99.501	0.08517971435769173
99.551	0.08517994484872436
99.601	0.08518017498801668
99.651	0.08518040477628612
99.701	0.08518063421424836
99.751	0.0851808633026172
99.801	0.08518109204210468
99.851	0.08518132043342094
99.901	0.08518154847727438
99.951	0.08518177617437156