0.001	1.2419375609955546e-8
0.051	0.000018439284349517088
0.101	0.0000628713788827516
0.151	0.00012810641515425934
0.201	0.0002113459782648578
0.251	0.0003106362612893639
0.301	0.00042447411676896525
0.351	0.0005516390377654215
0.401	0.0006911050606969924
0.451	0.0008419886121719494
0.501	0.001003515011995797
0.551	0.0011749956506005954
0.601	0.0013558117252086288
0.651	0.001545402232351768
0.701	0.001743254845091189
0.751	0.0019488988155686492
0.801	0.0021618993421317774
0.851	0.002381853021814905
0.901	0.0026083841248063793
0.951	0.0028411415026574722
1.001	0.003079795993594627
1.051	0.003324038222595645
1.101	0.003573576719672729
1.151	0.003828136297202771
1.201	0.004087456640271702
1.251	0.004351291074285716
1.301	0.004619405480595182
1.351	0.0048915773372372575
1.401	0.005167594866261982
1.451	0.005447256271789387
1.501	0.0057303690565404155
1.551	0.00601674940600268
1.601	0.006306221631837829
1.651	0.006598617666625326
1.701	0.006893776603898437
1.751	0.007191544278361387
1.801	0.0074917728812492
1.851	0.0077943206071312944
1.901	0.008099051329021527
1.951	0.008405834298202151
2.001	0.00871454386697234
2.051	0.009025059231431551
2.101	0.009337264192588561
2.151	0.009651046934322267
2.201	0.009966299816017059
2.251	0.010282919179292967
2.301	0.010600805166978802
2.351	0.010919861553513169
2.401	0.011239995586072596
2.451	0.011561117834920372
2.501	0.011883142053006217
2.551	0.01220598504329397
2.601	0.01252956653401832
2.651	0.012853809060475818
2.701	0.01317863785366452
2.751	0.013503980734478114
2.801	0.013829768013858337
2.851	0.014155932397717187
2.901	0.014482408896922915
2.951	0.01480913474176845
3.001	0.015136049300368005
3.051	0.015463094001357498
3.101	0.015790212259847648
3.151	0.016117349407228348
3.201	0.016444452623810973
3.251	0.016771470874760466
3.301	0.017098354848878193
3.351	0.01742505689981019
3.401	0.017751530990173015
3.451	0.018077732637677785
3.501	0.01840361886376603
3.551	0.01872914814437494
3.601	0.019054280362483828
3.651	0.019378976762800256
3.701	0.0197031999082527
3.751	0.0200269136379634
3.801	0.02035008302710555
3.851	0.020672674348148935
3.901	0.02099465503372801
3.951	0.021315993640646454
4.001	0.021636659815442442
4.051	0.021956624261218465
4.101	0.022275858705443304
4.151	0.022594335869161774
4.201	0.022912029437145553
4.251	0.023228914029245904
4.301	0.02354496517248751
4.351	0.023860159274376642
4.401	0.024174473596993862
4.451	0.024487886231961187
4.501	0.02480037607637572
4.551	0.02511192280928641
4.601	0.025422506869197954
4.651	0.025732109432182
4.701	0.02604071239072097
4.751	0.026348298333204113
4.801	0.026654850524204063
4.851	0.02696035288512007
4.901	0.02726478997568089
4.951	0.02756814697589605
5.001	0.027870409668588576
5.051	0.028171564422462263
5.101	0.028471598175683427
5.151	0.028770498419957997
5.201	0.029068253185085758
5.251	0.029364851023948414
5.301	0.029660280998070162
5.351	0.02995453266334677
5.401	0.030247596056445485
5.451	0.030539461681473222
5.501	0.03083012049705433
5.551	0.031119563903778905
5.601	0.03140778373200889
5.651	0.03169477223002985
5.701	0.03198052205253675
5.751	0.0322650262494426
5.801	0.03254827825499927
5.851	0.03283027187722021
5.901	0.033111001287595206
5.951	0.033390461011087766
6.001	0.03366864591640601
6.051	0.03394555120653841
6.101	0.03422117240954591
6.151	0.034495505369628345
6.201	0.0347685462383021
6.251	0.035040291466069705
6.301	0.03531073779405669
6.351	0.03557988224599696
6.401	0.035847722120404685
6.451	0.036114254982952364
6.501	0.036379478659048725
6.551	0.03664339122661057
6.601	0.036905991009022886
6.651	0.03716727656830753
6.701	0.0374272466983399
6.751	0.03768590041849653
6.801	0.03794323696721132
6.851	0.03819925579582352
6.901	0.038453956562557644
6.951	0.038707339126682776
7.001	0.03895940354269141
7.051	0.03921015005488197
7.101	0.03945957909182345
7.151	0.03970769126108633
7.201	0.039954487344106636
7.251	0.04019996829105023
7.301	0.040444135216061744
7.351	0.04068698939237734
7.401	0.04092853224771203
7.451	0.041168765359607735
7.501	0.04140769045115309
7.551	0.04164530938655437
7.601	0.0418816241669688
7.651	0.0421166369262867
7.701	0.04235034992727397
7.751	0.0425827655575804
7.801	0.04281388632584437
7.851	0.043043714858124
7.901	0.043272253894161075
7.951	0.043499506283889045
8.001	0.04372547498387261
8.051	0.043950163054090476
8.101	0.04417357365456763
8.151	0.044395710042087866
8.201	0.044616575567243334
8.251	0.04483617367117226
8.301	0.0450545078827591
8.351	0.04527158181564856
8.401	0.0454873991653303
8.451	0.045701963706525454
8.501	0.0459152792904076
8.551	0.046127349841889334
8.601	0.046338179357231585
8.651	0.0465477719013273
8.701	0.04675613160545997
8.751	0.046963262664707725
8.801	0.04716916933579343
8.851	0.04737385593473276
8.901	0.047577326834537484
8.951	0.04777958646323135
9.001	0.0479806393015306
9.051	0.04818048988098976
9.101	0.048379142781783686
9.151	0.048576602630952447
9.201	0.04877287410028011
9.251	0.0489679619046342
9.301	0.049161870799936655
9.351	0.049354605581593394
9.401	0.04954617108255326
9.451	0.049736572171823465
9.501	0.04992581375261244
9.551	0.05011390076092721
9.601	0.05030083816382223
9.651	0.05048663095794546
9.701	0.050671284168122326
9.751	0.05085480284571776
9.801	0.0510371920674223
9.851	0.05121845693365946
9.901	0.051398602567441436
9.951	0.05157763411287032
10.001	0.05175555673393079
10.051	0.05193237561331496
10.101	0.052108095951019784
10.151	0.05228272296336318
10.201	0.052456261881642
10.251	0.052628717951077965
10.301	0.05280009642979218
10.351	0.052970402587574704
10.401	0.053139641704914344
10.451	0.05330781907205504
10.501	0.053474939987845554
10.551	0.05364100975884747
10.601	0.05380603369846808
10.651	0.053970017125884874
10.701	0.05413296536522657
10.751	0.054294883744777506
10.801	0.054455777595971894
10.851	0.05461565225266903
10.901	0.05477451305029507
10.951	0.05493236532516122
11.001	0.05508921441354403
11.051	0.05524506565104472
11.101	0.05539992437181314
11.151	0.055553795907946325
11.201	0.05570668558864743
11.251	0.05585859873966181
11.301	0.05600954068257615
11.351	0.05615951673429042
11.401	0.05630853220624859
11.451	0.05645659240394496
11.501	0.056603702626317726
11.551	0.05674986816606709
11.601	0.05689509430558246
11.651	0.057039386321687646
11.701	0.05718274948160964
11.751	0.057325189043352584
11.801	0.05746671025520925
11.851	0.05760731835527369
11.901	0.057747018571032455
11.951	0.057885816118839986
12.001	0.05802371620353659
12.051	0.05816072401801472
12.101	0.05829684474281074
12.151	0.05843208354570921
12.201	0.05856644558135915
12.251	0.058699935990902175
12.301	0.05883255990159924
12.351	0.058964322427571485
12.401	0.05909522866523977
12.451	0.059225283699255456
12.501	0.05935449259804074
12.551	0.05948286041451308
12.601	0.05961039218578909
12.651	0.05973709293289811
12.701	0.05986296766050561
12.751	0.0599880213566459
12.801	0.06011225899246413
12.851	0.06023568552196722
12.901	0.06035830588178363
12.951	0.06048012499093179
13.001	0.06060114775059682
13.051	0.060721379043915565
13.101	0.060840823735769614
13.151	0.06095948667258619
13.201	0.061077372682146684
13.251	0.06119448657340273
13.301	0.061310833136299536
13.351	0.06142641714160647
13.401	0.06154124334075448
13.451	0.06165531646568057
13.501	0.06176864122867872
13.551	0.06188122232225746
13.601	0.061993064419003846
13.651	0.06210417217145349
13.701	0.06221455021196687
13.751	0.062324203152611446
13.801	0.0624331355850496
13.851	0.06254135208043228
13.901	0.06264885718929813
13.951	0.06275565544147807
14.001	0.06286175134600502
14.051	0.06296714939102901
14.101	0.0630718540437371
14.151	0.06317586975027825
14.201	0.06327920093569316
14.251	0.06338185200384845
14.301	0.06348382733737583
14.351	0.06358513129761528
14.401	0.06368576822456298
14.451	0.06378574243682317
14.501	0.06388505823156435
14.551	0.06398371988447947
14.601	0.06408173164975002
14.651	0.06417909776001396
14.701	0.06427582242633748
14.751	0.06437190983819038
14.801	0.06446736416342497
14.851	0.06456218954825851
14.901	0.06465639011725902
14.951	0.06474996997333438
15.001	0.0648429331977247
15.051	0.06493528384999782
15.101	0.06502702596804778
15.151	0.06511816356809647
15.201	0.06520870064469791
15.251	0.06529864117074574
15.301	0.06538798909748302
15.351	0.06547674835451513
15.401	0.06556492284982503
15.451	0.06565251646979114
15.501	0.06573953307920778
15.551	0.06582597652130785
15.601	0.06591185061778809
15.651	0.06599715916883639
15.701	0.06608190595316152
15.751	0.0661660947280249
15.801	0.06624972922927454
15.851	0.06633281317138102
15.901	0.06641535024747545
15.951	0.06649734412938935
16.001	0.06657879846769642
16.051	0.06665971689175616
16.101	0.06674010300975927
16.151	0.06681996040877472
16.201	0.06689929265479856
16.251	0.06697810329280426
16.301	0.06705639584679482
16.351	0.06713417381985612
16.401	0.06721144069421205
16.451	0.06728819993128084
16.501	0.067364454971733
16.551	0.06744020923555043
16.601	0.06751546612208692
16.651	0.06759022901012993
16.701	0.06766450125796358
16.751	0.06773828620343285
16.801	0.06781158716400885
16.851	0.06788440743685538
16.901	0.06795675029889629
16.951	0.06802861900688423
17.001	0.06810001679747003
17.051	0.06817094688727339
17.101	0.06824141247295426
17.151	0.06831141673128524
17.201	0.06838096281922483
17.251	0.06845005387399151
17.301	0.06851869301313862
17.351	0.06858688333463006
17.401	0.06865462791691664
17.451	0.0687219298190133
17.501	0.0687887920805769
17.551	0.06885521772198462
17.601	0.06892120974441326
17.651	0.0689867711299188
17.701	0.0690519048415168
17.751	0.06911661382326324
17.801	0.06918090100033598
17.851	0.06924476927911657
17.901	0.06930822154727273
17.951	0.06937126067384115
18.001	0.06943388950931086
18.051	0.06949611088570681
18.101	0.06955792761667416
18.151	0.06961934249756256
18.201	0.06968035830551116
18.251	0.06974097779953363
18.301	0.06980120372060374
18.351	0.0698610387917411
18.401	0.06992048571809718
18.451	0.06997954718704165
18.501	0.07003822586824893
18.551	0.07009652441378486
18.601	0.07015444545819384
18.651	0.07021199161858578
18.701	0.07026916549472362
18.751	0.07032596966911063
18.801	0.07038240670707818
18.851	0.07043847915687339
18.901	0.070494189549747
18.951	0.07054954040004134
19.001	0.07060453420527833
19.051	0.0706591734462476
19.101	0.07071346058709461
19.151	0.07076739807540884
19.201	0.07082098834231203
19.251	0.07087423380254637
19.301	0.07092713685456277
19.351	0.07097969988060907
19.401	0.0710319252468182
19.451	0.07108381530329641
19.501	0.07113537238421137
19.551	0.07118659880788024
19.601	0.07123749687685767
19.651	0.07128806887802376
19.701	0.07133831708267187
19.751	0.07138824374659641
19.801	0.07143785111018047
19.851	0.07148714139848339
19.901	0.07153611682132811
19.951	0.07158477957338855
20.001	0.07163313183427664
20.051	0.07168117576862944
20.101	0.07172891352619593
20.151	0.07177634724192367
20.201	0.07182347903604537
20.251	0.07187031101416516
20.301	0.07191684526734482
20.351	0.07196308387218966
20.401	0.07200902889093432
20.451	0.07205468237152833
20.501	0.07210004634772142
20.551	0.07214512283914873
20.601	0.07218991385141557
20.651	0.07223442137618225
20.701	0.0722786473912484
20.751	0.07232259386063722
20.801	0.07236626273467944
20.851	0.072409655950097
20.901	0.0724527754300865
20.951	0.0724956230844024
21.001	0.07253820080943989
21.051	0.0725805104883176
21.101	0.07262255399095995
21.151	0.07266433317417924
21.201	0.07270584988175748
21.251	0.07274710594452787
21.301	0.07278810318045613
21.351	0.07282884339472134
21.401	0.07286932837979665
21.451	0.07290955991552961
21.501	0.07294953976922218
21.551	0.07298926969571053
21.601	0.07302875143744436
21.651	0.07306798672456612
21.701	0.07310697727498973
21.751	0.07314572479447906
21.801	0.07318423097672609
21.851	0.07322249750342878
21.901	0.07326052604436847
21.951	0.07329831825748716
22.001	0.07333587578896426
22.051	0.07337320027329318
22.101	0.07341029333335744
22.151	0.0734471565805065
22.201	0.07348379161463135
22.251	0.07352020002423952
22.301	0.07355638338653003
22.351	0.07359234326746776
22.401	0.07362808122185766
22.451	0.07366359879341842
22.501	0.07369889751485603
22.551	0.07373397890793675
22.601	0.0737688444835599
22.651	0.07380349574183023
22.701	0.07383793417212992
22.751	0.07387216125319028
22.801	0.07390617845316307
22.851	0.07393998722969146
22.901	0.07397358902998062
22.951	0.074006985290868
23.001	0.07404017743889318
23.051	0.0740731668903675
23.101	0.07410595505144311
23.151	0.07413854331818194
23.201	0.074170933076624
23.251	0.0742031257028556
23.301	0.0742351225630771
23.351	0.07426692501367019
23.401	0.07429853440126499
23.451	0.07432995206280676
23.501	0.07436117932562211
23.551	0.07439221750748497
23.601	0.0744230679166822
23.651	0.07445373185207885
23.701	0.07448421060318292
23.751	0.07451450545020998
23.801	0.07454461766414723
23.851	0.07457454850681738
23.901	0.074604299230942
23.951	0.07463387108020463
24.001	0.07466326528931347
24.051	0.07469248308406379
24.101	0.07472152568139986
24.151	0.0747503942894767
24.201	0.07477909010772121
24.251	0.0748076143268933
24.301	0.07483596812914625
24.351	0.07486415268808716
24.401	0.07489216916883666
24.451	0.07492001872808847
24.501	0.07494770251416862
24.551	0.0749752216670942
24.601	0.07500257731863186
24.651	0.07502977059235592
24.701	0.07505680260370615
24.751	0.07508367446004517
24.801	0.07511038726071552
24.851	0.07513694209709643
24.901	0.07516334005266014
24.951	0.07518958220302797
25.001	0.07521566961602608
25.051	0.07524160335174065
25.101	0.0752673844625731
25.151	0.07529301399329462
25.201	0.07531849298110053
25.251	0.07534382245566433
25.301	0.0753690034391913
25.351	0.07539403694647183
25.401	0.07541892398493445
25.451	0.07544366555469843
25.501	0.07546826264862615
25.551	0.07549271625237505
25.601	0.07551702734444933
25.651	0.07554119689625126
25.701	0.07556522587213217
25.751	0.0755891152294432
25.801	0.07561286591858554
25.851	0.07563647888306059
25.901	0.07565995505951957
25.951	0.07568329537781296
26.001	0.07570650076103953
26.051	0.07572957212559515
26.101	0.07575251038122117
26.151	0.07577531643105254
26.201	0.07579799117166561
26.251	0.07582053549312569
26.301	0.07584295027903412
26.351	0.07586523640657522
26.401	0.0758873947465628
26.451	0.07590942616348643
26.501	0.0759313315155574
26.551	0.07595311165475432
26.601	0.07597476742686853
26.651	0.07599629967154899
26.701	0.0760177092223472
26.751	0.0760389969067615
26.801	0.07606016354628126
26.851	0.07608120995643071
26.901	0.07610213694681248
26.951	0.07612294532115087
27.001	0.07614363587733478
27.051	0.07616420940746042
27.101	0.07618466669787367
27.151	0.07620500852921216
27.201	0.07622523567644711
27.251	0.07624534890892479
27.301	0.07626534899040784
27.351	0.07628523667911616
27.401	0.07630501272776767
27.451	0.07632467788361857
27.501	0.07634423288850363
27.551	0.07636367847887587
27.601	0.07638301538584627
27.651	0.07640224433522294
27.701	0.07642136604755029
27.751	0.07644038123814763
27.801	0.07645929061714779
27.851	0.07647809488953523
27.901	0.0764967947551841
27.951	0.07651539090889582
28.001	0.07653388404043661
28.051	0.07655227483457458
28.101	0.07657056397111668
28.151	0.07658875212494531
28.201	0.07660683996605477
28.251	0.07662482815958731
28.301	0.07664271736586908
28.351	0.07666050824044576
28.401	0.0766782014341179
28.451	0.07669579759297604
28.501	0.07671329735843563
28.551	0.07673070136727166
28.601	0.07674801025165302
28.651	0.07676522463917669
28.701	0.07678234515290154
28.751	0.07679937241138214
28.801	0.07681630702870207
28.851	0.07683314961450712
28.901	0.07684990077403829
28.951	0.07686656110816444
29.001	0.0768831312134148
29.051	0.0768996116820112
29.101	0.07691600310190014
29.151	0.07693230605678446
29.201	0.076948521126155
29.251	0.07696464888532188
29.301	0.07698068990544567
29.351	0.07699664475356816
29.401	0.07701251399264308
29.451	0.0770282981815666
29.501	0.07704399787520741
29.551	0.07705961362443683
29.601	0.07707514597615855
29.651	0.07709059547333821
29.701	0.07710596265503271
29.751	0.0771212480564194
29.801	0.07713645220882501
29.851	0.0771515756397543
29.901	0.07716661887291866
29.951	0.07718158242826434
30.001	0.07719646682200056
30.051	0.07721127256662742
30.101	0.0772260001709636
30.151	0.07724065014017377
30.201	0.07725522297579594
30.251	0.07726971917576854
30.301	0.07728413923445729
30.351	0.07729848364268184
30.401	0.07731275288774236
30.451	0.07732694745344577
30.501	0.07734106782013186
30.551	0.0773551144646992
30.601	0.07736908786063085
30.651	0.07738298847801993
30.701	0.07739681678359493
30.751	0.07741057324074489
30.801	0.07742425830954436
30.851	0.07743787244677815
30.901	0.07745141610596604
30.951	0.07746488973738708
31.001	0.0774782937881039
31.051	0.07749162870198677
31.101	0.07750489491973747
31.151	0.07751809287891301
31.201	0.0775312230139491
31.251	0.07754428575618363
31.301	0.07755728153387975
31.351	0.07757021077224888
31.401	0.07758307389347362
31.451	0.07759587131673039
31.501	0.07760860345821187
31.551	0.07762127073114944
31.601	0.07763387354583526
31.651	0.07764641230964432
31.701	0.07765888742705626
31.751	0.07767129929967702
31.801	0.07768364832626042
31.851	0.07769593490272943
31.901	0.07770815942219741
31.951	0.07772032227498919
32.001	0.07773242384866182
32.051	0.07774446452802537
32.101	0.07775644469516353
32.151	0.07776836472945395
32.201	0.07778022500758852
32.251	0.07779202590359346
32.301	0.07780376778884936
32.351	0.07781545103211082
32.401	0.07782707599952629
32.451	0.07783864305465744
32.501	0.0778501525584986
32.551	0.07786160486949593
32.601	0.07787300034356652
32.651	0.07788433933411727
32.701	0.07789562219206378
32.751	0.07790684926584884
32.801	0.0779180209014611
32.851	0.07792913744245326
32.901	0.07794019922996047
32.951	0.07795120660271825
33.001	0.07796215989708057
33.051	0.0779730594470376
33.101	0.07798390558423339
33.151	0.07799469863798346
33.201	0.07800543893529216
33.251	0.07801612680086999
33.301	0.0780267625571507
33.351	0.07803734652430838
33.401	0.07804787902027434
33.451	0.0780583603607538
33.501	0.07806879085924259
33.551	0.0780791708270437
33.601	0.07808950057328358
33.651	0.07809978040492842
33.701	0.07811001062680034
33.751	0.07812019154159337
33.801	0.07813032344988932
33.851	0.0781404066501736
33.901	0.07815044143885086
33.951	0.07816042811026049
34.001	0.07817036695669209
34.051	0.07818025826840072
34.101	0.07819010233362213
34.151	0.07819989943858778
34.201	0.07820964986753982
34.251	0.07821935390274593
34.301	0.07822901182451404
34.351	0.07823862391120695
34.401	0.07824819043925679
34.451	0.07825771168317949
34.501	0.07826718791558901
34.551	0.07827661940721149
34.601	0.0782860064268994
34.651	0.0782953492416454
34.701	0.07830464811659625
34.751	0.07831390331506659
34.801	0.07832311509855244
34.851	0.07833228372674493
34.901	0.07834140945754357
34.951	0.07835049254706968
35.001	0.07835953324967954
35.051	0.07836853181797761
35.101	0.07837748850282951
35.151	0.0783864035533749
35.201	0.07839527721704041
35.251	0.07840410973955231
35.301	0.07841290136494912
35.351	0.07842165233559423
35.401	0.07843036289218824
35.451	0.07843903327378142
35.501	0.07844766371778585
35.551	0.07845625445998765
35.601	0.07846480573455902
35.651	0.07847331777407025
35.701	0.07848179080950153
35.751	0.07849022507025478
35.801	0.07849862078416538
35.851	0.07850697817751372
35.901	0.07851529747503679
35.951	0.07852357889993951
36.001	0.07853182267390624
36.051	0.07854002901711184
36.101	0.07854819814823302
36.151	0.07855633028445931
36.201	0.07856442564150411
36.251	0.07857248443361561
36.301	0.07858050687358763
36.351	0.07858849317277032
36.401	0.07859644354108088
36.451	0.07860435818701415
36.501	0.07861223731765309
36.551	0.07862008113867922
36.601	0.07862788985438292
36.651	0.0786356636676738
36.701	0.07864340278009078
36.751	0.07865110739181229
36.801	0.07865877770166617
36.851	0.07866641390713981
36.901	0.07867401620438987
36.951	0.07868158478825213
37.001	0.0786891198522513
37.051	0.07869662158861054
37.101	0.07870409018826112
37.151	0.07871152584085193
37.201	0.07871892873475886
37.251	0.0787262990570942
37.301	0.07873363699371594
37.351	0.07874094272923696
37.401	0.07874821644703416
37.451	0.07875545832925758
37.501	0.07876266855683942
37.551	0.0787698473095029
37.601	0.07877699476577119
37.651	0.0787841111029762
37.701	0.07879119649726733
37.751	0.07879825112362009
37.801	0.07880527515584472
37.851	0.07881226876659479
37.901	0.07881923212737557
37.951	0.07882616540855249
38.001	0.07883306877935943
38.051	0.07883994240790708
38.101	0.0788467864611911
38.151	0.07885360110510027
38.201	0.07886038650442455
38.251	0.07886714282286317
38.301	0.07887387022303255
38.351	0.07888056886647421
38.401	0.07888723891366263
38.451	0.07889388052401299
38.501	0.07890049385588892
38.551	0.07890707906661018
38.601	0.07891363631246025
38.651	0.07892016574869382
38.701	0.07892666752954439
38.751	0.0789331418082316
38.801	0.07893958873696866
38.851	0.07894600846696966
38.901	0.07895240114845677
38.951	0.07895876693066757
39.001	0.0789651059618621
39.051	0.07897141838932994
39.101	0.07897770435939735
39.151	0.07898396401743421
39.201	0.0789901975078609
39.251	0.07899640497415525
39.301	0.07900258655885933
39.351	0.0790087424035863
39.401	0.079014872649027
39.451	0.07902097743495674
39.501	0.0790270569002419
39.551	0.07903311118284641
39.601	0.07903914041983842
39.651	0.07904514474739666
39.701	0.07905112430081689
39.751	0.07905707921451828
39.801	0.07906300962204976
39.851	0.07906891565609622
39.901	0.07907479744848482
39.951	0.07908065513019111
40.001	0.07908648883134521
40.051	0.07909229868123785
40.101	0.07909808480832645
40.151	0.07910384734024106
40.201	0.0791095864037904
40.251	0.07911530212496766
40.301	0.0791209946289564
40.351	0.0791266640401364
40.401	0.07913231048208934
40.451	0.07913793407760462
40.501	0.07914353494868498
40.551	0.07914911321655214
40.601	0.07915466900165243
40.651	0.07916020242366227
40.701	0.0791657136014938
40.751	0.07917120265330023
40.801	0.0791766696964813
40.851	0.07918211484768868
40.901	0.07918753822283132
40.951	0.07919293993708075
41.001	0.07919832010487629
41.051	0.07920367883993035
41.101	0.07920901625523355
41.151	0.0792143324630599
41.201	0.07921962757497186
41.251	0.07922490170182551
41.301	0.07923015495377543
41.351	0.07923538744027979
41.401	0.07924059927010527
41.451	0.07924579055133196
41.501	0.07925096139135826
41.551	0.0792561118969057
41.601	0.07926124217402376
41.651	0.0792663523280946
41.701	0.07927144246383784
41.751	0.0792765126853152
41.801	0.07928156309593519
41.851	0.07928659379845775
41.901	0.07929160489499874
41.951	0.07929659648703465
42.001	0.07930156867540696
42.051	0.07930652156032675
42.101	0.07931145524137903
42.151	0.07931636981752731
42.201	0.07932126538711778
42.251	0.07932614204788387
42.301	0.07933099989695039
42.351	0.07933583903083795
42.401	0.07934065954546712
42.451	0.07934546153616268
42.501	0.07935024509765781
42.551	0.07935501032409827
42.601	0.07935975730904643
42.651	0.07936448614548551
42.701	0.07936919692582352
42.751	0.07937388974189731
42.801	0.07937856468497666
42.851	0.0793832218457681
42.901	0.07938786131441902
42.951	0.07939248318052143
43.001	0.07939708753311595
43.051	0.07940167446069558
43.101	0.0794062440512096
43.151	0.07941079639206731
43.201	0.07941533157014183
43.251	0.07941984967177376
43.301	0.07942435078277504
43.351	0.07942883498843248
43.401	0.07943330237351148
43.451	0.07943775302225968
43.501	0.07944218701841049
43.551	0.07944660444518672
43.601	0.07945100538530413
43.651	0.07945538992097487
43.701	0.07945975813391108
43.751	0.07946411010532828
43.801	0.07946844591594883
43.851	0.07947276564600533
43.901	0.07947706937524408
43.951	0.07948135718292834
44.001	0.07948562914784171
44.051	0.07948988534829149
44.101	0.07949412586211187
44.151	0.0794983507666673
44.201	0.07950256013885565
44.251	0.07950675405511146
44.301	0.07951093259140911
44.351	0.07951509582326603
44.401	0.07951924382574578
44.451	0.07952337667346122
44.501	0.07952749444057759
44.551	0.07953159720081558
44.601	0.07953568502745435
44.651	0.07953975799333465
44.701	0.0795438161708617
44.751	0.07954785963200829
44.801	0.07955188844831765
44.851	0.07955590269090643
44.901	0.07955990243046762
44.951	0.07956388773727345
45.001	0.0795678586811782
45.051	0.07957181533162117
45.101	0.07957575775762935
45.151	0.0795796860278204
45.201	0.07958360021040532
45.251	0.07958750037319125
45.301	0.07959138658358425
45.351	0.07959525890859197
45.401	0.0795991174148264
45.451	0.07960296216850656
45.501	0.07960679323546109
45.551	0.07961061068113101
45.601	0.07961441457057229
45.651	0.07961820496845842
45.701	0.0796219819390831
45.751	0.07962574554636266
45.801	0.07962949585383879
45.851	0.07963323292468093
45.901	0.07963695682168881
45.951	0.07964066760729502
46.001	0.0796443653435674
46.051	0.07964805009221153
46.101	0.07965172191457318
46.151	0.07965538087164067
46.201	0.0796590270240474
46.251	0.0796626604320741
46.301	0.07966628115565126
46.351	0.0796698892543615
46.401	0.07967348478744186
46.451	0.07967706781378615
46.501	0.07968063839194722
46.551	0.07968419658013925
46.601	0.07968774243624004
46.651	0.07969127601779322
46.701	0.07969479738201052
46.751	0.07969830658577397
46.801	0.07970180368563806
46.851	0.07970528873783202
46.901	0.07970876179826186
46.951	0.07971222292251266
47.001	0.07971567216585057
47.051	0.07971910958322505
47.101	0.07972253522927086
47.151	0.07972594915831027
47.201	0.07972935142435503
47.251	0.07973274208110849
47.301	0.07973612118196761
47.351	0.07973948878002501
47.401	0.079742844928071
47.451	0.07974618967859551
47.501	0.07974952308379016
47.551	0.07975284519555016
47.601	0.07975615606547634
47.651	0.07975945574487699
47.701	0.07976274428476988
47.751	0.07976602173588417
47.801	0.07976928814866219
47.851	0.07977254357326148
47.901	0.07977578805955661
47.951	0.07977902165714096
48.001	0.07978224441532868
48.051	0.07978545638315646
48.101	0.07978865760938532
48.151	0.07979184814250251
48.201	0.0797950280307232
48.251	0.07979819732199234
48.301	0.07980135606398635
48.351	0.07980450430411494
48.401	0.07980764208952283
48.451	0.07981076946709144
48.501	0.07981388648344065
48.551	0.0798169931849305
48.601	0.07982008961766288
48.651	0.07982317582748313
48.701	0.07982625185998188
48.751	0.07982931776049651
48.801	0.07983237357411292
48.851	0.07983541934566714
48.901	0.07983845511974688
48.951	0.07984148094069325
49.001	0.07984449685260223
49.051	0.07984750289932636
49.101	0.07985049912447628
49.151	0.07985348557142224
49.201	0.07985646228329572
49.251	0.07985942930299095
49.301	0.0798623866731664
49.351	0.07986533443624637
49.401	0.07986827263442241
49.451	0.07987120130965487
49.501	0.07987412050367441
49.551	0.07987703025798339
49.601	0.0798799306138574
49.651	0.07988282161234671
49.701	0.07988570329427766
49.751	0.07988857570025418
49.801	0.07989143887065912
49.851	0.07989429284565573
49.901	0.07989713766518902
49.951	0.07989997336898717
50.001	0.07990279999656294
50.051	0.07990561758721497
50.101	0.0799084261800292
50.151	0.07991122581388024
50.201	0.07991401652743263
50.251	0.07991679835914227
50.301	0.07991957134725766
50.351	0.0799223355298213
50.401	0.0799250909446709
50.451	0.07992783762944076
50.501	0.07993057562156304
50.551	0.07993330495826897
50.601	0.07993602567659021
50.651	0.07993873781336004
50.701	0.07994144140521468
50.751	0.07994413648859447
50.801	0.07994682309974512
50.851	0.07994950127471895
50.901	0.0799521710493761
50.951	0.07995483245938574
51.001	0.07995748554022727
51.051	0.07996013032719149
51.101	0.07996276685538177
51.151	0.07996539515971532
51.201	0.07996801527492424
51.251	0.07997062723555673
51.301	0.07997323107597823
51.351	0.07997582683037259
51.401	0.07997841453274314
51.451	0.07998099421691388
51.501	0.07998356591653055
51.551	0.07998612966506181
51.601	0.07998868549580022
51.651	0.07999123344186347
51.701	0.07999377353619536
51.751	0.07999630581156693
51.801	0.07999883030057753
51.851	0.08000134703565588
51.901	0.08000385604906113
51.951	0.08000635737288388
52.001	0.08000885103904724
52.051	0.08001133707930792
52.101	0.08001381552525715
52.151	0.08001628640832177
52.201	0.08001874975976524
52.251	0.08002120561068862
52.301	0.08002365399203162
52.351	0.08002609493457351
52.401	0.08002852846893417
52.451	0.08003095462557507
52.501	0.08003337343480019
52.551	0.08003578492675703
52.601	0.08003818913143756
52.651	0.08004058607867916
52.701	0.08004297579816558
52.751	0.08004535831942784
52.801	0.08004773367184526
52.851	0.08005010188464622
52.901	0.08005246298690927
52.951	0.08005481700756388
53.001	0.08005716397539146
53.051	0.08005950391902622
53.101	0.08006183686695602
53.151	0.08006416284752332
53.201	0.08006648188892607
53.251	0.0800687940192185
53.301	0.08007109926631209
53.351	0.08007339765797639
53.401	0.08007568922183984
53.451	0.08007797398539071
53.501	0.08008025197597786
53.551	0.08008252322081164
53.601	0.08008478774696469
53.651	0.08008704558137278
53.701	0.08008929675083565
53.751	0.08009154128201779
53.801	0.08009377920144929
53.851	0.08009601053552663
53.901	0.08009823531051348
53.951	0.0801004535525415
54.001	0.08010266528761112
54.051	0.08010487054159235
54.101	0.08010706934022552
54.151	0.0801092617091221
54.201	0.08011144767376542
54.251	0.08011362725951149
54.301	0.08011580049158971
54.351	0.08011796739510367
54.401	0.08012012799503182
54.451	0.0801222823162283
54.501	0.08012443038342362
54.551	0.08012657222122548
54.601	0.08012870785411932
54.651	0.08013083730646926
54.701	0.08013296060251868
54.751	0.08013507776639095
54.801	0.0801371888220902
54.851	0.08013929379350193
54.901	0.08014139270439383
54.951	0.08014348557841633
55.001	0.08014557243910345
55.051	0.08014765330987333
55.101	0.08014972821402902
55.151	0.08015179717475913
55.201	0.08015386021513847
55.251	0.08015591735812873
55.301	0.08015796862657919
55.351	0.08016001404322731
55.401	0.0801620536306994
55.451	0.08016408741151135
55.501	0.08016611540806913
55.551	0.08016813764266956
55.601	0.08017015413750088
55.651	0.08017216491464339
55.701	0.08017416999607012
55.751	0.08017616940364738
55.801	0.08017816315913547
55.851	0.08018015128418918
55.901	0.08018213380035853
55.951	0.08018411072908929
56.001	0.08018608209172362
56.051	0.08018804790950065
56.101	0.08019000820355711
56.151	0.08019196299492784
56.201	0.0801939123045465
56.251	0.08019585615324606
56.301	0.0801977945617594
56.351	0.08019972755071993
56.401	0.08020165514066208
56.451	0.08020357735202195
56.501	0.08020549420513783
56.551	0.08020740572025079
56.601	0.08020931191750517
56.651	0.08021121281694926
56.701	0.08021310843853571
56.751	0.08021499880212217
56.801	0.0802168839274718
56.851	0.0802187638342538
56.901	0.08022063854204399
56.951	0.0802225080703253
57.001	0.08022437243848826
57.051	0.08022623166583166
57.101	0.08022808577156294
57.151	0.08022993477479877
57.201	0.08023177869456552
57.251	0.08023361754979985
57.301	0.08023545135934916
57.351	0.0802372801419721
57.401	0.08023910391633907
57.451	0.08024092270103274
57.501	0.08024273651454854
57.551	0.08024454537529514
57.601	0.08024634930159497
57.651	0.0802481483116846
57.701	0.08024994242371541
57.751	0.0802517316557539
57.801	0.08025351602578225
57.851	0.08025529555169876
57.901	0.08025707025131835
57.951	0.080258840142373
58.001	0.08026060524251225
58.051	0.08026236556930356
58.101	0.08026412114023297
58.151	0.08026587197270534
58.201	0.0802676180840449
58.251	0.08026935949149572
58.301	0.08027109621222211
58.351	0.08027282826330913
58.401	0.0802745556617629
58.451	0.08027627842451121
58.501	0.0802779965684038
58.551	0.0802797101102129
58.601	0.08028141906663361
58.651	0.08028312345428432
58.701	0.08028482328970718
58.751	0.08028651858936849
58.801	0.08028820936965911
58.851	0.08028989564689487
58.901	0.08029157743731705
58.951	0.0802932547570927
59.001	0.08029492762231512
59.051	0.08029659604900422
59.101	0.08029826005310693
59.151	0.08029991965049765
59.201	0.08030157485697859
59.251	0.08030322568828016
59.301	0.08030487216006141
59.351	0.08030651428791041
59.401	0.0803081520873446
59.451	0.08030978557381122
59.501	0.08031141476268767
59.551	0.0803130396692819
59.601	0.08031466030883276
59.651	0.08031627669651045
59.701	0.0803178888474168
59.751	0.08031949677658569
59.801	0.08032110049898344
59.851	0.08032270002950913
59.901	0.08032429538299499
59.951	0.08032588657420675
60.001	0.08032747361784404
60.051	0.08032905652854067
60.101	0.08033063532086504
60.151	0.0803322100093205
60.201	0.0803337806083457
60.251	0.08033534713231487
60.301	0.08033690959553826
60.351	0.08033846801226244
60.401	0.08034002239667061
60.451	0.08034157276288302
60.501	0.08034311912495726
60.551	0.08034466149688857
60.601	0.08034619989261021
60.651	0.0803477343259938
60.701	0.08034926481084965
60.751	0.08035079136092702
60.801	0.08035231398991455
60.851	0.08035383271144049
60.901	0.08035534753907309
60.951	0.08035685848632089
61.001	0.08035836556663302
61.051	0.08035986879339956
61.101	0.0803613681799518
61.151	0.08036286373956264
61.201	0.08036435548544675
61.251	0.08036584343076104
61.301	0.08036732758860489
61.351	0.08036880797202041
61.401	0.08037028459399284
61.451	0.08037175746745077
61.501	0.0803732266052665
61.551	0.08037469202025627
61.601	0.08037615372518063
61.651	0.08037761173274466
61.701	0.08037906605559832
61.751	0.08038051670633671
61.801	0.08038196369750035
61.851	0.0803834070415755
61.901	0.0803848467509944
61.951	0.0803862828381356
62.001	0.08038771531532421
62.051	0.08038914419483216
62.101	0.08039056948887856
62.151	0.08039199120962985
62.201	0.08039340936920021
62.251	0.08039482397965171
62.301	0.08039623505299467
62.351	0.0803976426011879
62.401	0.08039904663613891
62.451	0.08040044716970429
62.501	0.08040184421368991
62.551	0.08040323777985114
62.601	0.08040462787989319
62.651	0.08040601452547133
62.701	0.08040739772819117
62.751	0.08040877749960886
62.801	0.08041015385123142
62.851	0.08041152679451695
62.901	0.0804128963408749
62.951	0.08041426250166628
63.001	0.08041562528820398
63.051	0.08041698471175296
63.101	0.0804183407835305
63.151	0.08041969351470646
63.201	0.08042104291640353
63.251	0.08042238899969749
63.301	0.08042373177561736
63.351	0.08042507125514574
63.401	0.080426407449219
63.451	0.08042774036872753
63.501	0.08042907002451595
63.551	0.08043039642738335
63.601	0.0804317195880836
63.651	0.08043303951732542
63.701	0.08043435622577275
63.751	0.08043566972404494
63.801	0.08043698002271693
63.851	0.08043828713231953
63.901	0.08043959106333962
63.951	0.08044089182622037
64.001	0.08044218943136149
64.051	0.08044348388911936
64.101	0.08044477520980739
64.151	0.0804460634036961
64.201	0.08044734848101345
64.251	0.08044863045194496
64.301	0.08044990932663398
64.351	0.08045118511518187
64.401	0.08045245782764825
64.451	0.08045372747405116
64.501	0.0804549940643673
64.551	0.08045625760853226
64.601	0.08045751811644064
64.651	0.08045877559794637
64.701	0.0804600300628628
64.751	0.08046128152096299
64.801	0.08046252998197988
64.851	0.08046377545560646
64.901	0.08046501795149602
64.951	0.08046625747926231
65.001	0.08046749404847975
65.051	0.08046872766868363
65.101	0.08046995834937029
65.151	0.08047118609999734
65.201	0.0804724109299838
65.251	0.08047363284871036
65.301	0.08047485186551952
65.351	0.08047606798971577
65.401	0.08047728123056581
65.451	0.08047849159729878
65.501	0.08047969909910631
65.551	0.08048090374514281
65.601	0.08048210554452567
65.651	0.08048330450633537
65.701	0.08048450063961565
65.751	0.08048569395337381
65.801	0.08048688445658075
65.851	0.08048807215817125
65.901	0.08048925706704407
65.951	0.08049043919206218
66.001	0.0804916185420529
66.051	0.08049279512580813
66.101	0.08047639824863886
66.151	0.08047407147196217
66.201	0.08047502165320655
66.251	0.08047119029416067
66.301	0.08046861334478377
66.351	0.08046706900413302
66.401	0.08046734989953454
66.451	0.08046580892323575
66.501	0.08046424413884116
66.551	0.08046364136162916
66.601	0.08046485435808662
66.651	0.08046232197210915
66.701	0.08046336961860819
66.751	0.0804629638997003
66.801	0.08046114781024881
66.851	0.08046057329008571
66.901	0.08046150632449914
66.951	0.08046018842498719
67.001	0.08045927822200831
67.051	0.08046049063602286
67.101	0.08045954164668487
67.151	0.0804596579462332
67.201	0.08045841593675579
67.251	0.08045851376444882
67.301	0.08045860124232575
67.351	0.08045867834802807
67.401	0.0804587450584561
67.451	0.08046128887790151
67.501	0.08045993993532938
67.551	0.08045883843284599
67.601	0.08045887484751921
67.651	0.08045890078059645
67.701	0.08045891620522885
67.751	0.08045892109379353
67.801	0.08045891541788341
67.851	0.08046260800329076
67.901	0.08045901511088528
67.951	0.08045898914436785
68.001	0.08045895253755234
68.051	0.080458905258856
68.101	0.0804637895730621
68.151	0.08046111630180061
68.201	0.08046104518704081
68.251	0.08045893652175537
68.301	0.08046012860891041
68.351	0.08046003846566809
68.401	0.08045993751335545
68.451	0.08045982571540095
68.501	0.08046101313258354
68.551	0.08046088983865944
68.601	0.08046075564176687
68.651	0.08046325535612601
68.701	0.0804617934428676
68.751	0.080461636767081
68.801	0.08046415127508047
68.851	0.08046264825659802
68.901	0.0804624690148233
68.951	0.08046227870214219
69.001	0.08046345419569559
69.051	0.08046325229357762
69.101	0.08046442465746684
69.151	0.0804642111610269
69.201	0.08046398649682934
69.251	0.08046515533061938
69.301	0.08046491903825628
69.351	0.08046608482731209
69.401	0.08046583689896895
69.451	0.08046557769761344
69.501	0.08046674010173933
69.551	0.08046646922477732
69.601	0.08046905708815595
69.651	0.08046734610478613
69.701	0.08046705215450937
69.751	0.08046820835701869
69.801	0.08046790267478605
69.851	0.08046905599965637
69.901	0.08046873857161788
69.951	0.08047135492578812
70.001	0.08046955986094453
70.051	0.08047070752290006
70.101	0.0804703665574976
70.151	0.0804700140079327
70.201	0.08047115867479937
70.251	0.08047079429279651
70.301	0.08047193622515805
70.351	0.08047155999159486
70.401	0.08047269921966169
70.451	0.08047231111433216
70.501	0.08047344766817613
70.551	0.08047304766977822
70.601	0.08047418157933806
70.651	0.08047376966546771
70.701	0.0804749009605499
70.751	0.08047447710769245
70.801	0.08047560581797464
70.851	0.08047517000149544
70.901	0.0804762961565296
70.951	0.08047584835066482
71.001	0.08047697197988284
71.051	0.0804765121577298
71.101	0.08047763329044016
71.151	0.08047716142395053
71.201	0.08047828008934546
71.251	0.08047779614931243
71.301	0.08047891237646969
71.351	0.0804784163325166
71.401	0.08047953015040388
71.451	0.08047902197097859
71.501	0.0804801334084529
71.551	0.08047961306081344
71.601	0.08048072214662774
71.651	0.0804818288121738
71.701	0.08048129635963151
71.751	0.0804840349110305
71.801	0.0804818560408599
71.851	0.08048295810537738
71.901	0.08048240118238183
71.951	0.08048515505124738
72.001	0.08048293177494174
72.051	0.08048402935188964
72.101	0.08048512454812401
72.151	0.08048454318341443
72.201	0.08048730782638756
72.251	0.08048504247151725
72.301	0.08048613330857717
72.351	0.08048552720279976
72.401	0.08048661590219364
72.451	0.08049272484572581
72.501	0.08048708395206149
72.551	0.08048816819879416
72.601	0.08048753744195476
72.651	0.08048861961412516
72.701	0.08048797635425749
72.751	0.08048905647946289
72.801	0.08049013428355284
72.851	0.08048947877571791
72.901	0.08048968445408797
72.951	0.08048988648238907
73.001	0.08049008485783556
73.051	0.08049203179691977
73.101	0.08049135142730073
73.151	0.08049154151981369
73.201	0.08049172795737713
73.251	0.08049191073683767
73.301	0.08049386094590028
73.351	0.08049315559268133
73.401	0.08049333010820767
73.451	0.08049350096236862
73.501	0.08049456256573093
73.551	0.0804956219102967
73.601	0.08049489144045435
73.651	0.08049505038139652
73.701	0.08049520565300115
73.751	0.08049626136723899
73.801	0.08049731484253884
73.851	0.08049655911164189
73.901	0.08049670247386813
73.951	0.0804986602992667
74.001	0.0804978921221051
74.051	0.08049802726126687
74.101	0.08049815871948086
74.151	0.08049920475588737
74.201	0.08050024858547311
74.251	0.08049945492885024
74.301	0.08050049708217781
74.351	0.0805015370412383
74.401	0.08050073085257502
74.451	0.08050084220334526
74.501	0.08050464381525706
74.551	0.0805019865556156
74.601	0.08050208970983179
74.651	0.08050218916403923
74.701	0.08050322210063454
74.751	0.08050331706663004
74.801	0.08050340832842467
74.851	0.08050443754799932
74.901	0.08050546461594905
74.951	0.08050460740943632
75.001	0.08050563295578665
75.051	0.08050665636237855
75.101	0.08050578646319179
75.151	0.08050585764010143
75.201	0.08051671848239166
75.251	0.08051582339358848
75.301	0.08051587395306528
75.351	0.0805178330896371
75.401	0.08051692532099095
75.451	0.08051696778381622
75.501	0.08051892810091406
75.551	0.08051800761545687
75.601	0.08051804198345103
75.651	0.08052000356269105
75.701	0.08051907032179356
75.751	0.0805190965957906
75.801	0.08052105951917296
75.851	0.08052011348252955
75.901	0.08052013166236721
75.951	0.08052209601229783
76.001	0.08052113713791434
76.051	0.0805211472224334
76.101	0.08052311308173637
76.151	0.08052214132590917
76.201	0.08052312705758385
76.251	0.08052411076488174
76.301	0.0805231260821853
76.351	0.08052410859649625
76.401	0.0805618474691477
76.451	0.08056079892645568
76.501	0.08056172748603668
76.551	0.08056166202603016
76.601	0.0805615929091954
76.651	0.08056251865497759
76.701	0.080562445422422
76.751	0.08056436449310506
76.801	0.08056329149041484
76.851	0.08056321047618988
76.901	0.08056513180164776
76.951	0.08056404601011363
77.001	0.08056496437007771
77.051	0.08056588086707134
77.101	0.08056478222961655
77.151	0.08056569789410914
77.201	0.08056560087769782
77.251	0.08056550016223343
77.301	0.08056641316718999
77.351	0.0805663083492505
77.401	0.08056823364603594
77.451	0.08056711020017925
77.501	0.08056801874459371
77.551	0.0805689254572879
77.601	0.0805677890016859
77.651	0.08056869496634815
77.701	0.08056857413939471
77.751	0.08057050143096722
77.801	0.08056935299818827
77.851	0.08056922434032548
77.901	0.0805711543988903
77.951	0.08056999284399313
78.001	0.08057089194808179
78.051	0.0805707551059806
78.101	0.08057268475620989
78.151	0.08057151114297473
78.201	0.08057136644940475
78.251	0.0805732990425839
78.301	0.08057211218728197
78.351	0.08057300460754509
78.401	0.08057285173503911
78.451	0.08057478411101278
78.501	0.08057358510849315
78.551	0.08057342435951488
78.601	0.08057535985652443
78.651	0.08057414748425146
78.701	0.08057503339458359
78.751	0.08057486446720429
78.801	0.0805767999395551
78.851	0.08057557532332375
78.901	0.08057645716740289
78.951	0.08057733726373166
79.001	0.08057609914214724
79.051	0.08057697871370854
79.101	0.08057679369766883
79.151	0.08057873264091617
79.201	0.0805774821706179
79.251	0.08057835777037133
79.301	0.08057816457485403
79.351	0.0805801037902011
79.401	0.08057884092400591
79.451	0.08057971260457784
79.501	0.08057951123147172
79.551	0.08058145082178197
79.601	0.08058017551041993
79.651	0.08057996617135119
79.701	0.0805819094329894
79.751	0.08058062033898546
79.801	0.0805814860342882
79.851	0.08058126850342154
79.901	0.08058321233745408
79.951	0.08058191067697358
80.001	0.08058277259636955
80.051	0.08058254687172861
80.101	0.08058449138212091
80.151	0.08058317709954317
80.201	0.08058403529376904
80.251	0.08058380137204614
80.301	0.0805857466631033
80.351	0.08058441970064024
80.401	0.08058527421994531
80.451	0.080585032096498
80.501	0.08058697827288896
80.551	0.08058563857056585
80.601	0.08058648946471998
80.651	0.0805862391335635
80.701	0.08058818630034943
80.751	0.08058683379598307
80.801	0.0805876811142871
80.851	0.08058742256808953
80.901	0.08058937083074737
80.951	0.08058800545992224
81.001	0.08058884925121904
81.051	0.08058858248129297
81.101	0.08059053194574452
81.151	0.08058915364178772
81.201	0.08058999395447108
81.251	0.0805897189507664
81.301	0.08059166972340401
81.351	0.08059027841736258
81.401	0.08059111529938674
81.451	0.08059083205048266
81.501	0.08059278423819496
81.551	0.0805913798588084
81.601	0.08059221335769792
81.651	0.08059192185079454
81.701	0.0805938755609966
81.751	0.08059245803466979
81.801	0.08059328819752827
81.851	0.08059298841843673
81.901	0.08054878644516696
81.951	0.08054967117790979
82.001	0.0805505542164493
82.051	0.08055143556518152
82.101	0.08055231522848806
82.151	0.08055319321073615
82.201	0.08055406951627866
82.251	0.08055494414945423
82.301	0.08055581711458726
82.351	0.08055668841598809
82.401	0.08055528474865468
82.451	0.08055615578604891
82.501	0.0805558831321974
82.551	0.08055789289325321
82.601	0.08055647537209631
82.651	0.0805573428634129
82.701	0.08055820870805089
82.751	0.08055792721341985
82.801	0.08055993547421936
82.851	0.08055850544838072
82.901	0.08055936780667211
82.951	0.08055907757604634
83.001	0.08056108763137444
83.051	0.08055964360392873
83.101	0.0805605025245759
83.151	0.08056020353929459
83.201	0.08056106075925497
83.251	0.08056306957262555
83.301	0.0805616129204681
83.351	0.08056246684014898
83.401	0.08056215901494998
83.451	0.08056416986110954
83.501	0.08056269904919588
83.551	0.0805635496374041
83.601	0.0805643986280657
83.651	0.0805640819697109
83.701	0.08056609183300097
83.751	0.08056460826583339
83.801	0.08056545398219367
83.851	0.08056512853149096
83.901	0.08056714066783409
83.951	0.08056564277216113
84.001	0.08056648526105736
84.051	0.08056732617589744
84.101	0.08056699188569034
84.151	0.0805690032993312
84.201	0.08056749250713204
84.251	0.08056833025048189
84.301	0.08056798713008462
84.351	0.08057000105932313
84.401	0.080573168839302
84.451	0.08056931037684022
84.501	0.08057014344341154
84.551	0.08056979147031923
84.601	0.08057180493839017
84.651	0.08057026658931639
84.701	0.08057109658519726
84.751	0.08057192504290042
84.801	0.08057156421500108
84.851	0.0805735773592113
84.901	0.08057202588868789
84.951	0.08057285132989359
85.001	0.08057367524579657
85.051	0.0805733055591431
85.101	0.0805753185169638
85.151	0.08057375384946136
85.201	0.08057457480244049
85.251	0.08057539424279078
85.301	0.08057501569159355
85.351	0.08057702860070236
85.401	0.08057545065782633
85.451	0.08057626718821961
85.501	0.08057587970322323
85.551	0.0805766947950835
85.601	0.08057870779340467
85.651	0.08057711649386139
85.701	0.08057792866652067
85.751	0.08057753228610513
85.801	0.08057834304626013
85.851	0.08057794217311731
85.901	0.0805787515315757
85.951	0.08057955941057955
86.001	0.08057915412348443
86.051	0.08057996061572889
86.101	0.08058197420745454
86.151	0.08058035593894394
86.201	0.08058115958761591
86.251	0.08058074538070645
86.301	0.08058154766808634
86.351	0.08058356176471272
86.401	0.08058192987794056
86.451	0.08058272935886537
86.501	0.08058352738760624
86.551	0.08058310436195275
86.601	0.08058511910282155
86.651	0.08058347350456802
86.701	0.08058426887960998
86.751	0.08058506281399214
86.801	0.08058463084999813
86.851	0.08058664637491497
86.901	0.08058498696888663
86.951	0.08058577829920215
87.001	0.08058656820020342
87.051	0.08058612727897191
87.101	0.08058814372824744
87.151	0.08058892936225492
87.201	0.0805872577610961
87.251	0.08058804368900643
87.301	0.0805875937897238
87.351	0.08058961130422161
87.401	0.0805928363704804
87.451	0.0805887074028627
87.501	0.08058948941730233
87.551	0.08058903051722481
87.601	0.08059104923840313
87.651	0.08059182705188454
87.701	0.08059012735621353
87.751	0.08059090551614581
87.801	0.08059168228313114
87.851	0.08059245766054828
87.901	0.08059323165176378
87.951	0.08059151774701367
88.001	0.08059229211076452
88.051	0.08059306509218028
88.101	0.08059258831020769
88.151	0.08059460692137854
88.201	0.08059537577581803
88.251	0.08059364932056562
88.301	0.08059441857394656
88.351	0.08059518645875038
88.401	0.08059595297827721
88.451	0.08059671813581609
88.501	0.08059497725915361
88.551	0.08059574284142494
88.601	0.08059650706536754
88.651	0.0805960123389584
88.701	0.08059803145132359
88.751	0.08059879161983995
88.801	0.0805970380018273
88.851	0.08059779862108035
88.901	0.0805985578953264
88.951	0.0805980542854009
89.001	0.08060007242168014
89.051	0.0806033244917589
89.101	0.08059906122674648
89.151	0.08059981696179382
89.201	0.08059930421158826
89.251	0.08060132443931209
89.301	0.0806020761881355
89.351	0.08060029497745932
89.401	0.08060104722818674
89.451	0.08060179815670301
89.501	0.08060127648970968
89.551	0.08060329605969244
89.601	0.08060655902060679
89.651	0.08060224878328667
89.701	0.08060299629137062
89.751	0.08060374248991617
89.801	0.08060321189258056
89.851	0.0806052309708269
89.901	0.08060597325938199
89.951	0.08060416585142213
90.001	0.08060490869255868
90.051	0.0806056502366113
90.101	0.08060639048664991
90.151	0.08060712944573542
90.201	0.08060530691361059
90.251	0.08060604645032127
90.301	0.08060678469914434
90.351	0.08060752166311932
90.401	0.08060825734527781
90.451	0.08060899174864017
90.501	0.08060972487622027
90.551	0.08060789083962615
90.601	0.08060862456973057
90.651	0.08060935702700978
90.701	0.08061008821445673
90.751	0.08061337148220135
90.801	0.08060896872230147
90.851	0.08060969927024544
90.901	0.08061042855421278
90.951	0.08061115657716862
91.001	0.08061188334206748
91.051	0.08061260885185623
91.101	0.08061333310947265
91.151	0.08061147198442961
91.201	0.0806121968938528
91.251	0.0806129205538713
91.301	0.08061364296740418
91.351	0.0806143641373618
91.401	0.08061765252298053
91.451	0.08061320921583932
91.501	0.08061392982134463
91.551	0.08061464918885224
91.601	0.08061536732124426
91.651	0.08061608422139467
91.701	0.08061679989217015
91.751	0.08061491118961257
91.801	0.080615627560886
91.851	0.08061634270536874
91.901	0.08061574902292512
91.951	0.08061776932534585
92.001	0.08062106825937619
92.051	0.08061657812242286
92.101	0.08061729032823088
92.151	0.08061800131826147
92.201	0.08061739851387663
92.251	0.08061941966223753
92.301	0.08062012702178355
92.351	0.08061821022253517
92.401	0.08061891833074825
92.451	0.08061962523400693
92.501	0.08061901327312579
92.551	0.08062103543676857
92.601	0.08062434598004209
92.651	0.08061980768985723
92.701	0.0806205117674725
92.751	0.08062121465076788
92.801	0.08062191634248973
92.851	0.08062129558359275
92.901	0.08062331616215411
92.951	0.08062401429555081
93.001	0.08062207082914752
93.051	0.08062276975844
93.101	0.08062346750657609
93.151	0.08062283752669278
93.201	0.08062485947019306
93.251	0.08062817839632554
93.301	0.08062359569826888
93.351	0.08062429073869155
93.401	0.08062498460819396
93.451	0.08062567730945142
93.501	0.08062636884512889
93.551	0.08062705921788553
93.601	0.08062774843037124
93.651	0.08062577776499727
93.701	0.08062646782001635
93.751	0.08062715671681724
93.801	0.08062784445803559
93.851	0.08062853104629868
93.901	0.08063185948709704
93.951	0.08063254065127562
94.001	0.08062791730657405
94.051	0.0806286024621113
94.101	0.08062928647189006
94.151	0.08062996933850668
94.201	0.08063065106455151
94.251	0.08063133165260705
94.301	0.08062933322428575
94.351	0.08063001470099194
94.401	0.08063069504159243
94.451	0.08063137424865488
94.501	0.08063205232473944
94.551	0.08063272927239935
94.601	0.08063606412065913
94.651	0.08063139358104339
94.701	0.08063207031399154
94.751	0.08063274592285752
94.801	0.08063342041017359
94.851	0.08063409377846253
94.901	0.0806347660302425
94.951	0.08063543716802173
95.001	0.08063341242789666
95.051	0.08063408449921028
95.101	0.08063475545823645
95.151	0.08063542530747242
95.201	0.08063609404940522
95.251	0.0806367616865171
95.301	0.08063472151409143
95.351	0.08063539010779872
95.401	0.08063605759832271
95.451	0.08063672398813117
95.501	0.08063738927968407
95.551	0.08063805347543518
95.601	0.08063871657783112
95.651	0.08063937858931214
95.701	0.08063732695184357
95.751	0.0806379899411778
95.801	0.0806386518411474
95.851	0.08063931265417809
95.901	0.08063997238268969
95.951	0.08064063102909493
96.001	0.08064398232754828
96.051	0.08063922327938898
96.101	0.08063988184592027
96.151	0.08064053933422173
96.201	0.08064119574668706
96.251	0.08064185108570195
96.301	0.08064250535364556
96.351	0.08064315855289159
96.401	0.08064107939817657
96.451	0.08064173361911034
96.501	0.08064238677273854
96.551	0.08064303886142134
96.601	0.08064368988751311
96.651	0.08064433985336049
96.701	0.08065303307755438
96.751	0.08064289560444451
96.801	0.08064354555583489
96.851	0.08064419445063718
96.901	0.0806448422911796
96.951	0.08064548907978412
97.001	0.08064613481876624
97.051	0.08064677951043556
97.101	0.08064467218302837
97.151	0.08064531793980997
97.201	0.08064596265051821
97.251	0.08064660631744965
97.301	0.08064724894289492
97.351	0.08064789052913929
97.401	0.08065126321996731
97.451	0.08065189961549067
97.501	0.0806470510434755
97.551	0.08064769164373418
97.601	0.08064833121050102
97.651	0.08064896974603714
97.701	0.0806496072525959
97.751	0.08065024373242552
97.801	0.08065087918776809
97.851	0.0806487451280824
97.901	0.08064938169047912
97.951	0.08065001722947487
98.001	0.08065065174730045
98.051	0.08065128524618073
98.101	0.08065191772833313
98.151	0.08065529887651882
98.201	0.08065040044377564
98.251	0.08065103303986786
98.301	0.08065166462246023
98.351	0.08065229519375344
98.401	0.08065292475594275
98.451	0.0806535533112178
98.501	0.08065418086176089
98.551	0.08065480740975024
98.601	0.0806526459300092
98.651	0.08065327362656681
98.701	0.08065390032151117
98.751	0.08065452601700777
98.801	0.08065515071521742
98.851	0.0806557744182957
98.901	0.08065639712839115
98.951	0.08065978396102805
99.001	0.0806548444679903
99.051	0.0806554673558014
99.101	0.08065608925363867
99.151	0.08065671016363637
99.201	0.08065733008792154
99.251	0.0806579490286147
99.301	0.08065856698783218
99.351	0.0806591839676834
99.401	0.08065699651101958
99.451	0.08065761467929565
99.501	0.08065823186899973
99.551	0.08065884808223228
99.601	0.0806594633210873
99.651	0.08066007758765464
99.701	0.0806634755804336
99.751	0.0806584879907801
99.801	0.08065910249667957
99.851	0.08065971603310106
99.901	0.08066032860211794
99.951	0.08066094020579724