1.e-10	0.
0.0500000001	6.829068578017257e-9
0.1000000001	9.755844491066856e-8
0.1500000001	4.446537206262044e-7
0.2000000001	1.2992668028061645e-6
0.2500000001	2.9744680707629824e-6
0.3000000001	5.835692176736869e-6
0.3500000001	0.000010293343926894164
0.4000000001	0.000016796856807253747
0.4500000001	0.000025829750047139645
0.5000000001	0.00003790541691906324
0.5500000001	0.00005356347294809637
0.6000000001	0.00007336654743477156
0.6500000001	0.000097897435219237
0.7000000001	0.00012775654731728186
0.7500000001	0.00016355961374311376
0.8000000001	0.0002059356021333996
0.8500000001	0.0002555248232308261
0.9000000001	0.0003129771998029861
0.9500000001	0.00037895067975177887
1.0000000001	0.00045410977739429023
1.0500000001	0.0005391242294271307
1.1000000001	0.0006346677541011605
1.1500000001	0.0007414169037584713
1.2000000001	0.0008600500022091981
1.2500000001	0.0009912461595186165
1.3000000001	0.0011356843576845305
1.3500000001	0.001294042601448405
1.4000000001	0.0014669971291296486
1.4500000001	0.0016552216789228937
1.5000000001	0.0018593868065703313
1.5500000001	0.002080159250728781
1.6000000001	0.0023182013427049835
1.6500000001	0.002574170457541435
1.7000000001	0.0028487185037058957
1.7500000001	0.003142491448876336
1.8000000001	0.0034561288795242756
1.8500000001	0.0037902635921870566
1.9000000001	0.004145521214486975
1.9500000001	0.0045225198541049665
2.0000000001	0.004921869774051053
2.0500000001	0.005344173092695039
2.1000000001	0.005790023507130415
2.1500000001	0.006260006038543738
2.2000000001	0.006754696798352051
2.2500000001	0.007274662773952952
2.3000000001	0.007820461633007219
2.3500000001	0.008392641545242415
2.4000000001	0.008991741020829117
2.4500000001	0.009618288764439369
2.5000000001	0.010272803544150232
2.5500000001	0.010955794074404886
2.6000000001	0.011667758912289017
2.6500000001	0.012409186366422643
2.7000000001	0.013180554417806781
2.7500000001	0.013982330652000451
2.8000000001	0.014814972202037877
2.8500000001	0.01567892570152686
2.9000000001	0.01657462724739912
2.9500000001	0.017502502371810898
3.0000000001	0.018462966022717697
3.0500000001	0.01945642255267157
3.1000000001	0.02048326571541168
3.1500000001	0.021543878669840335
3.2000000001	0.02263863399099684
3.2500000001	0.0237678936876599
3.3000000001	0.024932009226227722
3.3500000001	0.026131321560541033
3.4000000001	0.02736616116733047
3.4500000001	0.028636848086984676
3.5000000001	0.029943691969349213
3.5500000001	0.031286992124280336
3.6000000001	0.03266703757668967
3.6500000001	0.034084107125828315
3.7000000001	0.035538469408570195
3.7500000001	0.0370303829664648
3.8000000001	0.03856009631634052
3.8500000001	0.04012784802424873
3.9000000001	0.041733866782548486
3.9500000001	0.04337837148994053
4.0000000001	0.04506157133426727
4.0500000001	0.04678366587790399
4.1000000001	0.04854484514557366
4.1500000001	0.050345289714425256
4.2000000001	0.05218517080622218
4.2500000001	0.05406465038149461
4.3000000001	0.05598388123551485
4.3500000001	0.05794300709596181
4.4000000001	0.05994216272214612
4.4500000001	0.0619814740056725
4.5000000001	0.06406105807242232
4.5500000001	0.06618102338574298
4.6000000001	0.06834146985073676
4.6500000001	0.07054248891954572
4.7000000001	0.07278416369753381
4.7500000001	0.07506656905027205
4.8000000001	0.07738977171123575
4.8500000001	0.0797538303901276
4.9000000001	0.08215879588174373
4.9500000001	0.08460471117530335
5.0000000001	0.08709161156416664
5.0500000001	0.08961952475586775
5.1000000001	0.09218847098239413
5.1500000001	0.09479846311064585
5.2000000001	0.09744950675301114
5.2500000001	0.10014160037799856
5.3000000001	0.10287473542086689
5.3500000001	0.10564889639419836
5.4000000001	0.10846406099836205
5.4500000001	0.11132020023181716
5.5000000001	0.11421727850120861
5.5500000001	0.11715525373120841
5.6000000001	0.12013407747405964
5.6500000001	0.12315369501878133
5.7000000001	0.12621404549999435
5.7500000001	0.12931506200633114
5.8000000001	0.13245667168839254
5.8500000001	0.13563879586621824
5.9000000001	0.1388613501362381
5.9500000001	0.142124244477673
6.0000000001	0.14542738335835745
6.0500000001	0.14877066583995405
6.1000000001	0.1521539856825353
6.1500000001	0.15557723144850674
6.2000000001	0.15904028660584818
6.2500000001	0.16254302963065112
6.3000000001	0.1660853341089304
6.3500000001	0.16966706883769095
6.4000000001	0.17328809792523095
6.4500000001	0.17694828089066295
6.5000000001	0.18064747276263798
6.5500000001	0.18438552417725546
6.6000000001	0.18816228147514555
6.6500000001	0.1919775867977101
6.7000000001	0.19583127818250906
6.7500000001	0.19972318965778182
6.8000000001	0.20365315133609113
6.8500000001	0.20762098950708058
6.9000000001	0.21162652672933588
6.9500000001	0.21566958192134134
7.0000000001	0.21974997045152445
7.0500000001	0.22386750422738036
7.1000000001	0.22802199178367066
7.1500000001	0.23221323836969054
7.2000000001	0.2364410460355985
7.2500000001	0.24070521371780565
7.3000000001	0.2450055373234185
7.3500000001	0.2493418098137336
7.4000000001	0.25371382128678016
7.4500000001	0.2581213590589083
7.5000000001	0.26256420774542216
7.5500000001	0.26704214934025455
7.6000000001	0.2715549632946837
7.6500000001	0.27610242659509127
7.7000000001	0.28068431383976056
7.7500000001	0.285300397314717
7.8000000001	0.28995044706860995
7.8500000001	0.29463423098663705
7.9000000001	0.29935151486351413
7.9500000001	0.30410206247548965
8.0000000001	0.30888563565140864
8.0500000001	0.3137019943428265
8.1000000001	0.31855089669317543
8.1500000001	0.3234320991059887
8.2000000001	0.3283453563121814
8.2500000001	0.3332904214363975
8.3000000001	0.3382670460624197
8.3500000001	0.3432749802976527
8.4000000001	0.34831397283668003
8.4500000001	0.35338377102389884
8.5000000001	0.3584841209152409
8.5500000001	0.3636147673389789
8.6000000001	0.36877545395562866
8.6500000001	0.37396592331694944
8.7000000001	0.3791859169240465
8.7500000001	0.38443517528458576
8.8000000001	0.3897134379691209
8.8500000001	0.39502044366654293
8.9000000001	0.4003559302386566
8.9500000001	0.4057196347738877
9.0000000001	0.41111129364013227
9.0500000001	0.41653064253674765
9.1000000001	0.4219774165456981
9.1500000001	0.4274513501818572
9.2000000001	0.43295217744247416
9.2500000001	0.4384796318558138
9.3000000001	0.44403344652897153
9.3500000001	0.4496133541948758
9.4000000001	0.45521908725848187
9.4500000001	0.4608503778421626
9.5000000001	0.46650695783030804
9.5500000001	0.47218855891313477
9.6000000001	0.47789491262971745
9.6500000001	0.48362575041024747
9.7000000001	0.4893808036175239
9.7500000001	0.49515980358768946
9.8000000001	0.5009624816702121
9.8500000001	0.5067885692671251
9.9000000001	0.5126377978715307
9.9500000001	0.5185098991053732
10.0000000001	0.5244046047564919
10.0500000001	0.5303216468149597
10.1000000001	0.5362607575087142
10.1500000001	0.5422216693384905
10.2000000001	0.5482041151120607
10.2500000001	0.5542078279777911
10.3000000001	0.5602325414575196
10.3500000001	0.5662779894787657
10.4000000001	0.5723439064062784
10.4500000001	0.5784300270729267
10.5000000001	0.584536086809947
10.5500000001	0.5906618214765462
10.6000000001	0.5968069674888757
10.6500000001	0.6029712618483789
10.7000000001	0.6091544421695196
10.7500000001	0.6153562467069038
10.8000000001	0.6215764143817929
10.8500000001	0.6278146848080258
10.9000000001	0.6340707983173509
10.9500000001	0.6403444959841749
11.0000000001	0.6466355196497402
11.0500000001	0.6529436119457335
11.1000000001	0.6592685163173352
11.1500000001	0.6656099770457166
11.2000000001	0.6719677392699899
11.2500000001	0.6783415490086214
11.3000000001	0.6847311531803119
11.3500000001	0.6911362996243521
11.4000000001	0.6975567371204626
11.4500000001	0.7039922154081196
11.5000000001	0.7104424852053801
11.5500000001	0.7169072982272066
11.6000000001	0.7233864072033037
11.6500000001	0.7298795658954712
11.7000000001	0.7363865291144773
11.7500000001	0.742907052736465
11.8000000001	0.7494408937188913
11.8500000001	0.7559878101160118
11.9000000001	0.7625475610939134
11.9500000001	0.7691199069451012
12.0000000001	0.7757046091026503
12.0500000001	0.7823014301539227
12.1000000001	0.7889101338538611
12.1500000001	0.7955304851378634
12.2000000001	0.8021622501342419
12.2500000001	0.8088051961762792
12.3000000001	0.81545909181388
12.3500000001	0.8221237068248299
12.4000000001	0.8287988122256661
12.4500000001	0.8354841802821625
12.5000000001	0.842179584519442
12.5500000001	0.8488847997317128
12.6000000001	0.8555996019916432
12.6500000001	0.862323768659376
12.7000000001	0.8690570783911862
12.7500000001	0.8757993111477949
12.8000000001	0.8825502482023355
12.8500000001	0.8893096721479868
12.9000000001	0.8960773669052716
12.9500000001	0.9028531177290294
13.0000000001	0.9096367112150688
13.0500000001	0.9164279353065031
13.1000000001	0.923226579299775
13.1500000001	0.9300324338503784
13.2000000001	0.9368452909782754
13.2500000001	0.9436649440730235
13.3000000001	0.9504911878986073
13.3500000001	0.9573238185979887
13.4000000001	0.9641626336973762
13.4500000001	0.9710074321102163
13.5000000001	0.9778580141409183
13.5500000001	0.984714181488309
13.6000000001	0.9915757372488287
13.6500000001	0.998442485919472
13.7000000001	1.005314233400472
13.7500000001	1.0121907869977425
13.8000000001	1.019071955425073
13.8500000001	1.0259575488060881
13.9000000001	1.0328473786759724
13.9500000001	1.0397412579829635
14.0000000001	1.0466390010896232
14.0500000001	1.0535404237738837
14.1000000001	1.0604453432298804
14.1500000001	1.0673535780685697
14.2000000001	1.0742649483181381
14.2500000001	1.081179275424208
14.3000000001	1.0880963822498413
14.3500000001	1.0950160930753465
14.4000000001	1.1019382335978951
14.4500000001	1.1088626309309448
14.5000000001	1.115789113603482
14.5500000001	1.1227175115590797
14.6000000001	1.129647656154778
14.6500000001	1.1365793801597934
14.7000000001	1.1435125177540528
14.7500000001	1.1504469045265657
14.8000000001	1.1573823774736285
14.8500000001	1.164318774996871
14.9000000001	1.1712559369011488
14.9500000001	1.1781937043922759
15.0000000001	1.185131920074615
15.0500000001	1.1920704279485168
15.1000000001	1.1990090734076162
15.1500000001	1.2059477032359915
15.2000000001	1.2128861656051826
15.2500000001	1.219824310071079
15.3000000001	1.226761987570675
15.3500000001	1.233699050418697
15.4000000001	1.2406353523041096
15.4500000001	1.2475707482864935
15.5000000001	1.2545050947923122
15.5500000001	1.261438249611057
15.6000000001	1.2683700718912807
15.6500000001	1.2753004221365225
15.7000000001	1.282229162201123
15.7500000001	1.2891561552859359
15.8000000001	1.2960812659339362
15.8500000001	1.3030043600257304
15.9000000001	1.3099253047749688
15.9500000001	1.3168439687236622
16.0000000001	1.3237602217374096
16.0500000001	1.3306739350005348
16.1000000001	1.337584981011134
16.1500000001	1.3444932335760431
16.2000000001	1.3513985678057192
16.2500000001	1.358300860109044
16.3000000001	1.3651999881880503
16.3500000001	1.3720958310325697
16.4000000001	1.378988268914811
16.4500000001	1.3858771833838661
16.5000000001	1.3927624572601476
16.5500000001	1.3996439746297598
16.6000000001	1.4065216208388032
16.6500000001	1.4133952824876204
16.7000000001	1.4202648474249782
16.7500000001	1.427130204742192
16.8000000001	1.4339912447671979
16.8500000001	1.4408478590585605
16.9000000001	1.4476999403994393
16.9500000001	1.4545473827914974
17.0000000001	1.4613900814487624
17.0500000001	1.4682279327914431
17.1000000001	1.4750608344396963
17.1500000001	1.4818886852073534
17.2000000001	1.4887113850956046
17.2500000001	1.4955288352866414
17.3000000001	1.5023409381372637
17.3500000001	1.509147597172445
17.4000000001	1.5159487170788681
17.4500000001	1.5227442036984233
17.5000000001	1.5295339640216745
17.5500000001	1.5363179061812988
17.6000000001	1.5430959394454906
17.6500000001	1.5498679742113437
17.7000000001	1.556633921998204
17.7500000001	1.563393695440998
17.8000000001	1.5701472082835415
17.8500000001	1.5768943753718185
17.9000000001	1.5836351126472479
17.9500000001	1.5903693371399255
18.0000000001	1.5970969669618496
18.0500000001	1.603817921300132
18.1000000001	1.6105321204101892
18.1500000001	1.6172394856089218
18.2000000001	1.6239399392678824
18.2500000001	1.6306334048064277
18.3000000001	1.6373198066848655
18.3500000001	1.6439990703975849
18.4000000001	1.6506711224661839
18.4500000001	1.6573358904325883
18.5000000001	1.663993302852162
18.5500000001	1.6706432892868168
18.6000000001	1.6772857802981114
18.6500000001	1.6839207074403533
18.7000000001	1.6905480032536953
18.7500000001	1.6971676012572319
18.8000000001	1.703779435942096
18.8500000001	1.7103834427645537
18.9000000001	1.7169795581391036
18.9500000001	1.723567719431578
19.0000000001	1.730147864952245
19.0500000001	1.7367199339489203
19.1000000001	1.743283866600077
19.1500000001	1.749839604007967
19.2000000001	1.756387088191746
19.2500000001	1.7629262620806083
19.3000000001	1.769457069506928
19.3500000001	1.7759794551994095
19.4000000001	1.7824933647762486
19.4500000001	1.7889987447383033
19.5000000001	1.795495542462277
19.5500000001	1.8019837061939121
19.6000000001	1.808463185041197
19.6500000001	1.814933928967586
19.7000000001	1.8213958887852335
19.7500000001	1.8278490161482424
19.8000000001	1.8342932635459284
19.8500000001	1.8407285842960979
19.9000000001	1.8471549325383447
19.9500000001	1.8535722632273623
20.0000000001	1.8599805321262735
20.0500000001	1.8663796957999799
20.1000000001	1.8727697116085258
20.1500000001	1.879150537700486
20.2000000001	1.8855221330063696
20.2500000001	1.891884457232046
20.3000000001	1.8982374708521899
20.3500000001	1.9045811351037485
20.4000000001	1.9109154119794283
20.4500000001	1.9172402642212065
20.5000000001	1.9235556553138626
20.5500000001	1.9298615494785338
20.6000000001	1.9361579116662926
20.6500000001	1.9424447075517481
20.7000000001	1.9487219035266725
20.7500000001	1.9549894666936505
20.8000000001	1.9612473648597544
20.8500000001	1.9674955665302427
20.9000000001	1.9737340409022854
20.9500000001	1.9799627578587147
21.0000000001	1.9861816879618008
21.0500000001	1.9923908024470571
21.1000000001	1.9985900732170663
21.1500000001	2.0047794728353394
21.2000000001	2.010958974520198
21.2500000001	2.017128552138686
21.3000000001	2.0232881802005083
21.3500000001	2.029437833851997
21.4000000001	2.0355774888701075
21.4500000001	2.0417071216564397
21.5000000001	2.0478267092312934
21.5500000001	2.053936229227747
21.6000000001	2.0600356598857683
21.6500000001	2.066124980046353
21.7000000001	2.072204169145696
21.7500000001	2.0782732072093872
21.8000000001	2.0843320748466443
21.8500000001	2.090380753244566
21.9000000001	2.0964192241624255
21.9500000001	2.102447469925987
22.0000000001	2.108465473421857
22.0500000001	2.114473218091864
22.1000000001	2.12047068792747
22.1500000001	2.1264578674642127
22.2000000001	2.132434741776179
22.2500000001	2.138401296470508
22.3000000001	2.14435751768193
22.3500000001	2.15030339206733
22.4000000001	2.1562389068003474
22.4500000001	2.162164049566008
22.5000000001	2.1680788085553826
22.5500000001	2.173983172460284
22.6000000001	2.1798771304679905
22.6500000001	2.1857606722560012
22.7000000001	2.1916337879868295
22.7500000001	2.1974964683028206
22.8000000001	2.203348704321007
22.8500000001	2.209190487627992
22.9000000001	2.2150218102748687
22.9500000001	2.2208426647721677
23.0000000001	2.2266530440848404
23.0500000001	2.232452941627273
23.1000000001	2.2382423512583314
23.1500000001	2.24402126727644
23.2000000001	2.2497896844146945
23.2500000001	2.255547597836001
23.3000000001	2.261295003128255
23.3500000001	2.267031896299547
23.4000000001	2.272758273773401
23.4500000001	2.2784741323840496
23.5000000001	2.284179469371736
23.5500000001	2.2898742823780522
23.6000000001	2.295558569441306
23.6500000001	2.3012323289919205
23.7000000001	2.306895559847872
23.7500000001	2.31254826121015
23.8000000001	2.318190432658257
23.8500000001	2.3238220741457374
23.9000000001	2.3294431859957374
23.9500000001	2.335053768896599
24.0000000001	2.3406538238974846
24.0500000001	2.346243352404035
24.1000000001	2.3518223561740563
24.1500000001	2.35739083731324
24.2000000001	2.3629487982709168
24.2500000001	2.3684962418358384
24.3000000001	2.374033171131993
24.3500000001	2.3795595896144524
24.4000000001	2.385075501065248
24.4500000001	2.3905809095892825
24.5000000001	2.396075819610267
24.5500000001	2.4015602358666963
24.6000000001	2.407034163407848
24.6500000001	2.4124976075898177
24.7000000001	2.417950574071582
24.7500000001	2.4233930688110963
24.8000000001	2.4288250980614174
24.8500000001	2.434246668366861
24.9000000001	2.43965778655919
24.9500000001	2.4450584597538296
25.0000000001	2.4504486953461155
25.0500000001	2.4558285010075735
25.1000000001	2.4611978846822242
25.1500000001	2.466556854582923
25.2000000001	2.4719054191877268
25.2500000001	2.4772435872362917
25.3000000001	2.482571367726301
25.3500000001	2.48788876990992
25.4000000001	2.4931958032902832
25.4500000001	2.4984924776180084
25.5000000001	2.5037788028877426
25.5500000001	2.5090547893347366
25.6000000001	2.514320447431443
25.6500000001	2.5195757878841527
25.7000000001	2.5248208216296506
25.7500000001	2.530055559831908
25.8000000001	2.535280013878796
25.8500000001	2.540494195378834
25.9000000001	2.5456981161579604
25.9500000001	2.5508917882563353
26.0000000001	2.556075223925171
26.0500000001	2.5612484356235883
26.1000000001	2.5664114360155
26.1500000001	2.571564237966527
26.2000000001	2.576706854540933
26.2500000001	2.581839298998596
26.3000000001	2.586961584792002
26.3500000001	2.5920737255632633
26.4000000001	2.5971757351411693
26.4500000001	2.602267627538259
26.5000000001	2.607349416947925
26.5500000001	2.6124211177415404
26.6000000001	2.6174827444656095
26.6500000001	2.6225343118389532
26.7000000001	2.627575834749911
26.7500000001	2.6326073282535756
26.8000000001	2.6376288075690493
26.8500000001	2.642640288076728
26.9000000001	2.647641785315609
26.9500000001	2.6526333149806263
27.0000000001	2.6576148929200087
27.0500000001	2.6625865351326654
27.1000000001	2.6675482577655933
27.1500000001	2.6725000771113114
27.2000000001	2.6774420096053193
27.2500000001	2.6823740718235807
27.3000000001	2.6872962804800293
27.3500000001	2.6922086524241
27.4000000001	2.6971112046382846
27.4500000001	2.70200395423571
27.5000000001	2.706886918457741
27.5500000001	2.711760114671608
27.6000000001	2.716623560368055
27.6500000001	2.7214772731590116
27.7000000001	2.726321270775291
27.7500000001	2.7311555710643076
27.8000000001	2.73598019198782
27.8500000001	2.7407951516196927
27.9000000001	2.745600468143686
27.9500000001	2.750396159851263
28.0000000001	2.755182245139422
28.0500000001	2.75995874250855
28.1000000001	2.764725670560298
28.1500000001	2.7694830479954775
28.2000000001	2.7742308936119815
28.2500000001	2.7789692263027206
28.3000000001	2.7836980650535903
28.3500000001	2.78841742894145
28.4000000001	2.793127337132126
28.4500000001	2.7978278088784396
28.5000000001	2.8025188635182516
28.5500000001	2.807200520472527
28.6000000001	2.811872799243423
28.6500000001	2.816535719412395
28.7000000001	2.821189300638325
28.7500000001	2.8258335626556663
28.8000000001	2.8304685252726154
28.8500000001	2.8350942083692923
28.9000000001	2.839710631895952
28.9500000001	2.844317815871208
29.0000000001	2.8489157803802776
29.0500000001	2.853504545573248
29.1000000001	2.8580841316633565
29.1500000001	2.8626545589252954
29.2000000001	2.8672158476935325
29.2500000001	2.871768018360649
29.3000000001	2.8763110913757006
29.3500000001	2.880845087242592
29.4000000001	2.8853700265184705
29.4500000001	2.8898859298121407
29.5000000001	2.894392817782495
29.5500000001	2.89889071113696
29.6000000001	2.903379630629965
29.6500000001	2.9078595970614236
29.7000000001	2.9123306312752346
29.7500000001	2.916792754157802
29.8000000001	2.921245986636569
29.8500000001	2.9256903496785687
29.9000000001	2.930125864288995
29.9500000001	2.934552551509788
30.0000000001	2.938970432418236
30.0500000001	2.943379528125594
30.1000000001	2.9477798597757188
30.1500000001	2.952171448543719
30.2000000001	2.956554315634625
30.2500000001	2.9609284822820676
30.3000000001	2.965293969746983
30.3500000001	2.9696507993163213
30.4000000001	2.973998992301778
30.4500000001	2.978338570038543
30.5000000001	2.982669553884055
30.5500000001	2.986991965216784
30.6000000001	2.9913058254350164
30.6500000001	2.9956111559556637
30.7000000001	2.999907978213081
30.7500000001	3.0041963136579044
30.8000000001	3.008476183755899
30.8500000001	3.012747609986821
30.9000000001	3.0170106138432997
30.9500000001	3.021265216829727
31.0000000001	3.0255114404611643
31.0500000001	3.0297493062622634
31.1000000001	3.0339788357661988
31.1500000001	3.0382000505136166
31.2000000001	3.042412972051596
31.2500000001	3.0466176219326226
31.3000000001	3.050814021713577
31.3500000001	3.055002192954735
31.4000000001	3.059182157218783
31.4500000001	3.0633539360698445
31.5000000001	3.067517551072518
31.5500000001	3.0716730237909333
31.6000000001	3.0758203757878144
31.6500000001	3.079959628623556
31.7000000001	3.084090803855316
31.7500000001	3.0882139230361165
31.8000000001	3.0923290077139596
31.8500000001	3.096436079430951
31.9000000001	3.100535159722441
31.9500000001	3.104626270116174
32.0000000001	3.1087094321314512
32.0500000001	3.1127846672783024
32.1000000001	3.116851997056673
32.1500000001	3.1209114429556175
32.2000000001	3.1249630264525123
32.2500000001	3.129006769012271
32.3000000001	3.1330426920865726
32.3500000001	3.1370708171131083
32.4000000001	3.141091165514827
32.4500000001	3.1451037586992037
32.5000000001	3.1491086180575087
32.5500000001	3.1531057649640926
32.6000000001	3.1570952207756817
32.6500000001	3.1610770068306797
32.7000000001	3.165051144448488
32.7500000001	3.169017654928825
32.8000000001	3.172976559551064
32.8500000001	3.1769278795735802
32.9000000001	3.1808716362331
32.9500000001	3.1848078507440727
33.0000000001	3.188736544298041
33.0500000001	3.1926577380630237
33.1000000001	3.1965714531829135
33.1500000001	3.2004777107768763
33.2000000001	3.204376531938766
33.2500000001	3.2082679377365437
33.3000000001	3.212151949211709
33.3500000001	3.216028587378742
33.4000000001	3.2198978732245473
33.4500000001	3.223759827707915
33.5000000001	3.2276144717589856
33.5500000001	3.2314618262787245
33.6000000001	3.2353019121384063
33.6500000001	3.2391347501791055
33.7000000001	3.242960361211198
33.7500000001	3.246778766013869
33.8000000001	3.25058998533463
33.8500000001	3.2543940398888442
33.9000000001	3.258190950359258
33.9500000001	3.261980737395544
34.0000000001	3.265763421613851
34.0500000001	3.2695390235963564
34.1000000001	3.2733075638908353
34.1500000001	3.2770690630102286
34.2000000001	3.2808235414322273
34.2500000001	3.2845710195988573
34.3000000001	3.288311517916072
34.3500000001	3.2920450567533592
34.4000000001	3.2957716564433457
34.4500000001	3.2994913372814167
34.5000000001	3.30320411952534
34.5500000001	3.3069100233948916
34.6000000001	3.3106090690715
34.6500000001	3.3143012766978854
34.7000000001	3.317986666377715
34.7500000001	3.3216652581752575
34.8000000001	3.3253370721150497
34.8500000001	3.3290021281815676
34.9000000001	3.332660446318903
34.9500000001	3.3363120464304497
35.0000000001	3.339956948378593
35.0500000001	3.3435951719844055
35.1000000001	3.347226737027353
35.1500000001	3.350851663245
35.2000000001	3.3544699703327288
35.2500000001	3.358081677943459
35.3000000001	3.361686805687374
35.3500000001	3.3652853731316577
35.4000000001	3.368877399800229
35.4500000001	3.3724629051734896
35.5000000001	3.3760419086880757
35.5500000001	3.3796144297366095
35.6000000001	3.3831804876674663
35.6500000001	3.3867401017845378
35.7000000001	3.3902932913470067
35.7500000001	3.3938400755691256
35.8000000001	3.3973804736199966
35.8500000001	3.4009145046233646
35.9000000001	3.4044421876574082
35.9500000001	3.4079635417545395
36.0000000001	3.411478585901209
36.0500000001	3.4149873390377126
36.1000000001	3.418489820058007
36.1500000001	3.4219860478095288
36.2000000001	3.4254760410930176
36.2500000001	3.4289598186623453
36.3000000001	3.432437399224348
36.3500000001	3.435908801438665
36.4000000001	3.439374043917581
36.4500000001	3.4428331452258734
36.5000000001	3.446286123880664
36.5500000001	3.4497329983512737
36.6000000001	3.4531737870590855
36.6500000001	3.456608508377405
36.7000000001	3.4600371806313355
36.7500000001	3.4634598220976462
36.8000000001	3.4668764510046506
36.8500000001	3.470287085532091
36.9000000001	3.4736917438110195
36.9500000001	3.4770904439236925
37.0000000001	3.4804832039034608
37.0500000001	3.483870041734669
37.1000000001	3.4872509753525565
37.1500000001	3.490626022643162
37.2000000001	3.493995201443234
37.2500000001	3.497358529540145
37.3000000001	3.500716024671801
37.3500000001	3.5040677045265722
37.4000000001	3.507413586743208
37.4500000001	3.5107536889107673
37.5000000001	3.5140880285685525
37.5500000001	3.517416623206037
37.6000000001	3.520739490262809
37.6500000001	3.524056647128509
37.7000000001	3.527368111142776
37.7500000001	3.530673899595194
37.8000000001	3.533974029725243
37.8500000001	3.5372685187222537
37.9000000001	3.540557383725364
37.9500000001	3.5438406418234796
38.0000000001	3.5471183100552377
38.0500000001	3.550390405408972
38.1000000001	3.5536569448226842
38.1500000001	3.556917945184015
38.2000000001	3.5601734233302187
38.2500000001	3.563423396048144
38.3000000001	3.56666788007421
38.3500000001	3.5699068920943966
38.4000000001	3.573140448744224
38.4500000001	3.576368566608747
38.5000000001	3.579591262222545
38.5500000001	3.5828085520697157
38.6000000001	3.5860204525838726
38.6500000001	3.5892269801481453
38.7000000001	3.5924281510951817
38.7500000001	3.595623981707152
38.8000000001	3.598814488215755
38.8500000001	3.601999686802229
38.9000000001	3.605179593597364
38.9500000001	3.608354224681514
39.0000000001	3.6115235960846155
39.0500000001	3.6146877237862047
39.1000000001	3.6178466237154407
39.1500000001	3.621000311751125
39.2000000001	3.6241488037217318
39.2500000001	3.627292115405432
39.3000000001	3.630430262530125
39.3500000001	3.6335632607734687
39.4000000001	3.636691125762914
39.4500000001	3.6398138730757426
39.5000000001	3.642931518239102
39.5500000001	3.646044076730047
39.6000000001	3.649151563975581
39.6500000001	3.6522539953526993
39.7000000001	3.655351386188436
39.7500000001	3.65844375175991
39.8000000001	3.661531107294374
39.8500000001	3.664613467969268
39.9000000001	3.667690848912267
39.9500000001	3.6707632652013418
40.0000000001	3.673830731864811
40.0500000001	3.6768932638813987
40.1000000001	3.6799508761802966
40.1500000001	3.6830035836412223
40.2000000001	3.6860514010944843
40.2500000001	3.689094343321045
40.3000000001	3.692132425052586
40.3500000001	3.695165660971578
40.4000000001	3.6981940657113452
40.4500000001	3.7012176538561405
40.5000000001	3.7042364399412135
40.5500000001	3.707250438452885
40.6000000001	3.710259663828622
40.6500000001	3.713264130457113
40.7000000001	3.7162638526783436
40.7500000001	3.7192588447836803
40.8000000001	3.7222491210159423
40.8500000001	3.725234695569491
40.9000000001	3.728215582590305
40.9500000001	3.7311917961760694
41.0000000001	3.7341633503762575
41.0500000001	3.737130259192217
41.1000000001	3.7400925365772584
41.1500000001	3.7430501964367413
41.2000000001	3.7460032526281664
41.2500000001	3.748951718961264
41.3000000001	3.751895609198085
41.3500000001	3.7548349370530967
41.4000000001	3.7577697161932724
41.4500000001	3.760699960238189
41.5000000001	3.7636256827601224
41.5500000001	3.766546897284141
41.6000000001	3.769463617288209
41.6500000001	3.7723758562032783
41.7000000001	3.775283627413393
41.7500000001	3.7781869442557894
41.8000000001	3.781085820020992
41.8500000001	3.7839802679529235
41.9000000001	3.786870301249001
41.9500000001	3.789755933060243
42.0000000001	3.792637176491375
42.0500000001	3.7955140446009303
42.1000000001	3.798386550401362
42.1500000001	3.801254706859145
42.2000000001	3.8041185268948863
42.2500000001	3.8069780233834334
42.3000000001	3.8098332091539806
42.3500000001	3.8126840969901834
42.4000000001	3.8155306996302634
42.4500000001	3.818373029767125
42.5000000001	3.8212111000484628
42.5500000001	3.8240449230768756
42.6000000001	3.8268745114099807
42.6500000001	3.829699877560524
42.7000000001	3.832521033996498
42.7500000001	3.835337993141254
42.8000000001	3.838150767373618
42.8500000001	3.840959369028008
42.9000000001	3.8437638103945466
42.9500000001	3.846564103719182
43.0000000001	3.8493602612038034
43.0500000001	3.8521522950063583
43.1000000001	3.8549402172409724
43.1500000001	3.857724039978066
43.2000000001	3.860503775244476
43.2500000001	3.8632794350235744
43.3000000001	3.866051031255386
43.3500000001	3.8688185758367135
43.4000000001	3.8715820806212538
43.4500000001	3.8743415574197217
43.5000000001	3.8770970179999718
43.5500000001	3.879848474087119
43.6000000001	3.8825959373636607
43.6500000001	3.885339419469601
43.7000000001	3.8880789320025726
43.7500000001	3.890814486517961
43.8000000001	3.893546094529024
43.8500000001	3.8962737675070227
43.9000000001	3.898997516881339
43.9500000001	3.901717354039604
44.0000000001	3.904433290327821
44.0500000001	3.907145337050489
44.1000000001	3.9098535054707324
44.1500000001	3.91255780681042
44.2000000001	3.9152582522502954
44.2500000001	3.9179548529301025
44.3000000001	3.9206476199487073
44.3500000001	3.923336564364229
44.4000000001	3.9260216971941624
44.4500000001	3.9287030294155074
44.5000000001	3.931380571964894
44.5500000001	3.9340543357387077
44.6000000001	3.9367243315932203
44.6500000001	3.9393905703447127
44.7000000001	3.9420530627696047
44.7500000001	3.9447118196045814
44.8000000001	3.94736685154672
44.8500000001	3.9500181692536183
44.9000000001	3.9526657833435217
44.9500000001	3.9553097043954506
45.0000000001	3.957949942949328
45.0500000001	3.9605865095061077
45.1000000001	3.9632194145279023
45.1500000001	3.965848668438109
45.2000000001	3.968474281621541
45.2500000001	3.9710962644245518
45.3000000001	3.9737146271551658
45.3500000001	3.976329380083204
45.4000000001	3.9789405334404133
45.4500000001	3.9815480974205952
45.5000000001	3.9841520821797314
45.5500000001	3.9867524978361133
45.6000000001	3.9893493544704697
45.6500000001	3.991942662126094
45.7000000001	3.994532430808973
45.7500000001	3.9971186704879145
45.8000000001	3.9997013910946735
45.8500000001	4.002280602524083
45.9000000001	4.004856314634178
45.9500000001	4.007428537246324
46.0000000001	4.009997280145349
46.0500000001	4.012562553079663
46.1000000001	4.015124365761392
46.1500000001	4.017682727866502
46.2000000001	4.020237649034927
46.2500000001	4.022789138870695
46.3000000001	4.025337206942058
46.3500000001	4.027881862781614
46.4000000001	4.030423115886437
46.4500000001	4.032960975718206
46.5000000001	4.035495451703324
46.5500000001	4.038026553233052
46.6000000001	4.040554289663629
46.6500000001	4.043078670316404
46.7000000001	4.045599704477957
46.7500000001	4.048117401400228
46.8000000001	4.05063177030064
46.8500000001	4.053142820362226
46.9000000001	4.0556505607337545
46.9500000001	4.058155000529853
47.0000000001	4.060656148831134
47.0500000001	4.063154014684322
47.1000000001	4.065648607102373
47.1500000001	4.068139935064603
47.2000000001	4.070628007516811
47.2500000001	4.073112833371404
47.3000000001	4.075594421507516
47.3500000001	4.078072780771139
47.4000000001	4.08054791997524
47.4500000001	4.08301984789989
47.5000000001	4.085488573292381
47.5500000001	4.087954104867354
47.6000000001	4.090416451306917
47.6500000001	4.092875621260769
47.7000000001	4.095331623346326
47.7500000001	4.0977844661488385
47.8000000001	4.10023415822151
47.8500000001	4.102680708085628
47.9000000001	4.105124124230675
47.9500000001	4.1075644151144575
48.0000000001	4.110001589163222
48.0500000001	4.112435654771775
48.1000000001	4.114866620303608
48.1500000001	4.117294494091012
48.2000000001	4.119719284435199
48.2500000001	4.122140999606423
48.3000000001	4.124559647844099
48.3500000001	4.126975237356917
48.4000000001	4.129387776322969
48.4500000001	4.131797272889858
48.5000000001	4.134203735174824
48.5500000001	4.13660717126486
48.6000000001	4.139007589216823
48.6500000001	4.141404997057561
48.7000000001	4.143799402784022
48.7500000001	4.1461908143633766
48.8000000001	4.14857923973313
48.8500000001	4.150964686801242
48.9000000001	4.153347163446237
48.9500000001	4.155726677517327
49.0000000001	4.1581032368345205
49.0500000001	4.160476849188742
49.1000000001	4.162847522341942
49.1500000001	4.165215264027216
49.2000000001	4.167580081948915
49.2500000001	4.169941983782763
49.3000000001	4.172300977175966
49.3500000001	4.174657069747327
49.4000000001	4.1770102690873605
49.4500000001	4.179360582758403
49.5000000001	4.181708018294727
49.5500000001	4.184052583202648
49.6000000001	4.186394284960645
49.6500000001	4.188733131019462
49.7000000001	4.191069128802225
49.7500000001	4.193402285704551
49.8000000001	4.1957326090946605
49.8500000001	4.198060106313482
49.9000000001	4.2003847846747675
49.9500000001	4.202706651465197
50.0000000001	4.205025713951408
50.0500000001	4.207341978752408
50.1000000001	4.209655454229252
50.1500000001	4.211966147033575
50.2000000001	4.214274064297785
50.2500000001	4.216579211387456
50.3000000001	4.2188815989428194
50.3500000001	4.221181232295836
50.4000000001	4.2234781184466
50.4500000001	4.225772264411466
50.5000000001	4.2280636771895965
50.5500000001	4.230352363791366
50.6000000001	4.232638331148287
50.6500000001	4.234921586157678
50.7000000001	4.237202135697086
50.7500000001	4.239479986654339
50.8000000001	4.241755145893873
50.8500000001	4.244027620216605
50.9000000001	4.246297416432446
50.9500000001	4.248564541293742
51.0000000001	4.250829001506586
51.0500000001	4.253090803830212
51.1000000001	4.255349954963127
51.1500000001	4.25760646160496
51.2000000001	4.25986033039622
51.2500000001	4.262111563123805
51.3000000001	4.264360175630035
51.3500000001	4.266606170309286
51.4000000001	4.268849553398957
51.4500000001	4.271090331478674
51.5000000001	4.273328511041039
51.5500000001	4.275564098544062
51.6000000001	4.277797100427941
51.6500000001	4.280027523177392
51.7000000001	4.282255373158897
51.7500000001	4.284480656762378
51.8000000001	4.28670338034191
51.8500000001	4.288923550246616
51.9000000001	4.291141172811158
51.9500000001	4.2933562543279695
52.0000000001	4.295568801021262
52.0500000001	4.297778819080631
52.1000000001	4.299986314800243
52.1500000001	4.302191294416321
52.2000000001	4.304393764079532
52.2500000001	4.30659372998976
52.3000000001	4.308791198184597
52.3500000001	4.310986174733838
52.4000000001	4.313178665755248
52.4500000001	4.315368677350376
52.5000000001	4.317556215513236
52.5500000001	4.319741286290154
52.6000000001	4.321923895719338
52.6500000001	4.324104049750876
52.7000000001	4.326281754331504
52.7500000001	4.328457015427026
52.8000000001	4.330629838945358
52.8500000001	4.332800230806072
52.9000000001	4.334968196831474
52.9500000001	4.337133742858235
53.0000000001	4.339296874760488
53.0500000001	4.341457598335796
53.1000000001	4.343615919365259
53.1500000001	4.345771843603612
53.2000000001	4.347925376798077
53.2500000001	4.350076525225193
53.3000000001	4.352225289043393
53.3500000001	4.354371678635192
53.4000000001	4.356515705206014
53.4500000001	4.358657368638514
53.5000000001	4.3607966751294285
53.5500000001	4.36293363025055
53.6000000001	4.365068239580802
53.6500000001	4.367200508682125
53.7000000001	4.369330443098257
53.7500000001	4.3714580484443495
53.8000000001	4.373583330151498
53.8500000001	4.375706293658096
53.9000000001	4.3778269444294535
53.9500000001	4.379945287964307
54.0000000001	4.382061329684933
54.0500000001	4.384175075022062
54.1000000001	4.386286529318363
54.1500000001	4.388395697914008
54.2000000001	4.390502586179458
54.2500000001	4.392607199452469
54.3000000001	4.3947095430161625
54.3500000001	4.396809622192779
54.4000000001	4.398907442285115
54.4500000001	4.40100300839935
54.5000000001	4.403096325894967
54.5500000001	4.405187400009587
54.6000000001	4.407276235934544
54.6500000001	4.409362838798554
54.7000000001	4.411447213803749
54.7500000001	4.413529366071671
54.8000000001	4.415609300714664
54.8500000001	4.4176870229116
54.9000000001	4.419762537755046
54.9500000001	4.421835850294823
55.0000000001	4.423906965573506
55.0500000001	4.425975888578793
55.1000000001	4.428042624397805
55.1500000001	4.430107178091438
55.2000000001	4.43216955462407
55.2500000001	4.434229758908134
55.3000000001	4.436287795854103
55.3500000001	4.438343670451504
55.4000000001	4.440397387603788
55.4500000001	4.442448952317985
55.5000000001	4.444498369450017
55.5500000001	4.446545643782342
55.6000000001	4.44859078015339
55.6500000001	4.450633783456646
55.7000000001	4.4526746584023895
55.7500000001	4.45471340985042
55.8000000001	4.456750042650112
55.8500000001	4.458784561532263
55.9000000001	4.460816971258016
55.9500000001	4.462847276525416
56.0000000001	4.4648754820761445
56.0500000001	4.466901592619406
56.1000000001	4.468925612842221
56.1500000001	4.470947547415319
56.2000000001	4.472967400966235
56.2500000001	4.474985178115526
56.3000000001	4.477000883423554
56.3500000001	4.479014521579062
56.4000000001	4.481026097203264
56.4500000001	4.48303561488118
56.5000000001	4.485043079845124
56.5500000001	4.487048488809998
56.6000000001	4.489051853407749
56.6500000001	4.491053185185878
56.7000000001	4.493052480867272
56.7500000001	4.495049745694621
56.8000000001	4.497044984174266
56.8500000001	4.499038200738861
56.9000000001	4.501029399765226
56.9500000001	4.503018585635274
57.0000000001	4.5050057628388505
57.0500000001	4.506990935734481
57.1000000001	4.508974108667499
57.1500000001	4.51095528598707
57.2000000001	4.512934472061762
57.2500000001	4.514911671308602
57.3000000001	4.516886887979401
57.3500000001	4.5188601264017
57.4000000001	4.5208313908428925
57.4500000001	4.5228006855962075
57.5000000001	4.524768014895329
57.5500000001	4.526733382890255
57.6000000001	4.528696793826575
57.6500000001	4.530658251914843
57.7000000001	4.532617761499519
57.7500000001	4.534575326579222
57.8000000001	4.536530951313576
57.8500000001	4.538484640012939
57.9000000001	4.5404363967710655
57.9500000001	4.542386225717377
58.0000000001	4.544334130991361
58.0500000001	4.546280116742228
58.1000000001	4.548224187023534
58.1500000001	4.550166345885067
58.2000000001	4.552106597435847
58.2500000001	4.554044945756032
58.3000000001	4.555981394908892
58.3500000001	4.55791594884255
58.4000000001	4.559848611485762
58.4500000001	4.56177938687903
58.5000000001	4.563708279100203
58.5500000001	4.565635292118243
58.6000000001	4.567560429906949
58.6500000001	4.569483696390009
58.7000000001	4.571405095477807
58.7500000001	4.573324631076261
58.8000000001	4.575242307089054
58.8500000001	4.577158127472256
58.9000000001	4.5790720959968345
58.9500000001	4.580984216532809
59.0000000001	4.582894493014937
59.0500000001	4.584802929277828
59.1000000001	4.586709529151617
59.1500000001	4.5886142963967895
59.2000000001	4.590517234816675
59.2500000001	4.592418348171598
59.3000000001	4.594317640320208
59.3500000001	4.5962151150246315
59.4000000001	4.598110776045495
59.4500000001	4.600004627071676
59.5000000001	4.601896671863766
59.5500000001	4.603786914183335
59.6000000001	4.605675357799751
59.6500000001	4.607562006341636
59.7000000001	4.6094468634443775
59.7500000001	4.611329932772253
59.8000000001	4.61321121798233
59.8500000001	4.615090722767335
59.9000000001	4.61696845080758
59.9500000001	4.618844405699291
60.0000000001	4.620718591060658
60.0500000001	4.622591010473517
60.1000000001	4.62446166749221
60.1500000001	4.626330565602872
60.2000000001	4.628197708548247
60.2500000001	4.630063099832395
60.3000000001	4.631926743063305
60.3500000001	4.633788641706457
60.4000000001	4.635648799221711
60.4500000001	4.6375072191514
60.5000000001	4.639363904996628
60.5500000001	4.641218860249603
60.6000000001	4.643072088379763
60.6500000001	4.644923592869665
60.7000000001	4.646773377112955
60.7500000001	4.648621444571857
60.8000000001	4.6504677987238505
60.8500000001	4.652312443044557
60.9000000001	4.6541553809525595
60.9500000001	4.655996616690343
61.0000000001	4.6578361473356615
61.0500000001	4.659673975712358
61.1000000001	4.661510121765171
61.1500000001	4.663344578117638
61.2000000001	4.6651773481382115
61.2500000001	4.66700843536986
61.3000000001	4.668837843096132
61.3500000001	4.6706655746601315
61.4000000001	4.672491633244343
61.4500000001	4.674316022143478
61.5000000001	4.676138744813926
61.5500000001	4.677959804461426
61.6000000001	4.679779204302155
61.6500000001	4.681596947646382
61.7000000001	4.683413037733052
61.7500000001	4.685227477790531
61.8000000001	4.687040271031747
61.8500000001	4.688851420841187
61.9000000001	4.690660930113215
61.9500000001	4.692468802148919
62.0000000001	4.6942750401404
62.0500000001	4.6960796473228505
62.1000000001	4.697882626832273
62.1500000001	4.699683981792466
62.2000000001	4.70148371534338
62.2500000001	4.703281830725911
62.3000000001	4.70507833085079
62.3500000001	4.7068732188742715
62.4000000001	4.708666498024223
62.4500000001	4.710458171458199
62.5000000001	4.712248242176829
62.5500000001	4.714036713309947
62.6000000001	4.715823587926491
62.6500000001	4.71760886908624
62.7000000001	4.719392559812622
62.7500000001	4.721174663073391
62.8000000001	4.7229551819521545
62.8500000001	4.724734119337943
62.9000000001	4.726511478358424
62.9500000001	4.728287262019044
63.0000000001	4.7300614732376225
63.0500000001	4.731834115019473
63.1000000001	4.733605190374275
63.1500000001	4.735374702305844
63.2000000001	4.737142653798224
63.2500000001	4.73890904786189
63.3000000001	4.740673887377845
63.3500000001	4.742437175234569
63.4000000001	4.744198914453697
63.4500000001	4.745959108005514
63.5000000001	4.747717758688465
63.5500000001	4.7494748692913245
63.6000000001	4.751230442764724
63.6500000001	4.752984482102612
63.7000000001	4.754736990215553
63.7500000001	4.75648796986035
63.8000000001	4.758237423691966
63.8500000001	4.759985354734553
63.9000000001	4.7617317659300635
63.9500000001	4.763476660061466
64.0000000001	4.765220040025775
64.0500000001	4.766961908539687
64.1000000001	4.7687022684242155
64.1500000001	4.770441122437788
64.2000000001	4.772178473455096
64.2500000001	4.773914324272405
64.3000000001	4.775648677616101
64.3500000001	4.777381536254447
64.4000000001	4.779112902803894
64.4500000001	4.780842780005104
64.5000000001	4.782571170732899
64.5500000001	4.7842980778025055
64.6000000001	4.786023503959299
64.6500000001	4.7877474518292615
64.7000000001	4.789469924064724
64.7500000001	4.7911909233939625
64.8000000001	4.792910452574358
64.8500000001	4.794628514283446
64.9000000001	4.796345111221919
64.9500000001	4.798060246018008
65.0000000001	4.799773921340057
65.0500000001	4.801486139863554
65.1000000001	4.803196904232357
65.1500000001	4.804906216885079
65.2000000001	4.806614080547874
65.2500000001	4.808320497887349
65.3000000001	4.810025471555282
65.3500000001	4.811729004114517
65.4000000001	4.813431098122368
65.4500000001	4.815131756195101
65.5000000001	4.816830981028349
65.5500000001	4.818528775198292
65.6000000001	4.820225141136206
65.6500000001	4.821920081456694
65.7000000001	4.823613598708285
65.7500000001	4.82530569544266
65.8000000001	4.826996374251117
65.8500000001	4.828685637546809
65.9000000001	4.830373487871601
65.9500000001	4.832059927706135
66.0000000001	4.833744959531652
66.0500000001	4.8354285860635775
66.1000000001	4.837110809755247
66.1500000001	4.83879163308418
66.2000000001	4.840471058592692
66.2500000001	4.842149088746823
66.3000000001	4.843825726001152
66.3500000001	4.845500972789044
66.4000000001	4.8471748315531205
66.4500000001	4.8488473047801985
66.5000000001	4.850518394960221
66.5500000001	4.852188104497987
66.6000000001	4.85385643578087
66.6500000001	4.855523391928275
66.7000000001	4.857188965020355
66.7500000001	4.858853167076298
66.8000000001	4.860516010018991
66.8500000001	4.8621774858744775
66.9000000001	4.863837597872046
66.9500000001	4.865496348441352
67.0000000001	4.86715373993651
67.0500000001	4.868809774757536
67.1000000001	4.870464455226599
67.1500000001	4.872117783692916
67.2000000001	4.8737697625424605
67.2500000001	4.875420394180708
67.3000000001	4.877069680894718
67.3500000001	4.878717625015573
67.4000000001	4.880364228767812
67.4500000001	4.882009494450068
67.5000000001	4.883653424566415
67.5500000001	4.885296021386647
67.6000000001	4.886937287176495
67.6500000001	4.888577224270282
67.7000000001	4.890215834905811
67.7500000001	4.891853121264229
67.8000000001	4.893489085566076
67.8500000001	4.895123730209221
67.9000000001	4.8967570574647015
67.9500000001	4.898389069591685
68.0000000001	4.900019768869902
68.0500000001	4.901649157468667
68.1000000001	4.9032772374590685
68.1500000001	4.904904011200919
68.2000000001	4.906529480954648
68.2500000001	4.908153648979651
68.3000000001	4.909776517382484
68.3500000001	4.911398088322273
68.4000000001	4.913018364139412
68.4500000001	4.914637346996368
68.5000000001	4.9162550390986715
68.5500000001	4.917871442590229
68.6000000001	4.919486559686167
68.6500000001	4.921100392588586
68.7000000001	4.9227129434789845
68.7500000001	4.924324214490372
68.8000000001	4.925934207634313
68.8500000001	4.927542924908553
68.9000000001	4.929150368734225
68.9500000001	4.930756541234703
69.0000000001	4.932361444637764
69.0500000001	4.933965081030766
69.1000000001	4.935567452511155
69.1500000001	4.937168561125526
69.2000000001	4.938768408960671
69.2500000001	4.940366998153691
69.3000000001	4.941964330871353
69.3500000001	4.94356040920067
69.4000000001	4.945155235259341
69.4500000001	4.946748811040228
69.5000000001	4.9483411384550395
69.5500000001	4.949932219646099
69.6000000001	4.951522056757508
69.6500000001	4.953110651900797
69.7000000001	4.954698007010955
69.7500000001	4.956284124057383
69.8000000001	4.957869005164143
69.8500000001	4.95945265244311
69.9000000001	4.961035067915753
69.9500000001	4.962616253601147
70.0000000001	4.96419621148826
70.0500000001	4.965774943572282
70.1000000001	4.967352451895515
70.1500000001	4.968928738258017
70.2000000001	4.970503804922859
70.2500000001	4.972077653921299
70.3000000001	4.973650286954317
70.3500000001	4.97522170614333
70.4000000001	4.9767919135554886
70.4500000001	4.978360911100911
70.5000000001	4.97992870080075
70.5500000001	4.981495284640814
70.6000000001	4.983060664575747
70.6500000001	4.984624842579896
70.7000000001	4.986187820456453
70.7500000001	4.987749600230256
70.8000000001	4.989310183860088
70.8500000001	4.990869573409472
70.9000000001	4.992427770727018
70.9500000001	4.993984777692705
71.0000000001	4.99554059620473
71.0500000001	4.9970952281887335
71.1000000001	4.99864867558444
71.1500000001	5.000200940262869
71.2000000001	5.001752023911857
71.2500000001	5.003301928509697
71.3000000001	5.004850656092948
71.3500000001	5.006398208538106
71.4000000001	5.007944587704828
71.4500000001	5.009489795438442
71.5000000001	5.0110338336304805
71.5500000001	5.012576704133416
71.6000000001	5.0141184088506625
71.6500000001	5.015658949608805
71.7000000001	5.0171983282878045
71.7500000001	5.018736546832465
71.8000000001	5.020273607110136
71.8500000001	5.021809510829397
71.9000000001	5.0233442596878
71.9500000001	5.024877855389662
72.0000000001	5.026410299795941
72.0500000001	5.027941594853545
72.1000000001	5.029471742314918
72.1500000001	5.031000744062233
72.2000000001	5.032528601963115
72.2500000001	5.034055317740439
72.3000000001	5.035580893205329
72.3500000001	5.03710533016638
72.4000000001	5.038628630384239
72.4500000001	5.040150795688077
72.5000000001	5.041671827941958
72.5500000001	5.043191728925888
72.6000000001	5.044710500349921
72.6500000001	5.046228143904844
72.7000000001	5.047744661327811
72.7500000001	5.049260054384367
72.8000000001	5.050774324955753
72.8500000001	5.052287474724443
72.9000000001	5.053799505423234
72.9500000001	5.0553104188818
73.0000000001	5.056820216837039
73.0500000001	5.058328900928905
73.1000000001	5.059836472861741
73.1500000001	5.061342934411075
73.2000000001	5.062848287353211
73.2500000001	5.064352533353519
73.3000000001	5.065855674054196
73.3500000001	5.067357711221882
73.4000000001	5.068858646558933
73.4500000001	5.070358481868543
73.5000000001	5.071857219297601
73.5500000001	5.073354851408912
73.6000000001	5.074851385848698
73.6500000001	5.076346837070986
73.7000000001	5.077841197263156
73.7500000001	5.079334466761946
73.8000000001	5.0808266478491255
73.8500000001	5.08231774228464
73.9000000001	5.083807751783367
73.9500000001	5.085296677935742
74.0000000001	5.086784522299249
74.0500000001	5.08827128643202
74.1000000001	5.08975697193539
74.1500000001	5.091241580572266
74.2000000001	5.092725113898665
74.2500000001	5.094207573488763
74.3000000001	5.095688961103301
74.3500000001	5.097169278416741
74.4000000001	5.098648526900229
74.4500000001	5.100126708175184
74.5000000001	5.101603824137525
74.5500000001	5.103079876330532
74.6000000001	5.1045548662581455
74.6500000001	5.106028795495025
74.7000000001	5.107501665526709
74.7500000001	5.108973478043119
74.8000000001	5.110444234741065
74.8500000001	5.111913937171343
74.9000000001	5.113382586866221
74.9500000001	5.114850185486472
75.0000000001	5.11631673465833
75.0500000001	5.117782235906173
75.1000000001	5.119246690578134
75.1500000001	5.12071010027982
75.2000000001	5.122172466585497
75.2500000001	5.123633790865047
75.3000000001	5.125094074899325
75.3500000001	5.126553320300982
75.4000000001	5.128011528609534
75.4500000001	5.129468701352125
75.5000000001	5.1309248400633685
75.5500000001	5.132379946173351
75.6000000001	5.133834021324595
75.6500000001	5.135287067047904
75.7000000001	5.136739084922481
75.7500000001	5.1381900764920525
75.8000000001	5.139640043168443
75.8500000001	5.141088986540297
75.9000000001	5.142536908121976
75.9500000001	5.143983809358533
76.0000000001	5.145429691601156
76.0500000001	5.146874556459819
76.1000000001	5.148318405545787
76.1500000001	5.149761240383771
76.2000000001	5.151203062444904
76.2500000001	5.152643873035938
76.3000000001	5.154083673618963
76.3500000001	5.155522465651061
76.4000000001	5.156960250655334
76.4500000001	5.158397030291538
76.5000000001	5.159832806155181
76.5500000001	5.161267579582714
76.6000000001	5.1627013518813705
76.6500000001	5.164134124408637
76.7000000001	5.165565898708282
76.7500000001	5.166996676269616
76.8000000001	5.168426458618854
76.8500000001	5.169855246928353
76.9000000001	5.171283042808311
76.9500000001	5.1727098478631595
77.0000000001	5.174135663455321
77.0500000001	5.175560490900065
77.1000000001	5.1769843316687005
77.1500000001	5.178407187293013
77.2000000001	5.179829059232562
77.2500000001	5.1812499488755615
77.3000000001	5.18266985742974
77.3500000001	5.184088786329964
77.4000000001	5.185506737063417
77.4500000001	5.186923711142123
77.5000000001	5.188339709977996
77.5500000001	5.189754734819167
77.6000000001	5.1911687871010095
77.6500000001	5.1925818681915095
77.7000000001	5.193993979390139
77.7500000001	5.195405122118637
77.8000000001	5.196815297800242
77.8500000001	5.198224507793871
77.9000000001	5.199632753541489
77.9500000001	5.201040036359587
78.0000000001	5.202446357640359
78.0500000001	5.2038517187926265
78.1000000001	5.20525612122134
78.1500000001	5.206659566352257
78.2000000001	5.208062055496981
78.2500000001	5.209463589967131
78.3000000001	5.210864171092833
78.3500000001	5.212263800229834
78.4000000001	5.213662478705015
78.4500000001	5.215060207818909
78.5000000001	5.216456988916441
78.5500000001	5.217852823324815
78.6000000001	5.219247712356843
78.6500000001	5.220641657240722
78.7000000001	5.22203465943251
78.7500000001	5.22342672025633
78.8000000001	5.224817840957399
78.8500000001	5.2262080228551255
78.9000000001	5.227597267410701
78.9500000001	5.228985575972566
79.0000000001	5.23037294986775
79.0500000001	5.231759390410293
79.1000000001	5.233144898858458
79.1500000001	5.234529476506712
79.2000000001	5.235913124696422
79.2500000001	5.237295844737309
79.3000000001	5.2386776379826125
79.3500000001	5.240058505608648
79.4000000001	5.241438448818865
79.4500000001	5.242817468892284
79.5000000001	5.244195567102907
79.5500000001	5.245572744800125
79.6000000001	5.2469490033441035
79.6500000001	5.24832434403284
79.7000000001	5.24969876817993
79.7500000001	5.25107227702775
79.8000000001	5.252444871834413
79.8500000001	5.253816553806406
79.9000000001	5.255187324179862
79.9500000001	5.256557184167907
80.0000000001	5.257926135054517
80.0500000001	5.259294178099277
80.1000000001	5.260661314422915
80.1500000001	5.2620275452802225
80.2000000001	5.263392872026491
80.2500000001	5.264757295935622
80.3000000001	5.266120817887725
80.3500000001	5.2674834394325165
80.4000000001	5.268845161946985
80.4500000001	5.270205986518606
80.5000000001	5.271565914360343
80.5500000001	5.272924946662737
80.6000000001	5.274283084708767
80.6500000001	5.275640329740022
80.7000000001	5.276996683011795
80.7500000001	5.27835214576937
80.8000000001	5.2797067192660165
80.8500000001	5.281060404680877
80.9000000001	5.282413203183858
80.9500000001	5.283765115967735
81.0000000001	5.28511614421143
81.0500000001	5.286466289146805
81.1000000001	5.2878155519535115
81.1500000001	5.289163933841093
81.2000000001	5.290511436891056
81.2500000001	5.291858059714746
81.3000000001	5.293203795970356
81.3500000001	5.294548659124363
81.4000000001	5.295892654554804
81.4500000001	5.297235776098517
81.5000000001	5.298578024557371
81.5500000001	5.299919401485765
81.6000000001	5.301259908124867
81.6500000001	5.302599545703798
81.7000000001	5.303938315296703
81.7500000001	5.305276218009527
81.8000000001	5.306613255043909
81.8500000001	5.307949427540406
81.9000000001	5.309284736702691
81.9500000001	5.310619183785453
82.0000000001	5.311952769828055
82.0500000001	5.313285496020866
82.1000000001	5.314617363483271
82.1500000001	5.31594837334077
82.2000000001	5.317278526726491
82.2500000001	5.318607824764983
82.3000000001	5.319936268604578
82.3500000001	5.321263859379864
82.4000000001	5.322590598205798
82.4500000001	5.3239164862071915
82.5000000001	5.325241524606366
82.5500000001	5.3265657145287575
82.6000000001	5.327889057059318
82.6500000001	5.329211553415217
82.7000000001	5.330533248185183
82.7500000001	5.331853722021307
82.8000000001	5.333173067971032
82.8500000001	5.3344918327666155
82.9000000001	5.335809632697859
82.9500000001	5.337126615621774
83.0000000001	5.338442767914806
83.0500000001	5.339758048763435
83.1000000001	5.341072415445012
83.1500000001	5.342386944207496
83.2000000001	5.343699779111867
83.2500000001	5.345011764889547
83.3000000001	5.346321956049562
83.3500000001	5.347632026335454
83.4000000001	5.348941213520815
83.4500000001	5.350249674479413
83.5000000001	5.351557428260909
83.5500000001	5.352863928520164
83.6000000001	5.354169555420027
83.6500000001	5.355474336108637
83.7000000001	5.356778196354346
83.7500000001	5.358081117223496
83.8000000001	5.359383136210348
83.8500000001	5.360684216152219
83.9000000001	5.361984343170306
83.9500000001	5.363283916718201
84.0000000001	5.364582740950627
84.0500000001	5.365880173971535
84.1000000001	5.367177138548631
84.1500000001	5.368473061489695
84.2000000001	5.369768023682759
84.2500000001	5.371062107040402
84.3000000001	5.3723554819844255
84.3500000001	5.373648104752544
84.4000000001	5.374940912849021
84.4500000001	5.376231779530076
84.5000000001	5.377521710880295
84.5500000001	5.378810628143015
84.6000000001	5.380098743443801
84.6500000001	5.381386103388374
84.7000000001	5.382672726284611
84.7500000001	5.383957980358296
84.8000000001	5.385242324907973
84.8500000001	5.3865259589876535
84.9000000001	5.3878089901001465
84.9500000001	5.389090805291229
85.0000000001	5.390372071173114
85.0500000001	5.391652046279939
85.1000000001	5.392931427364996
85.1500000001	5.394209838942093
85.2000000001	5.395487519761886
85.2500000001	5.3967644146895575
85.3000000001	5.39804026863648
85.3500000001	5.39931479923085
85.4000000001	5.400588252013591
85.4500000001	5.401861383437397
85.5000000001	5.403133151299747
85.5500000001	5.404404213639033
85.6000000001	5.405674816328017
85.6500000001	5.406944576458967
85.7000000001	5.408213494513929
85.7500000001	5.409481676931879
85.8000000001	5.410749173296927
85.8500000001	5.4120158097021145
85.9000000001	5.413278544806704
85.9500000001	5.414544856142295
86.0000000001	5.4158102153778485
86.0500000001	5.41707394722323
86.1000000001	5.418337661117728
86.1500000001	5.419600442203449
86.2000000001	5.420861895536335
86.2500000001	5.4221226222896055
86.3000000001	5.423382146385718
86.3500000001	5.424640241629857
86.4000000001	5.425898573214624
86.4500000001	5.427156025400828
86.5000000001	5.428412250155016
86.5500000001	5.429667135473116
86.6000000001	5.430921008075912
86.6500000001	5.432173986475928
86.7000000001	5.433426859586014
86.7500000001	5.434679206018607
86.8000000001	5.435931126137483
86.8500000001	5.437178164038538
86.9000000001	5.4384286323868185
86.9500000001	5.439677497960313
87.0000000001	5.440925612630702
87.0500000001	5.44217279707274
87.1000000001	5.443419164761052
87.1500000001	5.444665190162894
87.2000000001	5.445910222967802
87.2500000001	5.447154419227274
87.3000000001	5.448397558819442
87.3500000001	5.449640192470374
87.4000000001	5.45088190988776
87.4500000001	5.452122569712612
87.5000000001	5.453362309558854
87.5500000001	5.454602380035168
87.6000000001	5.455840951562919
87.6500000001	5.457078455898961
87.7000000001	5.4583150975726
87.7500000001	5.45955111205826
87.8000000001	5.460786671443459
87.8500000001	5.462020990032238
87.9000000001	5.463254867086132
87.9500000001	5.464487879772608
88.0000000001	5.465719551608789
88.0500000001	5.466950263749424
88.1000000001	5.468180525443172
88.1500000001	5.469410231560048
88.2000000001	5.470639952467378
88.2500000001	5.471868096993219
88.3000000001	5.473095455752614
88.3500000001	5.474322139582497
88.4000000001	5.475547910691278
88.4500000001	5.47677289025174
88.5000000001	5.477997190922569
88.5500000001	5.4792204243417375
88.6000000001	5.480442448514654
88.6500000001	5.481663088975871
88.7000000001	5.482884067750697
88.7500000001	5.4841042026690126
88.8000000001	5.485323341722719
88.8500000001	5.4865420139881795
88.9000000001	5.487759297449746
88.9500000001	5.488975526182302
89.0000000001	5.490190957383274
89.0500000001	5.491406030486301
89.1000000001	5.492620885983861
89.1500000001	5.493834786698392
89.2000000001	5.495047847139014
89.2500000001	5.496260543406159
89.3000000001	5.497475975796332
89.3500000001	5.498685146317262
89.4000000001	5.499891619466341
89.4500000001	5.501100979063484
89.5000000001	5.50230929449525
89.5500000001	5.503516466718354
89.6000000001	5.504722536044996
89.6500000001	5.505928194941132
89.7000000001	5.507132746706146
89.7500000001	5.5083365745587285
89.8000000001	5.509538868384737
89.8500000001	5.510738857860207
89.9000000001	5.511947012348873
89.9500000001	5.513148661053089
90.0000000001	5.51434897913089
90.0500000001	5.515548442753454
90.1000000001	5.516747251647386
90.1500000001	5.517944909380642
90.2000000001	5.5191422453345
90.2500000001	5.520338098330322
90.3000000001	5.5215311564003615
90.3500000001	5.522725685243992
90.4000000001	5.523918972595513
90.4500000001	5.525111855030025
90.5000000001	5.526304264469854
90.5500000001	5.527495876900042
90.6000000001	5.528686665806555
90.6500000001	5.529876614928026
90.7000000001	5.531066301567499
90.7500000001	5.53225416820078
90.8000000001	5.533441760808869
90.8500000001	5.534628695456664
90.9000000001	5.535815070199874
90.9500000001	5.537000155373021
91.0000000001	5.538184438896323
91.0500000001	5.539368061508787
91.1000000001	5.540550488490023
91.1500000001	5.541732312843957
91.2000000001	5.542913512227974
91.2500000001	5.5440939937507805
91.3000000001	5.545274065559197
91.3500000001	5.546452715188685
91.4000000001	5.547630587811224
91.4500000001	5.548808029930874
91.5000000001	5.549984635706514
91.5500000001	5.551160603339905
91.6000000001	5.552335978398263
91.6500000001	5.55351047386953
91.7000000001	5.554684265842332
91.7500000001	5.555858529742192
91.8000000001	5.557030350105796
91.8500000001	5.558201218509855
91.9000000001	5.559370878163865
91.9500000001	5.56054057593354
92.0000000001	5.561708855849529
92.0500000001	5.562876604106342
92.1000000001	5.564043597834108
92.1500000001	5.565209855451604
92.2000000001	5.566375381920707
92.2500000001	5.567539711286441
92.3000000001	5.568703788911719
92.3500000001	5.569866907215465
92.4000000001	5.5710291212104694
92.4500000001	5.572190964458719
92.5000000001	5.573351950131064
92.5500000001	5.574518190731762
92.6000000001	5.575676149437819
92.6500000001	5.57683327911841
92.7000000001	5.577988304339533
92.7500000001	5.579145514370932
92.8000000001	5.580301559101086
92.8500000001	5.58145656014589
92.9000000001	5.582611508478752
92.9500000001	5.583764722367252
93.0000000001	5.584918511453445
93.0500000001	5.586071180665493
93.1000000001	5.58722264187684
93.1500000001	5.588373260465074
93.2000000001	5.589523420030304
93.2500000001	5.590672495783871
93.3000000001	5.591821047262126
93.3500000001	5.592968770849308
93.4000000001	5.594115181037698
93.4500000001	5.595261373657613
93.5000000001	5.596407298990323
93.5500000001	5.5975522826872925
93.6000000001	5.598696448698946
93.6500000001	5.599841036821697
93.7000000001	5.6009831312572835
93.7500000001	5.602124845438765
93.8000000001	5.6032659286800754
93.8500000001	5.604406094054618
93.9000000001	5.605545252167478
93.9500000001	5.6066836297758975
94.0000000001	5.607819776543878
94.0500000001	5.608956966179963
94.1000000001	5.610093602462931
94.1500000001	5.611229262847785
94.2000000001	5.612363813494224
94.2500000001	5.613497364288665
94.3000000001	5.614630203555823
94.3500000001	5.615761480782572
94.4000000001	5.616893530051013
94.4500000001	5.618024307284905
94.5000000001	5.619154534133521
94.5500000001	5.620284375189474
94.6000000001	5.621411911038553
94.6500000001	5.622539372347104
94.7000000001	5.6236672300065385
94.7500000001	5.624794477772732
94.8000000001	5.625920836488072
94.8500000001	5.627045234172062
94.9000000001	5.6281687879146585
94.9500000001	5.62929162431922
95.0000000001	5.630413057936866
95.0500000001	5.631534252025886
95.1000000001	5.632655061874421
95.1500000001	5.6337753969651505
95.2000000001	5.634895124197785
95.2500000001	5.636015185753885
95.3000000001	5.637132817240456
95.3500000001	5.638249866246166
95.4000000001	5.6393660369854635
95.4500000001	5.640479224091034
95.5000000001	5.641581818599121
95.5500000001	5.642690421699557
95.6000000001	5.643822858887029
95.6500000001	5.644935905896664
95.7000000001	5.646048160562405
95.7500000001	5.647159030199083
95.8000000001	5.648268690128211
95.8500000001	5.649377714342838
95.9000000001	5.650485147369587
95.9500000001	5.651593006860874
96.0000000001	5.65270055021554
96.0500000001	5.653806510181145
96.1000000001	5.6549120386497265
96.1500000001	5.656016991098762
96.2000000001	5.657120691726914
96.2500000001	5.658224352425219
96.3000000001	5.659334918325302
96.3500000001	5.660436264276374
96.4000000001	5.661530285090939
96.4500000001	5.662631806545722
96.5000000001	5.66373136746104
96.5500000001	5.664830702486456
96.6000000001	5.665929641449548
96.6500000001	5.6670254307015355
96.7000000001	5.668121795165801
96.7500000001	5.669217459660368
96.8000000001	5.670313227448905
96.8500000001	5.671406858535653
96.9000000001	5.672500185104013
96.9500000001	5.673592703149921
97.0000000001	5.674684281767737
97.0500000001	5.675775299662249
97.1000000001	5.676865072075114
97.1500000001	5.677955264764515
97.2000000001	5.679043487691304
97.2500000001	5.680130819420162
97.3000000001	5.681218812067389
97.3500000001	5.682306532760491
97.4000000001	5.683393444575308
97.4500000001	5.684477759505845
97.5000000001	5.685560951881232
97.5500000001	5.686646063645115
97.6000000001	5.687728707202939
97.6500000001	5.688811186321291
97.7000000001	5.689893154574968
97.7500000001	5.690975188638474
97.8000000001	5.692055565089871
97.8500000001	5.693135259050609
97.9000000001	5.694215783474529
97.9500000001	5.695294074636131
98.0000000001	5.696369585119199
98.0500000001	5.697445783251208
98.1000000001	5.698520831121948
98.1500000001	5.699594751767749
98.2000000001	5.7006680096034374
98.2500000001	5.701740463319882
98.3000000001	5.702812036198864
98.3500000001	5.703883422274394
98.4000000001	5.7049541723752
98.4500000001	5.706024075057531
98.5000000001	5.707094935302041
98.5500000001	5.708163861242058
98.6000000001	5.709232068950213
98.6500000001	5.710299272997888
98.7000000001	5.711365583889577
98.7500000001	5.712430613631472
98.8000000001	5.713496610598965
98.8500000001	5.714558413694919
98.9000000001	5.715622802282092
98.9500000001	5.716685828852015
99.0000000001	5.717747211589855
99.0500000001	5.71880912242693
99.1000000001	5.71987201339141
99.1500000001	5.720930233728758
99.2000000001	5.7219892535867505
99.2500000001	5.723050000035941
99.3000000001	5.72410238884516
99.3500000001	5.725159154476187
99.4000000001	5.726213798840338
99.4500000001	5.727269230854694
99.5000000001	5.728324055426153
99.5500000001	5.729379517138911
99.6000000001	5.730433892388915
99.6500000001	5.731482734484985
99.7000000001	5.732533957328489
99.7500000001	5.733583811745329
99.8000000001	5.734631229364298
99.8500000001	5.735678835215175
99.9000000001	5.736726729165884
99.9500000001	5.737772360394815