1.e-10	0.
0.0500000001	6.7877283862155045e-9
0.1000000001	9.700683036085109e-8
0.1500000001	4.423151386526588e-7
0.2000000001	1.292849762761697e-6
0.2500000001	2.9606089384677537e-6
0.3000000001	5.80997964311883e-6
0.3500000001	0.00001025040427781178
0.4000000001	0.0000167304856769751
0.4500000001	0.000025733080663787403
0.5000000001	0.000037771117427377787
0.5500000001	0.000053383967068621845
0.6000000001	0.00007313425387404164
0.6500000001	0.00009760502208133113
0.7000000001	0.00012739719839433678
0.7500000001	0.00016312730404724428
0.8000000001	0.00020542538041656635
0.8500000001	0.0002549330995496931
0.9000000001	0.0003123020364411829
0.9500000001	0.0003781920840251104
1.0000000001	0.00045326999504456607
1.0500000001	0.0005382080374641922
1.1000000001	0.0006336827520854404
1.1500000001	0.0007403738026318877
1.2000000001	0.0008589629098833509
1.2500000001	0.0009901328625184578
1.3000000001	0.0011345665982247883
1.3500000001	0.001292946349390547
1.4000000001	0.0014659528483302862
1.4500000001	0.001654264587541269
1.5000000001	0.0018585571309536876
1.5500000001	0.0020795024725407214
1.6000000001	0.0023177684390039244
1.6500000001	0.00257401813355446
1.7000000001	0.0028489094180781443
1.7500000001	0.003143094431207844
1.8000000001	0.003457219140035285
1.8500000001	0.0037919229233794476
1.9000000001	0.004147838184693901
1.9500000001	0.004525589992843221
2.0000000001	0.004925795749111299
2.0500000001	0.005349064878923986
2.1000000001	0.005795998546876476
2.1500000001	0.006267189393753725
2.2000000001	0.006763221294321268
2.2500000001	0.0072846691347446015
2.3000000001	0.007832098608569586
2.3500000001	0.008406066030263792
2.4000000001	0.009007118165381004
2.4500000001	0.009635792076468249
2.5000000001	0.010292614983887139
2.5500000001	0.010978104140770162
2.6000000001	0.011692766721377208
2.6500000001	0.012437099722159343
2.7000000001	0.01321158987487547
2.7500000001	0.014016713571143178
2.8000000001	0.01485293679783875
2.8500000001	0.015720715082792127
2.9000000001	0.01662049345025178
2.9500000001	0.01755270638562175
3.0000000001	0.01851777780899808
3.0500000001	0.01951612105705618
3.1000000001	0.020548138872862592
3.1500000001	0.021614223403205735
3.2000000001	0.022714756203060068
3.2500000001	0.02385010824681629
3.3000000001	0.025020639945928205
3.3500000001	0.026226701172642766
3.4000000001	0.027468631289495903
3.4500000001	0.02874675918427121
3.5000000001	0.030061403310132313
3.5500000001	0.03141287173065336
3.6000000001	0.03280146216948398
3.6500000001	0.03422746206439731
3.7000000001	0.03569114862548077
3.7500000001	0.03719278889723969
3.8000000001	0.03873263982439447
3.8500000001	0.040310948321160986
3.9000000001	0.04192795134381353
3.9500000001	0.0435838759663383
4.0000000001	0.0452789394589931
4.0500000001	0.047013349369597855
4.1000000001	0.04878730360738699
4.1500000001	0.05060099052926273
4.2000000001	0.05245458902829456
4.2500000001	0.054348268624317526
4.3000000001	0.05628218955648701
4.3500000001	0.05825650287765492
4.4000000001	0.060271350550436996
4.4500000001	0.062326865544846746
4.5000000001	0.06442317193737718
4.5500000001	0.06656038501141537
4.6000000001	0.06873861135888085
4.6500000001	0.07095794898298295
4.7000000001	0.07321848740199621
4.7500000001	0.0755203077539582
4.8000000001	0.07786348290219686
4.8500000001	0.08024807754159952
4.9000000001	0.0826741483055387
4.9500000001	0.0851417438733735
5.0000000001	0.08765090507844966
5.0500000001	0.0902016650165229
5.1000000001	0.0927940491545351
5.1500000001	0.09542807543967505
5.2000000001	0.09810375440865828
5.2500000001	0.100821089297164
5.3000000001	0.10358007614936898
5.3500000001	0.10638070392752141
5.4000000001	0.10922295462150042
5.4500000001	0.1121068033583082
5.5000000001	0.11503221851144613
5.5500000001	0.1179991618101257
5.6000000001	0.12100758844826981
5.6500000001	0.12405744719326038
5.7000000001	0.12714868049439074
5.7500000001	0.13028122459098374
5.8000000001	0.13345500962013693
5.8500000001	0.13666995972405935
5.9000000001	0.13992599315696577
5.9500000001	0.14322302239149484
6.0000000001	0.14656095422462131
6.0500000001	0.1499396898830317
6.1000000001	0.15335912512793548
6.1500000001	0.15681915035928584
6.2000000001	0.16031965071938337
6.2500000001	0.16386050619584008
6.3000000001	0.16744159172387987
6.3500000001	0.1710627772879543
6.4000000001	0.17472392802265344
6.4500000001	0.17842490431289218
6.5000000001	0.18216556189335437
6.5500000001	0.18594575194717702
6.6000000001	0.18976532120385892
6.6500000001	0.1936241120363785
6.7000000001	0.19752196255750618
6.7500000001	0.20145870671529928
6.8000000001	0.2054341743877653
6.8500000001	0.2094481914766832
6.9000000001	0.21350058000057184
6.9500000001	0.21759115818679464
7.0000000001	0.2217197405627927
7.0500000001	0.22588613804643656
7.1000000001	0.23009015803548935
7.1500000001	0.23433160449617413
7.2000000001	0.2386102780508387
7.2500000001	0.24292597606471275
7.3000000001	0.2472784927317507
7.3500000001	0.25166761915955677
7.4000000001	0.25609314345338763
7.4500000001	0.2605548507992283
7.5000000001	0.26505252354594033
7.5500000001	0.2695859412864768
7.6000000001	0.27415488093816376
7.6500000001	0.2787591168220467
7.7000000001	0.283398420741299
7.7500000001	0.2880725620586938
7.8000000001	0.29278130777313693
7.8500000001	0.29752442259526185
7.9000000001	0.30230166902208694
7.9500000001	0.30711280741073527
8.0000000001	0.31195759605121864
8.0500000001	0.31683579123828653
8.1000000001	0.3217471473423417
8.1500000001	0.3266914168794261
8.2000000001	0.3316683505802755
8.2500000001	0.3366776974584506
8.3000000001	0.3417192048775423
8.3500000001	0.3467926186174581
8.4000000001	0.3518976829397914
8.4500000001	0.357034140652276
8.5000000001	0.362201733172333
8.5500000001	0.3674002005897096
8.6000000001	0.37262928172821824
8.6500000001	0.3778887142065783
8.7000000001	0.3831782344983639
8.7500000001	0.3884975779910664
8.8000000001	0.39384647904427084
8.8500000001	0.3992246710469577
8.9000000001	0.40463188647393056
8.9500000001	0.41006785694137593
9.0000000001	0.4155323132615637
9.0500000001	0.4210249854966888
9.1000000001	0.42654560301186484
9.1500000001	0.4320938945272728
9.2000000001	0.4376695881694703
9.2500000001	0.44327241152187075
9.3000000001	0.44890209167439393
9.3500000001	0.45455835527229904
9.4000000001	0.4602409285642037
9.4500000001	0.4659495374492945
9.5000000001	0.4716839075237404
9.5500000001	0.4774437641263088
9.6000000001	0.48322883238319675
9.6500000001	0.489038837252082
9.7000000001	0.49487350356539817
9.7500000001	0.5007325560728464
9.8000000001	0.5066157194831438
9.8500000001	0.5125227185050213
9.9000000001	0.5184532778874757
9.9500000001	0.5244071224592801
10.0000000001	0.5303839771677661
10.0500000001	0.5363835671168772
10.1000000001	0.542405617604508
10.1500000001	0.5484498541591313
10.2000000001	0.5545160025757195
10.2500000001	0.5606037889509746
10.3000000001	0.5667129397178634
10.3500000001	0.572843181679474
10.4000000001	0.5789942420421977
10.4500000001	0.5851658484482398
10.5000000001	0.5913577290074743
10.5500000001	0.597569612328641
10.6000000001	0.6038012275498993
10.6500000001	0.6100523043687417
10.7000000001	0.6163225730712749
10.7500000001	0.622611764560878
10.8000000001	0.62891961038624
10.8500000001	0.6352458427687896
10.9000000001	0.6415901946295206
10.9500000001	0.6479523996152193
11.0000000001	0.654332192124106
11.0500000001	0.6607293073308896
11.1000000001	0.6671434812112516
11.1500000001	0.6735744505657588
11.2000000001	0.6800219530432149
11.2500000001	0.6864857271634595
11.3000000001	0.6929655123396169
11.3500000001	0.6994610488998062
11.4000000001	0.705972078108318
11.4500000001	0.7124983421862606
11.5000000001	0.7190395843316917
11.5500000001	0.7255955487392299
11.6000000001	0.7321659806191654
11.6500000001	0.7387506262160668
11.7000000001	0.745349232826895
11.7500000001	0.7519615488186321
11.8000000001	0.7585873236454265
11.8500000001	0.7652263078652672
11.9000000001	0.7718782531561895
11.9500000001	0.7785429123320182
12.0000000001	0.785220039357659
12.0500000001	0.7919093893639391
12.1000000001	0.7986107186620062
12.1500000001	0.8053237847572937
12.2000000001	0.8120483463630527
12.2500000001	0.8187841634134642
12.3000000001	0.8255309970763306
12.3500000001	0.8322886097653583
12.4000000001	0.8390567651520346
12.4500000001	0.8458352281771032
12.5000000001	0.8526237650616493
12.5500000001	0.8594221433177942
12.6000000001	0.8662301317590103
12.6500000001	0.8730475005100596
12.7000000001	0.8798740210165599
12.7500000001	0.8867094660541897
12.8000000001	0.893553609737531
12.8500000001	0.9004062275285604
12.9000000001	0.9072670962447924
12.9500000001	0.9141359940670782
13.0000000001	0.9210127005470702
13.0500000001	0.927896996614352
13.1000000001	0.934788664583244
13.1500000001	0.9416874881592875
13.2000000001	0.9485932524454118
13.2500000001	0.9555057439477922
13.3000000001	0.9624247505814
13.3500000001	0.9693500616752541
13.4000000001	0.976281467977377
13.4500000001	0.9832187616594572
13.5000000001	0.9901617363212304
13.5500000001	0.9971101869945752
13.6000000001	1.0040639101473359
13.6500000001	1.0110227036868735
13.7000000001	1.0179863669633484
13.7500000001	1.0249547007727433
13.8000000001	1.0319275073596272
13.8500000001	1.0389045904196665
13.9000000001	1.04588575510189
13.9500000001	1.052870808010707
14.0000000001	1.0598595572076883
14.0500000001	1.066851812213111
14.1000000001	1.0738473840072718
14.1500000001	1.080846085031577
14.2000000001	1.0878477291894058
14.2500000001	1.0948521318467586
14.3000000001	1.1018591098326898
14.3500000001	1.1088684814395318
14.4000000001	1.1158800664229123
14.4500000001	1.1228936860015681
14.5000000001	1.1299091628569655
14.5500000001	1.1369263211327205
14.6000000001	1.1439449864338327
14.6500000001	1.1509649858257331
14.7000000001	1.1579861478331444
14.7500000001	1.1650083024387687
14.8000000001	1.172031281081794
14.8500000001	1.1790549166562319
14.9000000001	1.1860790435090867
14.9500000001	1.193103497438358
15.0000000001	1.2001281156908856
15.0500000001	1.2071527369600306
15.1000000001	1.214177201383208
15.1500000001	1.2212013505392652
15.2000000001	1.2282250274457114
15.2500000001	1.2352480765558058
15.3000000001	1.2422703437555005
15.3500000001	1.2492916763602482
15.4000000001	1.2563119231116728
15.4500000001	1.2633309341741088
15.5000000001	1.2703485611310115
15.5500000001	1.2773646569812407
15.6000000001	1.2843790761352214
15.6500000001	1.2913916744109861
15.7000000001	1.2984023090300958
15.7500000001	1.3054108386134513
15.8000000001	1.312417123176989
15.8500000001	1.3194210241272692
15.9000000001	1.3264224042569606
15.9500000001	1.3334211277402153
16.0000000001	1.3404170601279497
16.0500000001	1.347410068343023
16.1000000001	1.354400020675321
16.1500000001	1.3613867867767468
16.2000000001	1.368370237656121
16.2500000001	1.3753502456739932
16.3000000001	1.3823266845373703
16.3500000001	1.389299429294356
16.4000000001	1.3962683563287142
16.4500000001	1.4032333433543525
16.5000000001	1.4101942694097274
16.5500000001	1.4171510148521789
16.6000000001	1.4241034613521888
16.6500000001	1.4310514918875716
16.7000000001	1.4379949907375995
16.7500000001	1.444933843477057
16.8000000001	1.4518679369702387
16.8500000001	1.458797159364879
16.9000000001	1.4657214000860261
16.9500000001	1.4726405498298596
17.0000000001	1.4795545005574489
17.0500000001	1.4864631454884634
17.1000000001	1.4933663790948246
17.1500000001	1.5002640970943144
17.2000000001	1.507156196444132
17.2500000001	1.514042575334406
17.3000000001	1.5209231331816628
17.3500000001	1.5277977706222505
17.4000000001	1.5346663895057238
17.4500000001	1.5415288928881883
17.5000000001	1.548385185025609
17.5500000001	1.5552351713670824
17.6000000001	1.5620787585480729
17.6500000001	1.5689158543836172
17.7000000001	1.5757463678615005
17.7500000001	1.5825702091353973
17.8000000001	1.5893872895179915
17.8500000001	1.5961975214740622
17.9000000001	1.60300081861355
17.9500000001	1.6097970956845975
18.0000000001	1.6165862685665662
18.0500000001	1.623368254263037
18.1000000001	1.6301429708947845
18.1500000001	1.6369103376927383
18.2000000001	1.6436702749909253
18.2500000001	1.650422704219396
18.3000000001	1.6571675478971384
18.3500000001	1.6639047296249752
18.4000000001	1.6706341740784518
18.4500000001	1.6773558070007133
18.5000000001	1.6840695551953704
18.5500000001	1.6907753465193593
18.6000000001	1.6974731098757898
18.6500000001	1.7041627752067927
18.7000000001	1.7108442734863576
18.7500000001	1.7175175367131685
18.8000000001	1.7241824979034375
18.8500000001	1.7308390910837326
18.9000000001	1.7374872512838087
18.9500000001	1.7441269145294356
19.0000000001	1.7507580178352278
19.0500000001	1.7573804991974784
19.1000000001	1.7639942975869902
19.1500000001	1.7705993529419157
19.2000000001	1.7771956061605996
19.2500000001	1.783782999094426
19.3000000001	1.7903614745406748
19.3500000001	1.7969309762353798
19.4000000001	1.8034914488462
19.4500000001	1.8100428379652966
19.5000000001	1.8165850901022211
19.5500000001	1.823118152676813
19.6000000001	1.8296419740121064
19.6500000001	1.8361565033272522
19.7000000001	1.8426616907304496
19.7500000001	1.8491574872118919
19.8000000001	1.8556438446367278
19.8500000001	1.8621207157380322
19.9000000001	1.8685880541097974
19.9500000001	1.8750458141999378
20.0000000001	1.8814939513033095
20.0500000001	1.8879324215547513
20.1000000001	1.8943611819221373
20.1500000001	1.9007801901994525
20.2000000001	1.9071894049998852
20.2500000001	1.9135887857489375
20.3000000001	1.9199782926775604
20.3500000001	1.9263578868153008
20.4000000001	1.932727529983478
20.4500000001	1.9390871847883762
20.5000000001	1.9454368146144603
20.5500000001	1.9517763836176159
20.6000000001	1.9581058567184075
20.6500000001	1.9644251995953645
20.7000000001	1.970734378678288
20.7500000001	1.9770333611415833
20.8000000001	1.9833221148976163
20.8500000001	1.989600608590094
20.9000000001	1.99586881158747
20.9500000001	2.002126693976379
21.0000000001	2.0083742265550932
21.0500000001	2.0146113808270067
21.1000000001	2.0208381289941464
21.1500000001	2.027054443950712
21.2000000001	2.0332602992766384
21.2500000001	2.0394556692311916
21.3000000001	2.045640528746589
21.3500000001	2.0518148534216483
21.4000000001	2.0579786195154655
21.4500000001	2.0641318039411227
21.5000000001	2.070274384259424
21.5500000001	2.0764063386726597
21.6000000001	2.0825276460184026
21.6500000001	2.088638285763332
21.7000000001	2.0947382379970887
21.7500000001	2.10082748342616
21.8000000001	2.106906003367797
21.8500000001	2.1129737797439594
21.9000000001	2.119030795075293
21.9500000001	2.125077032475139
22.0000000001	2.1311124756435733
22.0500000001	2.137137108861479
22.1000000001	2.143150916984647
22.1500000001	2.1491538854379137
22.2000000001	2.1551460002093243
22.2500000001	2.161127247844335
22.3000000001	2.167097615440042
22.3500000001	2.1730570906394453
22.4000000001	2.1790056616257445
22.4500000001	2.184943317116668
22.5000000001	2.190870046358833
22.5500000001	2.1967858391221413
22.6000000001	2.2026906856942037
22.6500000001	2.2085845768748023
22.7000000001	2.2144675039703823
22.7500000001	2.220339458788578
22.8000000001	2.226200433632773
22.8500000001	2.232050421296693
22.9000000001	2.2378894150590316
22.9500000001	2.243717408678109
23.0000000001	2.2495343963865646
23.0500000001	2.2553403728860877
23.1000000001	2.261135333342172
23.1500000001	2.2669192733789125
23.2000000001	2.272692189073832
23.2500000001	2.278454076952741
23.3000000001	2.2842049339846358
23.3500000001	2.2899447575766216
23.4000000001	2.2956735455688784
23.4500000001	2.3013912962296548
23.5000000001	2.3070980082502976
23.5500000001	2.312793680740316
23.6000000001	2.3184783132224767
23.6500000001	2.324151905627934
23.7000000001	2.329814458291396
23.7500000001	2.3354659719463204
23.8000000001	2.3411064477201458
23.8500000001	2.346735887129557
23.9000000001	2.3523542920757836
23.9500000001	2.357961664839931
24.0000000001	2.3635580080783463
24.0500000001	2.369143324818017
24.1000000001	2.3747176184520042
24.1500000001	2.380280892734904
24.2000000001	2.3858331517783524
24.2500000001	2.391374400046551
24.3000000001	2.3969046423518368
24.3500000001	2.4024238838502785
24.4000000001	2.407932130037307
24.4500000001	2.4134293867433803
24.5000000001	2.418915660129681
24.5500000001	2.4243909566838453
24.6000000001	2.4298552832157263
24.6500000001	2.435308646853188
24.7000000001	2.4407510550379348
24.7500000001	2.4461825155213694
24.8000000001	2.4516030363604893
24.8500000001	2.4570126259138063
24.9000000001	2.4624112928373094
24.9500000001	2.467799046080449
25.0000000001	2.473175894882162
25.0500000001	2.478541848766923
25.1000000001	2.483896917540829
25.1500000001	2.4892411112877184
25.2000000001	2.494574440365316
25.2500000001	2.4998969154014143
25.3000000001	2.5052085472900876
25.3500000001	2.510509347187929
25.4000000001	2.515799326510327
25.4500000001	2.5210784969277706
25.5000000001	2.526346870362183
25.5500000001	2.5316044589832907
25.6000000001	2.5368512752050165
25.6500000001	2.542087331681911
25.7000000001	2.5473126413056075
25.7500000001	2.552527217201313
25.8000000001	2.557731072724325
25.8500000001	2.562924221456581
25.9000000001	2.5681066772032346
25.9500000001	2.5732784539892677
26.0000000001	2.578439566056125
26.0500000001	2.5835900278583845
26.1000000001	2.58872985406045
26.1500000001	2.593859059533282
26.2000000001	2.5989776593511498
26.2500000001	2.604085668788416
26.3000000001	2.6091831033163517
26.3500000001	2.6142699785999755
26.4000000001	2.619346310494925
26.4500000001	2.624412115044356
26.5000000001	2.629467408475868
26.5500000001	2.6345122071984615
26.6000000001	2.639546527799519
26.6500000001	2.6445703870418176
26.7000000001	2.6495838018605657
26.7500000001	2.6545867893604718
26.8000000001	2.6595793668128356
26.8500000001	2.6645615516526706
26.9000000001	2.6695333614758514
26.9500000001	2.6744948140362883
27.0000000001	2.6794459272431292
27.0500000001	2.68438671915799
27.1000000001	2.6893172079922056
27.1500000001	2.6942374121041146
27.2000000001	2.699147349996365
27.2500000001	2.704047040313248
27.3000000001	2.708936501838059
27.3500000001	2.71381575349048
27.4000000001	2.7186848143239932
27.4500000001	2.723543703523315
27.5000000001	2.7283924404018585
27.5500000001	2.733231044399221
27.6000000001	2.7380595350786954
27.6500000001	2.742877932124804
27.7000000001	2.747686255340864
27.7500000001	2.7524845246465697
27.8000000001	2.757272760075605
27.8500000001	2.762050981773277
27.9000000001	2.766819209994172
27.9500000001	2.7715774650998424
28.0000000001	2.776325767556508
28.0500000001	2.7810641379327903
28.1000000001	2.785792596897461
28.1500000001	2.790511165217221
28.2000000001	2.7952198637545007
28.2500000001	2.7999187134652788
28.3000000001	2.8046077353969325
28.3500000001	2.8092869506861025
28.4000000001	2.813956380556583
28.4500000001	2.8186160463172363
28.5000000001	2.8232659693599276
28.5500000001	2.8279061711574824
28.6000000001	2.8325366732616644
28.6500000001	2.837157497301177
28.7000000001	2.8417686649796865
28.7500000001	2.8463701980738643
28.8000000001	2.8509621184314544
28.8500000001	2.855544447969358
28.9000000001	2.860117208671741
28.9500000001	2.8646804225881626
29.0000000001	2.8692341118317244
29.0500000001	2.8737782985772404
29.1000000001	2.8783130050594252
29.1500000001	2.882838253571104
29.2000000001	2.8873540664614454
29.2500000001	2.8918604661342084
29.3000000001	2.896357475046015
29.3500000001	2.9008451157046378
29.4000000001	2.9053234106673087
29.4500000001	2.9097923825390506
29.5000000001	2.91425205397102
29.5500000001	2.9187024476588794
29.6000000001	2.923143586341177
29.6500000001	2.9275754927977564
29.7000000001	2.931998189848175
29.7500000001	2.9364117003501486
29.8000000001	2.9408160471980107
29.8500000001	2.9452112533211894
29.9000000001	2.9495973416827033
29.9500000001	2.953974335277677
30.0000000001	2.9583422571318705
30.0500000001	2.9627011303002315
30.1000000001	2.96705097786546
30.1500000001	2.971391822936592
30.2000000001	2.975723688647602
30.2500000001	2.9800465981560214
30.3000000001	2.9843605746415736
30.3500000001	2.9886656413048254
30.4000000001	2.9929618213658564
30.4500000001	2.997249138062944
30.5000000001	3.0015276146512635
30.5500000001	3.00579727440161
30.6000000001	3.0100581405991282
30.6500000001	3.014310236542063
30.7000000001	3.018553585540527
30.7500000001	3.0227882109152793
30.8000000001	3.0270141359965255
30.8500000001	3.031231384122727
30.9000000001	3.0354399786394315
30.9500000001	3.0396399428981127
31.0000000001	3.0438313002550306
31.0500000001	3.0480140740701036
31.1000000001	3.052188287705796
31.1500000001	3.0563539645260196
31.2000000001	3.0605111278950505
31.2500000001	3.0646598011764614
31.3000000001	3.0688000077320656
31.3500000001	3.0729317709208774
31.4000000001	3.0770551140980844
31.4500000001	3.0811700606140358
31.5000000001	3.085276633813244
31.5500000001	3.089374857033399
31.6000000001	3.0934647536043953
31.6500000001	3.097546346847375
31.7000000001	3.101619660073784
31.7500000001	3.105684716584437
31.8000000001	3.109741539668601
31.8500000001	3.113790152603089
31.9000000001	3.1178305786513674
31.9500000001	3.1218628410626734
32.0000000001	3.125886963071149
32.0500000001	3.129902967894985
32.1000000001	3.133910878735579
32.1500000001	3.137910718776703
32.2000000001	3.141902511183684
32.2500000001	3.1458862791026005
32.3000000001	3.149862045659484
32.3500000001	3.153829833959538
32.4000000001	3.1577896670863645
32.4500000001	3.1617415681012075
32.5000000001	3.165685560042201
32.5500000001	3.1696216659236325
32.6000000001	3.173549908735219
32.6500000001	3.177470311441389
32.7000000001	3.1813828969805815
32.7500000001	3.1852876882645527
32.8000000001	3.189184708177689
32.8500000001	3.193073979576344
32.9000000001	3.1969555252881685
32.9500000001	3.200829368111467
33.0000000001	3.204695530814554
33.0500000001	3.2085540361351246
33.1000000001	3.2124049067796348
33.1500000001	3.2162481654226918
33.2000000001	3.220083834706456
33.2500000001	3.223911937240049
33.3000000001	3.2277324955989726
33.3500000001	3.2315455323245423
33.4000000001	3.235351069923322
33.4500000001	3.239149130866576
33.5000000001	3.2429397375897264
33.5500000001	3.246722912491817
33.6000000001	3.250498677934994
33.6500000001	3.254267056243989
33.7000000001	3.2580280697056154
33.7500000001	3.2617817405682703
33.8000000001	3.2655280910414457
33.8500000001	3.2692671432952527
33.9000000001	3.2729989194599476
33.9500000001	3.276723441625472
34.0000000001	3.2804407318409994
34.0500000001	3.2841508121144884
34.1000000001	3.2878537044122482
34.1500000001	3.2915494306585065
34.2000000001	3.295238012734993
34.2500000001	3.298919472480524
34.3000000001	3.3025938316905985
34.3500000001	3.306261112117002
34.4000000001	3.309921335467415
34.4500000001	3.3135745234050353
34.5000000001	3.3172206975482017
34.5500000001	3.3208598794700266
34.6000000001	3.3244920906980417
34.6500000001	3.32811735271384
34.7000000001	3.3317356869527366
34.7500000001	3.3353471148034304
34.8000000001	3.3389516576076708
34.8500000001	3.3425493366599404
34.9000000001	3.3461401732071323
34.9500000001	3.3497241884482474
35.0000000001	3.353301403534087
35.0500000001	3.356871839566959
35.1000000001	3.3604355176003895
35.1500000001	3.3639924586388377
35.2000000001	3.367542683637423
35.2500000001	3.3710862135016537
35.3000000001	3.3746230690871633
35.3500000001	3.3781532711994537
35.4000000001	3.3816768405936446
35.4500000001	3.38519379797423
35.5000000001	3.3887041639948365
35.5500000001	3.392207959257993
35.6000000001	3.3957052043149036
35.6500000001	3.399195919665225
35.7000000001	3.402680125756854
35.7500000001	3.4061578429857158
35.8000000001	3.40962909169556
35.8500000001	3.4130938921777645
35.9000000001	3.416552264671141
35.9500000001	3.420004229361747
36.0000000001	3.4234498063827075
36.0500000001	3.426889015814033
36.1000000001	3.430321877682452
36.1500000001	3.4337484119612425
36.2000000001	3.4371686385700744
36.2500000001	3.440582577374849
36.3000000001	3.44399024818755
36.3500000001	3.4473916707660988
36.4000000001	3.4507868648142095
36.4500000001	3.4541758499812563
36.5000000001	3.457558645862141
36.5500000001	3.4609352719971627
36.6000000001	3.4643057478719004
36.6500000001	3.467670092917092
36.7000000001	3.4710283265085202
36.7500000001	3.4743804679669092
36.8000000001	3.4777265365578125
36.8500000001	3.4810665514915193
36.9000000001	3.484400531922955
36.9500000001	3.487728496951591
37.0000000001	3.4910504656213597
37.0500000001	3.4943664569205644
37.1000000001	3.4976764897818096
37.1500000001	3.5009805830819176
37.2000000001	3.504278755641862
37.2500000001	3.5075710262267012
37.3000000001	3.51085741354551
37.3500000001	3.5141379362513256
37.4000000001	3.5174126129410888
37.4500000001	3.5206814621555926
37.5000000001	3.523944502379435
37.5500000001	3.527201752040973
37.6000000001	3.530453229512281
37.6500000001	3.533698953109114
37.7000000001	3.5369389410908743
37.7500000001	3.54017321166058
37.8000000001	3.5434017829648354
37.8500000001	3.546624673093812
37.9000000001	3.5498419000812214
37.9500000001	3.5530534819043043
38.0000000001	3.5562594364838125
38.0500000001	3.559459781683996
38.1000000001	3.5626545353126007
38.1500000001	3.5658437151208577
38.2000000001	3.569027338803484
38.2500000001	3.5722054239986853
38.3000000001	3.5753779882881553
38.3500000001	3.5785450491970865
38.4000000001	3.5817066241941777
38.4500000001	3.5848627306916483
38.5000000001	3.588013386045253
38.5500000001	3.591158607554299
38.6000000001	3.5942984124616664
38.6500000001	3.5974328179538326
38.7000000001	3.6005618411609
38.7500000001	3.60368549915662
38.8000000001	3.6068038089584284
38.8500000001	3.6099167875274767
38.9000000001	3.613024451768668
38.9500000001	3.6161268185306965
39.0000000001	3.6192239046060894
39.0500000001	3.622315726731246
39.1000000001	3.625402301586487
39.1500000001	3.628483645796102
39.2000000001	3.6315597759283973
39.2500000001	3.63463070849575
39.3000000001	3.637696459954661
39.3500000001	3.6407570467058137
39.4000000001	3.6438124850941285
39.4500000001	3.646862791408829
39.5000000001	3.6499079818835014
39.5500000001	3.6529480726961574
39.6000000001	3.655983079969306
39.6500000001	3.659013019770017
39.7000000001	3.662037908109995
39.7500000001	3.6650577609456514
39.8000000001	3.668072594178176
39.8500000001	3.671082423653616
39.9000000001	3.674087265162952
39.9500000001	3.67708713444218
40.0000000001	3.680082047172389
40.0500000001	3.6830720189798476
40.1000000001	3.686057065436086
40.1500000001	3.6890372020579836
40.2000000001	3.6920124443078572
40.2500000001	3.6949828075935502
40.3000000001	3.697948307268522
40.3500000001	3.700908958631944
40.4000000001	3.703864776928789
40.4500000001	3.706815777349932
40.5000000001	3.709761975032243
40.5500000001	3.7127033850586857
40.6000000001	3.715640022458421
40.6500000001	3.718571902206903
40.7000000001	3.7214990392259852
40.7500000001	3.7244214483840232
40.8000000001	3.727339144495978
40.8500000001	3.730252142323525
40.9000000001	3.7331604565751597
40.9500000001	3.7360641019063077
41.0000000001	3.738963092919433
41.0500000001	3.7418574441641512
41.1000000001	3.7447471701373396
41.1500000001	3.747632285283252
41.2000000001	3.750512803993632
41.2500000001	3.753388740607832
41.3000000001	3.756260109412923
41.3500000001	3.759126924643819
41.4000000001	3.7619892004833915
41.4500000001	3.7648469510625913
41.5000000001	3.767700190460568
41.5500000001	3.7705489327047905
41.6000000001	3.773393191771173
41.6500000001	3.7762329815841937
41.7000000001	3.779068316017022
41.7500000001	3.7818992088916437
41.8000000001	3.7847256739789836
41.8500000001	3.787547724999038
41.9000000001	3.7903653756209956
41.9500000001	3.7931786394633713
42.0000000001	3.795987530094133
42.0500000001	3.798792061030829
42.1000000001	3.801592245740725
42.1500000001	3.8043880976409277
42.2000000001	3.807179630098523
42.2500000001	3.8099668564307048
42.3000000001	3.81274978990491
42.3500000001	3.8155284437389523
42.4000000001	3.8183028311011555
42.4500000001	3.821072965110491
42.5000000001	3.8238388588367114
42.5500000001	3.8266005253004867
42.6000000001	3.8293579774735433
42.6500000001	3.8321112282787997
42.7000000001	3.834860290590505
42.7500000001	3.8376051772343773
42.8000000001	3.8403459009877414
42.8500000001	3.8430824745796714
42.9000000001	3.845814910691126
42.9500000001	3.8485432219550932
43.0000000001	3.851267420956729
43.0500000001	3.8539875202334977
43.1000000001	3.856703532275316
43.1500000001	3.859415469524691
43.2000000001	3.862123344376868
43.2500000001	3.8648271691799687
43.3000000001	3.8675269562351353
43.3500000001	3.870222717796676
43.4000000001	3.8729144660722046
43.4500000001	3.8756022132227894
43.5000000001	3.8782859713630935
43.5500000001	3.8809657525615218
43.6000000001	3.8836415688403654
43.6500000001	3.8863134321759443
43.7000000001	3.888981354498757
43.7500000001	3.8916453476936237
43.8000000001	3.8943054235998313
43.8500000001	3.8969615940112816
43.9000000001	3.8996138706766357
43.9500000001	3.9022622652994614
44.0000000001	3.9049067895383804
44.0500000001	3.9075474550072125
44.1000000001	3.9101842732751266
44.1500000001	3.9128172558667833
44.2000000001	3.915446414262485
44.2500000001	3.9180717598983237
44.3000000001	3.920693304166326
44.3500000001	3.9233110584146016
44.4000000001	3.925925033947492
44.4500000001	3.928535242025717
44.5000000001	3.9311416938665236
44.5500000001	3.9337444006438327
44.6000000001	3.9363433734883873
44.6500000001	3.9389386234879007
44.7000000001	3.9415301616872047
44.7500000001	3.944117999088398
44.8000000001	3.9467021466509924
44.8500000001	3.9492826152920624
44.9000000001	3.9518594158863927
44.9500000001	3.9544325592666274
45.0000000001	3.9570020562234167
45.0500000001	3.9595679175055642
45.1000000001	3.962130153820177
45.1500000001	3.9646887758328124
45.2000000001	3.9672437941676253
45.2500000001	3.9697952194075175
45.3000000001	3.9723430620942835
45.3500000001	3.9748873327287604
45.4000000001	3.9774280417709735
45.4500000001	3.979965199640285
45.5000000001	3.982498816715542
45.5500000001	3.9850289033352206
45.6000000001	3.987555469797578
45.6500000001	3.990078526360795
45.7000000001	3.9925980832431263
45.7500000001	3.9951141506230456
45.8000000001	3.997626738639392
45.8500000001	4.00013585739152
45.9000000001	4.00264151693944
45.9500000001	4.005143727303969
46.0000000001	4.007642498466877
46.0500000001	4.01013784037103
46.1000000001	4.012629762920537
46.1500000001	4.015118275980897
46.2000000001	4.017603389379143
46.2500000001	4.020085112903988
46.3000000001	4.022563456305968
46.3500000001	4.02503842929759
46.4000000001	4.027510041553474
46.4500000001	4.029978302710499
46.5000000001	4.032443222367948
46.5500000001	4.034904810087648
46.6000000001	4.037363075394118
46.6500000001	4.039818027774711
46.7000000001	4.042269676679757
46.7500000001	4.044718031522707
46.8000000001	4.047163101680274
46.8500000001	4.0496048964925775
46.9000000001	4.052043425263284
46.9500000001	4.0544786972597535
47.0000000001	4.056910721713173
47.0500000001	4.059339507818706
47.1000000001	4.06176506473563
47.1500000001	4.064187401587478
47.2000000001	4.06660652746218
47.2500000001	4.069022451412202
47.3000000001	4.071435182454688
47.3500000001	4.073844729571598
47.4000000001	4.076251101709848
47.4500000001	4.07865430778145
47.5000000001	4.081054356663653
47.5500000001	4.0834512571990755
47.6000000001	4.085845018195849
47.6500000001	4.088235648427756
47.7000000001	4.090623156634365
47.7500000001	4.093007551521169
47.8000000001	4.095388841759725
47.8500000001	4.097767035987787
47.9000000001	4.100142142809444
47.9500000001	4.102514170795257
48.0000000001	4.1048831284823954
48.0500000001	4.1072490243747675
48.1000000001	4.109611866943162
48.1500000001	4.11197166462538
48.2000000001	4.114328425826368
48.2500000001	4.116682158918357
48.3000000001	4.119032872240987
48.3500000001	4.12138057410145
48.4000000001	4.123725272774619
48.4500000001	4.12606697650318
48.5000000001	4.128405693497766
48.5500000001	4.1307414319370865
48.6000000001	4.133074199968064
48.6500000001	4.135404005705957
48.7000000001	4.1377308572345015
48.7500000001	4.140054762606033
48.8000000001	4.142375729841619
48.8500000001	4.144693766931191
48.9000000001	4.147008881833672
48.9500000001	4.1493210824771065
49.0000000001	4.151630376758787
49.0500000001	4.153936772545385
49.1000000001	4.156240277673078
49.1500000001	4.158540899947674
49.2000000001	4.160838647144747
49.2500000001	4.1631335270097525
49.3000000001	4.165425547258163
49.3500000001	4.16771471557559
49.4000000001	4.17000103961791
49.4500000001	4.172284527011389
49.5000000001	4.17456518535281
49.5500000001	4.176843022209593
49.6000000001	4.179118045119927
49.6500000001	4.181390261592882
49.7000000001	4.183659679108543
49.7500000001	4.185926305118128
49.8000000001	4.18819014704411
49.8500000001	4.1904512122803395
49.9000000001	4.192709508192169
49.9500000001	4.1949650421165705
50.0000000001	4.197217821369106
50.0500000001	4.199467852621305
50.1000000001	4.201715144270951
50.1500000001	4.203959703020263
50.2000000001	4.206201536046053
50.2500000001	4.208440648771463
50.3000000001	4.210677051844914
50.3500000001	4.212910750656852
50.4000000001	4.215141752245243
50.4500000001	4.21737006366503
50.5000000001	4.219595691951481
50.5500000001	4.2218186441511225
50.6000000001	4.224038927229089
50.6500000001	4.226256548115984
50.7000000001	4.228471513721719
50.7500000001	4.230683830964143
50.8000000001	4.232893506738125
50.8500000001	4.235100547872998
50.9000000001	4.237304961206468
50.9500000001	4.239506753516665
51.0000000001	4.241705931535053
51.0500000001	4.243902502045586
51.1000000001	4.246096471770969
51.1500000001	4.248287847434698
51.2000000001	4.250476635694685
51.2500000001	4.252662838405593
51.3000000001	4.25484647134087
51.3500000001	4.257027536952794
51.4000000001	4.259206041498498
51.4500000001	4.261381991573042
51.5000000001	4.263555393684551
51.5500000001	4.265726254305084
51.6000000001	4.2678945798879075
51.6500000001	4.270060376932204
51.7000000001	4.272223651814217
51.7500000001	4.274384410934348
51.8000000001	4.2765426606552275
51.8500000001	4.278698407334688
51.9000000001	4.280851657316985
51.9500000001	4.283002416902206
52.0000000001	4.285150692317686
52.0500000001	4.287296489758946
52.1000000001	4.289439815524128
52.1500000001	4.29158067585565
52.2000000001	4.29371907690488
52.2500000001	4.2958550248733705
52.3000000001	4.29798852579973
52.3500000001	4.300119585753555
52.4000000001	4.302248210850395
52.4500000001	4.304374407191109
52.5000000001	4.306498180766726
52.5500000001	4.308619537621419
52.6000000001	4.310738483790162
52.6500000001	4.312855025217412
52.7000000001	4.314969167843765
52.7500000001	4.317080917629241
52.8000000001	4.319190280474935
52.8500000001	4.321297262294524
52.9000000001	4.3234018688994915
52.9500000001	4.325504106117101
53.0000000001	4.327603979811304
53.0500000001	4.329701495769479
53.1000000001	4.331796659762899
53.1500000001	4.333889477532989
53.2000000001	4.335979954814906
53.2500000001	4.33806809786657
53.3000000001	4.3401539068844714
53.3500000001	4.34223739219256
53.4000000001	4.344318564926818
53.4500000001	4.346397425009384
53.5000000001	4.348473978615922
53.5500000001	4.350548231300349
53.6000000001	4.352620188623951
53.6500000001	4.35468985612924
53.7000000001	4.356757239340425
53.7500000001	4.358822343855811
53.8000000001	4.36088517508576
53.8500000001	4.362945738446832
53.9000000001	4.365004039381571
53.9500000001	4.367060083366352
54.0000000001	4.369113875800172
54.0500000001	4.3711654220914395
54.1000000001	4.373214727559264
54.1500000001	4.375261797518442
54.2000000001	4.377306637315317
54.2500000001	4.379349252262789
54.3000000001	4.381389647618832
54.3500000001	4.383427828678117
54.4000000001	4.385463800717817
54.4500000001	4.387497568817979
54.5000000001	4.389529138306332
54.5500000001	4.391558514392546
54.6000000001	4.393585702239266
54.6500000001	4.3956107069439465
54.7000000001	4.397633533678724
54.7500000001	4.399654187535226
54.8000000001	4.401672673596448
54.8500000001	4.403688997009856
54.9000000001	4.405703162835725
54.9500000001	4.4077151760907505
55.0000000001	4.409725041783618
55.0500000001	4.4117327648696065
55.1000000001	4.413738350403381
55.1500000001	4.415741803410867
55.2000000001	4.417743128821162
55.2500000001	4.419742331512822
55.3000000001	4.421739416360591
55.3500000001	4.423734388318223
55.4000000001	4.425727252252235
55.4500000001	4.427718013132072
55.5000000001	4.429706675777993
55.5500000001	4.431693244935885
55.6000000001	4.433677725404591
55.6500000001	4.435660122041272
55.7000000001	4.43764043951668
55.7500000001	4.439618682651517
55.8000000001	4.441594856256534
55.8500000001	4.443568965020814
55.9000000001	4.445541013666378
55.9500000001	4.447511006849267
56.0000000001	4.449478949272992
56.0500000001	4.4514448456065585
56.1000000001	4.453408700493796
56.1500000001	4.455370518563312
56.2000000001	4.4573303044004495
56.2500000001	4.459288062582993
56.3000000001	4.4612437976292965
56.3500000001	4.463197514184742
56.4000000001	4.46514921682768
56.4500000001	4.467098910100639
56.5000000001	4.469046599183455
56.5500000001	4.4709922808214095
56.6000000001	4.472935966533873
56.6500000001	4.474877667757443
56.7000000001	4.476817381243929
56.7500000001	4.4787551121838405
56.8000000001	4.480690865037596
56.8500000001	4.482624644191483
56.9000000001	4.484556453974537
56.9500000001	4.4864862987244845
57.0000000001	4.4884141828856805
57.0500000001	4.49034011076743
57.1000000001	4.492264086667115
57.1500000001	4.49418611488851
57.2000000001	4.496106199751661
57.2500000001	4.49802434562674
57.3000000001	4.499940556714102
57.3500000001	4.501854837292674
57.4000000001	4.503767191581369
57.4500000001	4.505677623825832
57.5000000001	4.507586138212425
57.5500000001	4.5094927388418204
57.6000000001	4.511397429909515
57.6500000001	4.513300215576454
57.7000000001	4.515201100136999
57.7500000001	4.517100087540101
57.8000000001	4.518997181895254
57.8500000001	4.52089238745985
57.9000000001	4.522785708276614
57.9500000001	4.524677148422542
58.0000000001	4.526566711987279
58.0500000001	4.528454403070628
58.1000000001	4.530340225674106
58.1500000001	4.532224183796311
58.2000000001	4.534106281494292
58.2500000001	4.535986522795801
58.3000000001	4.537864911712062
58.3500000001	4.539741452137658
58.4000000001	4.541616147949309
58.4500000001	4.543489003135187
58.5000000001	4.5453600217181105
58.5500000001	4.54722920761453
58.6000000001	4.549096564747464
58.6500000001	4.550962096986215
58.7000000001	4.552825808188481
58.7500000001	4.5546877022062375
58.8000000001	4.556547782887777
58.8500000001	4.558406054135844
58.9000000001	4.5602625196681785
58.9500000001	4.562117183300339
59.0000000001	4.5639700489147135
59.0500000001	4.565821120291891
59.1000000001	4.567670401205889
59.1500000001	4.56951789536058
59.2000000001	4.5713636065046614
59.2500000001	4.573207538346201
59.3000000001	4.575049694688412
59.3500000001	4.576890079237976
59.4000000001	4.5787286957020985
59.4500000001	4.580565547713231
59.5000000001	4.582400638974185
59.5500000001	4.584233973191427
59.6000000001	4.5860655540795126
59.6500000001	4.587895385210633
59.7000000001	4.5897234701649285
59.7500000001	4.591549812551077
59.8000000001	4.593374415970636
59.8500000001	4.59519728406006
59.9000000001	4.59701842044417
59.9500000001	4.598837828662103
60.0000000001	4.600655512276897
60.0500000001	4.602471474816415
60.1000000001	4.604285719776717
60.1500000001	4.60609825058689
60.2000000001	4.607909070932946
60.2500000001	4.609718184261693
60.3000000001	4.611525594123176
60.3500000001	4.61333130392562
60.4000000001	4.615135317073577
60.4500000001	4.616937637055302
60.5000000001	4.618738267313377
60.5500000001	4.620537211282171
60.6000000001	4.622334472373165
60.6500000001	4.624130054014796
60.7000000001	4.6259239595439325
60.7500000001	4.627716192363744
60.8000000001	4.629506755893449
60.8500000001	4.631295653551505
60.9000000001	4.63308288869959
60.9500000001	4.634868465515563
61.0000000001	4.636652381079857
61.0500000001	4.638434638162665
61.1000000001	4.640215256494949
61.1500000001	4.641994228745348
61.2000000001	4.643771558223504
61.2500000001	4.645547248412312
61.3000000001	4.6473213025386855
61.3500000001	4.649093723888751
61.4000000001	4.650864515586658
61.4500000001	4.652633680868913
61.5000000001	4.654401223136187
61.5500000001	4.656167145536976
61.6000000001	4.657931451228508
61.6500000001	4.659694143465566
61.7000000001	4.661455225426929
61.7500000001	4.663214700282485
61.8000000001	4.664955595298027
61.8500000001	4.666728841342913
61.9000000001	4.66848351389874
61.9500000001	4.670236591909075
62.0000000001	4.671988078449093
62.0500000001	4.673737976757915
62.1000000001	4.675486289914044
62.1500000001	4.677233020983603
62.2000000001	4.678978173049189
62.2500000001	4.680721749295721
62.3000000001	4.682463752575305
62.3500000001	4.684204185983971
62.4000000001	4.685943052691018
62.4500000001	4.687680355799428
62.5000000001	4.689416098248979
62.5500000001	4.691150283112142
62.6000000001	4.692882913401279
62.6500000001	4.694613992118835
62.7000000001	4.6963435222301655
62.7500000001	4.698071506644516
62.8000000001	4.699797948388763
62.8500000001	4.701522850298698
62.9000000001	4.703246215441808
62.9500000001	4.70496804676443
63.0000000001	4.706688347126971
63.0500000001	4.708407119476093
63.1000000001	4.710124366762899
63.1500000001	4.711840091934124
63.2000000001	4.71355429791732
63.2500000001	4.715266987666461
63.3000000001	4.716978164003067
63.3500000001	4.718687829757809
63.4000000001	4.720395987897842
63.4500000001	4.722102641333935
63.5000000001	4.723807792806501
63.5500000001	4.72551144504781
63.6000000001	4.727213600952458
63.6500000001	4.728914263458758
63.7000000001	4.730613435420695
63.7500000001	4.732311119536052
63.8000000001	4.734007318401188
63.8500000001	4.735702034982417
63.9000000001	4.7373952721659585
63.9500000001	4.739087032676531
64.0000000001	4.74077731935462
64.0500000001	4.74246613486171
64.1000000001	4.744153481960891
64.1500000001	4.7458393633544365
64.2000000001	4.747523781861045
64.2500000001	4.7492067402193765
64.3000000001	4.750888241098851
64.3500000001	4.752568287209958
64.4000000001	4.754246881112358
64.4500000001	4.755924025491333
64.5000000001	4.757599723163109
64.5500000001	4.7592739768881
64.6000000001	4.760946789355842
64.6500000001	4.762618163134612
64.7000000001	4.764288100820324
64.7500000001	4.765956605086449
64.8000000001	4.767623678636302
64.8500000001	4.769289324090408
64.9000000001	4.770953544093303
64.9500000001	4.77261634121477
65.0000000001	4.774277718066992
65.0500000001	4.775937677270678
65.1000000001	4.777596221412798
65.1500000001	4.779253352874987
65.2000000001	4.78090907432882
65.2500000001	4.782563388385597
65.3000000001	4.784216297641726
65.3500000001	4.785867804603624
65.4000000001	4.787517911773839
65.4500000001	4.789166621714765
65.5000000001	4.790813937068289
65.5500000001	4.792459860353061
65.6000000001	4.794104393943574
65.6500000001	4.7957475404001
65.7000000001	4.797389302215562
65.7500000001	4.799029681888506
65.8000000001	4.800668681955223
65.8500000001	4.802306304772324
65.9000000001	4.803942552826795
65.9500000001	4.805577428543842
66.0000000001	4.807210934351547
66.0500000001	4.808843072910212
66.1000000001	4.810473846616203
66.1500000001	4.812103257893028
66.2000000001	4.8137313092297145
66.2500000001	4.815358003039195
66.3000000001	4.816983341722787
66.3500000001	4.818607327658258
66.4000000001	4.820229963233296
66.4500000001	4.821851250880082
66.5000000001	4.823471193035073
66.5500000001	4.825089792048266
66.6000000001	4.826707050253894
66.6500000001	4.8283229707091255
66.7000000001	4.829937545540716
66.7500000001	4.831550786624068
66.8000000001	4.833162705736891
66.8500000001	4.834773294950857
66.9000000001	4.836382557429655
66.9500000001	4.837990495550842
67.0000000001	4.839597111617033
67.0500000001	4.841202407974768
67.1000000001	4.842806386891443
67.1500000001	4.844409050662775
67.2000000001	4.846010401622982
67.2500000001	4.847610442128756
67.3000000001	4.849209174410652
67.3500000001	4.850806600746701
67.4000000001	4.852402723310102
67.4500000001	4.853997544346966
67.5000000001	4.855591066307258
67.5500000001	4.857183291409998
67.6000000001	4.858774221866584
67.6500000001	4.860363859958602
67.7000000001	4.861952207870876
67.7500000001	4.863539267733319
67.8000000001	4.865125041716987
67.8500000001	4.866709532168273
67.9000000001	4.868292741304996
67.9500000001	4.869874671333851
68.0000000001	4.871455324482557
68.0500000001	4.87303470287039
68.1000000001	4.874612808516658
68.1500000001	4.876189643728913
68.2000000001	4.877765210714824
68.2500000001	4.879339511683291
68.3000000001	4.880912548687654
68.3500000001	4.882484323834755
68.4000000001	4.884054839416648
68.4500000001	4.885624097546491
68.5000000001	4.887192100378426
68.5500000001	4.8887588500042485
68.6000000001	4.890324348587983
68.6500000001	4.891888598282213
68.7000000001	4.893451601220725
68.7500000001	4.895013359485245
68.8000000001	4.896573875035182
68.8500000001	4.898133149818074
68.9000000001	4.899691186204762
68.9500000001	4.9012479862686416
69.0000000001	4.902803552185421
69.0500000001	4.9043578859913755
69.1000000001	4.90591098973597
69.1500000001	4.907462865415051
69.2000000001	4.9090135150664125
69.2500000001	4.910562940777763
69.3000000001	4.912111144667671
69.3500000001	4.913658128771825
69.4000000001	4.91520389515717
69.4500000001	4.91674844577113
69.5000000001	4.918291782474564
69.5500000001	4.919833907360065
69.6000000001	4.921374822523563
69.6500000001	4.922914530028779
69.7000000001	4.924453031761387
69.7500000001	4.925990329642378
69.8000000001	4.927526425744883
69.8500000001	4.929061322129816
69.9000000001	4.930595020772758
69.9500000001	4.932127523643238
70.0000000001	4.9336588326836575
70.0500000001	4.935188949841986
70.1000000001	4.936717877108575
70.1500000001	4.9382456162390875
70.2000000001	4.9397721694502925
70.2500000001	4.9412975387231155
70.3000000001	4.942821725709823
70.3500000001	4.9443447324825085
70.4000000001	4.945866561061751
70.4500000001	4.947387213312344
70.5000000001	4.9489066912055915
70.5500000001	4.950424996679446
70.6000000001	4.9519421316407
70.6500000001	4.953458098018681
70.7000000001	4.954972897569609
70.7500000001	4.956486532270316
70.8000000001	4.957999004033512
70.8500000001	4.959510314876153
70.9000000001	4.9610204665984705
70.9500000001	4.962529461032831
71.0000000001	4.964037300030317
71.0500000001	4.965543985471818
71.1000000001	4.967049519252139
71.1500000001	4.968553903195205
71.2000000001	4.970057138941144
71.2500000001	4.971559228421814
71.3000000001	4.973060173627535
71.3500000001	4.974559976388955
71.4000000001	4.976058638519129
71.4500000001	4.977556161817059
71.5000000001	4.9790525481320556
71.5500000001	4.980547799272014
71.6000000001	4.982041917092492
71.6500000001	4.983534903372244
71.7000000001	4.985026759946486
71.7500000001	4.986517488715357
71.8000000001	4.988007091501807
71.8500000001	4.9894955699677634
71.9000000001	4.9909829257663825
71.9500000001	4.992469160559513
72.0000000001	4.993954276163928
72.0500000001	4.995438274481462
72.1000000001	4.99692115721834
72.1500000001	4.998402926210745
72.2000000001	4.999883583280588
72.2500000001	5.001363130107086
72.3000000001	5.002841568455092
72.3500000001	5.004318900090857
72.4000000001	5.005795126730498
72.4500000001	5.007270250159235
72.5000000001	5.008744272196369
72.5500000001	5.010217194582402
72.6000000001	5.011689018981622
72.6500000001	5.013159747039794
72.7000000001	5.014629380450446
72.7500000001	5.016097920933766
72.8000000001	5.017565370327714
72.8500000001	5.019031730272235
72.9000000001	5.020497002457446
72.9500000001	5.021961188669089
73.0000000001	5.023424290600963
73.0500000001	5.024886309849394
73.1000000001	5.026347248076778
73.1500000001	5.027807107015393
73.2000000001	5.02926588839783
73.2500000001	5.030723593848128
73.3000000001	5.03218022496595
73.3500000001	5.0336357834736525
73.4000000001	5.035090271031431
73.4500000001	5.036543689397507
73.5000000001	5.037996040671467
73.5500000001	5.03944731746179
73.6000000001	5.040897527317269
73.6500000001	5.042346684530711
73.7000000001	5.043794781334547
73.7500000001	5.045241818032924
73.8000000001	5.046687796860068
73.8500000001	5.048132719538714
73.9000000001	5.049576587743656
73.9500000001	5.051019403022863
74.0000000001	5.052461166889789
74.0500000001	5.053901880859931
74.1000000001	5.055341546495848
74.1500000001	5.056780165520894
74.2000000001	5.058217739448442
74.2500000001	5.059654269809718
74.3000000001	5.061089758326281
74.3500000001	5.062524206630487
74.4000000001	5.063957616153184
74.4500000001	5.065389988474451
74.5000000001	5.066821325448458
74.5500000001	5.068251628577109
74.6000000001	5.06968089932318
74.6500000001	5.071109139220868
74.7000000001	5.072536349717237
74.7500000001	5.073962532463963
74.8000000001	5.075387689117965
74.8500000001	5.076811821187916
74.9000000001	5.078234930165731
74.9500000001	5.079657017672897
75.0000000001	5.0810780852962125
75.0500000001	5.082498134519147
75.1000000001	5.083917166652454
75.1500000001	5.0853351832612725
75.2000000001	5.086752185878127
75.2500000001	5.088168175835594
75.3000000001	5.0895831548738375
75.3500000001	5.090997124564798
75.4000000001	5.092410086408896
75.4500000001	5.0938220418926115
75.5000000001	5.095232992512958
75.5500000001	5.096642939661651
75.6000000001	5.098051884942625
75.6500000001	5.099459829847711
75.7000000001	5.100866775918314
75.7500000001	5.102272724661003
75.8000000001	5.103677677446299
75.8500000001	5.105081635822819
75.9000000001	5.1064846012699245
75.9500000001	5.107886575194616
76.0000000001	5.10928755890673
76.0500000001	5.110687553975759
76.1000000001	5.112086561974576
76.1500000001	5.113484584390885
76.2000000001	5.1148816226611995
76.2500000001	5.116277678056281
76.3000000001	5.1176727519981045
76.3500000001	5.119066845903015
76.4000000001	5.120459961257503
76.4500000001	5.121852099685249
76.5000000001	5.123243262743665
76.5500000001	5.1246334517311745
76.6000000001	5.126022667915524
76.6500000001	5.127410912614967
76.7000000001	5.128798187341899
76.7500000001	5.130184493548177
76.8000000001	5.131569832722062
76.8500000001	5.1329542059970725
76.9000000001	5.134337614946345
76.9500000001	5.135720061138475
77.0000000001	5.137101545899736
77.0500000001	5.138482070507322
77.1000000001	5.139861636395832
77.1500000001	5.141240245061488
77.2000000001	5.14261789792792
77.2500000001	5.1439945963483
77.3000000001	5.145370341492276
77.3500000001	5.146745134755627
77.4000000001	5.148118977589073
77.4500000001	5.149491871469978
77.5000000001	5.150863817775135
77.5500000001	5.1522348177179635
77.6000000001	5.153604872695015
77.6500000001	5.154973984037986
77.7000000001	5.156342153012229
77.7500000001	5.157709381005659
77.8000000001	5.15907566940637
77.8500000001	5.1604410195374895
77.9000000001	5.161805432804403
77.9500000001	5.163168910485818
78.0000000001	5.164531453938112
78.0500000001	5.16589306453681
78.1000000001	5.167253743652994
78.1500000001	5.168613492676963
78.2000000001	5.169972312884396
78.2500000001	5.171330205550717
78.3000000001	5.172687171970973
78.3500000001	5.174043213467026
78.4000000001	5.1753983313307526
78.4500000001	5.176752526827662
78.5000000001	5.178105801266899
78.5500000001	5.179458155943241
78.6000000001	5.180809592135597
78.6500000001	5.182160111038582
78.7000000001	5.183509714072759
78.7500000001	5.184858402527114
78.8000000001	5.186206177611328
78.8500000001	5.1875530406137145
78.9000000001	5.188898992958338
78.9500000001	5.190244035960453
79.0000000001	5.191588170911888
79.0500000001	5.192931399093243
79.1000000001	5.194273721730152
79.1500000001	5.195615140081386
79.2000000001	5.196955655455202
79.2500000001	5.198295269127525
79.3000000001	5.199633982421997
79.3500000001	5.200971796480761
79.4000000001	5.202308712471351
79.4500000001	5.203644731639048
79.5000000001	5.204979855225864
79.5500000001	5.2063140845477704
79.6000000001	5.207647420930429
79.6500000001	5.208979865637749
79.7000000001	5.210311419951888
79.7500000001	5.211642085082939
79.8000000001	5.2129718622538315
79.8500000001	5.214300752638712
79.9000000001	5.215628757441937
79.9500000001	5.216955877843616
80.0000000001	5.218282115096766
80.0500000001	5.219607470428931
80.1000000001	5.220931944928134
80.1500000001	5.222255539816515
80.2000000001	5.223578256415976
80.2500000001	5.224900095967319
80.3000000001	5.226221059320134
80.3500000001	5.227541147989266
80.4000000001	5.228860363320505
80.4500000001	5.230178706370271
80.5000000001	5.231496178319407
80.5500000001	5.232812780325664
80.6000000001	5.234128513639771
80.6500000001	5.2354433794712625
80.7000000001	5.236757379043446
80.7500000001	5.238070513570969
80.8000000001	5.239382784277483
80.8500000001	5.2406941923087755
80.9000000001	5.242004738801697
80.9500000001	5.24331442491686
81.0000000001	5.244623251802853
81.0500000001	5.24593122066298
81.1000000001	5.2472383326433985
81.1500000001	5.248544588922135
81.2000000001	5.249849991542805
81.2500000001	5.251154539111041
81.3000000001	5.25245822532328
81.3500000001	5.2537610634977066
81.4000000001	5.255063058941432
81.4500000001	5.2563642055319155
81.5000000001	5.2576645040433085
81.5500000001	5.2589639559934485
81.6000000001	5.260262562592854
81.6500000001	5.261560325041218
81.7000000001	5.262857244383799
81.7500000001	5.264153321696351
81.8000000001	5.265448558149682
81.8500000001	5.266742954850324
81.9000000001	5.268036512973003
81.9500000001	5.269329233747238
82.0000000001	5.270621118178091
82.0500000001	5.271912167423065
82.1000000001	5.273202382575273
82.1500000001	5.27449176473182
82.2000000001	5.27578031499468
82.2500000001	5.2770680344586065
82.3000000001	5.278354924238787
82.3500000001	5.279640985439264
82.4000000001	5.280926219146832
82.4500000001	5.282210626460285
82.5000000001	5.283494208570354
82.5500000001	5.284776966572499
82.6000000001	5.2860589015197395
82.6500000001	5.287340014600927
82.7000000001	5.288620306890635
82.7500000001	5.289899779465353
82.8000000001	5.2911784333754746
82.8500000001	5.292456269709342
82.9000000001	5.293733289583451
82.9500000001	5.295009493968387
83.0000000001	5.296284883811967
83.0500000001	5.297559460385223
83.1000000001	5.298833224704682
83.1500000001	5.300106177866436
83.2000000001	5.3013783209933525
83.2500000001	5.302649694859252
83.3000000001	5.303919930543786
83.3500000001	5.305189022257822
83.4000000001	5.3064575909451
83.4500000001	5.307725228916676
83.5000000001	5.308992080471889
83.5500000001	5.310258138530967
83.6000000001	5.311523366392808
83.6500000001	5.312787711870861
83.7000000001	5.31405215307937
83.7500000001	5.315315113465689
83.8000000001	5.31657726303423
83.8500000001	5.31783757219063
83.9000000001	5.31909785019848
83.9500000001	5.320357271757495
84.0000000001	5.3216158529609014
84.0500000001	5.322873696832405
84.1000000001	5.3241306530803865
84.1500000001	5.325386615481053
84.2000000001	5.326641777669268
84.2500000001	5.3278960667126585
84.3000000001	5.32914944889257
84.3500000001	5.330401972330839
84.4000000001	5.3316537059541105
84.4500000001	5.332904534857124
84.5000000001	5.334154484713011
84.5500000001	5.335403683177249
84.6000000001	5.336652285713496
84.6500000001	5.337899988545371
84.7000000001	5.33914653065951
84.7500000001	5.340392682591945
84.8000000001	5.341637486129821
84.8500000001	5.3428813393574455
84.9000000001	5.34412463119612
84.9500000001	5.345368704419147
85.0000000001	5.34661049103962
85.0500000001	5.347851356594565
85.1000000001	5.349092074468295
85.1500000001	5.3503305682616284
85.2000000001	5.351568818827177
85.2500000001	5.352806419353236
85.3000000001	5.354043179757348
85.3500000001	5.355278786837987
85.4000000001	5.35651359817998
85.4500000001	5.357747579588336
85.5000000001	5.358980924276106
85.5500000001	5.360213346751495
85.6000000001	5.361445158571728
85.6500000001	5.362675655434029
85.7000000001	5.363905498612426
85.7500000001	5.365134814194928
85.8000000001	5.366363350770635
85.8500000001	5.3675906141160405
85.9000000001	5.3688175607112525
85.9500000001	5.370042874241354
86.0000000001	5.371266705881306
86.0500000001	5.372490486993501
86.1000000001	5.373713483990611
86.1500000001	5.374935744642469
86.2000000001	5.376157240576636
86.2500000001	5.377378136289251
86.3000000001	5.378598273610451
86.3500000001	5.379817491908327
86.4000000001	5.381035928321795
86.4500000001	5.382253708934045
86.5000000001	5.383468010458579
86.5500000001	5.3846849844224405
86.6000000001	5.3859021871233175
86.6500000001	5.387118213590889
86.7000000001	5.388331303104554
86.7500000001	5.389545035509785
86.8000000001	5.390758195687294
86.8500000001	5.391970463997014
86.9000000001	5.393180968008935
86.9500000001	5.394391316108228
87.0000000001	5.395601178053463
87.0500000001	5.396809778219255
87.1000000001	5.398018542927245
87.1500000001	5.399224174814564
87.2000000001	5.400429614313476
87.2500000001	5.401634386835594
87.3000000001	5.402838392159419
87.3500000001	5.404043348794624
87.4000000001	5.405247295437633
87.4500000001	5.406445556251789
87.5000000001	5.407647598711668
87.5500000001	5.408847868228587
87.6000000001	5.41004870871379
87.6500000001	5.41124829426944
87.7000000001	5.412446812278835
87.7500000001	5.4136446545142665
87.8000000001	5.414841406451983
87.8500000001	5.416037243065645
87.9000000001	5.417232360770932
87.9500000001	5.418426699764295
88.0000000001	5.419620873503304
88.0500000001	5.420813839724357
88.1000000001	5.422006094690521
88.1500000001	5.423197692031142
88.2000000001	5.4243889136788255
88.2500000001	5.4255795198107535
88.3000000001	5.426768894642465
88.3500000001	5.427957212865762
88.4000000001	5.429143948959895
88.4500000001	5.430332277954449
88.5000000001	5.431518477605197
88.5500000001	5.432703963389831
88.6000000001	5.433888427494015
88.6500000001	5.43507201420929
88.7000000001	5.436254961062595
88.7500000001	5.437437200578728
88.8000000001	5.4386188351560225
88.8500000001	5.439800420691105
88.9000000001	5.440980307290975
88.9500000001	5.4421602910201
89.0000000001	5.443339088030218
89.0500000001	5.444516829827592
89.1000000001	5.445693455499693
89.1500000001	5.446869498742942
89.2000000001	5.448044698739268
89.2500000001	5.449218817678521
89.3000000001	5.450393214171852
89.3500000001	5.451566693876008
89.4000000001	5.452738977437032
89.4500000001	5.4539101202246085
89.5000000001	5.455080891896847
89.5500000001	5.456249449142705
89.6000000001	5.457418914867056
89.6500000001	5.458587167800026
89.7000000001	5.459754620945979
89.7500000001	5.4609223174249495
89.8000000001	5.462089169404438
89.8500000001	5.46325375513956
89.9000000001	5.46442398276583
89.9500000001	5.465587613500819
90.0000000001	5.466747903897646
90.0500000001	5.4679103123804484
90.1000000001	5.469071973627968
90.1500000001	5.4702329176327815
90.2000000001	5.471392776067954
90.2500000001	5.472551399560331
90.3000000001	5.473709368862415
90.3500000001	5.474868207992518
90.4000000001	5.4760255973682845
90.4500000001	5.477178521099285
90.5000000001	5.478340640137031
90.5500000001	5.4794953033500935
90.6000000001	5.480649983738919
90.6500000001	5.48180369458552
90.7000000001	5.482956300614835
90.7500000001	5.484108074867471
90.8000000001	5.4852586971636725
90.8500000001	5.486406392030887
90.9000000001	5.487555984828102
90.9500000001	5.488704765176962
91.0000000001	5.48985298160341
91.0500000001	5.490998914026586
91.1000000001	5.492144436746566
91.1500000001	5.493291974813783
91.2000000001	5.49443725668629
91.2500000001	5.495581217630603
91.3000000001	5.496724640580188
91.3500000001	5.497867673440368
91.4000000001	5.499010009944094
91.4500000001	5.500150557471582
91.5000000001	5.501292279166294
91.5500000001	5.502431856044779
91.6000000001	5.503570621556932
91.6500000001	5.504709640994815
91.7000000001	5.505846158186567
91.7500000001	5.506982450806281
91.8000000001	5.508118499597785
91.8500000001	5.509252956027908
91.9000000001	5.510386992649539
91.9500000001	5.511521287035297
92.0000000001	5.512655270018496
92.0500000001	5.513787235020893
92.1000000001	5.514917870132106
92.1500000001	5.516049937605199
92.2000000001	5.517180465637891
92.2500000001	5.518309677099948
92.3000000001	5.51943827294442
92.3500000001	5.520565966170618
92.4000000001	5.521692221051604
92.4500000001	5.52281891810475
92.5000000001	5.523945634383532
92.5500000001	5.525069664431383
92.6000000001	5.526192942616088
92.6500000001	5.527316043037707
92.7000000001	5.528438400636905
92.7500000001	5.529560672657384
92.8000000001	5.530681043258498
92.8500000001	5.531797778458676
92.9000000001	5.532920892527791
92.9500000001	5.534039687141071
93.0000000001	5.535157857846766
93.0500000001	5.536274607213257
93.1000000001	5.537390704323256
93.1500000001	5.538505913382869
93.2000000001	5.539626491581247
93.2500000001	5.5407394654172935
93.3000000001	5.541849715864287
93.3500000001	5.542962021107805
93.4000000001	5.544073701634154
93.4500000001	5.545185117684916
93.5000000001	5.54629505105381
93.5500000001	5.547404909499691
93.6000000001	5.548514424568299
93.6500000001	5.549622933828809
93.7000000001	5.550730852420786
93.7500000001	5.551837679389515
93.8000000001	5.552943679546617
93.8500000001	5.554048570281233
93.9000000001	5.555153355910605
93.9500000001	5.556257107401271
94.0000000001	5.5573596672898775
94.0500000001	5.558461797433862
94.1000000001	5.559563369140989
94.1500000001	5.560664109125515
94.2000000001	5.561764397774673
94.2500000001	5.562865638848504
94.3000000001	5.5639644397844075
94.3500000001	5.565063059499217
94.4000000001	5.566159837790142
94.4500000001	5.567255774078889
94.5000000001	5.568350838899964
94.5500000001	5.569446261665563
94.6000000001	5.570537929206098
94.6500000001	5.571632572362793
94.7000000001	5.572727130510936
94.7500000001	5.573819544433487
94.8000000001	5.574910254939237
94.8500000001	5.57600017484364
94.9000000001	5.577089271814338
94.9500000001	5.5781776117814434
95.0000000001	5.5792651012645464
95.0500000001	5.58035304831829
95.1000000001	5.5814403732069495
95.1500000001	5.582525532262194
95.2000000001	5.583612038132083
95.2500000001	5.5846970120789345
95.3000000001	5.585781950207129
95.3500000001	5.586866011352245
95.4000000001	5.587948652169376
95.4500000001	5.589030060031827
95.5000000001	5.590110493851443
95.5500000001	5.591190973250195
95.6000000001	5.59226905544868
95.6500000001	5.593348628864472
95.7000000001	5.594426427181377
95.7500000001	5.595503328491383
95.8000000001	5.596580189564128
95.8500000001	5.597655644394583
95.9000000001	5.59873026811336
95.9500000001	5.599804975891459
96.0000000001	5.600880290410288
96.0500000001	5.601953417987161
96.1000000001	5.603022523835954
96.1500000001	5.604082520724886
96.2000000001	5.605149562489221
96.2500000001	5.606237185839285
96.3000000001	5.607305884540824
96.3500000001	5.608375846269388
96.4000000001	5.609443625277862
96.4500000001	5.610509023029571
96.5000000001	5.611576621373262
96.5500000001	5.612641874217602
96.6000000001	5.613706380883415
96.6500000001	5.6147692083632315
96.7000000001	5.61583196361262
96.7500000001	5.616893940993665
96.8000000001	5.617955806592721
96.8500000001	5.619017470686131
96.9000000001	5.620078227335675
96.9500000001	5.621137716641621
97.0000000001	5.622202390025648
97.0500000001	5.623258555023483
97.1000000001	5.6243154937850255
97.1500000001	5.625371756992811
97.2000000001	5.626427697190713
97.2500000001	5.627483118800379
97.3000000001	5.628538248219185
97.3500000001	5.629592935734535
97.4000000001	5.6306452399383335
97.4500000001	5.6316979800628735
97.5000000001	5.632749259233133
97.5500000001	5.633799882071205
97.6000000001	5.634847786873675
97.6500000001	5.635897445307326
97.7000000001	5.636947791560765
97.7500000001	5.637994022855488
97.8000000001	5.639041605241562
97.8500000001	5.640088688307277
97.9000000001	5.641135744212933
97.9500000001	5.642182496274488
98.0000000001	5.643225550505498
98.0500000001	5.644270015390103
98.1000000001	5.645313251793633
98.1500000001	5.646354267936392
98.2000000001	5.647395911595455
98.2500000001	5.648437123387019
98.3000000001	5.649477318660034
98.3500000001	5.650515736742637
98.4000000001	5.651558678873477
98.4500000001	5.652595481743305
98.5000000001	5.6536329750845535
98.5500000001	5.65467095820384
98.6000000001	5.6557077719160285
98.6500000001	5.6567404635731355
98.7000000001	5.657776328534504
98.7500000001	5.658808949841784
98.8000000001	5.659840771951766
98.8500000001	5.660872342538144
98.9000000001	5.661904210869843
98.9500000001	5.662934442128803
99.0000000001	5.66396396601241
99.0500000001	5.664993008981456
99.1000000001	5.66601995237319
99.1500000001	5.667048522787431
99.2000000001	5.668077078724899
99.2500000001	5.66910482926352
99.3000000001	5.670129619679791
99.3500000001	5.671152794147549
99.4000000001	5.672178142593575
99.4500000001	5.673201696347448
99.5000000001	5.67422418289965
99.5500000001	5.675246439150249
99.6000000001	5.676267213383405
99.6500000001	5.67728825493621
99.7000000001	5.678309898496756
99.7500000001	5.679329183158285
99.8000000001	5.680347905785254
99.8500000001	5.6813661134879965
99.9000000001	5.682383139848625
99.9500000001	5.6834007510524485