1.e-10	0.
0.0500000001	6.210687522599404e-9
0.1000000001	8.918570101873535e-8
0.1500000001	4.085860267066616e-7
0.2000000001	1.1988490452541647e-6
0.2500000001	2.754523575102018e-6
0.3000000001	5.421878666023971e-6
0.3500000001	9.59238379698402e-6
0.4000000001	0.000015697445510443067
0.4500000001	0.000024204006003334136
0.5000000001	0.00003561077177324503
0.5500000001	0.00005044492389947642
0.6000000001	0.00006925920911539607
0.6500000001	0.00009262933994914945
0.7000000001	0.00012115165104688243
0.7500000001	0.00015544097152637166
0.8000000001	0.00019612868213158353
0.8500000001	0.0002438609324002307
0.9000000001	0.00029929699782546093
0.9500000001	0.00036310776060066426
1.0000000001	0.000435974300317265
1.0500000001	0.0005185865831641596
1.1000000001	0.0006116422399093662
1.1500000001	0.0007158454243388924
1.2000000001	0.0008319057449635648
1.2500000001	0.0009605372637391959
1.3000000001	0.0011024575563218875
1.3500000001	0.0012583868290307523
1.4000000001	0.001429047088239609
1.4500000001	0.001615161358386354
1.5000000001	0.0018174529451885977
1.5500000001	0.00203664474099866
1.6000000001	0.002273458569529356
1.6500000001	0.0025286145674418723
1.7000000001	0.0028028306005144
1.7500000001	0.003096821712310064
1.8000000001	0.003411299603439215
1.8500000001	0.003746972139667566
1.9000000001	0.004104542887260884
1.9500000001	0.004484710674081292
2.0000000001	0.004888169175061623
2.0500000001	0.005315606520784442
2.1000000001	0.005767704927982652
2.1500000001	0.00624514035086022
2.2000000001	0.006748582152205729
2.2500000001	0.007278692793338577
2.3000000001	0.007836127541989249
2.3500000001	0.008421534197270888
2.4000000001	0.009035552830950894
2.4500000001	0.0096788155442783
2.5000000001	0.010351946239665902
2.5500000001	0.0110555604065662
2.6000000001	0.011790264920916765
2.6500000001	0.012556657857564917
2.7000000001	0.01335532831511308
2.7500000001	0.0141868562526553
2.8000000001	0.0150518123379029
2.8500000001	0.015950757806222234
2.9000000001	0.01688424433013134
2.9500000001	0.017852813898824316
3.0000000001	0.018856998707312594
3.0500000001	0.019897321054791965
3.1000000001	0.020974293251861908
3.1500000001	0.022088417536240905
3.2000000001	0.023240185996637536
3.2500000001	0.024430080504451654
3.3000000001	0.025658572652994666
3.3500000001	0.026926123703930736
3.4000000001	0.028233184540653582
3.4500000001	0.029580195628325413
3.5000000001	0.030967586980315504
3.5500000001	0.03239577813078698
3.6000000001	0.03386517811318992
3.6500000001	0.035376185444428845
3.7000000001	0.036929188114481704
3.7500000001	0.03852456358125558
3.8000000001	0.04016267877047333
3.8500000001	0.04184389008039235
3.9000000001	0.043568543391164574
3.9500000001	0.04533697407865394
4.0000000001	0.047149507032533566
4.0500000001	0.04900645667849248
4.1000000001	0.05090812700438666
4.1500000001	0.05285481159017594
4.2000000001	0.05484679364149329
4.2500000001	0.05688434602669909
4.3000000001	0.0589677313172771
4.3500000001	0.06109720183143476
4.4000000001	0.06327299968077457
4.4500000001	0.065495356819908
4.5000000001	0.06776449509888795
4.5500000001	0.07008062631833922
4.6000000001	0.07244395228717142
4.6500000001	0.07485466488276181
4.7000000001	0.07731294611349951
4.7500000001	0.07981896818358665
4.8000000001	0.08237289355999398
4.8500000001	0.08497487504147357
4.9000000001	0.08762505582953291
4.9500000001	0.09032356960127863
5.0000000001	0.09307054058404099
5.0500000001	0.09586608363169213
5.1000000001	0.09871030430257548
5.1500000001	0.1016032989389647
5.2000000001	0.10454515474797424
5.2500000001	0.10753594988384577
5.3000000001	0.11057575353153648
5.3500000001	0.11366462599153852
5.4000000001	0.11680261876586052
5.4500000001	0.1199897746451041
5.5000000001	0.12322612779657134
5.5500000001	0.1265117038533395
5.6000000001	0.12984652000424315
5.6500000001	0.13323058508470415
5.7000000001	0.1366638996683526
5.7500000001	0.140146456159384
5.8000000001	0.14367823888559816
5.8500000001	0.1472592241920683
5.9000000001	0.15088938053539047
5.9500000001	0.15456866857846344
6.0000000001	0.15829704128575342
6.0500000001	0.16207444401899612
6.1000000001	0.1659008146332929
6.1500000001	0.16977608357355775
6.2000000001	0.1737001739712731
6.2500000001	0.17767300174151504
6.3000000001	0.18169447568020772
6.3500000001	0.18576449756156999
6.4000000001	0.18988296223571702
6.4500000001	0.19404975772638175
6.5000000001	0.19826476532872206
6.5500000001	0.20252785970717943
6.6000000001	0.20683890899335783
6.6500000001	0.2111977748838914
6.7000000001	0.21560431273826997
6.7500000001	0.2200583716765949
6.8000000001	0.224559794677235
6.8500000001	0.22910841867435675
6.9000000001	0.23370407465530135
6.9500000001	0.23834658775778353
7.0000000001	0.24303577736688778
7.0500000001	0.247771457211837
7.1000000001	0.2525534354625114
7.1500000001	0.2573815148256954
7.2000000001	0.26225549264102954
7.2500000001	0.2671751609766497
7.3000000001	0.27214030672448924
7.3500000001	0.27715071169522887
7.4000000001	0.2822061527128727
7.4500000001	0.2873064017089334
7.5000000001	0.2924512258162098
7.5500000001	0.297640387462139
7.6000000001	0.3028736444617073
7.6500000001	0.30815075010990467
7.7000000001	0.31347145327370735
7.7500000001	0.31883549848357495
7.8000000001	0.32424262602444714
7.8500000001	0.3296925720262274
7.9000000001	0.3351850685537412
7.9500000001	0.34071984369615516
8.0000000001	0.34629662165584746
8.0500000001	0.35191512283671617
8.1000000001	0.35757506393191546
8.1500000001	0.36327615801101115
8.2000000001	0.36901811460654077
8.2500000001	0.374800639799976
8.3000000001	0.38062343630707063
8.3500000001	0.3864862035625915
8.4000000001	0.39238863780442185
8.4500000001	0.3983304321570273
8.5000000001	0.4043112767142821
8.5500000001	0.4103308586216422
8.6000000001	0.4163888621576644
8.6500000001	0.42248496881486197
8.7000000001	0.4286188573798896
8.7500000001	0.4347902040130569
8.8000000001	0.440998682327159
8.8500000001	0.44724396346562395
8.9000000001	0.45352571617997106
8.9500000001	0.45984360690657256
9.0000000001	0.4661972998427208
9.0500000001	0.47258645702199015
9.1000000001	0.4790107383888953
9.1500000001	0.48546980187284144
9.2000000001	0.4919633034613599
9.2500000001	0.49849089727263307
9.3000000001	0.5050522356272987
9.3500000001	0.5116469691195376
9.4000000001	0.5182747466874392
9.4500000001	0.5249352156826438
9.5000000001	0.531628021939261
9.5500000001	0.5383528098420609
9.6000000001	0.5451092223939402
9.6500000001	0.5518969012826592
9.7000000001	0.5587154869468498
9.7500000001	0.5655646186412957
9.8000000001	0.5724439345014817
9.8500000001	0.579353071607414
9.9000000001	0.5862916660467121
9.9500000001	0.5932593529769686
10.0000000001	0.6002557666873836
10.0500000001	0.6072805406596669
10.1000000001	0.6143333076282155
10.1500000001	0.6214136996395639
10.2000000001	0.6285213481111062
10.2500000001	0.6356558838890973
10.3000000001	0.6428169373059274
10.3500000001	0.6500041382366764
10.4000000001	0.6572171161549494
10.4500000001	0.6644555001879895
10.5000000001	0.6717189191710793
10.5500000001	0.6790070017012223
10.6000000001	0.6863193761901162
10.6500000001	0.6936556709164137
10.7000000001	0.7010155140772742
10.7500000001	0.7083985338392133
10.8000000001	0.7158043583882445
10.8500000001	0.7232326159793244
10.9000000001	0.7306829349850994
10.9500000001	0.7381549439439541
11.0000000001	0.7456482716073735
11.0500000001	0.7531625469866104
11.1000000001	0.7606973993986711
11.1500000001	0.7682524585116167
11.2000000001	0.7758273543891842
11.2500000001	0.7834217175347334
11.3000000001	0.7910351789345197
11.3500000001	0.7986673701002973
11.4000000001	0.8063179231112594
11.4500000001	0.8139864706553122
11.5000000001	0.8216726460696946
11.5500000001	0.8293760833809404
11.6000000001	0.8370964173441909
11.6500000001	0.8448332834818617
11.7000000001	0.8525863181216632
11.7500000001	0.8603551584339861
11.8000000001	0.8681394424686485
11.8500000001	0.8759388091910137
11.9000000001	0.8837528985174824
11.9500000001	0.8915813513503581
12.0000000001	0.8994238096120996
12.0500000001	0.907279916278954
12.1000000001	0.9151493154139831
12.1500000001	0.9230316521994847
12.2000000001	0.9309265729688081
12.2500000001	0.9388337252375792
12.3000000001	0.9467527577343273
12.3500000001	0.9546833204305275
12.4000000001	0.962625064570059
12.4500000001	0.9705776426980824
12.5000000001	0.978540708689346
12.5500000001	0.986513917775918
12.6000000001	0.9944969265743571
12.6500000001	1.0024893931123207
12.7000000001	1.0104909768546153
12.7500000001	1.0185013387287005
12.8000000001	1.0265201411496383
12.8500000001	1.034547048044508
12.9000000001	1.042581724876279
12.9500000001	1.0506238386671514
13.0000000001	1.0586730580213701
13.0500000001	1.0667290531475127
13.1000000001	1.074791495880261
13.1500000001	1.0828600597016584
13.2000000001	1.090934419761856
13.2500000001	1.0990142528993565
13.3000000001	1.107099237660756
13.3500000001	1.1151890543199925
13.4000000001	1.1232833848971047
13.4500000001	1.1313819131765008
13.5000000001	1.1394843247247535
13.5500000001	1.1475903069079114
13.6000000001	1.1556995489083444
13.6500000001	1.1638117417411207
13.7000000001	1.1719265782699202
13.7500000001	1.1800437532224946
13.8000000001	1.1881629632056705
13.8500000001	1.1962839067199074
13.9000000001	1.2044062841734138
13.9500000001	1.2125297978958205
14.0000000001	1.2206541521514258
14.0500000001	1.2287790531520066
14.1000000001	1.2369042090692084
14.1500000001	1.245029330046516
14.2000000001	1.2531541282108052
14.2500000001	1.2612783176834899
14.3000000001	1.2694016145912577
14.3500000001	1.2775237370764085
14.4000000001	1.285644405306796
14.4500000001	1.2937633414853729
14.5000000001	1.301880269859357
14.5500000001	1.3099949167290057
14.6000000001	1.3181070104560173
14.6500000001	1.3262162814715583
14.7000000001	1.334322462283919
14.7500000001	1.3424252874858063
14.8000000001	1.350524493761276
14.8500000001	1.358619819892307
14.9000000001	1.3667110067650288
14.9500000001	1.3747977973755956
15.0000000001	1.3828799368357234
15.0500000001	1.3909571723778849
15.1000000001	1.3990292533601727
15.1500000001	1.4070959312708324
15.2000000001	1.415156959732469
15.2500000001	1.423212094505934
15.3000000001	1.431261093493895
15.3500000001	1.4393037167440916
15.4000000001	1.447339726452287
15.4500000001	1.4553688869649082
15.5000000001	1.4633909647813945
15.5500000001	1.4714057285562434
15.6000000001	1.479412949100769
15.6500000001	1.4874123993845714
15.7000000001	1.4954038545367205
15.7500000001	1.5033870918466654
15.8000000001	1.5113618907648623
15.8500000001	1.5193280329031342
15.9000000001	1.527285302034765
15.9500000001	1.535233484094324
16.0000000001	1.543172367177237
16.0500000001	1.5511017415390982
16.1000000001	1.5590213995947304
16.1500000001	1.5669311359169982
16.2000000001	1.5748307472353764
16.2500000001	1.5827200324342776
16.3000000001	1.5905987925511458
16.3500000001	1.5984668307743108
16.4000000001	1.6063239524406199
16.4500000001	1.614169965032841
16.5000000001	1.6220046781768431
16.5500000001	1.629827903638563
16.6000000001	1.6376394553207487
16.6500000001	1.645439149259501
16.7000000001	1.6532268036206013
16.7500000001	1.6610022386956376
16.8000000001	1.668765276897932
16.8500000001	1.6765157427582653
16.9000000001	1.6842534629204136
16.9500000001	1.6919782661364922
17.0000000001	1.6996899832621117
17.0500000001	1.707388447251355
17.1000000001	1.7150734931515659
17.1500000001	1.722744958097969
17.2000000001	1.7304026813081121
17.2500000001	1.7380465040761373
17.3000000001	1.7456762697668888
17.3500000001	1.7532918238098507
17.4000000001	1.7608930136929295
17.4500000001	1.768479688956076
17.5000000001	1.7760517011847532
17.5500000001	1.783608904003253
17.6000000001	1.7911511530678625
17.6500000001	1.7986783060598872
17.7000000001	1.8061902226785305
17.7500000001	1.8136867646336325
17.8000000001	1.8211677956382768
17.8500000001	1.8286331814012549
17.9000000001	1.8360827896194085
17.9500000001	1.8435164899698389
18.0000000001	1.8509341541019917
18.0500000001	1.8583356556296224
18.1000000001	1.865720870122636
18.1500000001	1.873089675098815
18.2000000001	1.8804419500154324
18.2500000001	1.8877775762607496
18.3000000001	1.8950964371454124
18.3500000001	1.9023984178937314
18.4000000001	1.9096834056348668
18.4500000001	1.9169512893939078
18.5000000001	1.9242019600828548
18.5500000001	1.9314353104915074
18.6000000001	1.9386512352782537
18.6500000001	1.945849630960773
18.7000000001	1.9530303959066493
18.7500000001	1.9601934303238975
18.8000000001	1.9673386362514071
18.8500000001	1.9744659175493007
18.9000000001	1.9815751798892194
18.9500000001	1.9886663307445258
19.0000000001	1.9957392793804363
19.0500000001	2.0027939368440797
19.1000000001	2.0098302159544845
19.1500000001	2.0168480312924997
19.2000000001	2.023847299190651
19.2500000001	2.030827937722931
19.3000000001	2.03778986669453
19.3500000001	2.0447330076315073
19.4000000001	2.0516572837704024
19.4500000001	2.0585626200477964
19.5000000001	2.065448943089815
19.5500000001	2.0723161812015856
19.6000000001	2.0791642643566384
19.6500000001	2.0859931241862686
19.7000000001	2.092802693968845
19.7500000001	2.0995929086190825
19.8000000001	2.1063637046772703
19.8500000001	2.1131150202984563
19.9000000001	2.1198467952416014
19.9500000001	2.1265589708586936
20.0000000001	2.1332514900838264
20.0500000001	2.139924297422251
20.1000000001	2.146577338939389
20.1500000001	2.153210562249824
20.2000000001	2.159823916506263
20.2500000001	2.16641735238847
20.3000000001	2.172990822092181
20.3500000001	2.179544279317992
20.4000000001	2.1860776792602272
20.4500000001	2.1925909785957916
20.5000000001	2.1990841354729995
20.5500000001	2.2055571095003974
20.6000000001	2.2120098617355586
20.6500000001	2.2184423546738787
20.7000000001	2.2248545522373493
20.7500000001	2.231246419763327
20.8000000001	2.2376179239932945
20.8500000001	2.24396903306161
20.9000000001	2.2502997164842546
20.9500000001	2.2566099451475736
21.0000000001	2.2628996912970174
21.0500000001	2.2691689285258767
21.1000000001	2.27541763176402
21.1500000001	2.2816457772666316
21.2000000001	2.287853342602952
21.2500000001	2.2940403066450195
21.3000000001	2.3002066495564217
21.3500000001	2.3063523527810474
21.4000000001	2.312477399031846
21.4500000001	2.3185817722796016
21.5000000001	2.3246654577417067
21.5500000001	2.330728441870957
21.6000000001	2.336770712344347
21.6500000001	2.3427922580518894
21.7000000001	2.3487930690854375
21.7500000001	2.354773136727533
21.8000000001	2.3607324534402623
21.8500000001	2.3666710128541317
21.9000000001	2.3725888097569636
21.9500000001	2.378485840082807
22.0000000001	2.384362100900872
22.0500000001	2.3902175904044842
22.1000000001	2.396052307900059
22.1500000001	2.4018662537961
22.2000000001	2.407659429592226
22.2500000001	2.4134318378682105
22.3000000001	2.419183482273063
22.3500000001	2.424914367514121
22.4000000001	2.4306244993461803
22.4500000001	2.4363138845606485
22.5000000001	2.441982530974728
22.5500000001	2.4476304474206305
22.6000000001	2.453257643734818
22.6500000001	2.4588641307472803
22.7000000001	2.464449920270839
22.7500000001	2.4700150250904898
22.8000000001	2.4755594589527745
22.8500000001	2.4810832365551874
22.9000000001	2.4865863735356166
22.9500000001	2.492068886461825
23.0000000001	2.4975307928209594
23.0500000001	2.502972111009106
23.1000000001	2.5083928603208747
23.1500000001	2.5137930609390255
23.2000000001	2.5191727339241368
23.2500000001	2.5245319012043055
23.3000000001	2.5298705855648946
23.3500000001	2.535188810638315
23.4000000001	2.5404866008938534
23.4500000001	2.5457639816275375
23.5000000001	2.5510209789520464
23.5500000001	2.556257619786664
23.6000000001	2.5614739318472712
23.6500000001	2.5666699436363856
23.7000000001	2.571845684433244
23.7500000001	2.5770011842839313
23.8000000001	2.5821364739915516
23.8500000001	2.587251585106445
23.9000000001	2.592346549916452
23.9500000001	2.5974214014372246
24.0000000001	2.60247617340258
24.0500000001	2.607510900254909
24.1000000001	2.612525617135621
24.1500000001	2.61752035987565
24.2000000001	2.6224951649859953
24.2500000001	2.627450069648322
24.3000000001	2.632385111705604
24.3500000001	2.6373003296528195
24.4000000001	2.6421957626276913
24.4500000001	2.6470714504014845
24.5000000001	2.6519274333698464
24.5500000001	2.656763752543705
24.6000000001	2.66158044954021
24.6500000001	2.6663775665737295
24.7000000001	2.671155146446899
24.7500000001	2.67591323254172
24.8000000001	2.6806518688107084
24.8500000001	2.685371099768098
24.9000000001	2.6900709704810977
24.9500000001	2.6947515265611948
25.0000000001	2.6994128141555165
25.0500000001	2.704054879938245
25.1000000001	2.7086777711020797
25.1500000001	2.7132815353497572
25.2000000001	2.7178662208856244
25.2500000001	2.7224318764072635
25.3000000001	2.726978551097173
25.3500000001	2.731506294614499
25.4000000001	2.736015157086824
25.4500000001	2.7405051891020067
25.5000000001	2.74497644170008
25.5500000001	2.7494289663651994
25.6000000001	2.7538628150176474
25.6500000001	2.758278040005892
25.7000000001	2.762674694098703
25.7500000001	2.767052830477315
25.8000000001	2.771412502727656
25.8500000001	2.7757537648326225
25.9000000001	2.7800766711644105
25.9500000001	2.7843812764769074
26.0000000001	2.7886676358981304
26.0500000001	2.7929358049227284
26.1000000001	2.7971858394045306
26.1500000001	2.8014177955491575
26.2000000001	2.805631729906682
26.2500000001	2.80982769936435
26.3000000001	2.814005761139349
26.3500000001	2.8181659727716437
26.4000000001	2.8223083921168515
26.4500000001	2.826433077339187
26.5000000001	2.830540086904454
26.5500000001	2.8346294795730937
26.6000000001	2.8387013143932904
26.6500000001	2.8427556506941274
26.7000000001	2.8467925480788043
26.7500000001	2.8508120664179044
26.8000000001	2.8548142658427182
26.8500000001	2.8587992067386225
26.9000000001	2.8627669497385138
26.9500000001	2.8667175557162965
27.0000000001	2.870651085780425
27.0500000001	2.8745676012675023
27.1000000001	2.8784671637359307
27.1500000001	2.8823498349596184
27.2000000001	2.8862156769217395
27.2500000001	2.8900647518085503
27.3000000001	2.8938971220032563
27.3500000001	2.8977128500799356
27.4000000001	2.901511998797517
27.4500000001	2.9052946310938084
27.5000000001	2.9090608100795823
27.5500000001	2.912810599032715
27.6000000001	2.9165440613923734
27.6500000001	2.9202612607532656
27.7000000001	2.9239622608599336
27.7500000001	2.9276471256011054
27.8000000001	2.931315919004101
27.8500000001	2.934968705229286
27.9000000001	2.9386055485645817
27.9500000001	2.9422265134200263
28.0000000001	2.945831664322389
28.0500000001	2.9494210659098368
28.1000000001	2.9529947829266505
28.1500000001	2.956552880217995
28.2000000001	2.9600954227247422
28.2500000001	2.963622475478342
28.3000000001	2.9671341035957477
28.3500000001	2.9706303722743916
28.4000000001	2.9741113467872093
28.4500000001	2.9775770924777194
28.5000000001	2.9810276747551487
28.5500000001	2.9844631590896133
28.6000000001	2.9878836110073435
28.6500000001	2.991289096085964
28.7000000001	2.9946796799498228
28.7500000001	2.998055428265367
28.8000000001	3.0014164067365714
28.8500000001	3.0047626811004142
28.9000000001	3.0080943171224037
28.9500000001	3.01141138059215
29.0000000001	3.0147139373189913
29.0500000001	3.0180020531276632
29.1000000001	3.0212757938540173
29.1500000001	3.0245352253407907
29.2000000001	3.0277804134334207
29.2500000001	3.031011423975906
29.3000000001	3.034228322806719
29.3500000001	3.0374311757547603
29.4000000001	3.0406200486353665
29.4500000001	3.043795007246356
29.5000000001	3.0469561173641306
29.5500000001	3.050103444739816
29.6000000001	3.053237055095451
29.6500000001	3.056357014120224
29.7000000001	3.0594633874667516
29.7500000001	3.0625562407474063
29.8000000001	3.0656356395306856
29.8500000001	3.0687016493376267
29.9000000001	3.0717543356382686
29.9500000001	3.0747937638481546
30.0000000001	3.077819999324882
30.0500000001	3.0808331073646924
30.1000000001	3.08383315319911
30.1500000001	3.086820201991617
30.2000000001	3.0897943188343793
30.2500000001	3.092755568745009
30.3000000001	3.095704016663373
30.3500000001	3.098639727448442
30.4000000001	3.101562765875183
30.4500000001	3.104473196631494
30.5000000001	3.1073710843151754
30.5500000001	3.1102564934309527
30.6000000001	3.113129488387529
30.6500000001	3.1159901334946847
30.7000000001	3.1188384929604194
30.7500000001	3.1216746308881276
30.8000000001	3.1244986112738204
30.8500000001	3.127310498003384
30.9000000001	3.1301103548498785
30.9500000001	3.1328982454708765
31.0000000001	3.1356742334058394
31.0500000001	3.138438382073534
31.1000000001	3.1411907547694877
31.1500000001	3.1439314146634785
31.2000000001	3.1466604247970684
31.2500000001	3.1493778480811714
31.3000000001	3.1520837472936583
31.3500000001	3.1547781850770003
31.4000000001	3.15746122393595
31.4500000001	3.160132926235257
31.5000000001	3.162793354197422
31.5500000001	3.1654425699004864
31.6000000001	3.1680806352758575
31.6500000001	3.1707076121061686
31.7000000001	3.1733235620231777
31.7500000001	3.1759285465056966
31.8000000001	3.1785226268775597
31.8500000001	3.181105864305624
31.9000000001	3.1836783197978056
31.9500000001	3.1862400542011478
32.0000000001	3.188791128199926
32.0500000001	3.191331602313785
32.1000000001	3.1938615368959087
32.1500000001	3.1963809921312243
32.2000000001	3.1988900280346386
32.2500000001	3.2013887044493075
32.3000000001	3.203877081044935
32.3500000001	3.206355217316111
32.4000000001	3.208823172580672
32.4500000001	3.2112810059781016
32.5000000001	3.213728776467955
32.5500000001	3.2161665428283213
32.6000000001	3.218594363654312
32.6500000001	3.22101229735658
32.7000000001	3.223420402159873
32.7500000001	3.2258187361016137
32.8000000001	3.228207357030508
32.8500000001	3.230586322605188
32.9000000001	3.232955690292879
32.9500000001	3.2353155173680985
33.0000000001	3.237665860911385
33.0500000001	3.2400067778080515
33.1000000001	3.2423383247469695
33.1500000001	3.244660558219382
33.2000000001	3.246973534517742
33.2500000001	3.2492773097345826
33.3000000001	3.2515719397614067
33.3500000001	3.253857480287613
33.4000000001	3.25613398679944
33.4500000001	3.2584015145789476
33.5000000001	3.26066011870301
33.5500000001	3.2629098540423493
33.6000000001	3.265150775260586
33.6500000001	3.267382936813318
33.7000000001	3.2696063929472245
33.7500000001	3.2718211976991953
33.8000000001	3.274027404895485
33.8500000001	3.2762250681508918
33.9000000001	3.278414240867959
33.9500000001	3.280594976236205
34.0000000001	3.282767327231371
34.0500000001	3.284931346614699
34.1000000001	3.2870870869322273
34.1500000001	3.2892346005141144
34.2000000001	3.291373939473981
34.2500000001	3.2935051557082806
34.3000000001	3.295628300895684
34.3500000001	3.297743426496498
34.4000000001	3.299850583752094
34.4500000001	3.3019498236843665
34.5000000001	3.3040411970952106
34.5500000001	3.30612475456602
34.6000000001	3.308200546457209
34.6500000001	3.3102686229077523
34.7000000001	3.3123290338347466
34.7500000001	3.314381828932995
34.8000000001	3.316427057674607
34.8500000001	3.318464769308623
34.9000000001	3.320495012860657
34.9500000001	3.3225178371325583
35.0000000001	3.324533290702094
35.0500000001	3.3265414219226486
35.1000000001	3.3285422789229453
35.1500000001	3.330535909606784
35.2000000001	3.332522361652799
35.2500000001	3.334501682514235
35.3000000001	3.3364739194187396
35.3500000001	3.3384391193681773
35.4000000001	3.340397329138457
35.4500000001	3.342348595279381
35.5000000001	3.3442929641145076
35.5500000001	3.3462304817410335
35.6000000001	3.3481611940296943
35.6500000001	3.350085146624675
35.7000000001	3.3520023849435474
35.7500000001	3.3539129541772152
35.8000000001	3.355816899289878
35.8500000001	3.357714265019013
35.9000000001	3.3596050958753696
35.9500000001	3.3614894361429837
36.0000000001	3.363367329879201
36.0500000001	3.365238820914721
36.1000000001	3.3671039528536553
36.1500000001	3.368962769073596
36.2000000001	3.370815312725707
36.2500000001	3.3726616267348204
36.3000000001	3.374501753799554
36.3500000001	3.376335736392441
36.4000000001	3.3781636167600704
36.4500000001	3.379985436923248
36.5000000001	3.3818012386771628
36.5500000001	3.3836110635915717
36.6000000001	3.3854149530109985
36.6500000001	3.3872129480549393
36.7000000001	3.38900508961809
36.7500000001	3.3907914183705774
36.8000000001	3.392571974758209
36.8500000001	3.3943467990027325
36.9000000001	3.396115931102106
36.9500000001	3.3978794108307855
37.0000000001	3.399637277740018
37.0500000001	3.4013895711581474
37.1000000001	3.4031363301909385
37.1500000001	3.4048775937219
37.2000000001	3.406613400412631
37.2500000001	3.4083437887031716
37.3000000001	3.4100687968123635
37.3500000001	3.411788462738226
37.4000000001	3.413502824258339
37.4500000001	3.415211918930237
37.5000000001	3.4169157840918127
37.5500000001	3.4186144568617327
37.6000000001	3.4203079741398605
37.6500000001	3.421996372607691
37.7000000001	3.4236796887287926
37.7500000001	3.4253579587492617
37.8000000001	3.427031218698183
37.8500000001	3.4286995043881006
37.9000000001	3.4303628514154982
37.9500000001	3.4320212951612894
38.0000000001	3.4336748707913114
38.0500000001	3.435323613256833
38.1000000001	3.43696755729507
38.1500000001	3.4386067374297045
38.2000000001	3.440241187971417
38.2500000001	3.441870943018425
38.3000000001	3.4434960364570273
38.3500000001	3.4451165019621603
38.4000000001	3.446732372997957
38.4500000001	3.448343682818317
38.5000000001	3.4499504644674817
38.5500000001	3.4515527507806167
38.6000000001	3.4531505743844035
38.6500000001	3.454743967697634
38.7000000001	3.4563329629318162
38.7500000001	3.457917592091783
38.8000000001	3.4594978869763082
38.8500000001	3.4610738791787306
38.9000000001	3.462645600087583
38.9500000001	3.4642130808872262
39.0000000001	3.4657763525584917
39.0500000001	3.4673354458793266
39.1000000001	3.468890391425449
39.1500000001	3.470441219571003
39.2000000001	3.471987960489226
39.2500000001	3.473530644153114
39.3000000001	3.4750693003361004
39.3500000001	3.476603958612731
39.4000000001	3.4781346483593505
39.4500000001	3.4796613987547937
39.5000000001	3.4811842387810765
39.5500000001	3.482703197224096
39.6000000001	3.4842183026743356
39.6500000001	3.4857295835275695
39.7000000001	3.4872370679855784
39.7500000001	3.4887407840568643
39.8000000001	3.490240759557371
39.8500000001	3.491737022111208
39.9000000001	3.4932295991513818
39.9500000001	3.4947185179205267
40.0000000001	3.49620380547164
40.0500000001	3.4976854886688233
40.1000000001	3.4991635941880253
40.1500000001	3.500638148517788
40.2000000001	3.502109177959998
40.2500000001	3.5035767086306384
40.3000000001	3.5050407664605463
40.3500000001	3.5065013771961713
40.4000000001	3.507958566400339
40.4500000001	3.509412359453015
40.5000000001	3.5108627815520754
40.5500000001	3.5123098577140732
40.6000000001	3.513753612775016
40.6500000001	3.5151940713911394
40.7000000001	3.516631258039685
40.7500000001	3.518065197019683
40.8000000001	3.519495912452732
40.8500000001	3.5209234282837865
40.9000000001	3.522347768281942
40.9500000001	3.523768956041225
41.0000000001	3.5251870149813835
41.0500000001	3.526601968348679
41.1000000001	3.5280138392166824
41.1500000001	3.5294226504870676
41.2000000001	3.5308284248904114
41.2500000001	3.5322311849869923
41.3000000001	3.533630953167588
41.3500000001	3.5350277516542827
41.4000000001	3.5364216025012647
41.4500000001	3.5378125275956336
41.5000000001	3.539200548658206
41.5500000001	3.54058568724432
41.6000000001	3.5419679647446456
41.6500000001	3.5433474023859883
41.7000000001	3.5447240212321036
41.7500000001	3.5460978421845044
41.8000000001	3.5474688859832697
41.8500000001	3.5488371732078607
41.9000000001	3.5502027242779275
41.9500000001	3.551565559454125
42.0000000001	3.552925698838924
42.0500000001	3.5542831623774243
42.1000000001	3.5556379698581697
42.1500000001	3.5569901409139586
42.2000000001	3.558339695022661
42.2500000001	3.5596866515080308
42.3000000001	3.5610310295405196
42.3500000001	3.5623728481380916
42.4000000001	3.563712126167037
42.4500000001	3.5650488823427855
42.5000000001	3.566383135230721
42.5500000001	3.567714903246993
42.6000000001	3.5690442046593325
42.6500000001	3.5703710575878618
42.7000000001	3.571695480005909
42.7500000001	3.5730174897408187
42.8000000001	3.5743371044747643
42.8500000001	3.5756543417455577
42.9000000001	3.5769692189474602
42.9500000001	3.5782817533319924
43.0000000001	3.579591962008742
43.0500000001	3.5808998619461727
43.1000000001	3.582205469972431
43.1500000001	3.5835088027761524
43.2000000001	3.584809876907268
43.2500000001	3.586108708777808
43.3000000001	3.5874053146627047
43.3500000001	3.5886997107005976
43.4000000001	3.5899919128946305
43.4500000001	3.5912819371132567
43.5000000001	3.5925697990910344
43.5500000001	3.5938555144294253
43.6000000001	3.595139098597593
43.6500000001	3.596420566933196
43.7000000001	3.597699934643184
43.7500000001	3.5989772168045877
43.8000000001	3.6002524283653123
43.8500000001	3.601525584144926
43.9000000001	3.6027966988354487
43.9500000001	3.6040657870021384
44.0000000001	3.605332863084277
44.0500000001	3.606597941395953
44.1000000001	3.6078610361268426
44.1500000001	3.609122161342992
44.2000000001	3.6103813309875936
44.2500000001	3.611638558881765
44.3000000001	3.612893858725321
44.3500000001	3.6141472440975506
44.4000000001	3.6153987284579836
44.4500000001	3.616648325147163
44.5000000001	3.617896047387413
44.5500000001	3.6191419082836016
44.6000000001	3.6203859208239075
44.6500000001	3.6216280978805786
44.7000000001	3.6228684522106938
44.7500000001	3.6241069964569186
44.8000000001	3.625343743148262
44.8500000001	3.6265787047008295
44.9000000001	3.627811893418573
44.9500000001	3.629043321494041
45.0000000001	3.6302730010091255
45.0500000001	3.631500943935805
45.1000000001	3.632727162136888
45.1500000001	3.633951667366753
45.2000000001	3.6351744712720864
45.2500000001	3.636395585392617
45.3000000001	3.637615021161848
45.3500000001	3.6388327899077932
45.4000000001	3.6400489028536973
45.4500000001	3.6412633711187685
45.5000000001	3.642476205718899
45.5500000001	3.643687417567385
45.6000000001	3.644897017475649
45.6500000001	3.6461050161539523
45.7000000001	3.6473114242121105
45.7500000001	3.6485162521602037
45.8000000001	3.649719510409285
45.8500000001	3.650921209272089
45.9000000001	3.65212135896373
45.9500000001	3.6533199696024083
46.0000000001	3.6545170512101053
46.0500000001	3.655712613713279
46.1000000001	3.656906666943559
46.1500000001	3.6580992206384337
46.2000000001	3.659290284441942
46.2500000001	3.6604798679053534
46.3000000001	3.6616679804878545
46.3500000001	3.662854631557226
46.4000000001	3.6640398303905193
46.4500000001	3.665223586174733
46.5000000001	3.6664059080074813
46.5500000001	3.6675868048976645
46.6000000001	3.6687662857661327
46.6500000001	3.6699443594463514
46.7000000001	3.671121034685059
46.7500000001	3.672296320142927
46.8000000001	3.6734702243952104
46.8500000001	3.6746427559324037
46.9000000001	3.6758139231608875
46.9500000001	3.676983734403574
47.0000000001	3.6781521979005514
47.0500000001	3.6793193218097238
47.1000000001	3.680485114207448
47.1500000001	3.6816495830891687
47.2000000001	3.682812736370049
47.2500000001	3.6839745818856016
47.3000000001	3.6851351273923103
47.3500000001	3.686294380568258
47.4000000001	3.687452349013741
47.4500000001	3.688609040251892
47.5000000001	3.6897644617292897
47.5500000001	3.6909186208165714
47.6000000001	3.692071524809041
47.6500000001	3.6932231809272755
47.7000000001	3.694373596317725
47.7500000001	3.6955227780533146
47.8000000001	3.696670733134038
47.8500000001	3.6978174684875538
47.9000000001	3.6989629909697728
47.9500000001	3.7001073073654487
48.0000000001	3.7012504243887605
48.0500000001	3.702392348683894
48.1000000001	3.7035330868256215
48.1500000001	3.704672645319876
48.2000000001	3.7058110306043255
48.2500000001	3.7069482490489407
48.3000000001	3.708084306956562
48.3500000001	3.7092192105634645
48.4000000001	3.7103529660399164
48.4500000001	3.711485579490739
48.5000000001	3.7126170569558594
48.5500000001	3.713747404410862
48.6000000001	3.7148766277675396
48.6500000001	3.7160047328744352
48.7000000001	3.717131725517389
48.7500000001	3.718257611420074
48.8000000001	3.719382396244536
48.8500000001	3.7205060855917234
48.9000000001	3.721628685002023
48.9500000001	3.722750199955783
49.0000000001	3.72387063587384
49.0500000001	3.7249899981180405
49.1000000001	3.7261082919917596
49.1500000001	3.7272255227404156
49.2000000001	3.728341695551985
49.2500000001	3.7294568155575103
49.3000000001	3.7305708878316075
49.3500000001	3.7316839173929712
49.4000000001	3.7327959092048726
49.4500000001	3.733906868175661
49.5000000001	3.735016799159255
49.5500000001	3.7361257069556384
49.6000000001	3.7372335963113463
49.6500000001	3.7383404719199524
49.7000000001	3.7394463384225523
49.7500000001	3.7405512004082437
49.8000000001	3.741655062414603
49.8500000001	3.7427579289281607
49.9000000001	3.7438598043848716
49.9500000001	3.744960693170585
50.0000000001	3.746060599627516
50.0500000001	3.747159527496988
50.1000000001	3.7482574820352053
50.1500000001	3.749354466980872
50.2000000001	3.7504504864658657
50.2500000001	3.7515455430227487
50.3000000001	3.7526396437756366
50.3500000001	3.7537327912480123
50.4000000001	3.754824989329947
50.4500000001	3.755916241929957
50.5000000001	3.757006552910207
50.5500000001	3.7580959261476927
50.6000000001	3.759184365383236
50.6500000001	3.760271874335311
50.7000000001	3.7613584566844107
50.7500000001	3.7624441160794118
50.8000000001	3.7635288561522855
50.8500000001	3.7646126804454108
50.9000000001	3.765695592497562
50.9500000001	3.7667775957613205
51.0000000001	3.7678586936396448
51.0500000001	3.768938889569435
51.1000000001	3.770018186922238
51.1500000001	3.771096589078653
51.2000000001	3.772174099242778
51.2500000001	3.773250716487069
51.3000000001	3.774326452047501
51.3500000001	3.7754013054484066
51.4000000001	3.776475279537758
51.4500000001	3.7775483774488996
51.5000000001	3.778620602225919
51.5500000001	3.7796919568640757
51.6000000001	3.780762444326621
51.6500000001	3.7818320676317807
51.7000000001	3.782900829628471
51.7500000001	3.7839687331947314
51.8000000001	3.785035781145888
51.8500000001	3.7861019762919685
51.9000000001	3.787167321448618
51.9500000001	3.788231819371476
52.0000000001	3.789295472672544
52.0500000001	3.7903582839756655
52.1000000001	3.7914202559856145
52.1500000001	3.7924813913909987
52.2000000001	3.7935416926910825
52.2500000001	3.7946011624641494
52.3000000001	3.7956598031427027
52.3500000001	3.796717617161373
52.4000000001	3.7977746069758083
52.4500000001	3.798830775043722
52.5000000001	3.799886123705796
52.5500000001	3.800940655339896
52.6000000001	3.8019943723360923
52.6500000001	3.8030472769420656
52.7000000001	3.8040993714078564
52.7500000001	3.805150658010934
52.8000000001	3.806201138964963
52.8500000001	3.807250816503335
52.9000000001	3.8082996927062505
52.9500000001	3.8093477696882188
53.0000000001	3.8103950495859147
53.0500000001	3.81144153448414
53.1000000001	3.812487226443437
53.1500000001	3.813532127460718
53.2000000001	3.8145762395468834
53.2500000001	3.8156195651542317
53.3000000001	3.8166621013967004
53.3500000001	3.8177038543014543
53.4000000001	3.8187448305644245
53.4500000001	3.8197850270666525
53.5000000001	3.82082444616928
53.5500000001	3.821863089662953
53.6000000001	3.8229009593536105
53.6500000001	3.8239380570072226
53.7000000001	3.8249743843749844
53.7500000001	3.8260099433284163
53.8000000001	3.827044735510695
53.8500000001	3.828078762553651
53.9000000001	3.829112026111021
53.9500000001	3.830144527886389
54.0000000001	3.8311762694859857
54.0500000001	3.8322072525582587
54.1000000001	3.833237478662024
54.1500000001	3.8342669493009054
54.2000000001	3.8352956660729514
54.2500000001	3.8363236305069246
54.3000000001	3.837350844097889
54.3500000001	3.8383773083448327
54.4000000001	3.8394030247653497
54.4500000001	3.8404279946776883
54.5000000001	3.841452219587529
54.5500000001	3.842475700928709
54.6000000001	3.843498440101563
54.6500000001	3.8445204383992486
54.7000000001	3.845541697221732
54.7500000001	3.8465622178890375
54.8000000001	3.84758200174252
54.8500000001	3.8486010501472485
54.9000000001	3.84961936438863
54.9500000001	3.8506369457048795
55.0000000001	3.8516537953272483
55.0500000001	3.8526699144633456
55.1000000001	3.853685304416292
55.1500000001	3.854699966435346
55.2000000001	3.855713901686497
55.2500000001	3.8567271112968613
55.3000000001	3.857739596406951
55.3500000001	3.858751358215133
55.4000000001	3.8597623978199995
55.4500000001	3.8607727164265797
55.5000000001	3.8617823151305286
55.5500000001	3.8627911949694775
55.6000000001	3.863799356975968
55.6500000001	3.8648068022969304
55.7000000001	3.865813531876097
55.7500000001	3.8668195467934865
55.8000000001	3.8678248481458986
55.8500000001	3.8688294368788547
55.9000000001	3.8698333140184262
55.9500000001	3.870836480483363
56.0000000001	3.871838937317073
56.0500000001	3.872840685492892
56.1000000001	3.8738417259303874
56.1500000001	3.8748420595647453
56.2000000001	3.875841687299904
56.2500000001	3.876840610019098
56.3000000001	3.8778388285830667
56.3500000001	3.878836343941434
56.4000000001	3.8798331570220306
56.4500000001	3.8808292687126174
56.5000000001	3.8818246804344074
56.5500000001	3.8828193862251483
56.6000000001	3.8838133930972183
56.6500000001	3.884806707994136
56.7000000001	3.885799324978838
56.7500000001	3.8867912455342464
56.8000000001	3.887782470473915
56.8500000001	3.8887730005713905
56.9000000001	3.8897628365146177
56.9500000001	3.89075197907444
57.0000000001	3.89174042910346
57.0500000001	3.892728187292023
57.1000000001	3.893715254335846
57.1500000001	3.8947016309903315
57.2000000001	3.895687317978511
57.2500000001	3.896672316116663
57.3000000001	3.8976566260056726
57.3500000001	3.89864024836281
57.4000000001	3.8996231838518867
57.4500000001	3.900605433192971
57.5000000001	3.901586997079905
57.5500000001	3.9025678760722826
57.6000000001	3.903548070821979
57.6500000001	3.904527581991326
57.7000000001	3.9055064103559447
57.7500000001	3.90648455636631
57.8000000001	3.9074620206549655
57.8500000001	3.9084388039564733
57.9000000001	3.9094149068183315
57.9500000001	3.910390329838673
58.0000000001	3.91136507364687
58.0500000001	3.912339138923428
58.1000000001	3.913312526202014
58.1500000001	3.91428523604958
58.2000000001	3.9152572690808776
58.2500000001	3.9162286258894814
58.3000000001	3.917199307069538
58.3500000001	3.9181693130911937
58.4000000001	3.9191386444407246
58.4500000001	3.9201073017088612
58.5000000001	3.921075285498191
58.5500000001	3.922042596347831
58.6000000001	3.9230092348394905
58.6500000001	3.923975201463421
58.7000000001	3.9249404967404558
58.7500000001	3.92590512116916
58.8000000001	3.9268690752300968
58.8500000001	3.927832359487315
58.9000000001	3.9287949743582242
58.9500000001	3.9297569203435545
59.0000000001	3.930718198038692
59.0500000001	3.9316788079176894
59.1000000001	3.9326387504564013
59.1500000001	3.93359802605289
59.2000000001	3.93455663517062
59.2500000001	3.9355145782997334
59.3000000001	3.9364718559631973
59.3500000001	3.9374284686265906
59.4000000001	3.938384416785548
59.4500000001	3.9393397008372153
59.5000000001	3.9402943212068218
59.5500000001	3.9412482783952187
59.6000000001	3.9422015729325226
59.6500000001	3.9431542051764916
59.7000000001	3.944106175537784
59.7500000001	3.945057484445498
59.8000000001	3.946008132333649
59.8500000001	3.946958119685463
59.9000000001	3.947907446960003
59.9500000001	3.9488561145659036
60.0000000001	3.949804122923047
60.0500000001	3.9507514724783204
60.1000000001	3.9516981635923933
60.1500000001	3.9526441965778987
60.2000000001	3.9535895720281005
60.2500000001	3.9545342902594007
60.3000000001	3.9554783517690084
60.3500000001	3.956421756852003
60.4000000001	3.957364505892363
60.4500000001	3.958306599478603
60.5000000001	3.9592480378101973
60.5500000001	3.960188821312942
60.6000000001	3.9611289503559193
60.6500000001	3.962068425391509
60.7000000001	3.963007246792694
60.7500000001	3.9639454149236713
60.8000000001	3.9648829302056536
60.8500000001	3.965819793093419
60.9000000001	3.9667560040138636
60.9500000001	3.967691564048366
61.0000000001	3.9686264680750503
61.0500000001	3.9695607159838135
61.1000000001	3.970494322549772
61.1500000001	3.9714272788490375
61.2000000001	3.9723595852795928
61.2500000001	3.9732912423680484
61.3000000001	3.974222250504933
61.3500000001	3.97515261008121
61.4000000001	3.976082321338835
61.4500000001	3.977011384617891
61.5000000001	3.9779398004542528
61.5500000001	3.9788675691608617
61.6000000001	3.979794691083904
61.6500000001	3.9807211666759685
61.7000000001	3.9816469962493923
61.7500000001	3.9825721801753358
61.8000000001	3.9834967187379804
61.8500000001	3.984420612351029
61.9000000001	3.98534386138573
61.9500000001	3.986266466180818
62.0000000001	3.9871884270807225
62.0500000001	3.988109744538307
62.1000000001	3.9890304188709966
62.1500000001	3.989950450407017
62.2000000001	3.9908698395159528
62.2500000001	3.9917885866821994
62.3000000001	3.9927066920454903
62.3500000001	3.9936241559799073
62.4000000001	3.9945409789496367
62.4500000001	3.9954571613965286
62.5000000001	3.9963727035794894
62.5500000001	3.997287605890284
62.6000000001	3.9982018687235743
62.6500000001	3.999115492438644
62.7000000001	4.000028477348306
62.7500000001	4.000940823743583
62.8000000001	4.001852532025604
62.8500000001	4.002763602520087
62.9000000001	4.003674035625377
62.9500000001	4.004583831695254
63.0000000001	4.005492991029469
63.0500000001	4.0064015139827385
63.1000000001	4.007309400934046
63.1500000001	4.008216652282055
63.2000000001	4.009123268424274
63.2500000001	4.010029249807514
63.3000000001	4.010934596690167
63.3500000001	4.011839309401791
63.4000000001	4.012743388421552
63.4500000001	4.013646834147924
63.5000000001	4.014549646812816
63.5500000001	4.0154518267030195
63.6000000001	4.016353374244982
63.6500000001	4.017254289955284
63.7000000001	4.0181545742305556
63.7500000001	4.01905422730904
63.8000000001	4.019953249344841
63.8500000001	4.020851640866426
63.9000000001	4.021749402358332
63.9500000001	4.02264653413152
64.0000000001	4.023543036621151
64.0500000001	4.024438910139219
64.1000000001	4.025334155065953
64.1500000001	4.02622877174126
64.2000000001	4.027122760624027
64.2500000001	4.028016122090771
64.3000000001	4.028908856475606
64.3500000001	4.02980096413986
64.4000000001	4.030692445319463
64.4500000001	4.031583300421548
64.5000000001	4.032473529882744
64.5500000001	4.033363134212433
64.6000000001	4.03425211381443
64.6500000001	4.035140468956166
64.7000000001	4.03602819998656
64.7500000001	4.036915307310757
64.8000000001	4.037801791418144
64.8500000001	4.038687652664128
64.9000000001	4.039572891458817
64.9500000001	4.040457508121077
65.0000000001	4.041341503023796
65.0500000001	4.042224876634964
65.1000000001	4.043107629274673
65.1500000001	4.043989761166588
65.2000000001	4.044871272780761
65.2500000001	4.045752164582274
65.3000000001	4.046632437004442
65.3500000001	4.047512090364413
65.4000000001	4.048391125032863
65.4500000001	4.049269541437407
65.5000000001	4.05014734012988
65.5500000001	4.051024521463483
65.6000000001	4.051901085680976
65.6500000001	4.0527770332503765
65.7000000001	4.053652364556626
65.7500000001	4.054527080029453
65.8000000001	4.055401180126299
65.8500000001	4.056274665111219
65.9000000001	4.057147535422986
65.9500000001	4.0580197913806595
66.0000000001	4.058891433425098
66.0500000001	4.059762462147727
66.1000000001	4.060632877878678
66.1500000001	4.061502681022316
66.2000000001	4.062371872078964
66.2500000001	4.063240451458049
66.3000000001	4.0641084195838655
66.3500000001	4.064975776831362
66.4000000001	4.065842523576622
66.4500000001	4.066708660283119
66.5000000001	4.0675741874105755
66.5500000001	4.06843910535013
66.6000000001	4.069303414493676
66.6500000001	4.0701671158553285
66.7000000001	4.071030200898815
66.7500000001	4.071892678422025
66.8000000001	4.07275455711376
66.8500000001	4.07361582839012
66.9000000001	4.074476493361668
66.9500000001	4.075336552544588
67.0000000001	4.076196006344534
67.0500000001	4.077054855242109
67.1000000001	4.077913099617435
67.1500000001	4.078770739870148
67.2000000001	4.079627776513428
67.2500000001	4.080484210087168
67.3000000001	4.081340040944969
67.3500000001	4.082195269518703
67.4000000001	4.083049896172677
67.4500000001	4.083903921352355
67.5000000001	4.084757345653072
67.5500000001	4.085610169514118
67.6000000001	4.086462393312777
67.6500000001	4.087314017551398
67.7000000001	4.088165042625623
67.7500000001	4.0890154688898575
67.8000000001	4.089865296800286
67.8500000001	4.090714526930607
67.9000000001	4.091563159867406
67.9500000001	4.09241119428454
68.0000000001	4.0932586327734555
68.0500000001	4.094105476448883
68.1000000001	4.094951724307002
68.1500000001	4.09579737704603
68.2000000001	4.096642435169167
68.2500000001	4.097486899174405
68.3000000001	4.098330769400288
68.3500000001	4.099174046259979
68.4000000001	4.100016730384402
68.4500000001	4.100858822247295
68.5000000001	4.101700322316344
68.5500000001	4.102541231004665
68.6000000001	4.103381548818046
68.6500000001	4.104221276258842
68.7000000001	4.10506041388989
68.7500000001	4.105898962148044
68.8000000001	4.106736921325049
68.8500000001	4.107574291765494
68.9000000001	4.108411074239099
68.9500000001	4.109247269179451
69.0000000001	4.110082877156393
69.0500000001	4.110917898593781
69.1000000001	4.111752333985914
69.1500000001	4.112586183763781
69.2000000001	4.113419448378563
69.2500000001	4.114252128756588
69.3000000001	4.115084221216829
69.3500000001	4.115915729961736
69.4000000001	4.116746659574391
69.4500000001	4.117577006156768
69.5000000001	4.118406770286005
69.5500000001	4.119235953690525
69.6000000001	4.120064556034881
69.6500000001	4.120892576530178
69.7000000001	4.12172001689441
69.7500000001	4.122546877438142
69.8000000001	4.123373158709659
69.8500000001	4.124198861247346
69.9000000001	4.1250239855837805
69.9500000001	4.125848532164665
70.0000000001	4.126672501498703
70.0500000001	4.127495894145283
70.1000000001	4.128318710526291
70.1500000001	4.1291409510161605
70.2000000001	4.129962616387177
70.2500000001	4.130783707163285
70.3000000001	4.131604223569681
70.3500000001	4.13242416619865
70.4000000001	4.1332435356837385
70.4500000001	4.134062332546483
70.5000000001	4.134880557281384
70.5500000001	4.135698210411043
70.6000000001	4.136515292441225
70.6500000001	4.137331803914981
70.7000000001	4.138147745247319
70.7500000001	4.138963116987703
70.8000000001	4.139777919700211
70.8500000001	4.140592154026897
70.9000000001	4.141405820106929
70.9500000001	4.142218922909708
71.0000000001	4.143031456292279
71.0500000001	4.14384342140528
71.1000000001	4.1446548209109855
71.1500000001	4.145465655033211
71.2000000001	4.146275924053933
71.2500000001	4.147085628591485
71.3000000001	4.1478947693104615
71.3500000001	4.148703346745742
71.4000000001	4.149511361401741
71.4500000001	4.1503188137441045
71.5000000001	4.151125704379093
71.5500000001	4.151932033856218
71.6000000001	4.15273780270962
71.6500000001	4.153543011402098
71.7000000001	4.154347660510514
71.7500000001	4.155151750661051
71.8000000001	4.1559552824182235
71.8500000001	4.156758256189096
71.9000000001	4.157560672366187
71.9500000001	4.158362531430536
72.0000000001	4.159163833959378
72.0500000001	4.159964581222496
72.1000000001	4.160764767931082
72.1500000001	4.161564397001557
72.2000000001	4.162363479778766
72.2500000001	4.163162008129172
72.3000000001	4.163959983227988
72.3500000001	4.164757405672181
72.4000000001	4.16555427597414
72.4500000001	4.166350594695697
72.5000000001	4.167146362489278
72.5500000001	4.167941579936237
72.6000000001	4.168736247508486
72.6500000001	4.169530365656724
72.7000000001	4.170323934908474
72.7500000001	4.171116955811219
72.8000000001	4.171909429007482
72.8500000001	4.172701355017993
72.9000000001	4.173492734391664
72.9500000001	4.174283567743089
73.0000000001	4.1750738556246665
73.0500000001	4.175863598491633
73.1000000001	4.176652796891367
73.1500000001	4.177441451436954
73.2000000001	4.178229562716476
73.2500000001	4.17901713122801
73.3000000001	4.179804157498935
73.3500000001	4.180590642146666
73.4000000001	4.181376585689214
73.4500000001	4.182161988759244
73.5000000001	4.182946852283508
73.5500000001	4.183731168895441
73.6000000001	4.184514944361945
73.6500000001	4.185298190361619
73.7000000001	4.186080899159594
73.7500000001	4.186863069663839
73.8000000001	4.187644706575151
73.8500000001	4.188425811237221
73.9000000001	4.189206373403834
73.9500000001	4.189986401079417
74.0000000001	4.190765894270041
74.0500000001	4.191544853397799
74.1000000001	4.1923232790409966
74.1500000001	4.193101171891633
74.2000000001	4.193878532400146
74.2500000001	4.194655361051088
74.3000000001	4.195431658576526
74.3500000001	4.196207425580015
74.4000000001	4.196982662460361
74.4500000001	4.197757369773235
74.5000000001	4.198531548315357
74.5500000001	4.199305198611376
74.6000000001	4.200078321116749
74.6500000001	4.200850916359112
74.7000000001	4.20162298480507
74.7500000001	4.202394527165681
74.8000000001	4.203165544120278
74.8500000001	4.203936036131823
74.9000000001	4.204706003728565
74.9500000001	4.205475447555933
75.0000000001	4.206244368249108
75.0500000001	4.207012766290206
75.1000000001	4.207780642059816
75.1500000001	4.208547996177502
75.2000000001	4.2093148291980365
75.2500000001	4.210081141500439
75.3000000001	4.210846933886484
75.3500000001	4.211612206949885
75.4000000001	4.212376961241522
75.4500000001	4.213141197316496
75.5000000001	4.213904915733681
75.5500000001	4.214668116989819
75.6000000001	4.215430801736991
75.6500000001	4.2161929705641885
75.7000000001	4.216954624091491
75.7500000001	4.217715762945307
75.8000000001	4.218476387550198
75.8500000001	4.219236498496604
75.9000000001	4.219996096438287
75.9500000001	4.2207551818936295
76.0000000001	4.221513755211906
76.0500000001	4.222271817032483
76.1000000001	4.2230293680415585
76.1500000001	4.223786408861589
76.2000000001	4.224542940064734
76.2500000001	4.2252989621020065
76.3000000001	4.226054475499346
76.3500000001	4.226809480744453
76.4000000001	4.2275639784738495
76.4500000001	4.228317970356017
76.5000000001	4.229071447659692
76.5500000001	4.229824418252119
76.6000000001	4.230576893188694
76.6500000001	4.231328862402969
76.7000000001	4.23208032757026
76.7500000001	4.232831289291893
76.8000000001	4.23358174814921
76.8500000001	4.234331704442451
76.9000000001	4.235081158889952
76.9500000001	4.2358301122557815
77.0000000001	4.23657856505508
77.0500000001	4.237326517688924
77.1000000001	4.238073970780942
77.1500000001	4.238820925007012
77.2000000001	4.239567380994597
77.2500000001	4.240313339265727
77.3000000001	4.24105880021229
77.3500000001	4.241803764374335
77.4000000001	4.2425482323722
77.4500000001	4.243292204877693
77.5000000001	4.24403568248237
77.5500000001	4.244778665659661
77.6000000001	4.245521154954888
77.6500000001	4.246263150895797
77.7000000001	4.247004653996637
77.7500000001	4.247745664890065
77.8000000001	4.248486184203016
77.8500000001	4.249226212481835
77.9000000001	4.249965750287606
77.9500000001	4.250704798107756
78.0000000001	4.251443356508627
78.0500000001	4.25218142613494
78.1000000001	4.2529190075944
78.1500000001	4.253656101518028
78.2000000001	4.254392708398214
78.2500000001	4.255128828064691
78.3000000001	4.255864466505936
78.3500000001	4.256599624065817
78.4000000001	4.257334287442027
78.4500000001	4.25806846701286
78.5000000001	4.258802162798062
78.5500000001	4.259535375340709
78.6000000001	4.2602681051921305
78.6500000001	4.261000352854752
78.7000000001	4.2617321189925725
78.7500000001	4.26246340414103
78.8000000001	4.2631942087676
78.8500000001	4.263924533487453
78.9000000001	4.264654378955393
78.9500000001	4.2653837457354085
79.0000000001	4.266112634423272
79.0500000001	4.266841045575924
79.1000000001	4.267568979724121
79.1500000001	4.268296437409356
79.2000000001	4.2690234192197165
79.2500000001	4.2697499257221745
79.3000000001	4.270475957589719
79.3500000001	4.271201515270645
79.4000000001	4.27192659917968
79.4500000001	4.2726512098564875
79.5000000001	4.273375347902245
79.5500000001	4.274099013916475
79.6000000001	4.274822208514406
79.6500000001	4.275544932263137
79.7000000001	4.276267185760062
79.7500000001	4.276988969560949
79.8000000001	4.277710284194434
79.8500000001	4.2784311301506905
79.9000000001	4.2791515079751345
79.9500000001	4.279871418178608
80.0000000001	4.280590861356812
80.0500000001	4.28130983806126
80.1000000001	4.282028348719707
80.1500000001	4.2827463939070505
80.2000000001	4.283463974252467
80.2500000001	4.284181090326342
80.3000000001	4.284897742364732
80.3500000001	4.285613931173443
80.4000000001	4.286329657443948
80.4500000001	4.287044921623713
80.5000000001	4.287759724224781
80.5500000001	4.28847406575974
80.6000000001	4.289187946821412
80.6500000001	4.289901367994261
80.7000000001	4.290614329845717
80.7500000001	4.291326832945713
80.8000000001	4.292038877925863
80.8500000001	4.292750465261232
80.9000000001	4.293461595455409
80.9500000001	4.294172269016789
81.0000000001	4.294882486473599
81.0500000001	4.2955922484731115
81.1000000001	4.296301555494886
81.1500000001	4.297010408078838
81.2000000001	4.297718807558739
81.2500000001	4.298426752262262
81.3000000001	4.299134236147526
81.3500000001	4.299841270418421
81.4000000001	4.3005478592713615
81.4500000001	4.301253996860207
81.5000000001	4.301959683423119
81.5500000001	4.30266491979176
81.6000000001	4.303369706558892
81.6500000001	4.304074044334117
81.7000000001	4.304777933586642
81.7500000001	4.305481374807824
81.8000000001	4.306184368554991
81.8500000001	4.306886915297058
81.9000000001	4.307589015646398
81.9500000001	4.308290670277822
82.0000000001	4.30899187957985
82.0500000001	4.309692644105131
82.1000000001	4.310392964357553
82.1500000001	4.311092840885944
82.2000000001	4.311792274226283
82.2500000001	4.3124912648813
82.3000000001	4.313189813337961
82.3500000001	4.313887920112686
82.4000000001	4.314585585753266
82.4500000001	4.315282810907153
82.5000000001	4.315979596602101
82.5500000001	4.316675929543343
82.6000000001	4.317371829437518
82.6500000001	4.318067298832052
82.7000000001	4.318762329277857
82.7500000001	4.319456922398741
82.8000000001	4.320151078700893
82.8500000001	4.32084479870091
82.9000000001	4.321538082969757
82.9500000001	4.322230931942483
83.0000000001	4.322923346004735
83.0500000001	4.3236153258535
83.1000000001	4.324306871947359
83.1500000001	4.324997984806803
83.2000000001	4.325688664982195
83.2500000001	4.326378912937853
83.3000000001	4.32706872920833
83.3500000001	4.327758114189373
83.4000000001	4.328447068453628
83.4500000001	4.3291355925906725
83.5000000001	4.329823687177088
83.5500000001	4.330511352751916
83.6000000001	4.331198589828404
83.6500000001	4.3318853990003845
83.7000000001	4.332571780652339
83.7500000001	4.33325773518662
83.8000000001	4.333943263065441
83.8500000001	4.3346283650562745
83.9000000001	4.335313041685284
83.9500000001	4.335997293388733
84.0000000001	4.336681120554046
84.0500000001	4.337364523783354
84.1000000001	4.338047503608103
84.1500000001	4.338730060606587
84.2000000001	4.3394121952270925
84.2500000001	4.340093907866956
84.3000000001	4.3407751991756065
84.3500000001	4.341456069747901
84.4000000001	4.342136520029098
84.4500000001	4.34281654986697
84.5000000001	4.343496170825054
84.5500000001	4.344175368784149
84.6000000001	4.344854141664504
84.6500000001	4.345532497588868
84.7000000001	4.346210436069297
84.7500000001	4.346887957453913
84.8000000001	4.347565062361809
84.8500000001	4.348241751389996
84.9000000001	4.348918025077841
84.9500000001	4.34959388390859
85.0000000001	4.350269328314621
85.0500000001	4.3509443586999375
85.1000000001	4.351618975673348
85.1500000001	4.352293179725901
85.2000000001	4.352966971252034
85.2500000001	4.353640351615542
85.3000000001	4.354313322178775
85.3500000001	4.354985879590176
85.4000000001	4.355658026619829
85.4500000001	4.356329763688416
85.5000000001	4.357001091278577
85.5500000001	4.357672009966477
85.6000000001	4.358342520311931
85.6500000001	4.359012622692819
85.7000000001	4.359682317573662
85.7500000001	4.36035160547175
85.8000000001	4.3610204869033415
85.8500000001	4.361688962270602
85.9000000001	4.362357032141556
85.9500000001	4.363024696999338
86.0000000001	4.3636919573619
86.0500000001	4.364358813802569
86.1000000001	4.365025266753471
86.1500000001	4.365691316647999
86.2000000001	4.3663569640363225
86.2500000001	4.367022209386522
86.3000000001	4.367687053251904
86.3500000001	4.3683514955298035
86.4000000001	4.369015534714599
86.4500000001	4.369679176484331
86.5000000001	4.370342418506407
86.5500000001	4.3710052613828
86.6000000001	4.371667705580375
86.6500000001	4.372329751473495
86.7000000001	4.372991399454568
86.7500000001	4.373652649982999
86.8000000001	4.374313503638402
86.8500000001	4.374973960877573
86.9000000001	4.375634021935659
86.9500000001	4.376293689377952
87.0000000001	4.376952965952479
87.0500000001	4.377611841897856
87.1000000001	4.378270324053039
87.1500000001	4.37892841263997
87.2000000001	4.379586108197226
87.2500000001	4.380243411149149
87.3000000001	4.3809003218455
87.3500000001	4.3815568407617995
87.4000000001	4.38221296841578
87.4500000001	4.382868705406136
87.5000000001	4.383524052158345
87.5500000001	4.384179009048361
87.6000000001	4.384833576344173
87.6500000001	4.385487754616597
87.7000000001	4.386141544381149
87.7500000001	4.386794945994096
87.8000000001	4.387447959863234
87.8500000001	4.388100586609651
87.9000000001	4.38875282667403
87.9500000001	4.3894046806188625
88.0000000001	4.390056148872352
88.0500000001	4.390707232341485
88.1000000001	4.391357924563028
88.1500000001	4.392008235509398
88.2000000001	4.392658166062562
88.2500000001	4.393307712897838
88.3000000001	4.393956876799667
88.3500000001	4.394605658137401
88.4000000001	4.395254057430797
88.4500000001	4.395902075236135
88.5000000001	4.39654971193106
88.5500000001	4.397196967894659
88.6000000001	4.397843843667253
88.6500000001	4.398490339638979
88.7000000001	4.39913645622241
88.7500000001	4.399782193849996
88.8000000001	4.400427552885908
88.8500000001	4.401072533856673
88.9000000001	4.401717137227814
88.9500000001	4.402361363420747
89.0000000001	4.4030052135094575
89.0500000001	4.40364868620002
89.1000000001	4.404291777138266
89.1500000001	4.4049344930306376
89.2000000001	4.405576839737852
89.2500000001	4.406218812947386
89.3000000001	4.406860411515893
89.3500000001	4.407501636475277
89.4000000001	4.408142488319532
89.4500000001	4.408782967491635
89.5000000001	4.409423074385918
89.5500000001	4.4100628094404515
89.6000000001	4.410702173146782
89.6500000001	4.41134116578782
89.7000000001	4.411979787872452
89.7500000001	4.41261803988213
89.8000000001	4.413255922276638
89.8500000001	4.413893435400162
89.9000000001	4.414530579654339
89.9500000001	4.415167355473796
90.0000000001	4.415803763399019
90.0500000001	4.4164398037651775
90.1000000001	4.417075477021006
90.1500000001	4.417710784461777
90.2000000001	4.418345724066023
90.2500000001	4.418980283290434
90.3000000001	4.419614486330791
90.3500000001	4.420248331523869
90.4000000001	4.420881811009233
90.4500000001	4.421514926049082
90.5000000001	4.422147687330913
90.5500000001	4.422780079068003
90.6000000001	4.423412104265605
90.6500000001	4.424043767457086
90.7000000001	4.42467506849349
90.7500000001	4.4253060079576
90.8000000001	4.4259365864301214
90.8500000001	4.426566804285203
90.9000000001	4.4271966617619345
90.9500000001	4.427826159178577
91.0000000001	4.428455297038859
91.0500000001	4.429084075888169
91.1000000001	4.429712496164438
91.1500000001	4.430340558247441
91.2000000001	4.430968262487001
91.2500000001	4.431595609350014
91.3000000001	4.43222259920015
91.3500000001	4.432849232406939
91.4000000001	4.433475509449666
91.4500000001	4.434101430786231
91.5000000001	4.434726996882999
91.5500000001	4.435352208123236
91.6000000001	4.4359770656198565
91.6500000001	4.4366015628286615
91.7000000001	4.437225701606008
91.7500000001	4.437849497464301
91.8000000001	4.438472939551107
91.8500000001	4.439096029180829
91.9000000001	4.439718766760842
91.9500000001	4.440341152484564
92.0000000001	4.440963186839894
92.0500000001	4.441584870290955
92.1000000001	4.442206203171305
92.1500000001	4.442827186045397
92.2000000001	4.443447819408263
92.2500000001	4.444068103583271
92.3000000001	4.4446880378820275
92.3500000001	4.445307629456249
92.4000000001	4.445926880384762
92.4500000001	4.446545771910054
92.5000000001	4.447164314885562
92.5500000001	4.44778259221198
92.6000000001	4.4483995739979045
92.6500000001	4.449016111011893
92.7000000001	4.449632904252137
92.7500000001	4.450249292014792
92.8000000001	4.450865344751186
92.8500000001	4.451481226399355
92.9000000001	4.452096546798598
92.9500000001	4.452711558564675
93.0000000001	4.453326223135021
93.0500000001	4.453940428378925
93.1000000001	4.454554231730193
93.1500000001	4.455167738223388
93.2000000001	4.455780790195541
93.2500000001	4.456393304720978
93.3000000001	4.457005680823633
93.3500000001	4.457617672741543
93.4000000001	4.458229429411036
93.4500000001	4.458840845991827
93.5000000001	4.459451913263004
93.5500000001	4.46006275905486
93.6000000001	4.460673455408506
93.6500000001	4.4612831862018165
93.7000000001	4.461887410783317
93.7500000001	4.462495502472951
93.8000000001	4.463103236396838
93.8500000001	4.463711239340282
93.9000000001	4.464318794081611
93.9500000001	4.464926230174564
94.0000000001	4.465533317994748
94.0500000001	4.466138799476316
94.1000000001	4.466743970783401
94.1500000001	4.467348844871907
94.2000000001	4.467953844135917
94.2500000001	4.4685584136874015
94.3000000001	4.469162827909442
94.3500000001	4.469768634107191
94.4000000001	4.4703712011811465
94.4500000001	4.47097343413996
94.5000000001	4.47157535076766
94.5500000001	4.472176917056715
94.6000000001	4.472780874442301
94.6500000001	4.473381537459038
94.7000000001	4.473981948977496
94.7500000001	4.474581806505314
94.8000000001	4.4751811305827385
94.8500000001	4.4757801875665
94.9000000001	4.476378966316297
94.9500000001	4.476976919494975
95.0000000001	4.47757324851097
95.0500000001	4.478170391048615
95.1000000001	4.478767516735358
95.1500000001	4.479365755902829
95.2000000001	4.479962206510445
95.2500000001	4.4805577514686865
95.3000000001	4.481153015956386
95.3500000001	4.481747627102834
95.4000000001	4.482341430187961
95.4500000001	4.48293456201467
95.5000000001	4.483527292173319
95.5500000001	4.484119570736524
95.6000000001	4.4847125622027475
95.6500000001	4.485304509079795
95.7000000001	4.485895824074002
95.7500000001	4.48648715343911
95.8000000001	4.487078086070001
95.8500000001	4.48766925123845
95.9000000001	4.488260294852571
95.9500000001	4.488851375758389
96.0000000001	4.4894421387878705
96.0500000001	4.490030505032923
96.1000000001	4.490620048990536
96.1500000001	4.491208155570519
96.2000000001	4.491795498647099
96.2500000001	4.492382662180296
96.3000000001	4.492958177258137
96.3500000001	4.493543710624239
96.4000000001	4.494141709058184
96.4500000001	4.4947271732735645
96.5000000001	4.4953124184922615
96.5500000001	4.49589715403516
96.6000000001	4.49647959111711
96.6500000001	4.497062548038988
96.7000000001	4.497644739990316
96.7500000001	4.498226576269831
96.8000000001	4.498808290879879
96.8500000001	4.49938959897535
96.9000000001	4.49997030418995
96.9500000001	4.5005545558350155
97.0000000001	4.501134936379509
97.0500000001	4.501712872688354
97.1000000001	4.502296822752448
97.1500000001	4.502878995912793
97.2000000001	4.503457745080967
97.2500000001	4.504035908838321
97.3000000001	4.504613766891305
97.3500000001	4.505191239009698
97.4000000001	4.505768375064756
97.4500000001	4.50634514478919
97.5000000001	4.506921778173659
97.5500000001	4.507498546899613
97.6000000001	4.508077339179609
97.6500000001	4.508654359663706
97.7000000001	4.509229917513761
97.7500000001	4.509803776461235
97.8000000001	4.510377191290668
97.8500000001	4.510949071359018
97.9000000001	4.511522045814084
97.9500000001	4.512094863954594
98.0000000001	4.51266899792642
98.0500000001	4.513240571482761
98.1000000001	4.513811305141837
98.1500000001	4.514381737891976
98.2000000001	4.514951892309981
98.2500000001	4.515521774157312
98.3000000001	4.516090714927987
98.3500000001	4.5166604916105495
98.4000000001	4.517228109819114
98.4500000001	4.517796768314671
98.5000000001	4.518365172335353
98.5500000001	4.5189321292518985
98.6000000001	4.519499747445395
98.6500000001	4.520066874656735
98.7000000001	4.52063331643669
98.7500000001	4.5212033519187464
98.8000000001	4.521768556457305
98.8500000001	4.5223330694950015
98.9000000001	4.522897461176551
98.9500000001	4.523461310893025
99.0000000001	4.524024717367255
99.0500000001	4.524589873105565
99.1000000001	4.525152299415845
99.1500000001	4.525714837592719
99.2000000001	4.526276934856655
99.2500000001	4.52683613758763
99.3000000001	4.527399676565809
99.3500000001	4.527959841567574
99.4000000001	4.528519549361521
99.4500000001	4.529078866330109
99.5000000001	4.529637156032935
99.5500000001	4.5301969160577995
99.6000000001	4.530757013998683
99.6500000001	4.531315198837948
99.7000000001	4.5318730258884505
99.7500000001	4.53243028692395
99.8000000001	4.53298666290284
99.8500000001	4.533540554917889
99.9000000001	4.534096768182153
99.9500000001	4.534652079072324