1.e-10	0.
0.0500000001	6.8424765276844495e-9
0.1000000001	9.77370277590031e-8
0.1500000001	4.4540931616477657e-7
0.2000000001	1.3013363233666838e-6
0.2500000001	2.978929603507023e-6
0.3000000001	5.843954396147349e-6
0.3500000001	0.000010307115703380023
0.4000000001	0.000016818101703472227
0.4500000001	0.000025860628976983208
0.5000000001	0.00003794822139994151
0.5500000001	0.00005362055082851983
0.6000000001	0.00007344022260032319
0.6500000001	0.00009798992250580139
0.7000000001	0.00012786986365452235
0.7500000001	0.00016369548639196332
0.8000000001	0.0002060953747551501
0.8500000001	0.00025570936042335405
0.9000000001	0.00031318679065569805
0.9500000001	0.0003791849409007715
1.0000000001	0.000454367555999971
1.0500000001	0.000539403506445912
1.1000000001	0.0006349655481791474
1.1500000001	0.0007417291760371613
1.2000000001	0.0008603715622997835
1.2500000001	0.000991570572872026
1.3000000001	0.0011360038545586227
1.3500000001	0.0012943479876504499
1.4000000001	0.0014672776986913213
1.4500000001	0.0016554651288465418
1.5000000001	0.0018595791537682922
1.5500000001	0.002080284751262211
1.6000000001	0.0023182424134151926
1.6500000001	0.002574107600154096
1.7000000001	0.002848530231476904
1.7500000001	0.003142154215837837
1.8000000001	0.0034556170123797394
1.8500000001	0.003789549224895495
1.9000000001	0.0041445742255686036
1.9500000001	0.004521307806693232
2.0000000001	0.004920357858709113
2.0500000001	0.0053423240730086675
2.1000000001	0.005787797668083622
2.1500000001	0.006257361137678152
2.2000000001	0.0067515880197063435
2.2500000001	0.00727104268477414
2.3000000001	0.00781628014322166
2.3500000001	0.008387845869670561
2.4000000001	0.008986275644124672
2.4500000001	0.009612095408730401
2.5000000001	0.010265821139356857
2.5500000001	0.010947958731205559
2.6000000001	0.011659003897705026
2.6500000001	0.01239944208198826
2.7000000001	0.013169748380290443
2.7500000001	0.013970387476640627
2.8000000001	0.014801813588255547
2.8500000001	0.015664470421075112
2.9000000001	0.016558791134908976
2.9500000001	0.01748519831769136
3.0000000001	0.018444103968366817
3.0500000001	0.019435909487954556
3.1000000001	0.02046100567836106
3.1500000001	0.02151977274853259
3.2000000001	0.022612580327559233
3.2500000001	0.023739787484360723
3.3000000001	0.024901742753602695
3.3500000001	0.026098784167508278
3.4000000001	0.027331239293246153
3.4500000001	0.028599425275591207
3.5000000001	0.02990364888456776
3.5500000001	0.03124420656779928
3.6000000001	0.03262138450730067
3.6500000001	0.0340354586804616
3.7000000001	0.0354866949249808
3.7500000001	0.03697534900752166
3.8000000001	0.038501666695870435
3.8500000001	0.04006588383438738
3.9000000001	0.04166822642255109
3.9500000001	0.04330891069640483
4.0000000001	0.04498814321272203
4.0500000001	0.04670612093571645
4.1000000001	0.04846303132612974
4.1500000001	0.05025905243253678
4.2000000001	0.05209435298471591
4.2500000001	0.05396909248893802
4.3000000001	0.055883421325034495
4.3500000001	0.05783748084511031
4.4000000001	0.059831403473774365
4.4500000001	0.061865312809764324
4.5000000001	0.06393932372884939
4.5500000001	0.06605354248789808
4.6000000001	0.06820806683000447
4.6500000001	0.0704029860905699
4.7000000001	0.07263838130424187
4.7500000001	0.07491432531261683
4.8000000001	0.07723088287261609
4.8500000001	0.07958811076544968
4.9000000001	0.0819860579060856
4.9500000001	0.0844247654531458
5.0000000001	0.0869042669191543
5.0500000001	0.0894245882810648
5.1000000001	0.09198574809099967
5.1500000001	0.09458775758713477
5.2000000001	0.09723062080466673
5.2500000001	0.09991433468680404
5.3000000001	0.1026388891957234
5.3500000001	0.10540426742343785
5.4000000001	0.10821044570252394
5.4500000001	0.11105739371665854
5.5000000001	0.11394507461091806
5.5500000001	0.11687344510179452
5.6000000001	0.11984245558688572
5.6500000001	0.1228520502542185
5.7000000001	0.12590216719116581
5.7500000001	0.12899273849292117
5.8000000001	0.1321236903704942
5.8500000001	0.13529494325819458
5.9000000001	0.13850641192057206
5.9500000001	0.14175800555878226
6.0000000001	0.14504962791635026
6.0500000001	0.14838117738430376
6.1000000001	0.1517525471056509
6.1500000001	0.15516362507917802
6.2000000001	0.15861429426254423
6.2500000001	0.16210443267465185
6.3000000001	0.1656339134972711
6.3500000001	0.16920260517590052
6.4000000001	0.17281037151984494
6.4500000001	0.17645707180149325
6.5000000001	0.1801425608547816
6.5500000001	0.18386668917282498
6.6000000001	0.18762930300470468
6.6500000001	0.19143024445139847
6.7000000001	0.1952693515608404
6.7500000001	0.19914645842210074
6.8000000001	0.2030613952586736
6.8500000001	0.20701398852086428
6.9000000001	0.21100406097726696
6.9500000001	0.2150314318053241
7.0000000001	0.21909591668096182
7.0500000001	0.22319732786729263
7.1000000001	0.22733547430238096
7.1500000001	0.2315101616860659
7.2000000001	0.23572119256583557
7.2500000001	0.23996836642175068
7.3000000001	0.24425147975041206
7.3500000001	0.24857032614796987
7.4000000001	0.25292469639217247
7.4500000001	0.25731437852345174
7.5000000001	0.26173915792504493
7.5500000001	0.2661988174021508
7.6000000001	0.2706931372601197
7.6500000001	0.27522189538167796
7.7000000001	0.27978486730318636
7.7500000001	0.28438182628993347
7.8000000001	0.28901254341046495
7.8500000001	0.29367678760995
7.9000000001	0.29837432578258705
7.9500000001	0.3031049228430502
8.0000000001	0.30786834179697975
8.0500000001	0.31266434381051833
8.1000000001	0.3174926882788961
8.1500000001	0.3223531328940693
8.2000000001	0.3272454337114129
8.2500000001	0.3321693452154756
8.3000000001	0.3371246203847952
8.3500000001	0.3421110107557849
8.4000000001	0.3471282664856908
8.4500000001	0.3521761364146253
8.5000000001	0.35725436812668526
8.5500000001	0.3623627080101538
8.6000000001	0.3675009013167967
8.6500000001	0.37266869222025645
8.7000000001	0.37786582387354717
8.7500000001	0.38309203846566164
8.8000000001	0.3883470772772904
8.8500000001	0.3936306807356631
8.9000000001	0.39894258846851693
8.9500000001	0.40428253935719677
9.0000000001	0.40965027158889716
9.0500000001	0.4150455227080476
9.1000000001	0.42046802966685265
9.1500000001	0.42591752887499085
9.2000000001	0.4313937562484782
9.2500000001	0.43689644725770715
9.3000000001	0.44242533697466285
9.3500000001	0.44798016011932734
9.4000000001	0.4535606511052788
9.4500000001	0.459166544084489
9.5000000001	0.46479757299133184
9.5500000001	0.47045347158580497
9.6000000001	0.47613397349597564
9.6500000001	0.48183881225965636
9.7000000001	0.4875677213653165
9.7500000001	0.49332043429224137
9.8000000001	0.49909668454993994
9.8500000001	0.5048962057168153
9.9000000001	0.5107187314781012
9.9500000001	0.5165639956630719
10.0000000001	0.5224317322815359
10.0500000001	0.5283216755596185
10.1000000001	0.5342335599748407
10.1500000001	0.5401671202905051
10.2000000001	0.5461220915893903
10.2500000001	0.5520982093067693
10.3000000001	0.5580952092627512
10.3500000001	0.5641128276939598
10.4000000001	0.5701508012845549
10.4500000001	0.5762088671966009
10.5000000001	0.5822867630997963
10.5500000001	0.5883842272005638
10.6000000001	0.5945009982705155
10.6500000001	0.6006368156742976
10.7000000001	0.6067914193968199
10.7500000001	0.6129645500698826
10.8000000001	0.6191559489982025
10.8500000001	0.6253653581848494
10.9000000001	0.6315925203561
10.9500000001	0.637837178985713
11.0000000001	0.6440990783186376
11.0500000001	0.6503779633941577
11.1000000001	0.6566735800684835
11.1500000001	0.6629856750367965
11.2000000001	0.6693139958547497
11.2500000001	0.6756582909594404
11.3000000001	0.6820183096898512
11.3500000001	0.6883938023067757
11.4000000001	0.6947845200122302
11.4500000001	0.7011902149683593
11.5000000001	0.7076106403158449
11.5500000001	0.7140455501918208
11.6000000001	0.7204946997473048
11.6500000001	0.726957845164152
11.7000000001	0.733434743671534
11.7500000001	0.7399251535619582
11.8000000001	0.7464288342068222
11.8500000001	0.7529455460715215
11.9000000001	0.759475050730111
11.9500000001	0.7660171108795243
12.0000000001	0.7725714903533658
12.0500000001	0.7791379541352712
12.1000000001	0.7857162683718516
12.1500000001	0.7923062003852239
12.2000000001	0.7989075186851301
12.2500000001	0.8055199929806605
12.3000000001	0.8121433941915768
12.3500000001	0.8187774944592485
12.4000000001	0.8254220671572065
12.4500000001	0.8320768869013162
12.5000000001	0.8387417295595833
12.5500000001	0.845416372261589
12.6000000001	0.8521005934075699
12.6500000001	0.8587941726771411
12.7000000001	0.8654968910376694
12.7500000001	0.8722085307523076
12.8000000001	0.8789288753876866
12.8500000001	0.885657709821278
12.9000000001	0.8923948202484309
12.9500000001	0.8991399941890841
13.0000000001	0.9058930204941664
13.0500000001	0.9126536893516827
13.1000000001	0.9194217922924965
13.1500000001	0.926197122195813
13.2000000001	0.9329794732943634
13.2500000001	0.9397686411793037
13.3000000001	0.9465644228048243
13.3500000001	0.9533666164924814
13.4000000001	0.9601750219352535
13.4500000001	0.9669894402013248
13.5000000001	0.9738096737376066
13.5500000001	0.9806355263729937
13.6000000001	0.9874668033213674
13.6500000001	0.9943033111843458
13.7000000001	1.0011448579537858
13.7500000001	1.0079912530140451
13.8000000001	1.0148423071440027
13.8500000001	1.0216978325188475
13.9000000001	1.0285576427116383
13.9500000001	1.0354215526946362
14.0000000001	1.0422893788404188
14.0500000001	1.0491609389227747
14.1000000001	1.056036052117388
14.1500000001	1.0629145390023143
14.2000000001	1.0697962215582495
14.2500000001	1.0766809231686028
14.3000000001	1.083568468619368
14.3500000001	1.0904586840988069
14.4000000001	1.0973513971969413
14.4500000001	1.104246436904861
14.5000000001	1.111143633613851
14.5500000001	1.11804281911434
14.6000000001	1.1249438265946767
14.6500000001	1.1318464906397363
14.7000000001	1.1387506472293571
14.7500000001	1.1456561337366191
14.8000000001	1.152562788925958
14.8500000001	1.1594704529511273
14.9000000001	1.166378967353005
14.9500000001	1.1732881750572512
15.0000000001	1.1801979203718218
15.0500000001	1.1871080489843353
15.1000000001	1.1940184079593037
15.1500000001	1.2009288457352254
15.2000000001	1.2078392121215438
15.2500000001	1.2147493582954783
15.3000000001	1.2216591367987237
15.3500000001	1.2285684015340301
15.4000000001	1.2354770077616581
15.4500000001	1.242384812095717
15.5000000001	1.249291672500387
15.5500000001	1.256197448286029
15.6000000001	1.263102000105183
15.6500000001	1.2700051899484626
15.7000000001	1.2769068811403406
15.7500000001	1.2838069383348374
15.8000000001	1.290705227511105
15.8500000001	1.2976016159689192
15.9000000001	1.3044959723240752
15.9500000001	1.3113881665036913
16.0000000001	1.3182780697414251
16.0500000001	1.3251655545726027
16.1000000001	1.3320504948292609
16.1500000001	1.3389327656351122
16.2000000001	1.3458122434004265
16.2500000001	1.3526888058168365
16.3000000001	1.3595623318520702
16.3500000001	1.3664327017446067
16.4000000001	1.3732997969982639
16.4500000001	1.380163500376718
16.5000000001	1.3870236958979554
16.5500000001	1.3938802688286616
16.6000000001	1.400733105678546
16.6500000001	1.4075820941946084
16.7000000001	1.4144271233553471
16.7500000001	1.4212680833649094
16.8000000001	1.4281048656471897
16.8500000001	1.4349373628398736
16.9000000001	1.4417654687884314
16.9500000001	1.4485890785400646
17.0000000001	1.4554080883376042
17.0500000001	1.4622223956133646
17.1000000001	1.469031898982952
17.1500000001	1.475836498239034
17.2000000001	1.4826360943450672
17.2500000001	1.4894305894289874
17.3000000001	1.4962198867768646
17.3500000001	1.5030038908265178
17.4000000001	1.5097825071611017
17.4500000001	1.5165556425026594
17.5000000001	1.5233232047056426
17.5500000001	1.5300851027504088
17.6000000001	1.5368412467366819
17.6500000001	1.5435915478769955
17.7000000001	1.5503359184901055
17.7500000001	1.5570742719943833
17.8000000001	1.5638065229011855
17.8500000001	1.5705325868082012
17.9000000001	1.5772523803927838
17.9500000001	1.583965821405262
18.0000000001	1.5906728286622351
18.0500000001	1.5973733220398545
18.1000000001	1.6040672224670856
18.1500000001	1.6107544519189636
18.2000000001	1.617434933409833
18.2500000001	1.624108590986577
18.3000000001	1.6307753497218398
18.3500000001	1.6374351357072363
18.4000000001	1.6440878760465578
18.4500000001	1.65073349884897
18.5000000001	1.657371933222206
18.5500000001	1.664003109265757
18.6000000001	1.6706269580640538
18.6500000001	1.6772434116796535
18.7000000001	1.6838524031464204
18.7500000001	1.6904538664627076
18.8000000001	1.6970477365845404
18.8500000001	1.7036339494187989
18.9000000001	1.7102124418164038
18.9500000001	1.7167831515655076
19.0000000001	1.7233460173846873
19.0500000001	1.7299009789161437
19.1000000001	1.7364479767189038
19.1500000001	1.7429869522620347
19.2000000001	1.7495178479178588
19.2500000001	1.7560406069551824
19.3000000001	1.7625551735325313
19.3500000001	1.7690614926913937
19.4000000001	1.7755595103494768
19.4500000001	1.7820491732939727
19.5000000001	1.7885304291748365
19.5500000001	1.7950032264980773
19.6000000001	1.8014675146190602
19.6500000001	1.8079232437358241
19.7000000001	1.8143703648824134
19.7500000001	1.820808829922223
19.8000000001	1.8272385915413623
19.8500000001	1.8336596032420307
19.9000000001	1.840071819335913
19.9500000001	1.8464751949375913
20.0000000001	1.8528696859579736
20.0500000001	1.8592552490977439
20.1000000001	1.8656318418408244
20.1500000001	1.8719994224478655
20.2000000001	1.878357949949748
20.2500000001	1.8847073841411108
20.3000000001	1.8910476855738974
20.3500000001	1.897378815550922
20.4000000001	1.9037007361194591
20.4500000001	1.9100134100648558
20.5000000001	1.9163168009041636
20.5500000001	1.9226108728797973
20.6000000001	1.9288955909532115
20.6500000001	1.9351709207986059
20.7000000001	1.9414368287966521
20.7500000001	1.9476932820282444
20.8000000001	1.9539402482682777
20.8500000001	1.9601776959794461
20.9000000001	1.9664055943060716
20.9500000001	1.9726239130679553
21.0000000001	1.978832622754255
21.0500000001	1.985031694517392
21.1000000001	1.9912211001669788
21.1500000001	1.9974008121637787
21.2000000001	2.0035708036136906
21.2500000001	2.00973104826176
21.3000000001	2.0158815204862215
21.3500000001	2.022022195292563
21.4000000001	2.0281530483076238
21.4500000001	2.034274055773717
21.5000000001	2.040385194542784
21.5500000001	2.046486442070575
21.6000000001	2.052577776410857
21.6500000001	2.058659176209656
21.7000000001	2.064730620699526
21.7500000001	2.0707920896938425
21.8000000001	2.0768435635811366
21.8500000001	2.0828850233194482
21.9000000001	2.088916450430714
21.9500000001	2.094937826995186
22.0000000001	2.1009491356458794
22.0500000001	2.1069503595630517
22.1000000001	2.1129414824687096
22.1500000001	2.1189224886211484
22.2000000001	2.1248933628095243
22.2500000001	2.130854090348453
22.3000000001	2.136804657072644
22.3500000001	2.142745049331561
22.4000000001	2.148675253984119
22.4500000001	2.154595258393406
22.5000000001	2.1605050504214423
22.5500000001	2.1664046184239694
22.6000000001	2.1722939512452664
22.6500000001	2.1781730382130027
22.7000000001	2.18404186913312
22.7500000001	2.189900434284746
22.8000000001	2.1957487244151435
22.8500000001	2.2015867307346806
22.9000000001	2.2074144449118474
22.9500000001	2.2132318590682916
23.0000000001	2.2190389657738936
23.0500000001	2.2248357580418707
23.1000000001	2.2306222293239113
23.1500000001	2.2363983735053456
23.2000000001	2.242164184900343
23.2500000001	2.247919658247145
23.3000000001	2.2536647887033285
23.3500000001	2.2593995718411
23.4000000001	2.265124003642624
23.4500000001	2.27083808049538
23.5000000001	2.2765417991875547
23.5500000001	2.282235156903463
23.6000000001	2.287918151219003
23.6500000001	2.29359078009714
23.7000000001	2.2992530418834245
23.7500000001	2.3049049353015425
23.8000000001	2.3105464594488936
23.8500000001	2.3161776137922043
23.9000000001	2.321798398163171
23.9500000001	2.3274088127541344
24.0000000001	2.3330088581137853
24.0500000001	2.3385985351429057
24.1000000001	2.344177845090132
24.1500000001	2.3497467895477584
24.2000000001	2.355305370447567
24.2500000001	2.36085359005669
24.3000000001	2.3663914509735036
24.3500000001	2.37191895612355
24.4000000001	2.3774361087554947
24.4500000001	2.3829429124371098
24.5000000001	2.3884393710512906
24.5500000001	2.3939254887921053
24.6000000001	2.3994012701608685
24.6500000001	2.40486671996225
24.7000000001	2.4103218433004154
24.7500000001	2.41576664557519
24.8000000001	2.4212011324782616
24.8500000001	2.426625309989407
24.9000000001	2.4320391843727496
24.9500000001	2.4374427621730486
25.0000000001	2.442836050212017
25.0500000001	2.44821905558467
25.1000000001	2.453591785655702
25.1500000001	2.4589542480558904
25.2000000001	2.4643064506785355
25.2500000001	2.4696484016759226
25.3000000001	2.474980109455819
25.3500000001	2.480301582677995
25.4000000001	2.485612830250776
25.4500000001	2.490913861327624
25.5000000001	2.4962046853037467
25.5500000001	2.5014853118127376
25.6000000001	2.506755750723237
25.6500000001	2.5120160121356325
25.7000000001	2.517266106378777
25.7500000001	2.5225060440067426
25.8000000001	2.527735835795598
25.8500000001	2.532955492740214
25.9000000001	2.5381650260510984
25.9500000001	2.543364447151258
26.0000000001	2.548553767673087
26.0500000001	2.5537329994552818
26.1000000001	2.5589021545397865
26.1500000001	2.5640612451687605
26.2000000001	2.569210283781578
26.2500000001	2.5743492830118497
26.3000000001	2.579478255684476
26.3500000001	2.5845972148127196
26.4000000001	2.589706173595312
26.4500000001	2.5948051454135803
26.5000000001	2.5998941438286045
26.5500000001	2.604973182578398
26.6000000001	2.6100422755751134
26.6500000001	2.615101436902276
26.7000000001	2.6201506808120416
26.7500000001	2.625190021722479
26.8000000001	2.630219474214881
26.8500000001	2.6352390530310945
26.9000000001	2.640248773070881
26.9500000001	2.645248649389299
27.0000000001	2.6502386971941125
27.0500000001	2.6552189318432236
27.1000000001	2.660189368842127
27.1500000001	2.6651500238413934
27.2000000001	2.670100912634173
27.2500000001	2.6750420511537234
27.3000000001	2.6799734554709653
27.3500000001	2.6848951417920555
27.4000000001	2.689807126455987
27.4500000001	2.694709425932214
27.5000000001	2.6996020568182946
27.5500000001	2.704485035837564
27.6000000001	2.709358379836824
27.6500000001	2.714222105784058
27.7000000001	2.7190762307661682
27.7500000001	2.723920771986737
27.8000000001	2.728755746763808
27.8500000001	2.733581172527691
27.9000000001	2.738397066818787
27.9500000001	2.7432034472854383
28.0000000001	2.748000331681797
28.0500000001	2.752787737865718
28.1000000001	2.7575656837966713
28.1500000001	2.762334187533676
28.2000000001	2.767093267233256
28.2500000001	2.771842941147417
28.3000000001	2.7765832276216442
28.3500000001	2.7813141450929186
28.4000000001	2.786035712087758
28.4500000001	2.790747947220275
28.5000000001	2.7954508691902564
28.5500000001	2.8001444967812623
28.6000000001	2.8048288488587483
28.6500000001	2.809503944368201
28.7000000001	2.8141698023333
28.7500000001	2.818826441854097
28.8000000001	2.823473882105213
28.8500000001	2.828112142334055
28.9000000001	2.832741241859055
28.9500000001	2.8373612000679236
29.0000000001	2.841972036415926
29.0500000001	2.846573770424176
29.1000000001	2.8511664216779455
29.1500000001	2.8557500098249977
29.2000000001	2.8603245545739346
29.2500000001	2.8648900756925646
29.3000000001	2.8694465930062867
29.3500000001	2.8739941263964943
29.4000000001	2.8785326957989965
29.4500000001	2.8830623212024546
29.5000000001	2.8875830226468397
29.5500000001	2.892094820221907
29.6000000001	2.896597734065683
29.6500000001	2.901091784362977
29.7000000001	2.905576991343903
29.7500000001	2.910053375282422
29.8000000001	2.9145209564949024
29.8500000001	2.918979755338691
29.9000000001	2.9234297922107064
29.9500000001	2.9278710875460474
30.0000000001	2.932303661816615
30.0500000001	2.9367275355297537
30.1000000001	2.9411427292269057
30.1500000001	2.9455492634822833
30.2000000001	2.9499471589015576
30.2500000001	2.9543364361205575
30.3000000001	2.9587171158039927
30.3500000001	2.963089218644183
30.4000000001	2.967452765359809
30.4500000001	2.9718077766946758
30.5000000001	2.976154273416491
30.5500000001	2.9804922763156587
30.6000000001	2.9848218062040863
30.6500000001	2.989142883914009
30.7000000001	2.9934555302968247
30.7500000001	2.9977597662219475
30.8000000001	3.0020556125756714
30.8500000001	3.006343090260051
30.9000000001	3.0106222201917943
30.9500000001	3.01489302330117
31.0000000001	3.019155520530929
31.0500000001	3.023409732835239
31.1000000001	3.027655681178632
31.1500000001	3.0318933865349655
31.2000000001	3.0361228698863987
31.2500000001	3.040344152222378
31.3000000001	3.04455725453864
31.3500000001	3.048762197836223
31.4000000001	3.0529590031204945
31.4500000001	3.0571476914001905
31.5000000001	3.061328283686467
31.5500000001	3.0655008009919626
31.6000000001	3.0696652643298776
31.6500000001	3.0738216947130597
31.7000000001	3.077970113153106
31.7500000001	3.082110540659476
31.8000000001	3.086242998238616
31.8500000001	3.0903675068930947
31.9000000001	3.094484087620751
31.9500000001	3.098592761413856
32.0000000001	3.1026935492582797
32.0500000001	3.106786472132677
32.1000000001	3.1108715510076816
32.1500000001	3.1149488068451063
32.2000000001	3.119018260597164
32.2500000001	3.1230799332056915
32.3000000001	3.127133845601387
32.3500000001	3.13118001870306
32.4000000001	3.135218473416888
32.4500000001	3.1392492306356887
32.5000000001	3.143272311238198
32.5500000001	3.1472877360883587
32.6000000001	3.1512955260346263
32.6500000001	3.1552957019092718
32.7000000001	3.15928828452771
32.7500000001	3.163273294687826
32.8000000001	3.167250753169314
32.8500000001	3.1712206807330325
32.9000000001	3.1751830981203586
32.9500000001	3.1791380260525623
33.0000000001	3.1830854852301824
33.0500000001	3.187025496332414
33.1000000001	3.1909580800165096
33.1500000001	3.1948832569171812
33.2000000001	3.19880104764602
33.2500000001	3.2027114727909205
33.3000000001	3.206614552915511
33.3500000001	3.2105103085585998
33.4000000001	3.214398760233626
33.4500000001	3.2182799284281174
33.5000000001	3.222153833603163
33.5500000001	3.2260204961928833
33.6000000001	3.2298799366039246
33.6500000001	3.2337321752149437
33.7000000001	3.2375772323761183
33.7500000001	3.241415128408651
33.8000000001	3.2452458836042894
33.8500000001	3.249069518224854
33.9000000001	3.2528860525017693
33.9500000001	3.2566955066356083
34.0000000001	3.2604979007956416
34.0500000001	3.264293255119392
34.1000000001	3.2680815897122044
34.1500000001	3.2718629246468134
34.2000000001	3.2756372799629263
34.2500000001	3.2794046756668087
34.3000000001	3.2831651317308785
34.3500000001	3.2869186680933105
34.4000000001	3.2906653046576406
34.4500000001	3.2944050612923856
34.5000000001	3.2981379578306638
34.5500000001	3.301864014069824
34.6000000001	3.305583249771086
34.6500000001	3.3092956846591775
34.7000000001	3.3130013384219894
34.7500000001	3.3167002307102305
34.8000000001	3.320392381137088
34.8500000001	3.324077809277902
34.9000000001	3.327756534669836
34.9500000001	3.331428576811563
35.0000000001	3.335093955162953
35.0500000001	3.3387526891447643
35.1000000001	3.3424047981383516
35.1500000001	3.346050301485363
35.2000000001	3.349689218487461
35.2500000001	3.3533215684060385
35.3000000001	3.35694737046194
35.3500000001	3.3605666438351975
35.4000000001	3.3641794076647615
35.4500000001	3.3677856810482454
35.5000000001	3.3713854830416734
35.5500000001	3.37497883265923
35.6000000001	3.3785657488730223
35.6500000001	3.3821462506128386
35.7000000001	3.3857203567659226
35.7500000001	3.389288086176746
35.8000000001	3.392849457646784
35.8500000001	3.3964044899343064
35.9000000001	3.3999532017541623
35.9500000001	3.403495611777577
36.0000000001	3.407031738631952
36.0500000001	3.4105616009006683
36.1000000001	3.4140852171228975
36.1500000001	3.417602605793414
36.2000000001	3.421113785362417
36.2500000001	3.4246187742353515
36.3000000001	3.4281175907727386
36.3500000001	3.4316102532900077
36.4000000001	3.435096780057334
36.4500000001	3.438577189299481
36.5000000001	3.4420514991956472
36.5500000001	3.4455197278793146
36.6000000001	3.4489818934381082
36.6500000001	3.4524380139136506
36.7000000001	3.45588810730143
36.7500000001	3.459332191550664
36.8000000001	3.462770284564175
36.8500000001	3.4662024041982633
36.9000000001	3.469628568262589
36.9500000001	3.473048794520056
37.0000000001	3.476463100686698
37.0500000001	3.479871504431572
37.1000000001	3.4832740233766533
37.1500000001	3.4866706750967347
37.2000000001	3.4900614771193292
37.2500000001	3.493446446924579
37.3000000001	3.4968256019451616
37.3500000001	3.500198959566208
37.4000000001	3.5035665371252165
37.4500000001	3.506928351911977
37.5000000001	3.510284421168495
37.5500000001	3.5136347620889152
37.6000000001	3.516979391819459
37.6500000001	3.5203183274583534
37.7000000001	3.523651586055773
37.7500000001	3.526979184613779
37.8000000001	3.530301140086262
37.8500000001	3.5336174693788944
37.9000000001	3.536928189349074
37.9500000001	3.5402333168058835
38.0000000001	3.5435328685100442
38.0500000001	3.5468268611738742
38.1000000001	3.550115311461256
38.1500000001	3.5533982359875944
38.2000000001	3.556675651319793
38.2500000001	3.559947573976219
38.3000000001	3.56321402042668
38.3500000001	3.566475007092399
38.4000000001	3.5697305503459966
38.4500000001	3.5729806665114694
38.5000000001	3.5762253718641785
38.5500000001	3.579464682630832
38.6000000001	3.5826986149894804
38.6500000001	3.585927185069504
38.7000000001	3.5891504089516117
38.7500000001	3.5923683026678366
38.8000000001	3.5955808822015336
38.8500000001	3.5987881634873866
38.9000000001	3.6019901624114086
38.9500000001	3.605186894810951
39.0000000001	3.608378376474712
39.0500000001	3.6115646231427467
39.1000000001	3.6147456505064843
39.1500000001	3.6179214742087393
39.2000000001	3.621092109843733
39.2500000001	3.6242575729571134
39.3000000001	3.627417879045975
39.3500000001	3.6305730435588854
39.4000000001	3.6337230818959103
39.4500000001	3.6368680094086434
39.5000000001	3.6400078414002355
39.5500000001	3.643142593125426
39.6000000001	3.6462722797905807
39.6500000001	3.6493969165537212
39.7000000001	3.652516518524571
39.7500000001	3.65563110076459
39.8000000001	3.658740678287016
39.8500000001	3.6618452660569116
39.9000000001	3.6649448789912045
39.9500000001	3.6680395319587396
40.0000000001	3.671129239780324
40.0500000001	3.674214017228777
40.1000000001	3.6772938790289844
40.1500000001	3.68036883985795
40.2000000001	3.6834389143448507
40.2500000001	3.6865041170710953
40.3000000001	3.6895644625703783
40.3500000001	3.6926199653287455
40.4000000001	3.6956706397846486
40.4500000001	3.6987165003290134
40.5000000001	3.7017575613053006
40.5500000001	3.7047938370095714
40.6000000001	3.7078253416905573
40.6500000001	3.7108520895497232
40.7000000001	3.713874094741342
40.7500000001	3.7168913713725633
40.8000000001	3.7199039335034847
40.8500000001	3.7229117951472266
40.9000000001	3.725914970270006
40.9500000001	3.7289134727912145
41.0000000001	3.7319073165834924
41.0500000001	3.734896515472809
41.1000000001	3.737881083238542
41.1500000001	3.740861033613557
41.2000000001	3.743836380284291
41.2500000001	3.7468071368908347
41.3000000001	3.7497733170270138
41.3500000001	3.7527349342404794
41.4000000001	3.755692002032789
41.4500000001	3.758644533859496
41.5000000001	3.761592543130239
41.5500000001	3.764536043208827
41.6000000001	3.767475047413334
41.6500000001	3.7704095690161856
41.7000000001	3.7733396212442547
41.7500000001	3.7762652172789535
41.8000000001	3.779186370256324
41.8500000001	3.7821030932671373
41.9000000001	3.785015399356986
41.9500000001	3.7879233015263827
42.0000000001	3.7908268127308538
42.0500000001	3.793725945881041
42.1000000001	3.796620713842798
42.1500000001	3.799511129437291
42.2000000001	3.8023972054410984
42.2500000001	3.8052789545863113
42.3000000001	3.8081563895606365
42.3500000001	3.8110295230074978
42.4000000001	3.8138983675261398
42.4500000001	3.8167629356717314
42.5000000001	3.8196232399554706
42.5500000001	3.822479292844689
42.6000000001	3.825331106762957
42.6500000001	3.8281786940901923
42.7000000001	3.831022067162765
42.7500000001	3.833861238273606
42.8000000001	3.836696219672313
42.8500000001	3.8395270235652634
42.9000000001	3.842353662115719
42.9500000001	3.8451761474439388
43.0000000001	3.8479944916272877
43.0500000001	3.8508087067003474
43.1000000001	3.8536188046550284
43.1500000001	3.8564247974406816
43.2000000001	3.8592266969642086
43.2500000001	3.862024515090178
43.3000000001	3.864818263640934
43.3500000001	3.8676079543967146
43.4000000001	3.8703935990957605
43.4500000001	3.8731752094344336
43.5000000001	3.8759527970673306
43.5500000001	3.878726373607396
43.6000000001	3.88149595062604
43.6500000001	3.8842615396532523
43.7000000001	3.887023152177721
43.7500000001	3.8897807996469473
43.8000000001	3.89253449346736
43.8500000001	3.895284245004437
43.9000000001	3.8980300655828204
43.9500000001	3.9007719664864333
44.0000000001	3.903509958958601
44.0500000001	3.906244054202164
44.1000000001	3.9089742633796027
44.1500000001	3.9117005976131507
44.2000000001	3.9144230679849166
44.2500000001	3.9171416855370036
44.3000000001	3.9198564612716265
44.3500000001	3.9225674061512334
44.4000000001	3.9252745310986246
44.4500000001	3.9279778469970728
44.5000000001	3.9306773646904443
44.5500000001	3.933373094983316
44.6000000001	3.936065048641101
44.6500000001	3.9387532363901645
44.7000000001	3.941437668917947
44.7500000001	3.9441183568730853
44.8000000001	3.9467953108655327
44.8500000001	3.9494685414666812
44.9000000001	3.95213805920948
44.9500000001	3.954803874588562
45.0000000001	3.957465998060361
45.0500000001	3.9601244400432334
45.1000000001	3.962779210917583
45.1500000001	3.9654303210259787
45.2000000001	3.96807778067328
45.2500000001	3.9707216001267565
45.3000000001	3.9733617896162103
45.3500000001	3.975998359334099
45.4000000001	3.9786313194356544
45.4500000001	3.9812606800390085
45.5000000001	3.9838864512253145
45.5500000001	3.986508643038866
45.6000000001	3.9891272654872227
45.6500000001	3.9917423285413296
45.7000000001	3.994353842135641
45.7500000001	3.996961816168242
45.8000000001	3.9995662605009694
45.8500000001	4.002167184959535
45.9000000001	4.004764599333645
45.9500000001	4.007358513377127
46.0000000001	4.009948936808047
46.0500000001	4.012535879308832
46.1000000001	4.015119350526394
46.1500000001	4.01769936007225
46.2000000001	4.020275917522642
46.2500000001	4.022849032418662
46.3000000001	4.025418714266372
46.3500000001	4.027984972536925
46.4000000001	4.030547816666684
46.4500000001	4.033107256057348
46.5000000001	4.035663300076071
46.5500000001	4.03821595805558
46.6000000001	4.0407652392943
46.6500000001	4.043311153056473
46.7000000001	4.045853708572279
46.7500000001	4.048392915037957
46.8000000001	4.050928781615921
46.8500000001	4.0534613174348895
46.9000000001	4.055990531589994
46.9500000001	4.058516433142909
47.0000000001	4.061039031121967
47.0500000001	4.063558334522278
47.1000000001	4.066074352305851
47.1500000001	4.0685870934017085
47.2000000001	4.071096566706015
47.2500000001	4.073602781082188
47.3000000001	4.076105745361017
47.3500000001	4.078605468340788
47.4000000001	4.081101958787395
47.4500000001	4.083595225434463
47.5000000001	4.086085276983468
47.5500000001	4.088572122103845
47.6000000001	4.09105576943312
47.6500000001	4.093536227577013
47.7000000001	4.096013505109567
47.7500000001	4.098487610573258
47.8000000001	4.100958552479117
47.8500000001	4.103426339306841
47.9000000001	4.105890979504914
47.9500000001	4.108352481490723
48.0000000001	4.11081085365067
48.0500000001	4.113266104340294
48.1000000001	4.115718241884381
48.1500000001	4.118167274577083
48.2000000001	4.1206132106820315
48.2500000001	4.123056058432454
48.3000000001	4.125495826031285
48.3500000001	4.127932521651285
48.4000000001	4.130366153435152
48.4500000001	4.132796729495638
48.5000000001	4.135224257915658
48.5500000001	4.1376487467484075
48.6000000001	4.1400702040174755
48.6500000001	4.142488637716956
48.7000000001	4.14490405581156
48.7500000001	4.147316466236733
48.8000000001	4.149725876898757
48.8500000001	4.152132295674876
48.9000000001	4.154535730413394
48.9500000001	4.156936188933798
49.0000000001	4.1593336790268625
49.0500000001	4.16172820845476
49.1000000001	4.164119784951176
49.1500000001	4.166508416221415
49.2000000001	4.168894109942513
49.2500000001	4.171276873763348
49.3000000001	4.173656715304744
49.3500000001	4.176033642159589
49.4000000001	4.178407661892936
49.4500000001	4.180778782042117
49.5000000001	4.183147010116848
49.5500000001	4.1855123535993375
49.6000000001	4.187874819944397
49.6500000001	4.1902344165795435
49.7000000001	4.192591150905113
49.7500000001	4.194945030294361
49.8000000001	4.197296062093575
49.8500000001	4.199644253622177
49.9000000001	4.201989612172827
49.9500000001	4.204332145011539
50.0000000001	4.206671859384708
50.0500000001	4.209008761889928
50.1000000001	4.211342860871975
50.1500000001	4.213674162961681
50.2000000001	4.2160026752726605
50.2500000001	4.218328403147421
50.3000000001	4.220651357219068
50.3500000001	4.2229715427962375
50.4000000001	4.225288966862306
50.4500000001	4.227603636416677
50.5000000001	4.229915558442375
50.5500000001	4.232224739933617
50.6000000001	4.234531187806554
50.6500000001	4.236834908943269
50.7000000001	4.239135910206365
50.7500000001	4.241434198469465
50.8000000001	4.243729780582674
50.8500000001	4.2460226633332265
50.9000000001	4.24831285351755
50.9500000001	4.250600357875152
51.0000000001	4.252885183099425
51.0500000001	4.2551673359371
51.1000000001	4.257446823074339
51.1500000001	4.25972365119856
51.2000000001	4.261997826940117
51.2500000001	4.264269352059512
51.3000000001	4.266538242416781
51.3500000001	4.26880450038309
51.4000000001	4.271068132184932
51.4500000001	4.2733291443924175
51.5000000001	4.275587543488625
51.5500000001	4.27784333592249
51.6000000001	4.280096528125475
51.6500000001	4.282347126573084
51.7000000001	4.284595137624132
51.7500000001	4.28684056766063
51.8000000001	4.289083423029366
51.8500000001	4.291323710072114
51.9000000001	4.293561435115917
51.9500000001	4.295796604446225
52.0000000001	4.298029224281715
52.0500000001	4.30025930080555
52.1000000001	4.302486840306093
52.1500000001	4.3047118490130645
52.2000000001	4.30693433307235
52.2500000001	4.309154298678763
52.3000000001	4.311371751865096
52.3500000001	4.313586698696699
52.4000000001	4.315799145287542
52.4500000001	4.318009097734892
52.5000000001	4.32021656202923
52.5500000001	4.322421544213051
52.6000000001	4.324624050321131
52.6500000001	4.326824086300869
52.7000000001	4.329021658096475
52.7500000001	4.331216771671147
52.8000000001	4.333409432930514
52.8500000001	4.3355996477915655
52.9000000001	4.33778742207564
52.9500000001	4.339972761617964
53.0000000001	4.342155672291476
53.0500000001	4.344336159892556
53.1000000001	4.346514230201024
53.1500000001	4.348689888971423
53.2000000001	4.350863141950437
53.2500000001	4.353033995416151
53.3000000001	4.355202449510248
53.3500000001	4.357368514629698
53.4000000001	4.359532201997925
53.4500000001	4.361693511480405
53.5000000001	4.363852449276235
53.5500000001	4.366009020958553
53.6000000001	4.368163232107575
53.6500000001	4.370315088287072
53.7000000001	4.3724645950426835
53.7500000001	4.374611757990584
53.8000000001	4.376756582564175
53.8500000001	4.378899074204518
53.9000000001	4.381039238379884
53.9500000001	4.383177080591859
54.0000000001	4.385312606265857
54.0500000001	4.387445820835426
54.1000000001	4.389576729646483
54.1500000001	4.391705338043009
54.2000000001	4.393831651398882
54.2500000001	4.395955675055543
54.3000000001	4.398077414299905
54.3500000001	4.400196874458744
54.4000000001	4.402314060838806
54.4500000001	4.404428978550371
54.5000000001	4.406541632958836
54.5500000001	4.408652029306554
54.6000000001	4.410760172789829
54.6500000001	4.412866068543181
54.7000000001	4.414969721774133
54.7500000001	4.417071137609613
54.8000000001	4.419170321167153
54.8500000001	4.4212672776314825
54.9000000001	4.423362012101326
54.9500000001	4.425454529632938
55.0000000001	4.427544835275606
55.0500000001	4.429632934023248
55.1000000001	4.431718830969226
55.1500000001	4.433802531181488
55.2000000001	4.4358840396315795
55.2500000001	4.437963361238657
55.3000000001	4.440040500920553
55.3500000001	4.4421154636741464
55.4000000001	4.444188254410587
55.4500000001	4.446258878144858
55.5000000001	4.448327339740208
55.5500000001	4.450393643986768
55.6000000001	4.45245779573158
55.6500000001	4.454519799875717
55.7000000001	4.456579661138079
55.7500000001	4.458637384386942
55.8000000001	4.460692974480016
55.8500000001	4.462746436157442
55.9000000001	4.464797774188893
55.9500000001	4.466846993281853
56.0000000001	4.468894098186274
56.0500000001	4.470939093620246
56.1000000001	4.472981984280651
56.1500000001	4.475022774847794
56.2000000001	4.477061469958771
56.2500000001	4.47909807424387
56.3000000001	4.481132592272972
56.3500000001	4.4831650287447555
56.4000000001	4.48519538829021
56.4500000001	4.487223675504105
56.5000000001	4.489249895631694
56.5500000001	4.491274045374032
56.6000000001	4.493296136395431
56.6500000001	4.495316180275207
56.7000000001	4.497334173722933
56.7500000001	4.499350121994167
56.8000000001	4.501364029606135
56.8500000001	4.503375901002523
56.9000000001	4.505385740571651
56.9500000001	4.507393552705777
57.0000000001	4.509399341905534
57.0500000001	4.511403112541423
57.1000000001	4.51340486897036
57.1500000001	4.515404615552275
57.2000000001	4.5174023566675015
57.2500000001	4.519398096744313
57.3000000001	4.521391840047272
57.3500000001	4.523383590915749
57.4000000001	4.525373353628938
57.4500000001	4.52736113249161
57.5000000001	4.529346931748918
57.5500000001	4.531330755562961
57.6000000001	4.533312608191689
57.6500000001	4.535292493857853
57.7000000001	4.537270416918323
57.7500000001	4.539246381383968
57.8000000001	4.54122039142683
57.8500000001	4.54319245137061
57.9000000001	4.545162769734347
57.9500000001	4.547129413094986
58.0000000001	4.549094547396934
58.0500000001	4.551057873781366
58.1000000001	4.553017389616497
58.1500000001	4.554976370487266
58.2000000001	4.5569332389566695
58.2500000001	4.558888094559337
58.3000000001	4.56084094090182
58.3500000001	4.562791796541751
58.4000000001	4.56474037021563
58.4500000001	4.566687386754158
58.5000000001	4.568631915509405
58.5500000001	4.570574471543584
58.6000000001	4.572512950574056
58.6500000001	4.574449584166033
58.7000000001	4.576384983551435
58.7500000001	4.578318327217276
58.8000000001	4.580249623701127
58.8500000001	4.582178915335008
58.9000000001	4.584107722724659
58.9500000001	4.586032839092591
59.0000000001	4.58795588906273
59.0500000001	4.589876929140731
59.1000000001	4.591796029208779
59.1500000001	4.593712876113787
59.2000000001	4.595626523343006
59.2500000001	4.597539701442962
59.3000000001	4.599450153854807
59.3500000001	4.601358447280394
59.4000000001	4.603264694025798
59.4500000001	4.605168938810988
59.5000000001	4.607071141834714
59.5500000001	4.608970713912005
59.6000000001	4.610867444266246
59.6500000001	4.612761889844041
59.7000000001	4.614654301231202
59.7500000001	4.61654625643362
59.8000000001	4.618433829795613
59.8500000001	4.6203204169816425
59.9000000001	4.622205060742826
59.9500000001	4.624087705030331
60.0000000001	4.625968375380709
60.0500000001	4.627835512651579
60.1000000001	4.629710983317333
60.1500000001	4.631598147683217
60.2000000001	4.633469063639945
60.2500000001	4.6353384355444565
60.3000000001	4.637206654371415
60.3500000001	4.639066941952119
60.4000000001	4.640930152698604
60.4500000001	4.642791373597445
60.5000000001	4.6446564729793645
60.5500000001	4.646513849268908
60.6000000001	4.648369172855101
60.6500000001	4.650220671848064
60.7000000001	4.6520706012706174
60.7500000001	4.653918509942865
60.8000000001	4.655764518287478
60.8500000001	4.6576095334931935
60.9000000001	4.659451847746681
60.9500000001	4.6612895601251605
61.0000000001	4.663127379095651
61.0500000001	4.664962963367481
61.1000000001	4.666794558772012
61.1500000001	4.6686285676686285
61.2000000001	4.670458527614668
61.2500000001	4.672286574184077
61.3000000001	4.67411117872743
61.3500000001	4.675935373998865
61.4000000001	4.677755408813048
61.4500000001	4.679574142092404
61.5000000001	4.68139089683796
61.5500000001	4.683205161021346
61.6000000001	4.685017727944715
61.6500000001	4.686827962830136
61.7000000001	4.688636058483637
61.7500000001	4.690441886855044
61.8000000001	4.69224559085871
61.8500000001	4.69404735619021
61.9000000001	4.695847143949059
61.9500000001	4.697644899950599
62.0000000001	4.699440665137564
62.0500000001	4.701234182005445
62.1000000001	4.703024293794809
62.1500000001	4.704811235342812
62.2000000001	4.706597753841501
62.2500000001	4.708381511229556
62.3000000001	4.71016635852448
62.3500000001	4.711947704371146
62.4000000001	4.713726879957759
62.4500000001	4.715504467550495
62.5000000001	4.717279820023576
62.5500000001	4.719040967341474
62.6000000001	4.720811816406182
62.6500000001	4.722587735543206
62.7000000001	4.724353729327776
62.7500000001	4.726116945513072
62.8000000001	4.727879384123826
62.8500000001	4.729639342378587
62.9000000001	4.73139733764524
62.9500000001	4.7331533615454955
63.0000000001	4.734907344533736
63.0500000001	4.736657303655548
63.1000000001	4.738406764305511
63.1500000001	4.740152828791223
63.2000000001	4.741896744267827
63.2500000001	4.743638865509393
63.3000000001	4.745379585339043
63.3500000001	4.7471185429801395
63.4000000001	4.7488540065071705
63.4500000001	4.750589088473563
63.5000000001	4.752323242182081
63.5500000001	4.7540194759495265
63.6000000001	4.755747511013042
63.6500000001	4.757508827572634
63.7000000001	4.759233969048954
63.7500000001	4.760953831061093
63.8000000001	4.762673732886818
63.8500000001	4.764392157482964
63.9000000001	4.766107871891043
63.9500000001	4.7678213064078
64.0000000001	4.769533285599435
64.0500000001	4.771243093533578
64.1000000001	4.772950944589755
64.1500000001	4.77465419092984
64.2000000001	4.776357257153483
64.2500000001	4.778058515769192
64.3000000001	4.779758020433993
64.3500000001	4.781455038975878
64.4000000001	4.783150131209964
64.4500000001	4.784843362922755
64.5000000001	4.786534826525097
64.5500000001	4.788222730547996
64.6000000001	4.789911138272438
64.6500000001	4.79159714692258
64.7000000001	4.793279242776438
64.7500000001	4.79496037393557
64.8000000001	4.7966391743903065
64.8500000001	4.798316259502783
64.9000000001	4.799990641802413
64.9500000001	4.801662662409988
65.0000000001	4.803332433609918
65.0500000001	4.80500058574982
65.1000000001	4.806657645390675
65.1500000001	4.808322963032275
65.2000000001	4.809993331605774
65.2500000001	4.811654201906441
65.3000000001	4.813310585021467
65.3500000001	4.814966511635322
65.4000000001	4.816621589465496
65.4500000001	4.81827458572102
65.5000000001	4.819923352123271
65.5500000001	4.821570529961348
65.6000000001	4.8232174767762
65.6500000001	4.824862118724074
65.7000000001	4.826503508008078
65.7500000001	4.828143063823668
65.8000000001	4.829780537774513
65.8500000001	4.83141635379368
65.9000000001	4.833050910374145
65.9500000001	4.834681558449986
66.0000000001	4.836311470656171
66.0500000001	4.837938630930391
66.1000000001	4.839563803726013
66.1500000001	4.841187024689418
66.2000000001	4.842808401398482
66.2500000001	4.844426629372104
66.3000000001	4.846044877838942
66.3500000001	4.847660225585881
66.4000000001	4.849273329409515
66.4500000001	4.850883773881736
66.5000000001	4.852493858536351
66.5500000001	4.854101052106806
66.6000000001	4.855706391731435
66.6500000001	4.857310098378994
66.7000000001	4.858912735839676
66.7500000001	4.860514292848723
66.8000000001	4.862113457821432
66.8500000001	4.863708002557076
66.9000000001	4.865300182983567
66.9500000001	4.866893635962101
67.0000000001	4.868481116976723
67.0500000001	4.870070028270455
67.1000000001	4.871655323155926
67.1500000001	4.873237736941863
67.2000000001	4.874819071347466
67.2500000001	4.876398457532504
67.3000000001	4.8779763479041245
67.3500000001	4.879552254206177
67.4000000001	4.88112699655815
67.4500000001	4.88269799984388
67.5000000001	4.8842672414601775
67.5500000001	4.885834211618218
67.6000000001	4.887400854603119
67.6500000001	4.888964455899854
67.7000000001	4.89052328062281
67.7500000001	4.892087984222637
67.8000000001	4.893643118151814
67.8500000001	4.895199141425849
67.9000000001	4.896741985042092
67.9500000001	4.898292790361672
68.0000000001	4.899853577047999
68.0500000001	4.901400459463989
68.1000000001	4.902947526922077
68.1500000001	4.904490188542171
68.2000000001	4.906029070902028
68.2500000001	4.90757120060777
68.3000000001	4.909107972230042
68.3500000001	4.910642507837548
68.4000000001	4.912173051767456
68.4500000001	4.913708459387344
68.5000000001	4.915237777334519
68.5500000001	4.916766152745022
68.6000000001	4.918291988398719
68.6500000001	4.919815072650904
68.7000000001	4.9213367583102325
68.7500000001	4.9228569212770275
68.8000000001	4.924377053033853
68.8500000001	4.925885789423688
68.9000000001	4.927398070400408
68.9500000001	4.928912126706188
69.0000000001	4.930414800121378
69.0500000001	4.931932131039543
69.1000000001	4.93343368838557
69.1500000001	4.934941616983374
69.2000000001	4.936442942533629
69.2500000001	4.937942032362585
69.3000000001	4.939438594978114
69.3500000001	4.940933306235886
69.4000000001	4.942431874854531
69.4500000001	4.943921326953368
69.5000000001	4.945408023330202
69.5500000001	4.946897982287151
69.6000000001	4.948384752049263
69.6500000001	4.94986924750126
69.7000000001	4.951353311927744
69.7500000001	4.952831095440661
69.8000000001	4.954315186969959
69.8500000001	4.955784761123648
69.9000000001	4.957262072697352
69.9500000001	4.9587358602067395
70.0000000001	4.960204097588406
70.0500000001	4.961667923504395
70.1000000001	4.963140161888927
70.1500000001	4.964604295981217
70.2000000001	4.9660646758743265
70.2500000001	4.967526651805482
70.3000000001	4.968981390341482
70.3500000001	4.97043900298785
70.4000000001	4.9718938491026385
70.4500000001	4.973345263274009
70.5000000001	4.974797811940929
70.5500000001	4.97624853305261
70.6000000001	4.977696445088552
70.6500000001	4.97913448325642
70.7000000001	4.980586466988182
70.7500000001	4.982029154741602
70.8000000001	4.983464507306692
70.8500000001	4.984902062194756
70.9000000001	4.986338375306213
70.9500000001	4.98777590892971
71.0000000001	4.98920607488855
71.0500000001	4.990636619948515
71.1000000001	4.992054944954466
71.1500000001	4.9934926058271705
71.2000000001	4.99491389131325
71.2500000001	4.996342819949804
71.3000000001	4.997761450787622
71.3500000001	4.999176067540628
71.4000000001	5.000597786158987
71.4500000001	5.002010129805084
71.5000000001	5.003423264068144
71.5500000001	5.0048350628691045
71.6000000001	5.0062473397582155
71.6500000001	5.007653347445204
71.7000000001	5.009054423887834
71.7500000001	5.010460984934413
71.8000000001	5.011864032182434
71.8500000001	5.013261867745485
71.9000000001	5.0146574881976225
71.9500000001	5.016056684764248
72.0000000001	5.017453048217755
72.0500000001	5.018844021500689
72.1000000001	5.020236002634723
72.1500000001	5.021621554895266
72.2000000001	5.023013259835415
72.2500000001	5.024393458166796
72.3000000001	5.025776937283823
72.3500000001	5.027160496854404
72.4000000001	5.028536511159435
72.4500000001	5.029915996214905
72.5000000001	5.03128519284591
72.5500000001	5.0326559744514086
72.6000000001	5.034030844034154
72.6500000001	5.035403777889029
72.7000000001	5.036770643550326
72.7500000001	5.038135576749682
72.8000000001	5.039500567953407
72.8500000001	5.040862830374858
72.9000000001	5.04222570496755
72.9500000001	5.043572263514815
73.0000000001	5.044929650297528
73.0500000001	5.046245712270011
73.1000000001	5.047639563859528
73.1500000001	5.04899059598659
73.2000000001	5.050342547403519
73.2500000001	5.051688072947015
73.3000000001	5.053031927964044
73.3500000001	5.054374760515634
73.4000000001	5.055713541364893
73.4500000001	5.057056297098916
73.5000000001	5.058392233933375
73.5500000001	5.059726021317204
73.6000000001	5.061059739150112
73.6500000001	5.06238681282641
73.7000000001	5.0637072734936694
73.7500000001	5.065046692064227
73.8000000001	5.066370361593692
73.8500000001	5.06768937919494
73.9000000001	5.069014653410214
73.9500000001	5.07033348523742
74.0000000001	5.0716497652020385
74.0500000001	5.072973537634546
74.1000000001	5.074284037535363
74.1500000001	5.075590141237463
74.2000000001	5.076902305769127
74.2500000001	5.078207883122789
74.3000000001	5.079519589496435
74.3500000001	5.080820779872853
74.4000000001	5.082122313557158
74.4500000001	5.0834363474658995
74.5000000001	5.084726199919561
74.5500000001	5.086017307222681
74.6000000001	5.087317633594084
74.6500000001	5.0886114249380725
74.7000000001	5.089905069149232
74.7500000001	5.091195826462108
74.8000000001	5.092483444778508
74.8500000001	5.093626937001388
74.9000000001	5.094929738509806
74.9500000001	5.096259906770262
75.0000000001	5.097612796169215
75.0500000001	5.098900347337724
75.1000000001	5.1001692539900665
75.1500000001	5.101442915450721
75.2000000001	5.102718317682756
75.2500000001	5.103983803583701
75.3000000001	5.1052653443878375
75.3500000001	5.1065305953736
75.4000000001	5.107786394194144
75.4500000001	5.109051083168677
75.5000000001	5.110318173752416
75.5500000001	5.111575353329842
75.6000000001	5.112835360435697
75.6500000001	5.114084302052444
75.7000000001	5.115342794404255
75.7500000001	5.116601128387156
75.8000000001	5.117842177677015
75.8500000001	5.11909674542209
75.9000000001	5.1203390033435845
75.9500000001	5.121582820875411
76.0000000001	5.122830141904357
76.0500000001	5.124064468985046
76.1000000001	5.125315002254195
76.1500000001	5.126552828597943
76.2000000001	5.127786172250878
76.2500000001	5.129019547354816
76.3000000001	5.1302461649656115
76.3500000001	5.131473403603681
76.4000000001	5.132705193357311
76.4500000001	5.133939281942542
76.5000000001	5.1351626261674115
76.5500000001	5.136381142050197
76.6000000001	5.137596204109573
76.6500000001	5.13881288147956
76.7000000001	5.140033406607207
76.7500000001	5.141250279515092
76.8000000001	5.1424561853874255
76.8500000001	5.143672673507628
76.9000000001	5.144891721682601
76.9500000001	5.146098623811033
77.0000000001	5.147292099503922
77.0500000001	5.148502388266757
77.1000000001	5.149704831983632
77.1500000001	5.150916620005894
77.2000000001	5.152096276526686
77.2500000001	5.153297644929984
77.3000000001	5.154506403287387
77.3500000001	5.155685959499452
77.4000000001	5.156880805829903
77.4500000001	5.1580724097244905
77.5000000001	5.159255403917526
77.5500000001	5.160444052854683
77.6000000001	5.161626538023477
77.6500000001	5.162810768437823
77.7000000001	5.163993015222358
77.7500000001	5.165169751694598
77.8000000001	5.166348961554465
77.8500000001	5.167517584004197
77.9000000001	5.16870824902786
77.9500000001	5.169864322658456
78.0000000001	5.171030589431472
78.0500000001	5.172204331970175
78.1000000001	5.173364729151343
78.1500000001	5.174529261026612
78.2000000001	5.1756902215838005
78.2500000001	5.176841228658033
78.3000000001	5.1780065496239835
78.3500000001	5.179164275451918
78.4000000001	5.180324114181716
78.4500000001	5.181478807354961
78.5000000001	5.18263208945174
78.5500000001	5.183776068890095
78.6000000001	5.184928171906283
78.6500000001	5.186072150636777
78.7000000001	5.18721457874792
78.7500000001	5.188335919471756
78.8000000001	5.189498795765962
78.8500000001	5.190634243508675
78.9000000001	5.1917733918441975
78.9500000001	5.192898826340438
79.0000000001	5.194047114086548
79.0500000001	5.195172115839232
79.1000000001	5.196315267629078
79.1500000001	5.19743591138307
79.2000000001	5.19854222063976
79.2500000001	5.199687796951812
79.3000000001	5.200805135478278
79.3500000001	5.201938871919405
79.4000000001	5.2030565086242335
79.4500000001	5.204170064674543
79.5000000001	5.205271057179192
79.5500000001	5.20638688995989
79.6000000001	5.207501363571626
79.6500000001	5.20860423418665
79.7000000001	5.209715284823799
79.7500000001	5.210821430464725
79.8000000001	5.211935923583324
79.8500000001	5.212974336795557
79.9000000001	5.214135017121997
79.9500000001	5.215234761855484
80.0000000001	5.216344811949783
80.0500000001	5.217418878150743
80.1000000001	5.218515745872536
80.1500000001	5.219609719419174
80.2000000001	5.2206964574220835
80.2500000001	5.221781656463773
80.3000000001	5.222888504802271
80.3500000001	5.223958907566915
80.4000000001	5.225038765746282
80.4500000001	5.226121620507149
80.5000000001	5.227207420683603
80.5500000001	5.228223051572603
80.6000000001	5.2293567545284665
80.6500000001	5.230428640483093
80.7000000001	5.231502292325393
80.7500000001	5.232573158866377
80.8000000001	5.233630434030594
80.8500000001	5.234716560728953
80.9000000001	5.235776921935972
80.9500000001	5.236838638979632
81.0000000001	5.237901313051856
81.0500000001	5.238964135913737
81.1000000001	5.24004132151436
81.1500000001	5.241076787263305
81.2000000001	5.242137613132355
81.2500000001	5.243181671978532
81.3000000001	5.2442400541016925
81.3500000001	5.245279856844261
81.4000000001	5.24633544625053
81.4500000001	5.2473820778842315
81.5000000001	5.2484179383483465
81.5500000001	5.249461467181587
81.6000000001	5.250513246691973
81.6500000001	5.251555053464286
81.7000000001	5.2525814650164175
81.7500000001	5.253613551757445
81.8000000001	5.254655255054097
81.8500000001	5.255676143010345
81.9000000001	5.256710372952478
81.9500000001	5.257739838039951
82.0000000001	5.258755103919965
82.0500000001	5.259784663899504
82.1000000001	5.260834915237572
82.1500000001	5.261838421801892
82.2000000001	5.262859488858388
82.2500000001	5.263885643233831
82.3000000001	5.264900686756233
82.3500000001	5.265902644159191
82.4000000001	5.266925492219854
82.4500000001	5.267923106702997
82.5000000001	5.268945840723261
82.5500000001	5.269937088069026
82.6000000001	5.270948051683595
82.6500000001	5.2719510139417105
82.7000000001	5.2729546767631
82.7500000001	5.27395864935576
82.8000000001	5.274952288617649
82.8500000001	5.275947775135696
82.9000000001	5.2769514063342875
82.9500000001	5.277949760038006
83.0000000001	5.278935097830175
83.0500000001	5.279917160560548
83.1000000001	5.280903921636253
83.1500000001	5.281920091240755
83.2000000001	5.282888658269173
83.2500000001	5.283865988445186
83.3000000001	5.28484622819445
83.3500000001	5.285849229621999
83.4000000001	5.286811291280689
83.4500000001	5.287775778550156
83.5000000001	5.28874849597385
83.5500000001	5.289727596512795
83.6000000001	5.290696083826962
83.6500000001	5.291666574641029
83.7000000001	5.292631051338765
83.7500000001	5.293614748512734
83.8000000001	5.294561635297901
83.8500000001	5.295521895876216
83.9000000001	5.2964817662354635
83.9500000001	5.29744491476393
84.0000000001	5.298400215747638
84.0500000001	5.299353958792547
84.1000000001	5.300309720747601
84.1500000001	5.301261636154212
84.2000000001	5.302209818368972
84.2500000001	5.303173706090656
84.3000000001	5.304100670607788
84.3500000001	5.305052308375524
84.4000000001	5.305995977861131
84.4500000001	5.306940922722372
84.5000000001	5.307882526647012
84.5500000001	5.308829081662165
84.6000000001	5.309759105214036
84.6500000001	5.310696036703056
84.7000000001	5.311620429446002
84.7500000001	5.312574239822275
84.8000000001	5.313491788662303
84.8500000001	5.314417088527109
84.9000000001	5.315332657354517
84.9500000001	5.316260123054125
85.0000000001	5.317193207855655
85.0500000001	5.31811634195507
85.1000000001	5.31903304841771
85.1500000001	5.319956729066531
85.2000000001	5.3208629125030855
85.2500000001	5.321778480485363
85.3000000001	5.322700397907247
85.3500000001	5.32361142483343
85.4000000001	5.32450162076522
85.4500000001	5.325418701056598
85.5000000001	5.326330191326966
85.5500000001	5.327240616358303
85.6000000001	5.328132458757586
85.6500000001	5.329055886348116
85.7000000001	5.329936386927799
85.7500000001	5.330832269870461
85.8000000001	5.331736000862969
85.8500000001	5.332634993995308
85.9000000001	5.333532056558018
85.9500000001	5.334394991965238
86.0000000001	5.3352939277308735
86.0500000001	5.336182223998951
86.1000000001	5.337083214629731
86.1500000001	5.337960565923112
86.2000000001	5.338836340484151
86.2500000001	5.339714892556228
86.3000000001	5.340600504906723
86.3500000001	5.341471955753896
86.4000000001	5.3423471900164134
86.4500000001	5.343239264046906
86.5000000001	5.344106459580303
86.5500000001	5.344967678518391
86.6000000001	5.345838048821749
86.6500000001	5.346706163875162
86.7000000001	5.347594144367143
86.7500000001	5.348435933434734
86.8000000001	5.349314103137028
86.8500000001	5.35015527544402
86.9000000001	5.35101171198662
86.9500000001	5.3518727470633065
87.0000000001	5.352742274973428
87.0500000001	5.353586673048525
87.1000000001	5.354428662128129
87.1500000001	5.355284589953216
87.2000000001	5.35613392518398
87.2500000001	5.356996293686052
87.3000000001	5.3578295113217
87.3500000001	5.358668548398606
87.4000000001	5.359511156829998
87.4500000001	5.360352025554387
87.5000000001	5.361195832734021
87.5500000001	5.362053963813726
87.6000000001	5.362880208258816
87.6500000001	5.363700367735706
87.7000000001	5.364530303502115
87.7500000001	5.365330498795048
87.8000000001	5.3661922670508755
87.8500000001	5.367016624896087
87.9000000001	5.367843342585757
87.9500000001	5.368675618309043
88.0000000001	5.3694928321410575
88.0500000001	5.370312146253889
88.1000000001	5.371132983669654
88.1500000001	5.3719514033620035
88.2000000001	5.372766444487717
88.2500000001	5.3735877183143055
88.3000000001	5.374398309914276
88.3500000001	5.375200759692855
88.4000000001	5.376013170102337
88.4500000001	5.376829248836406
88.5000000001	5.377635912073321
88.5500000001	5.378434011015259
88.6000000001	5.379230351652358
88.6500000001	5.380043434202592
88.7000000001	5.3808421310359345
88.7500000001	5.381625358170145
88.8000000001	5.382446109801152
88.8500000001	5.38321533622961
88.9000000001	5.384002929738261
88.9500000001	5.384800787770621
89.0000000001	5.385591505967035
89.0500000001	5.386386948762871
89.1000000001	5.3871786318473855
89.1500000001	5.387949824222933
89.2000000001	5.388734531170476
89.2500000001	5.389524055359205
89.3000000001	5.390300239666301
89.3500000001	5.391080170025552
89.4000000001	5.3918583475148765
89.4500000001	5.3926235254595145
89.5000000001	5.3933918467608795
89.5500000001	5.394123845715057
89.6000000001	5.394941060438207
89.6500000001	5.395706416526372
89.7000000001	5.396510891229516
89.7500000001	5.397223643010419
89.8000000001	5.397994463199081
89.8500000001	5.39876082585721
89.9000000001	5.399516409778151
89.9500000001	5.400274591855332
90.0000000001	5.401042731135455
90.0500000001	5.401786555198594
90.1000000001	5.402553039569901
90.1500000001	5.403321971111388
90.2000000001	5.404044495771104
90.2500000001	5.404797969264697
90.3000000001	5.405540221824181
90.3500000001	5.406282723921905
90.4000000001	5.407022371680816
90.4500000001	5.407768247296561
90.5000000001	5.4085054969382185
90.5500000001	5.40924563150154
90.6000000001	5.409992122390063
90.6500000001	5.410714409720843
90.7000000001	5.411455290697453
90.7500000001	5.412185292506494
90.8000000001	5.41291819936541
90.8500000001	5.413643329293325
90.9000000001	5.414375709811539
90.9500000001	5.415100261099731
91.0000000001	5.415821421651731
91.0500000001	5.416542576059213
91.1000000001	5.417263877059558
91.1500000001	5.417990687550229
91.2000000001	5.418704354042197
91.2500000001	5.419422268365035
91.3000000001	5.420138640292173
91.3500000001	5.420852706072315
91.4000000001	5.421560610626426
91.4500000001	5.422286902992186
91.5000000001	5.4229758232419805
91.5500000001	5.423685040222268
91.6000000001	5.424414191524221
91.6500000001	5.425131204615232
91.7000000001	5.425800083962614
91.7500000001	5.426501585722454
91.8000000001	5.427194450859245
91.8500000001	5.427894259680268
91.9000000001	5.428594319691101
91.9500000001	5.429288916290028
92.0000000001	5.429981606409957
92.0500000001	5.43066882208316
92.1000000001	5.431368231159868
92.1500000001	5.4320629187452765
92.2000000001	5.432749235655701
92.2500000001	5.4334132352853635
92.3000000001	5.43410988214787
92.3500000001	5.434782751789223
92.4000000001	5.435454994338862
92.4500000001	5.436137243303245
92.5000000001	5.436809113115075
92.5500000001	5.437489917079882
92.6000000001	5.43815445115183
92.6500000001	5.438829149474975
92.7000000001	5.439497887500437
92.7500000001	5.440176656492701
92.8000000001	5.440830511861301
92.8500000001	5.4415117160383515
92.9000000001	5.442170272687921
92.9500000001	5.442825319649767
93.0000000001	5.4434857388701525
93.0500000001	5.444146068069234
93.1000000001	5.44480281051631
93.1500000001	5.445454937605155
93.2000000001	5.446109132929421
93.2500000001	5.446762078675551
93.3000000001	5.447425314544854
93.3500000001	5.448060767081204
93.4000000001	5.448666298641915
93.4500000001	5.4493531665341335
93.5000000001	5.4500373496782935
93.5500000001	5.450644748176491
93.6000000001	5.451290076593716
93.6500000001	5.451997904221565
93.7000000001	5.452560163201278
93.7500000001	5.453198892657897
93.8000000001	5.453834512253857
93.8500000001	5.454470064384896
93.9000000001	5.455107225524384
93.9500000001	5.455727174789268
94.0000000001	5.456350042970539
94.0500000001	5.456987130266293
94.1000000001	5.457612709452004
94.1500000001	5.458234584642158
94.2000000001	5.45893378438623
94.2500000001	5.459493209273061
94.3000000001	5.460108373036687
94.3500000001	5.460722655244449
94.4000000001	5.46132995962029
94.4500000001	5.461956029476806
94.5000000001	5.462560604952502
94.5500000001	5.4631721865634235
94.6000000001	5.463790032732017
94.6500000001	5.464400363738612
94.7000000001	5.4650050496046
94.7500000001	5.4656027129502
94.8000000001	5.466207596748703
94.8500000001	5.4668182677268256
94.9000000001	5.467409716476104
94.9500000001	5.468028418773534
95.0000000001	5.4686071046593305
95.0500000001	5.469205183938967
95.1000000001	5.46979712847633
95.1500000001	5.4704010113075
95.2000000001	5.470985385583201
95.2500000001	5.471573934527586
95.3000000001	5.472165331960936
95.3500000001	5.472751302904001
95.4000000001	5.473359616671357
95.4500000001	5.473919991763361
95.5000000001	5.474498656764843
95.5500000001	5.4750907695967355
95.6000000001	5.475654886924371
95.6500000001	5.47623280263142
95.7000000001	5.476809911435082
95.7500000001	5.477395910903002
95.8000000001	5.477958165847007
95.8500000001	5.4785379982791165
95.9000000001	5.4791499390889
95.9500000001	5.479666337799759
96.0000000001	5.48025335541339
96.0500000001	5.4808211723435925
96.1000000001	5.481371524445567
96.1500000001	5.48192494064999
96.2000000001	5.4824936620115166
96.2500000001	5.483043922669241
96.3000000001	5.483664692268052
96.3500000001	5.484153250073211
96.4000000001	5.484719852843946
96.4500000001	5.485260694120993
96.5000000001	5.4858233528354345
96.5500000001	5.486362050668228
96.6000000001	5.486913884541388
96.6500000001	5.487478615236602
96.7000000001	5.4880101467476
96.7500000001	5.488548940422741
96.8000000001	5.489101470023822
96.8500000001	5.48963384449731
96.9000000001	5.49020691422138
96.9500000001	5.490714343541064
97.0000000001	5.491253744228989
97.0500000001	5.491776008855562
97.1000000001	5.49231810627886
97.1500000001	5.492844041097687
97.2000000001	5.4933703004206125
97.2500000001	5.493898080354
97.3000000001	5.494441908826824
97.3500000001	5.494954219022722
97.4000000001	5.495509028170251
97.4500000001	5.495996619810135
97.5000000001	5.496521846115159
97.5500000001	5.497038659517079
97.6000000001	5.4975508481631925
97.6500000001	5.498070114999984
97.7000000001	5.498583010530834
97.7500000001	5.499107998046403
97.8000000001	5.499607876685602
97.8500000001	5.5001131701995805
97.9000000001	5.500629876260965
97.9500000001	5.50113367891232
98.0000000001	5.501637753473537
98.0500000001	5.502152437401092
98.1000000001	5.502643227947123
98.1500000001	5.503147254110861
98.2000000001	5.503641592360093
98.2500000001	5.5041384900485095
98.3000000001	5.5046662459146525
98.3500000001	5.5051676892003805
98.4000000001	5.505624833186434
98.4500000001	5.50612303748315
98.5000000001	5.506604030711285
98.5500000001	5.5070961540780985
98.6000000001	5.507583490107918
98.6500000001	5.508103346746253
98.7000000001	5.508551014435971
98.7500000001	5.5090329275901135
98.8000000001	5.509514262543008
98.8500000001	5.509982196999304
98.9000000001	5.510471841737937
98.9500000001	5.51094801879062
99.0000000001	5.511426101564396
99.0500000001	5.511893731410799
99.1000000001	5.512372359849689
99.1500000001	5.512851487076489
99.2000000001	5.51331180910514
99.2500000001	5.51377679393496
99.3000000001	5.514238076033141
99.3500000001	5.514705960649665
99.4000000001	5.515168166475307
99.4500000001	5.515636118816632
99.5000000001	5.516092381235632
99.5500000001	5.516552323511412
99.6000000001	5.517014606175616
99.6500000001	5.517480648079053
99.7000000001	5.517920401606966
99.7500000001	5.51836547057293
99.8000000001	5.518821471526766
99.8500000001	5.519269308534665
99.9000000001	5.519718172656475
99.9500000001	5.520166069472021