1.e-10	0.
0.0500000001	6.442465610985808e-9
0.1000000001	9.235046322496281e-8
0.1500000001	4.2234250517479715e-7
0.2000000001	1.2374574695636286e-6
0.2500000001	2.8397316836187562e-6
0.3000000001	5.5833855502776575e-6
0.3500000001	9.86798419400294e-6
0.4000000001	0.000016132924173038892
0.4500000001	0.00002485283053231506
0.5000000001	0.00003653361970920594
0.5500000001	0.00005170907174625491
0.6000000001	0.00007093780539323704
0.6500000001	0.00009480058036981243
0.7000000001	0.0001238978709163103
0.7500000001	0.00015884766818647522
0.8000000001	0.00020028347844667902
0.8500000001	0.0002488524908421753
0.9000000001	0.00030521389352427495
0.9500000001	0.00037003732074150457
1.0000000001	0.00044400141643506375
1.0500000001	0.0005277925021811987
1.1000000001	0.0006221033391540299
1.1500000001	0.000727631975257248
1.2000000001	0.0008450806697749554
1.2500000001	0.0009751548888815092
1.3000000001	0.001118562366172751
1.3500000001	0.001276012223070523
1.4000000001	0.0014482141445349523
1.4500000001	0.0016358776060147744
1.5000000001	0.0018397111479906514
1.5500000001	0.0020604216948325394
1.6000000001	0.0022987139150094436
1.6500000001	0.00255528961996643
1.7000000001	0.0028308471992259145
1.7500000001	0.0031260810894832647
1.8000000001	0.0034416812756550173
1.8500000001	0.0037783328220049664
1.9000000001	0.004136715431622121
1.9500000001	0.004517503032657426
2.0000000001	0.00492136338984534
2.0500000001	0.005348957739943598
2.1000000001	0.005800940449821285
2.1500000001	0.006277958696012837
2.2000000001	0.00678065216463522
2.2500000001	0.007309652770637647
2.3000000001	0.00786558439541937
2.3500000001	0.008449062641911169
2.4000000001	0.009060694606271586
2.4500000001	0.00970107866539965
2.5000000001	0.01037080427951241
2.5500000001	0.011070451809078891
2.6000000001	0.01180059234544158
2.6500000001	0.012561787554493529
2.7000000001	0.013354589532813304
2.7500000001	0.014179540675691443
2.8000000001	0.015037173556511907
2.8500000001	0.015928010816979105
2.9000000001	0.016852565067706885
2.9500000001	0.017811338798709796
3.0000000001	0.018804824299359073
3.0500000001	0.019833503587387117
3.1000000001	0.0208978483465435
3.1500000001	0.021998319872524208
3.2000000001	0.023135369026813263
3.2500000001	0.024309436198091776
3.3000000001	0.02552095127088544
3.3500000001	0.02677033360113545
3.4000000001	0.02805799199839181
3.4500000001	0.029384324714341024
3.5000000001	0.030749719437391947
3.5500000001	0.03215455329305584
3.6000000001	0.03359919284986702
3.6500000001	0.03508399413060118
3.7000000001	0.03660930262855872
3.7500000001	0.03817545332868884
3.8000000001	0.039782770733340266
3.8500000001	0.04143156889243206
3.9000000001	0.04312215143784647
3.9500000001	0.04485481162185354
4.0000000001	0.04662983235938418
4.0500000001	0.04844748627397593
4.1000000001	0.05030803574722187
4.1500000001	0.05221173297155977
4.2000000001	0.054158820006244605
4.2500000001	0.05614952883635371
4.3000000001	0.05818408143467871
4.3500000001	0.06026268982636455
4.4000000001	0.062385556156160635
4.4500000001	0.06455287275815384
4.5000000001	0.06676482222785872
4.5500000001	0.0690215774965434
4.6000000001	0.07132330190767527
4.6500000001	0.07367014929537417
4.7000000001	0.07606226406476443
4.7500000001	0.07849978127412229
4.8000000001	0.08098282671871677
4.8500000001	0.0835115170162481
4.9000000001	0.08608595969378902
4.9500000001	0.08870625327613918
5.0000000001	0.0913724873755054
5.0500000001	0.09408474278242311
5.1000000001	0.09684309155783823
5.1500000001	0.09964759712627112
5.2000000001	0.10249831436998645
5.2500000001	0.10539528972409691
5.3000000001	0.10833856127252922
5.3500000001	0.11132815884478528
5.4000000001	0.11436410411343259
5.4500000001	0.1174464106922602
5.5000000001	0.12057508423504007
5.5500000001	0.12375012253483376
5.6000000001	0.12697151562378822
5.6500000001	0.13023924587336558
5.7000000001	0.13355328809495381
5.7500000001	0.13691360964080768
5.8000000001	0.1403201705052699
5.8500000001	0.14377292342622552
5.9000000001	0.1472718139867435
5.9500000001	0.15081678071686083
6.0000000001	0.15440775519546782
6.0500000001	0.15804466215225138
6.1000000001	0.16172741956965875
6.1500000001	0.16545593878484197
6.2000000001	0.16923012459154677
6.2500000001	0.17304987534191119
6.3000000001	0.1769150830481381
6.3500000001	0.18082563348401018
6.4000000001	0.18478140628621523
6.4500000001	0.18878227505545056
6.5000000001	0.192828107457279
6.5500000001	0.19691876532270583
6.6000000001	0.20105410474845173
6.6500000001	0.2052339761968941
6.7000000001	0.20945822459565244
6.7500000001	0.2137266894367938
6.8000000001	0.2180392048756344
6.8500000001	0.22239559982911605
6.9000000001	0.22679569807373554
6.9500000001	0.23123931834300654
7.0000000001	0.23572627442443525
7.0500000001	0.24025637525598947
7.1000000001	0.24482942502204483
7.1500000001	0.24944522324878954
7.2000000001	0.25410356489907204
7.2500000001	0.25880424046667594
7.3000000001	0.2635470360700064
7.3500000001	0.2683317335451744
7.4000000001	0.2731581105384648
7.4500000001	0.2780259405981751
7.5000000001	0.2829349932658134
7.5500000001	0.28788503416664235
7.6000000001	0.29287582509955884
7.6500000001	0.29790712412629866
7.7000000001	0.30297868565995545
7.7500000001	0.30809026055280575
7.8000000001	0.3132415961834295
7.8500000001	0.3184324365431186
7.9000000001	0.3236625223215651
7.9500000001	0.32893159099182123
8.0000000001	0.3342393768945252
8.0500000001	0.33958561132138476
8.1000000001	0.34497002259791293
8.1500000001	0.3503923361654113
8.2000000001	0.3558522746621926
8.2500000001	0.36134955800404134
8.3000000001	0.36688390346390437
8.3500000001	0.37245502575080947
8.4000000001	0.3780626370880087
8.4500000001	0.3837064472903385
8.5000000001	0.3893861638408008
8.5500000001	0.3951014919663545
8.6000000001	0.4008521347129205
8.6500000001	0.40663779301959657
8.7000000001	0.41245816579207717
8.7500000001	0.41831294997528257
8.8000000001	0.4242018406251892
8.8500000001	0.4301245309798656
8.9000000001	0.4360807125297117
8.9500000001	0.4420700750868973
9.0000000001	0.4480923068540064
9.0500000001	0.45414709449188023
9.1000000001	0.46023412318666423
9.1500000001	0.46635307671605797
9.2000000001	0.472503637514766
9.2500000001	0.47868548673915606
9.3000000001	0.4848983043311195
9.3500000001	0.4911417690811397
9.4000000001	0.4974155586905691
9.4500000001	0.503719349833113
9.5000000001	0.5100528182155282
9.5500000001	0.5164156386375323
9.6000000001	0.5228074850509293
9.6500000001	0.529228030617955
9.7000000001	0.5356769477688379
9.7500000001	0.5421539082585893
9.8000000001	0.5486585832230133
9.8500000001	0.5551906432339488
9.9000000001	0.5617497583537433
9.9500000001	0.5683355981889583
10.0000000001	0.574947831943317
10.0500000001	0.58158612846989
10.1000000001	0.588250156322528
10.1500000001	0.5949395838065433
10.2000000001	0.6016540790286413
10.2500000001	0.6083933099461124
10.3000000001	0.6151569444152793
10.3500000001	0.6219446502392124
10.4000000001	0.6287560952147122
10.4500000001	0.6355909471785629
10.5000000001	0.6424488740530662
10.5500000001	0.6493295438908522
10.6000000001	0.6562326249189793
10.6500000001	0.6631577855823237
10.7000000001	0.6701046945862617
10.7500000001	0.6770730209386546
10.8000000001	0.6840624339911348
10.8500000001	0.6910726034797028
10.9000000001	0.6981031995646385
10.9500000001	0.7051538928697285
11.0000000001	0.7122243545208203
11.0500000001	0.7193142561837026
11.1000000001	0.7264232701013202
11.1500000001	0.7335510691303296
11.2000000001	0.740697326776994
11.2500000001	0.7478617172324322
11.3000000001	0.7550439154072184
11.3500000001	0.7622435969653422
11.4000000001	0.7694604383575354
11.4500000001	0.7766941168539648
11.5000000001	0.7839443105763046
11.5500000001	0.7912106985291861
11.6000000001	0.7984929606310347
11.6500000001	0.8057907777442993
11.7000000001	0.813103831705076
11.7500000001	0.820431805352137
11.8000000001	0.8277743825553636
11.8500000001	0.8351312482435955
11.9000000001	0.8425020884318972
11.9500000001	0.8498865902482472
12.0000000001	0.8572844419596594
12.0500000001	0.864695332997736
12.1000000001	0.872118953983664
12.1500000001	0.8795549967526556
12.2000000001	0.8870031543778398
12.2500000001	0.8944631211936132
12.3000000001	0.9019345928184487
12.3500000001	0.9094172661771768
12.4000000001	0.9169108395227379
12.4500000001	0.9244150124574118
12.5000000001	0.9319294859535352
12.5500000001	0.939453962373705
12.6000000001	0.946988145490479
12.6500000001	0.9545317405055778
12.7000000001	0.9620844540685888
12.7500000001	0.9696459942951876
12.8000000001	0.97721607078487
12.8500000001	0.9847943946382108
12.9000000001	0.992380678473649
12.9500000001	0.999974636443803
13.0000000001	1.0075759842513303
13.0500000001	1.0151844391643239
13.1000000001	1.022799720031262
13.1500000001	1.0304215472955123
13.2000000001	1.0380496430093922
13.2500000001	1.0456837308477978
13.3000000001	1.0533235361213995
13.3500000001	1.0609687857894154
13.4000000001	1.068619208471965
13.4500000001	1.0762745344620055
13.5000000001	1.0839344957368633
13.5500000001	1.0915988259693572
13.6000000001	1.0992672605385252
13.6500000001	1.1069395365399572
13.7000000001	1.1146153927957372
13.7500000001	1.1222945698640028
13.8000000001	1.1299768100481253
13.8500000001	1.1376618574055162
13.9000000001	1.1453494577560652
13.9500000001	1.1530393586902121
14.0000000001	1.1607313095766623
14.0500000001	1.1684250615697442
14.1000000001	1.176120367616422
14.1500000001	1.1838169824629596
14.2000000001	1.1915146626612452
14.2500000001	1.1992131665747827
14.3000000001	1.2069122543843511
14.3500000001	1.2146116880933364
14.4000000001	1.222311231532747
14.4500000001	1.2300106503659056
14.5000000001	1.2377097120928373
14.5500000001	1.2454081860543411
14.6000000001	1.253105843435766
14.6500000001	1.2608024572704857
14.7000000001	1.2684978024430766
14.7500000001	1.2761916556922117
14.8000000001	1.2838837956132638
14.8500000001	1.291574002660631
14.9000000001	1.2992620591497852
14.9500000001	1.3069477492590462
15.0000000001	1.3146308590310913
15.0500000001	1.322311176374197
15.1000000001	1.3299884910632238
15.1500000001	1.337662594740345
15.2000000001	1.3453332809155225
15.2500000001	1.3530003449667378
15.3000000001	1.3606635841399768
15.3500000001	1.3683227975489771
15.4000000001	1.3759777861747409
15.4500000001	1.3836283528648126
15.5000000001	1.391274302332334
15.5500000001	1.398915441154872
15.6000000001	1.4065515777730282
15.6500000001	1.4141825224888318
15.7000000001	1.4218080874639207
15.7500000001	1.4294280867175158
15.8000000001	1.4370423361241855
15.8500000001	1.4446506534114152
15.9000000001	1.4522528581569756
15.9500000001	1.459848771786097
16.0000000001	1.4674382175684564
16.0500000001	1.4750210206149739
16.1000000001	1.4825970078744282
16.1500000001	1.4901660081298909
16.2000000001	1.497727851994987
16.2500000001	1.5052823719099777
16.3000000001	1.5128294021376802
16.3500000001	1.5203687787592133
16.4000000001	1.5279003396695854
16.4500000001	1.535423924573122
16.5000000001	1.542939374978735
16.5500000001	1.5504465341950406
16.6000000001	1.5579452473253241
16.6500000001	1.5654353612623597
16.7000000001	1.5729167246830873
16.7500000001	1.580389188043145
16.8000000001	1.5878526035712688
16.8500000001	1.5953068252635492
16.9000000001	1.6027517088775654
16.9500000001	1.6101871119263833
17.0000000001	1.61761289367243
17.0500000001	1.6250289151212476
17.1000000001	1.6324350390151192
17.1500000001	1.639831129826585
17.2000000001	1.64721705375184
17.2500000001	1.654592678704018
17.3000000001	1.6619578743063708
17.3500000001	1.669312511885335
17.4000000001	1.6766564644634985
17.4500000001	1.683989606752465
17.5000000001	1.6913118151456163
17.5500000001	1.6986229677107854
17.6000000001	1.7059229441828256
17.6500000001	1.713211625956097
17.7000000001	1.7204888960768592
17.7500000001	1.727754639235579
17.8000000001	1.7350087417591555
17.8500000001	1.7422510916030585
17.9000000001	1.749481578343393
17.9500000001	1.7567000931688836
18.0000000001	1.763906528872784
18.0500000001	1.7711007798447171
18.1000000001	1.7782827420624385
18.1500000001	1.785452313083538
18.2000000001	1.7926093920370714
18.2500000001	1.7997538796151302
18.3000000001	1.80688567806435
18.3500000001	1.814004691177355
18.4000000001	1.8211108242841507
18.4500000001	1.828203984243457
18.5000000001	1.835284079433989
18.5500000001	1.842351019745688
18.6000000001	1.8494047165708967
18.6500000001	1.8564450827954946
18.7000000001	1.8634720327899819
18.7500000001	1.870485482400521
18.8000000001	1.8774853489399383
18.8500000001	1.8844715511786794
18.9000000001	1.8914440093357325
18.9500000001	1.8984026450695115
19.0000000001	1.9053473814687032
19.0500000001	1.9122781430430857
19.1000000001	1.919194855714308
19.1500000001	1.9260974468066463
19.2000000001	1.932985845037728
19.2500000001	1.9398599805092296
19.3000000001	1.946719784697553
19.3500000001	1.9535651904444704
19.4000000001	1.9603961319477552
19.4500000001	1.9672125447517874
19.5000000001	1.9740143657381426
19.5500000001	1.9808015331161626
19.6000000001	1.9875739864135076
19.6500000001	1.9943316664666981
19.7000000001	2.00107451541164
19.7500000001	2.007802476674139
19.8000000001	2.0145154949604063
19.8500000001	2.02121351624755
19.9000000001	2.0278964877740635
19.9500000001	2.034564358030307
20.0000000001	2.041217076748981
20.0500000001	2.0478545948955977
20.1000000001	2.0544768646589477
20.1500000001	2.061083839441569
20.2000000001	2.0676754738502106
20.2500000001	2.0742517236863014
20.3000000001	2.0808125459364173
20.3500000001	2.087357898762755
20.4000000001	2.0938877414936043
20.4500000001	2.1004020346138352
20.5000000001	2.106900739755379
20.5500000001	2.11338381968773
20.6000000001	2.1198512383084425
20.6500000001	2.1263029606336485
20.7000000001	2.1327389527885794
20.7500000001	2.1391591819980995
20.8000000001	2.1455636165772574
20.8500000001	2.1519522259218418
20.9000000001	2.158324980498959
20.9500000001	2.164681851837623
21.0000000001	2.1710228125193605
21.0500000001	2.1773478361688365
21.1000000001	2.183656897444492
21.1500000001	2.1899499720292073
21.2000000001	2.1962270366209773
21.2500000001	2.2024880689236137
21.3000000001	2.208733047637467
21.3500000001	2.214961952450164
21.4000000001	2.221174764027378
21.4500000001	2.227371464003614
21.5000000001	2.233552034973023
21.5500000001	2.2397164604802415
21.6000000001	2.2458647250112493
21.6500000001	2.251996813984263
21.7000000001	2.258112713740651
21.7500000001	2.2642124115358766
21.8000000001	2.2702958955304724
21.8500000001	2.276363154781038
21.9000000001	2.2824141792312718
21.9500000001	2.28844895970303
22.0000000001	2.2944674878874207
22.0500000001	2.3004697563359224
22.1000000001	2.3064557584515395
22.1500000001	2.3124254884799877
22.2000000001	2.3183789415009146
22.2500000001	2.3243161134191492
22.3000000001	2.3302370009559925
22.3500000001	2.3361416016405325
22.4000000001	2.342029913801004
22.4500000001	2.3479019365561773
22.5000000001	2.353757669806785
22.5500000001	2.3595971142269847
22.6000000001	2.365420271255859
22.6500000001	2.3712271430889493
22.7000000001	2.377017732669833
22.7500000001	2.382792043681733
22.8000000001	2.3885500805391686
22.8500000001	2.394291848379642
22.9000000001	2.40001735305537
22.9500000001	2.4057266011250453
23.0000000001	2.411419599845648
23.0500000001	2.41709635716429
23.1000000001	2.4227568817101015
23.1500000001	2.4284011827861596
23.2000000001	2.4340292703614557
23.2500000001	2.439641155062906
23.3000000001	2.445236848167404
23.3500000001	2.4508163615939096
23.4000000001	2.45637970789559
23.4500000001	2.4619269002519903
23.5000000001	2.46745795246126
23.5500000001	2.472972878932412
23.6000000001	2.4784716946776295
23.6500000001	2.4839544153046136
23.7000000001	2.489421057008978
23.7500000001	2.494871636566683
23.8000000001	2.500306171326518
23.8500000001	2.505724679202622
23.9000000001	2.5111271786670537
23.9500000001	2.516513688742404
24.0000000001	2.521884228994452
24.0500000001	2.5272388195248676
24.1000000001	2.5325774809639565
24.1500000001	2.537900234463452
24.2000000001	2.5432071016893523
24.2500000001	2.5484981048147994
24.3000000001	2.55377326651301
24.3500000001	2.5590326099502425
24.4000000001	2.5642761587788185
24.4500000001	2.5695039371301838
24.5000000001	2.574715969608018
24.5500000001	2.57991228128139
24.6000000001	2.585092897677955
24.6500000001	2.5902578447772044
24.7000000001	2.595407149003755
24.7500000001	2.6005408372206875
24.8000000001	2.605658936722934
24.8500000001	2.610761475230702
24.9000000001	2.615848480882954
24.9500000001	2.6209199822309297
25.0000000001	2.6259760082317127
25.0500000001	2.631016588241848
25.1000000001	2.6360417520109967
25.1500000001	2.6410515296756487
25.2000000001	2.646045951752872
25.2500000001	2.6510250491341116
25.3000000001	2.6559888530790374
25.3500000001	2.660937395209431
25.4000000001	2.665870707503125
25.4500000001	2.6707888222879856
25.5000000001	2.6756917722359432
25.5500000001	2.6805795903570653
25.6000000001	2.6854523099936776
25.6500000001	2.6903099648145323
25.7000000001	2.6951525888090195
25.7500000001	2.6999802162814244
25.8000000001	2.7047928818452354
25.8500000001	2.709590620417488
25.9000000001	2.714373467213165
25.9500000001	2.719141457739634
26.0000000001	2.723894627791133
26.0500000001	2.7286330134433054
26.1000000001	2.733356651047773
26.1500000001	2.7380655772267586
26.2000000001	2.7427598288677526
26.2500000001	2.747439443118224
26.3000000001	2.752104457380379
26.3500000001	2.7567549093059593
26.4000000001	2.7613908367910898
26.4500000001	2.766012277971167
26.5000000001	2.7706192712157947
26.5500000001	2.7752118551237643
26.6000000001	2.7797900685180745
26.6500000001	2.784353950441001
26.7000000001	2.788903540149205
26.7500000001	2.7934388771088896
26.8000000001	2.7979600009909986
26.8500000001	2.8024669516664567
26.9000000001	2.8069597692014536
26.9500000001	2.8114384938527746
27.0000000001	2.8159031660631704
27.0500000001	2.8203538264567727
27.1000000001	2.8247905158345485
27.1500000001	2.829213275169802
27.2000000001	2.8336221456037154
27.2500000001	2.838017168440933
27.3000000001	2.8423983851451893
27.3500000001	2.8467658373349742
27.4000000001	2.851119566779245
27.4500000001	2.8554596153931784
27.5000000001	2.8597860252339617
27.5500000001	2.864098838496631
27.6000000001	2.8683980975099415
27.6500000001	2.872683844732288
27.7000000001	2.8769561227476603
27.7500000001	2.881214974261642
27.8000000001	2.8854604420974477
27.8500000001	2.8896925691920017
27.9000000001	2.8939113985920564
27.9500000001	2.8981169734503514
28.0000000001	2.90230933702181
28.0500000001	2.906488532659777
28.1000000001	2.9106546038122967
28.1500000001	2.914807594018427
28.2000000001	2.918947546904594
28.2500000001	2.923074506180986
28.3000000001	2.9271885156379875
28.3500000001	2.931289619142644
28.4000000001	2.935377860635175
28.4500000001	2.939453284125519
28.5000000001	2.9435159336899153
28.5500000001	2.9475658534675295
28.6000000001	2.9516030876571078
28.6500000001	2.9556276805136754
28.7000000001	2.959639676345269
28.7500000001	2.9636391195097045
28.8000000001	2.9676260544113866
28.8500000001	2.971600525498147
28.9000000001	2.9755625772581236
28.9500000001	2.9795122542166768
29.0000000001	2.983449600933337
29.0500000001	2.987374661998792
29.1000000001	2.9912874820319044
29.1500000001	2.99518810567677
29.2000000001	2.9990765775998063
29.2500000001	3.002952942486879
29.3000000001	3.0068172450404598
29.3500000001	3.010669529976822
29.4000000001	3.014509842023265
29.4500000001	3.0183382259153793
29.5000000001	3.0221547263943376
29.5500000001	3.025959388204225
29.6000000001	3.0297522560894015
29.6500000001	3.033533374791893
29.7000000001	3.0373027890488196
29.7500000001	3.041060543589856
29.8000000001	3.0448066831347234
29.8500000001	3.0485412523907094
29.9000000001	3.0522642960502275
29.9500000001	3.0559758587884027
30.0000000001	3.05967598526069
30.0500000001	3.063364720100523
30.1000000001	3.0670421079169974
30.1500000001	3.070708193292579
30.2000000001	3.074363020780848
30.2500000001	3.07800663490427
30.3000000001	3.081639080151999
30.3500000001	3.0852604009777083
30.4000000001	3.088870641797455
30.4500000001	3.0924698469875693
30.5000000001	3.0960580608825743
30.5500000001	3.0996353277731385
30.6000000001	3.1032016919040517
30.6500000001	3.1067571974722337
30.7000000001	3.1103018886247673
30.7500000001	3.113835809456965
30.8000000001	3.1173590040104595
30.8500000001	3.1208715162713214
30.9000000001	3.124373390168208
30.9500000001	3.127864669570536
31.0000000001	3.1313453982866837
31.0500000001	3.1348156200622195
31.1000000001	3.1382753785781556
31.1500000001	3.14172471744923
31.2000000001	3.145163680222214
31.2500000001	3.148592310374245
31.3000000001	3.152010651311188
31.3500000001	3.1554187463660193
31.4000000001	3.1588166387972363
31.4500000001	3.162204371787295
31.5000000001	3.16558198844107
31.5500000001	3.16894953178434
31.6000000001	3.172307044762298
31.6500000001	3.175654570238086
31.7000000001	3.1789921509913537
31.7500000001	3.182319829716841
31.8000000001	3.1856376490229867
31.8500000001	3.188945651430554
31.9000000001	3.192243879371289
31.9500000001	3.1955323751865943
32.0000000001	3.198811181126229
32.0500000001	3.2020803393470327
32.1000000001	3.20533989191167
32.1500000001	3.208589880787395
32.2000000001	3.211830347844845
32.2500000001	3.21506133485685
32.3000000001	3.2182828834972663
32.3500000001	3.2214950353398306
32.4000000001	3.2246978318570374
32.4500000001	3.227891314419036
32.5000000001	3.2310755242925504
32.5500000001	3.234250502639814
32.6000000001	3.2374162905175368
32.6500000001	3.2405729288758782
32.7000000001	3.2437204585574535
32.7500000001	3.246858920296351
32.8000000001	3.249988354717173
32.8500000001	3.253108802334099
32.9000000001	3.256220303549959
32.9500000001	3.2593228986553386
33.0000000001	3.262416627827696
33.0500000001	3.265501531130494
33.1000000001	3.2685776485123625
33.1500000001	3.2716450198062668
33.2000000001	3.274703684728706
33.2500000001	3.277753682878918
33.3000000001	3.280795053738112
33.3500000001	3.2838278366687157
33.4000000001	3.2868520709136355
33.4500000001	3.289867795595543
33.5000000001	3.292875049716171
33.5500000001	3.295873872155632
33.6000000001	3.2988643016717485
33.6500000001	3.3018463768994053
33.7000000001	3.304820136349916
33.7500000001	3.3077856184104046
33.8000000001	3.310742861343205
33.8500000001	3.313691903285279
33.9000000001	3.316632782247642
33.9500000001	3.319565536114816
34.0000000001	3.322490202644289
34.0500000001	3.3254068194659934
34.1000000001	3.3283154240818
34.1500000001	3.331216053865024
34.2000000001	3.3341087460599526
34.2500000001	3.3369935377813795
34.3000000001	3.3398704660141583
34.3500000001	3.3427395676127705
34.4000000001	3.345600879300906
34.4500000001	3.348454437671059
34.5000000001	3.3513002791841386
34.5500000001	3.354138440169088
34.6000000001	3.3569689568225285
34.6500000001	3.359791865208401
34.7000000001	3.3626072012576382
34.7500000001	3.3654150007678374
34.8000000001	3.368215299402949
34.8500000001	3.3710081326929835
34.9000000001	3.3737935360337237
34.9500000001	3.3765715446864557
35.0000000001	3.379342193777708
35.0500000001	3.382105518299003
35.1000000001	3.384861553106626
35.1500000001	3.387610332921398
35.2000000001	3.3903518923284692
35.2500000001	3.3930862657771157
35.3000000001	3.3958134875805537
35.3500000001	3.398533591915764
35.4000000001	3.4012466128233236
35.4500000001	3.4039525842072575
35.5000000001	3.4066515398348907
35.5500000001	3.4093435133367183
35.6000000001	3.412028538206285
35.6500000001	3.414706647800074
35.7000000001	3.4173778753374053
35.7500000001	3.4200422539003497
35.8000000001	3.4226998164336453
35.8500000001	3.425350595744631
35.9000000001	3.4279946245031843
35.9500000001	3.4306319352416748
36.0000000001	3.4332625603549216
36.0500000001	3.4358865321001635
36.1000000001	3.43850388259704
36.1500000001	3.4411146438275764
36.2000000001	3.443718847636183
36.2500000001	3.4463165257296637
36.3000000001	3.448907709677227
36.3500000001	3.451492430910514
36.4000000001	3.4540707207236303
36.4500000001	3.456642610273188
36.5000000001	3.4592081305783555
36.5500000001	3.4617673125209145
36.6000000001	3.464320186845331
36.6500000001	3.466866784158824
36.7000000001	3.469407134931454
36.7500000001	3.471941269496211
36.8000000001	3.4744692180491117
36.8500000001	3.4769910106493085
36.9000000001	3.479506677219201
36.9500000001	3.482016247544559
37.0000000001	3.4845197512746484
37.0500000001	3.487017217922369
37.1000000001	3.4895086768643964
37.1500000001	3.491994157341332
37.2000000001	3.494473688457859
37.2500000001	3.4969472991829074
37.3000000001	3.4994150183498216
37.3500000001	3.5018768746565407
37.4000000001	3.504332896665777
37.4500000001	3.5067831128052105
37.5000000001	3.5092275513676823
37.5500000001	3.5116662405113956
37.6000000001	3.5140992082601263
37.6500000001	3.5165264825034357
37.7000000001	3.5189480909968904
37.7500000001	3.52136406136229
37.8000000001	3.523774421087895
37.8500000001	3.526179197528669
37.9000000001	3.5285784179065147
37.9500000001	3.5309721093105293
38.0000000001	3.5333602986972523
38.0500000001	3.5357430128909266
38.1000000001	3.5381202785837624
38.1500000001	3.5404921223362043
38.2000000001	3.5428585705772067
38.2500000001	3.545219649604513
38.3000000001	3.5475753855849366
38.3500000001	3.549925804554652
38.4000000001	3.552270932419484
38.4500000001	3.5546107949552095
38.5000000001	3.556945417807856
38.5500000001	3.5592748264940086
38.6000000001	3.561599046401122
38.6500000001	3.563918102787831
38.7000000001	3.566232020784275
38.7500000001	3.5685408253924167
38.8000000001	3.5708445414863696
38.8500000001	3.573143193812731
38.9000000001	3.5754368069909135
38.9500000001	3.5777254055134846
39.0000000001	3.58000901374651
39.0500000001	3.5822876559298957
39.1000000001	3.584561356177741
39.1500000001	3.5868301384786876
39.2000000001	3.589094026696278
39.2500000001	3.591353044569314
39.3000000001	3.593607215712217
39.3500000001	3.5958565636153974
39.4000000001	3.5981011116456183
39.4500000001	3.6003408830463726
39.5000000001	3.6025759009382536
39.5500000001	3.604806188319333
39.6000000001	3.607031768065544
39.6500000001	3.60925266293106
39.7000000001	3.6114688955486836
39.7500000001	3.6136804884302345
39.8000000001	3.615887463966938
39.8500000001	3.6180898444298224
39.9000000001	3.6202876519701106
39.9500000001	3.6224809086196212
40.0000000001	3.6246696362911686
40.0500000001	3.6268538567789634
40.1000000001	3.629033591759021
40.1500000001	3.6312088627895647
40.2000000001	3.6333796913114385
40.2500000001	3.635546098648516
40.3000000001	3.637708106008114
40.3500000001	3.6398657344814067
40.4000000001	3.642019005043844
40.4500000001	3.6441679385555696
40.5000000001	3.6463125557618405
40.5500000001	3.6484528772934497
40.6000000001	3.6505889236671503
40.6500000001	3.6527207152860783
40.7000000001	3.6548482724401827
40.7500000001	3.6569716153066523
40.8000000001	3.6590907639503434
40.8500000001	3.6612057383242136
40.9000000001	3.6633165582697518
40.9500000001	3.6654232435174143
41.0000000001	3.667525813687057
41.0500000001	3.6696242882883725
41.1000000001	3.671718686721327
41.1500000001	3.673809028276598
41.2000000001	3.675895332136014
41.2500000001	3.677977617372995
41.3000000001	3.6800559029529922
41.3500000001	3.682130207733932
41.4000000001	3.6842005504666564
41.4500000001	3.686266949795368
41.5000000001	3.688329424258075
41.5500000001	3.6903879922870337
41.6000000001	3.692442672209198
41.6500000001	3.6944934822466626
41.7000000001	3.6965404405171123
41.7500000001	3.6985835650342676
41.8000000001	3.7006228737083338
41.8500000001	3.7026583843464507
41.9000000001	3.7046901146531384
41.9500000001	3.70671808223075
42.0000000001	3.7087423045799204
42.0500000001	3.710762799100015
42.1000000001	3.7127795830895822
42.1500000001	3.7147926737468016
42.2000000001	3.7168020881699375
42.2500000001	3.7188078433577885
42.3000000001	3.720809956210138
42.3500000001	3.722808443528208
42.4000000001	3.7248033220151067
42.4500000001	3.726794608276284
42.5000000001	3.72878231881998
42.5500000001	3.7307664700576773
42.6000000001	3.7327470783045533
42.6500000001	3.73472415977993
42.7000000001	3.7366977306077267
42.7500000001	3.7386678068169097
42.8000000001	3.740634404341943
42.8500000001	3.7425975390232415
42.9000000001	3.744557226607618
42.9500000001	3.746513482748735
43.0000000001	3.748466323007556
43.0500000001	3.750415762852792
43.1000000001	3.752361817661354
43.1500000001	3.7543045027187976
43.2000000001	3.7562438332197763
43.2500000001	3.758179824268488
43.3000000001	3.7601124908791186
43.3500000001	3.762041847976295
43.4000000001	3.7639679103955284
43.4500000001	3.765890692883661
43.5000000001	3.7678102100993116
43.5500000001	3.76972647661332
43.6000000001	3.771639506909193
43.6500000001	3.7735493153835455
43.7000000001	3.7754559163465466
43.7500000001	3.77735932402236
43.8000000001	3.7792595525495862
43.8500000001	3.781156615981704
43.9000000001	3.783050528287509
43.9500000001	3.784941303351556
44.0000000001	3.7868289549745975
44.0500000001	3.788713496874018
44.1000000001	3.7905949426842747
44.1500000001	3.7924733059573335
44.2000000001	3.7943486001631035
44.2500000001	3.7962208386898726
44.3000000001	3.798090034844739
44.3500000001	3.799956201854048
44.4000000001	3.8018193528638196
44.4500000001	3.803679500940183
44.5000000001	3.8055366590698045
44.5500000001	3.807390840160317
44.6000000001	3.8092420570407484
44.6500000001	3.811090322461949
44.7000000001	3.812935649097015
44.7500000001	3.8147780495417187
44.8000000001	3.8166175363149266
44.8500000001	3.8184541218590256
44.9000000001	3.820287818540344
44.9500000001	3.8221186386495725
45.0000000001	3.823946594402183
45.0500000001	3.8257716979388476
45.1000000001	3.827593961325856
45.1500000001	3.829413396555531
45.2000000001	3.8312300155466437
45.2500000001	3.833043830144829
45.3000000001	3.834854852122994
45.3500000001	3.836663093181735
45.4000000001	3.8384685649497423
45.4500000001	3.840271278984213
45.5000000001	3.8420712467712574
45.5500000001	3.843868479726304
45.6000000001	3.8456629891945076
45.6500000001	3.847454786451151
45.7000000001	3.849243882702048
45.7500000001	3.851030289083946
45.8000000001	3.8528140166649245
45.8500000001	3.8545950764447947
45.9000000001	3.856373479355497
45.9500000001	3.858149236261496
46.0000000001	3.8599223579601776
46.0500000001	3.861692855182239
46.1000000001	3.863460738592084
46.1500000001	3.8652260187882113
46.2000000001	3.8669887063036055
46.2500000001	3.8687488116061246
46.3000000001	3.8705063450988852
46.3500000001	3.87226131712065
46.4000000001	3.8740137379462087
46.4500000001	3.875763617786763
46.5000000001	3.8775109667903074
46.5500000001	3.8792557950420044
46.6000000001	3.8809981125645696
46.6500000001	3.882737929318642
46.7000000001	3.8844752552031627
46.7500000001	3.8862101000557483
46.8000000001	3.8879424736530606
46.8500000001	3.889672385711182
46.9000000001	3.89139984588598
46.9500000001	3.893124863773479
47.0000000001	3.894847448910224
47.0500000001	3.8965676107736473
47.1000000001	3.8982853587824304
47.1500000001	3.9000007022968677
47.2000000001	3.9017136506192256
47.2500000001	3.9034242129941026
47.3000000001	3.905132398608785
47.3500000001	3.906838216593606
47.4000000001	3.9085416760222964
47.4500000001	3.9102427859123394
47.5000000001	3.911941555225324
47.5500000001	3.913637992867291
47.6000000001	3.915332107689085
47.6500000001	3.917023908486698
47.7000000001	3.9187134040016174
47.7500000001	3.9204006029211698
47.8000000001	3.9220855138788613
47.8500000001	3.92376814545472
47.9000000001	3.9254485061756346
47.9500000001	3.9271266045156925
48.0000000001	3.9288024488965156
48.0500000001	3.930476047687595
48.1000000001	3.9321474092066246
48.1500000001	3.9338165417198323
48.2000000001	3.9354834534423095
48.2500000001	3.9371481525383416
48.3000000001	3.9388106471217323
48.3500000001	3.9404709452561306
48.4000000001	3.942129054955354
48.4500000001	3.9437849841837123
48.5000000001	3.9454387408563267
48.5500000001	3.9470903328394487
48.6000000001	3.9487397679507805
48.6500000001	3.950387053959788
48.7000000001	3.9520321985880167
48.7500000001	3.9536752095094063
48.8000000001	3.9553160943505996
48.8500000001	3.9569548606912543
48.9000000001	3.9585915160643497
48.9500000001	3.9602260679564965
49.0000000001	3.9618585238082393
49.0500000001	3.963488891014361
49.1000000001	3.965117176924187
49.1500000001	3.9667433888418833
49.2000000001	3.9683675340267577
49.2500000001	3.969989619693557
49.3000000001	3.9716096530127616
49.3500000001	3.9732276411108827
49.4000000001	3.9748435910707527
49.4500000001	3.97645750993182
49.5000000001	3.9780694046904355
49.5500000001	3.9796792823001437
49.6000000001	3.9812871496719677
49.6500000001	3.9828930136746967
49.7000000001	3.984496881135169
49.7500000001	3.9860987588385535
49.8000000001	3.987698653528631
49.8500000001	3.989296571908077
49.9000000001	3.9908925206387322
49.9500000001	3.992486506341887
50.0000000001	3.9940785356048827
50.0500000001	3.9956686143984177
50.1000000001	3.9972567502908367
50.1500000001	3.9988429492654234
50.2000000001	4.000427217729726
50.2500000001	4.002009560435322
50.3000000001	4.003589986971812
50.3500000001	4.005168502068203
50.4000000001	4.006745111935846
50.4500000001	4.008319822803684
50.5000000001	4.009892640863433
50.5500000001	4.011463572319723
50.6000000001	4.013032623267861
50.6500000001	4.0145997997703065
50.7000000001	4.016165107861571
50.7500000001	4.0177285535598015
50.8000000001	4.019290142865
50.8500000001	4.020849881695487
50.9000000001	4.022407775971425
50.9500000001	4.0239638315375075
51.0000000001	4.0255180541879385
51.0500000001	4.0270704497616645
51.1000000001	4.0286210240327005
51.1500000001	4.030169782776425
51.2000000001	4.031716731642655
51.2500000001	4.033261871882311
51.3000000001	4.034805217590716
51.3500000001	4.036346770527711
51.4000000001	4.037886535967359
51.4500000001	4.039424519483998
51.5000000001	4.04096072656503
51.5500000001	4.0424951626531636
51.6000000001	4.044027833163205
51.6500000001	4.045558743563039
51.7000000001	4.0470878991662005
51.7500000001	4.048615305313182
51.8000000001	4.05014096729093
51.8500000001	4.051664890382273
51.9000000001	4.053187079866045
51.9500000001	4.054707540964172
52.0000000001	4.056226278784818
52.0500000001	4.0577432984284405
52.1000000001	4.059258605085522
52.1500000001	4.060772203909217
52.2000000001	4.062284099909822
52.2500000001	4.063794298160196
52.3000000001	4.065302803573111
52.3500000001	4.066809621079191
52.4000000001	4.068314755638658
52.4500000001	4.069818212205847
52.5000000001	4.071319995617511
52.5500000001	4.07282011075755
52.6000000001	4.07431856250626
52.6500000001	4.07581535562436
52.7000000001	4.077310494871549
52.7500000001	4.078803985026939
52.8000000001	4.080295830808976
52.8500000001	4.081786036951267
52.9000000001	4.083274608051069
52.9500000001	4.084761548732283
53.0000000001	4.086246863645789
53.0500000001	4.087730557377859
53.1000000001	4.089212634491648
53.1500000001	4.090693099501325
53.2000000001	4.092171956920457
53.2500000001	4.093649211739118
53.3000000001	4.095124863325263
53.3500000001	4.096598920429061
53.4000000001	4.098071392517081
53.4500000001	4.09954227870369
53.5000000001	4.101011583881584
53.5500000001	4.102479312349987
53.6000000001	4.103945468414224
53.6500000001	4.105410056352011
53.7000000001	4.106873080422478
53.7500000001	4.108334544977921
53.8000000001	4.109794454164696
53.8500000001	4.111252812116481
53.9000000001	4.112709622990777
53.9500000001	4.11416489098628
54.0000000001	4.115618620211477
54.0500000001	4.117070814800963
54.1000000001	4.118521478793568
54.1500000001	4.119970616197973
54.2000000001	4.121418231085885
54.2500000001	4.122864327471811
54.3000000001	4.1243089093268335
54.3500000001	4.125751980639237
54.4000000001	4.127193545391905
54.4500000001	4.128633607374137
54.5000000001	4.1300721705811005
54.5500000001	4.131509238913153
54.6000000001	4.132944816234116
54.6500000001	4.134378906310154
54.7000000001	4.135811513003094
54.7500000001	4.137242640089331
54.8000000001	4.1386722913538865
54.8500000001	4.1401004706196725
54.9000000001	4.141527181622511
54.9500000001	4.142952428052082
55.0000000001	4.144376213584041
55.0500000001	4.145798541859247
55.1000000001	4.1472194166133285
55.1500000001	4.148638841533814
55.2000000001	4.15005682022003
55.2500000001	4.1514733562205635
55.3000000001	4.15288845309029
55.3500000001	4.154302114442898
55.4000000001	4.155714343806109
55.4500000001	4.157125144801136
55.5000000001	4.1585345209254845
55.5500000001	4.159942475601104
55.6000000001	4.161349012274819
55.6500000001	4.162754134477115
55.7000000001	4.164157845541343
55.7500000001	4.1655601489396545
55.8000000001	4.166961048148569
55.8500000001	4.168360546501557
55.9000000001	4.169758647387889
55.9500000001	4.171155354108103
56.0000000001	4.172550670048516
56.0500000001	4.173944598541425
56.1000000001	4.175337142872692
56.1500000001	4.176728306326636
56.2000000001	4.178118092148894
56.2500000001	4.1795065035681365
56.3000000001	4.1808935437712
56.3500000001	4.182279216049478
56.4000000001	4.183663523650272
56.4500000001	4.185046469776788
56.5000000001	4.186428058205228
56.5500000001	4.187808284920697
56.6000000001	4.189187159571249
56.6500000001	4.190564691730775
56.7000000001	4.191940877386696
56.7500000001	4.193315720346067
56.8000000001	4.194689223715492
56.8500000001	4.196061390545004
56.9000000001	4.197432223804696
56.9500000001	4.198801726522069
57.0000000001	4.200169901804869
57.0500000001	4.201536752612553
57.1000000001	4.202902281897507
57.1500000001	4.204266492646218
57.2000000001	4.205629387832962
57.2500000001	4.206990970502893
57.3000000001	4.20835124349873
57.3500000001	4.209710209763998
57.4000000001	4.211067872183709
57.4500000001	4.2124242336825635
57.5000000001	4.213779297140831
57.5500000001	4.215133065326309
57.6000000001	4.216485541091428
57.6500000001	4.217836727285421
57.7000000001	4.219186626866193
57.7500000001	4.220535242460515
57.8000000001	4.22188257686518
57.8500000001	4.223228632992984
57.9000000001	4.224573413555346
57.9500000001	4.225916921309583
58.0000000001	4.227259159025113
58.0500000001	4.228600129511276
58.1000000001	4.229939835439328
58.1500000001	4.231278279505433
58.2000000001	4.232615464445327
58.2500000001	4.233951392973501
58.3000000001	4.2352860677921935
58.3500000001	4.236619491478585
58.4000000001	4.237951666610002
58.4500000001	4.239282595868971
58.5000000001	4.240612281954828
58.5500000001	4.241940727486821
58.6000000001	4.243267935103351
58.6500000001	4.244593907367644
58.7000000001	4.245918646849066
58.7500000001	4.247242156100751
58.8000000001	4.248564437662059
58.8500000001	4.249885494141477
58.9000000001	4.251205327979605
58.9500000001	4.252523941698822
59.0000000001	4.253841337913273
59.0500000001	4.255157519112602
59.1000000001	4.2564724877825
59.1500000001	4.257786246330209
59.2000000001	4.259098797217611
59.2500000001	4.260410142907277
59.3000000001	4.26172028591027
59.3500000001	4.263029228668191
59.4000000001	4.264336973627194
59.4500000001	4.265643523148921
59.5000000001	4.266948879639182
59.5500000001	4.268253045542429
59.6000000001	4.269556023323075
59.6500000001	4.270857815279356
59.7000000001	4.2721584237445605
59.7500000001	4.273457851068031
59.8000000001	4.274756099599536
59.8500000001	4.276053171729496
59.9000000001	4.277349069821639
59.9500000001	4.278643796176482
60.0000000001	4.279937353107152
60.0500000001	4.281229742923034
60.1000000001	4.282520967868043
60.1500000001	4.283811030122802
60.2000000001	4.285099932145512
60.2500000001	4.286387676120369
60.3000000001	4.2876742643857755
60.3500000001	4.2889596990903485
60.4000000001	4.290243982439161
60.4500000001	4.291527116718206
60.5000000001	4.292809104133388
60.5500000001	4.294089946890129
60.6000000001	4.2953696471718095
60.6500000001	4.296648207220816
60.7000000001	4.297925629163463
60.7500000001	4.2992019151816425
60.8000000001	4.300477067473347
60.8500000001	4.301751088252279
60.9000000001	4.303023979683236
60.9500000001	4.30429574468466
61.0000000001	4.305566379611467
61.0500000001	4.30683588607988
61.1000000001	4.30810428139152
61.1500000001	4.30937155782393
61.2000000001	4.310637717501303
61.2500000001	4.311902762691739
61.3000000001	4.313166695454573
61.3500000001	4.3144295178971435
61.4000000001	4.3156912319664835
61.4500000001	4.316951839719314
61.5000000001	4.318211343394048
61.5500000001	4.319469744975924
61.6000000001	4.320727046450809
61.6500000001	4.32198324992606
61.7000000001	4.323238357398315
61.7500000001	4.324492370876042
61.8000000001	4.32574529234405
61.8500000001	4.3269971238624985
61.9000000001	4.328247867432063
61.9500000001	4.329497524944896
62.0000000001	4.330746098438164
62.0500000001	4.331993589926654
62.1000000001	4.3332400013310695
62.1500000001	4.334485334579169
62.2000000001	4.335729591640926
62.2500000001	4.336972774582149
62.3000000001	4.338214885141907
62.3500000001	4.339455925265057
62.4000000001	4.340695896998559
62.4500000001	4.341934802312045
62.5000000001	4.343172642589458
62.5500000001	4.344409420618112
62.6000000001	4.345645137921269
62.6500000001	4.346879796393652
62.7000000001	4.348113397880246
62.7500000001	4.349345944196977
62.8000000001	4.350577437256892
62.8500000001	4.351807878858176
62.9000000001	4.353037270929797
62.9500000001	4.354265615326296
63.0000000001	4.355492913821234
63.0500000001	4.356719168264773
63.1000000001	4.357944380514058
63.1500000001	4.359168552439737
63.2000000001	4.3603916858965155
63.2500000001	4.36161378277659
63.3000000001	4.362834844806208
63.3500000001	4.3640548737509945
63.4000000001	4.365273871523687
63.4500000001	4.366491839961549
63.5000000001	4.3677087807296875
63.5500000001	4.368924695519741
63.6000000001	4.370139586168947
63.6500000001	4.371353454589273
63.7000000001	4.372566302576772
63.7500000001	4.3737781317737765
63.8000000001	4.374988943721734
63.8500000001	4.376198740336474
63.9000000001	4.377407523474704
63.9500000001	4.378615294819057
64.0000000001	4.37982205617396
64.0500000001	4.381027809188336
64.1000000001	4.382232555595398
64.1500000001	4.383436297074718
64.2000000001	4.3846390354279325
64.2500000001	4.385840772366786
64.3000000001	4.387041509546753
64.3500000001	4.388241248655021
64.4000000001	4.389439991239484
64.4500000001	4.390637738998507
64.5000000001	4.391834493703831
64.5500000001	4.393030257143739
64.6000000001	4.39422503100602
64.6500000001	4.395418816851193
64.7000000001	4.39661161629547
64.7500000001	4.397803431016711
64.8000000001	4.398994262757214
64.8500000001	4.4001841131400115
64.9000000001	4.401372983829699
64.9500000001	4.402560876399369
65.0000000001	4.403747792471718
65.0500000001	4.404933733731004
65.1000000001	4.406118701750928
65.1500000001	4.4073026979657755
65.2000000001	4.4084857240729
65.2500000001	4.4096677817361325
65.3000000001	4.410848872595063
65.3500000001	4.412028998180861
65.4000000001	4.413208160056971
65.4500000001	4.414386359837481
65.5000000001	4.41556359923869
65.5500000001	4.416739879812038
65.6000000001	4.417915202977919
65.6500000001	4.419089570363981
65.7000000001	4.420262983522303
65.7500000001	4.421435444030938
65.8000000001	4.422606953496028
65.8500000001	4.423777513333731
65.9000000001	4.424947125113093
65.9500000001	4.426115790308866
66.0000000001	4.427283510467309
66.0500000001	4.428450287309223
66.1000000001	4.429616122299713
66.1500000001	4.430781016954791
66.2000000001	4.431944972867568
66.2500000001	4.433107991547276
66.3000000001	4.434270074505568
66.3500000001	4.435431223213856
66.4000000001	4.436591439139116
66.4500000001	4.437750723828076
66.5000000001	4.4389090788174705
66.5500000001	4.4400665055654915
66.6000000001	4.441223005524061
66.6500000001	4.442378580803897
66.7000000001	4.443533223432173
66.7500000001	4.444686943699531
66.8000000001	4.445839751791736
66.8500000001	4.446991639670046
66.9000000001	4.448142609538335
66.9500000001	4.44929266293021
67.0000000001	4.450441801274078
67.0500000001	4.451590026062444
67.1000000001	4.452737338692227
67.1500000001	4.45388374058429
67.2000000001	4.455029233242245
67.2500000001	4.456173818184287
67.3000000001	4.457317496776144
67.3500000001	4.4584602704408605
67.4000000001	4.459602140513403
67.4500000001	4.46074310840969
67.5000000001	4.46188317571611
67.5500000001	4.463022343830998
67.6000000001	4.464160614109459
67.6500000001	4.4652979880064665
67.7000000001	4.466434466870076
67.7500000001	4.4675700520039525
67.8000000001	4.468704744789972
67.8500000001	4.469838546742787
67.9000000001	4.470971459249746
67.9500000001	4.472103483705811
68.0000000001	4.473234621511057
68.0500000001	4.4743648739924815
68.1000000001	4.475494242361176
68.1500000001	4.476622728102727
68.2000000001	4.477750332624135
68.2500000001	4.47887705732968
68.3000000001	4.4800029034606945
68.3500000001	4.481127872322514
68.4000000001	4.482251965427613
68.4500000001	4.483375184120775
68.5000000001	4.48449752975441
68.5500000001	4.485619003622368
68.6000000001	4.486739607110338
68.6500000001	4.487859341580298
68.7000000001	4.488978208425626
68.7500000001	4.490096208947934
68.8000000001	4.491213344310071
68.8500000001	4.492329615691287
68.9000000001	4.493445024706126
68.9500000001	4.494559572636028
69.0000000001	4.495673260892561
69.0500000001	4.496786090739384
69.1000000001	4.497898063472656
69.1500000001	4.499009180343652
69.2000000001	4.50011944262935
69.2500000001	4.501228851672604
69.3000000001	4.502337408847916
69.3500000001	4.503445115430607
69.4000000001	4.504551972720164
69.4500000001	4.5056579819714155
69.5000000001	4.506763144277964
69.5500000001	4.507867460992362
69.6000000001	4.50897093348969
69.6500000001	4.510073563097192
69.7000000001	4.511175350976366
69.7500000001	4.512276298323952
69.8000000001	4.513376406463458
69.8500000001	4.514475676714677
69.9000000001	4.515574110356924
69.9500000001	4.516671708614528
70.0000000001	4.517768472739037
70.0500000001	4.518864403983177
70.1000000001	4.519959503573435
70.1500000001	4.52105377260355
70.2000000001	4.522147212582435
70.2500000001	4.523239824769938
70.3000000001	4.524331610117555
70.3500000001	4.525422569962881
70.4000000001	4.526512705652536
70.4500000001	4.52760201837961
70.5000000001	4.52869050937753
70.5500000001	4.529778179904555
70.6000000001	4.5308650311731045
70.6500000001	4.531951064426351
70.7000000001	4.5330362807659235
70.7500000001	4.53412068145405
70.8000000001	4.5352042677352715
70.8500000001	4.536287040950326
70.9000000001	4.537369002208189
70.9500000001	4.538450152664158
71.0000000001	4.539530493486118
71.0500000001	4.540610025897803
71.1000000001	4.541688751155483
71.1500000001	4.542766670397698
71.2000000001	4.543843784586117
71.2500000001	4.544920094993952
71.3000000001	4.545995602945877
71.3500000001	4.547070309624086
71.4000000001	4.548144216183576
71.4500000001	4.549217323751062
71.5000000001	4.550289633558576
71.5500000001	4.551361146782584
71.6000000001	4.552431864604037
71.6500000001	4.553501788137484
71.7000000001	4.55457091858786
71.7500000001	4.555639257204055
71.8000000001	4.556706805183559
71.8500000001	4.55777356354476
71.9000000001	4.558839533298105
71.9500000001	4.559904715517985
72.0000000001	4.560969111384801
72.0500000001	4.562032722164414
72.1000000001	4.5630955489267
72.1500000001	4.564157592868471
72.2000000001	4.565218855181663
72.2500000001	4.566279336929242
72.3000000001	4.567339039242981
72.3500000001	4.568397963296391
72.4000000001	4.569456110186869
72.4500000001	4.570513481072364
72.5000000001	4.571570077176125
72.5500000001	4.572625899645176
72.6000000001	4.573680949526457
72.6500000001	4.574735227856951
72.7000000001	4.57578873572353
72.7500000001	4.576841474238358
72.8000000001	4.5778934446329975
72.8500000001	4.578944647960946
72.9000000001	4.579995085312998
72.9500000001	4.581044757880448
73.0000000001	4.582093666770026
73.0500000001	4.58314181298853
73.1000000001	4.584189197606775
73.1500000001	4.58523582177932
73.2000000001	4.586281686645913
73.2500000001	4.587326793244758
73.3000000001	4.588371142603819
73.3500000001	4.5894147358580755
73.4000000001	4.590457574085705
73.4500000001	4.591499658461142
73.5000000001	4.592540990467388
73.5500000001	4.59358156282675
73.6000000001	4.594621382095059
73.6500000001	4.5956604610550595
73.7000000001	4.596698792050293
73.7500000001	4.597736374896281
73.8000000001	4.598773211227153
73.8500000001	4.599809302226704
73.9000000001	4.600844649034048
73.9500000001	4.601879252624758
74.0000000001	4.6029131139455846
74.0500000001	4.603946233941901
74.1000000001	4.604978613655144
74.1500000001	4.60601025425775
74.2000000001	4.607041156702593
74.2500000001	4.6080713219734015
74.3000000001	4.6091007512567455
74.3500000001	4.610129445630611
74.4000000001	4.611157405989118
74.4500000001	4.612184633369361
74.5000000001	4.613211129051736
74.5500000001	4.614236894023594
74.6000000001	4.615261929205803
74.6500000001	4.616286235587917
74.7000000001	4.617309814108392
74.7500000001	4.61833266590547
74.8000000001	4.619354792114057
74.8500000001	4.620376193690928
74.9000000001	4.621396871595704
74.9500000001	4.622416826937537
75.0000000001	4.62343606079159
75.0500000001	4.624454574095256
75.1000000001	4.625472367664931
75.1500000001	4.626489442553049
75.2000000001	4.6275057997614235
75.2500000001	4.628521440108387
75.3000000001	4.629536364828468
75.3500000001	4.630550574963465
75.4000000001	4.63156407149837
75.4500000001	4.632576855417513
75.5000000001	4.63358892770601
75.5500000001	4.634600289265301
75.6000000001	4.635610941195231
75.6500000001	4.636620884490018
75.7000000001	4.637630120189433
75.7500000001	4.638638649321999
75.8000000001	4.639646472741536
75.8500000001	4.640653591476102
75.9000000001	4.641660006550099
75.9500000001	4.64266571888689
76.0000000001	4.643670729271736
76.0500000001	4.644675038759761
76.1000000001	4.645678648439159
76.1500000001	4.646681559326539
76.2000000001	4.647683772384858
76.2500000001	4.648685288435232
76.3000000001	4.6496861084016565
76.3500000001	4.6506862331865975
76.4000000001	4.651685663814212
76.4500000001	4.652684401425749
76.5000000001	4.653682447104057
76.5500000001	4.654679801670075
76.6000000001	4.655676465899551
76.6500000001	4.656672440621394
76.7000000001	4.657667726942646
76.7500000001	4.658662325838944
76.8000000001	4.659656238304392
76.8500000001	4.660649465011176
76.9000000001	4.661642007051293
76.9500000001	4.662633865543387
77.0000000001	4.663625041367079
77.0500000001	4.664615535310708
77.1000000001	4.665605348359325
77.1500000001	4.6665944815527585
77.2000000001	4.667582935866759
77.2500000001	4.668570712212853
77.3000000001	4.669557811289454
77.3500000001	4.670544234015853
77.4000000001	4.6715299813919176
77.4500000001	4.672515054454194
77.5000000001	4.673499454139165
77.5500000001	4.67448318122961
77.6000000001	4.67546623664866
77.6500000001	4.676448621274225
77.7000000001	4.67743033595508
77.7500000001	4.678411381639334
77.8000000001	4.679391759274242
77.8500000001	4.680371469758289
77.9000000001	4.68135051402842
77.9500000001	4.6823288929203635
78.0000000001	4.683306607356523
78.0500000001	4.6842836582875576
78.1000000001	4.685260046660617
78.1500000001	4.686235773430732
78.2000000001	4.6872108394366405
78.2500000001	4.688185245522372
78.3000000001	4.689158992541782
78.3500000001	4.690132081402187
78.4000000001	4.691104512976358
78.4500000001	4.692076288091362
78.5000000001	4.693047407631018
78.5500000001	4.694017872480471
78.6000000001	4.694987683500896
78.6500000001	4.695956841485399
78.7000000001	4.696925347422253
78.7500000001	4.697893202175999
78.8000000001	4.698860406531916
78.8500000001	4.699826961391409
78.9000000001	4.700792867731007
78.9500000001	4.701758126457288
79.0000000001	4.702722738449425
79.0500000001	4.703686704572596
79.1000000001	4.704650025663311
79.1500000001	4.705612702557298
79.2000000001	4.706574736147773
79.2500000001	4.7075361273249685
79.3000000001	4.708496877018493
79.3500000001	4.709456985972748
79.4000000001	4.710416454940001
79.4500000001	4.711375284740734
79.5000000001	4.71233347624792
79.5500000001	4.713291030375446
79.6000000001	4.714247948033371
79.6500000001	4.715204230076909
79.7000000001	4.716159877408248
79.7500000001	4.7171148908530665
79.8000000001	4.718069271222449
79.8500000001	4.719023019307
79.9000000001	4.7199761359184285
79.9500000001	4.720928621857756
80.0000000001	4.721880477999235
80.0500000001	4.7228317051709565
80.1000000001	4.723782304084716
80.1500000001	4.724732275580529
80.2000000001	4.725681620585008
80.2500000001	4.726630339940019
80.3000000001	4.727578434144055
80.3500000001	4.728525904297385
80.4000000001	4.729472751366395
80.4500000001	4.730418976050794
80.5000000001	4.731364579143398
80.5500000001	4.73230956142606
80.6000000001	4.733253923760134
80.6500000001	4.734197666991751
80.7000000001	4.73514079196357
80.7500000001	4.736083299514372
80.8000000001	4.737025190522079
80.8500000001	4.7379664657382525
80.9000000001	4.738907125928741
80.9500000001	4.739847171872061
81.0000000001	4.7407866043535165
81.0500000001	4.741725424247499
81.1000000001	4.742663632308879
81.1500000001	4.743601229344563
81.2000000001	4.744538216979797
81.2500000001	4.74547459366203
81.3000000001	4.746410353264201
81.3500000001	4.747345507826569
81.4000000001	4.7482800619877334
81.4500000001	4.749214009806383
81.5000000001	4.7501473517414965
81.5500000001	4.751080088909628
81.6000000001	4.752012222154553
81.6500000001	4.752943752327802
81.7000000001	4.753874680139413
81.7500000001	4.754805006315596
81.8000000001	4.755734731661252
81.8500000001	4.756663856913777
81.9000000001	4.757592382912529
81.9500000001	4.75852031055553
82.0000000001	4.759447640482194
82.0500000001	4.760374373495114
82.1000000001	4.761300510341517
82.1500000001	4.7622260517889075
82.2000000001	4.763150998602707
82.2500000001	4.76407535152746
82.3000000001	4.7649991113061905
82.3500000001	4.765922278691254
82.4000000001	4.766844854447406
82.4500000001	4.767766839364857
82.5000000001	4.768688234260915
82.5500000001	4.76960903990022
82.6000000001	4.770529256983351
82.6500000001	4.771448886353201
82.7000000001	4.7723679287752905
82.7500000001	4.7732863849971015
82.8000000001	4.774204255723834
82.8500000001	4.775121541726792
82.9000000001	4.776038243789136
82.9500000001	4.776954362551631
83.0000000001	4.777869898632838
83.0500000001	4.778784852966413
83.1000000001	4.779699226217434
83.1500000001	4.78061301914663
83.2000000001	4.781526232552265
83.2500000001	4.782438867078077
83.3000000001	4.78335092350301
83.3500000001	4.784262402468691
83.4000000001	4.785173304647907
83.4500000001	4.786083630891301
83.5000000001	4.786993382016198
83.5500000001	4.787902558774045
83.6000000001	4.788811161910847
83.6500000001	4.789719192183364
83.7000000001	4.7906266502078605
83.7500000001	4.791533536624947
83.8000000001	4.79243985210425
83.8500000001	4.793345597617873
83.9000000001	4.794250773849192
83.9500000001	4.795155381437546
84.0000000001	4.7960594210393115
84.0500000001	4.7969628934686845
84.1000000001	4.797865799453844
84.1500000001	4.798768139771102
84.2000000001	4.799669915091386
84.2500000001	4.800571126015234
84.3000000001	4.801471773373476
84.3500000001	4.8023718579713535
84.4000000001	4.803271380490449
84.4500000001	4.804170341587321
84.5000000001	4.805068741939474
84.5500000001	4.805966582287395
84.6000000001	4.8068638632916
84.6500000001	4.80776058563102
84.7000000001	4.808656749914864
84.7500000001	4.80955235669169
84.8000000001	4.810447406777767
84.8500000001	4.811341900975461
84.9000000001	4.8122358399929395
84.9500000001	4.8131292245349355
85.0000000001	4.814022055221519
85.0500000001	4.814914332638262
85.1000000001	4.815806057611109
85.1500000001	4.816697230828912
85.2000000001	4.817587852961545
85.2500000001	4.818477924825176
85.3000000001	4.819367447110946
85.3500000001	4.820256420351412
85.4000000001	4.821144845210279
85.4500000001	4.822032722410661
85.5000000001	4.8229200526500335
85.5500000001	4.823806836664781
85.6000000001	4.824693075190206
85.6500000001	4.825578768830688
85.7000000001	4.826463918236157
85.7500000001	4.827348524088836
85.8000000001	4.828232587085601
85.8500000001	4.829116107831191
85.9000000001	4.8299990870735865
85.9500000001	4.830881525497475
86.0000000001	4.831763423794956
86.0500000001	4.8326447827022365
86.1000000001	4.833525602846437
86.1500000001	4.8344058848671345
86.2000000001	4.835285629465188
86.2500000001	4.836164837292813
86.3000000001	4.837043509028629
86.3500000001	4.8379216452615985
86.4000000001	4.8387992465211855
86.4500000001	4.839676313595286
86.5000000001	4.84055284719823
86.5500000001	4.841428848008242
86.6000000001	4.842304316672944
86.6500000001	4.843179253741205
86.7000000001	4.844053659772222
86.7500000001	4.844927535413301
86.8000000001	4.845800881414725
86.8500000001	4.846673698409095
86.9000000001	4.847545987039847
86.9500000001	4.848417747978919
87.0000000001	4.849288981810395
87.0500000001	4.850159689134432
87.1000000001	4.851029870640743
87.1500000001	4.851899527025239
87.2000000001	4.852768658978907
87.2500000001	4.853637267119578
87.3000000001	4.854505351995313
87.3500000001	4.855372914236988
87.4000000001	4.856239954527763
87.4500000001	4.857106473623938
87.5000000001	4.857972472118366
87.5500000001	4.858837950571342
87.6000000001	4.85970290942445
87.6500000001	4.860567349401962
87.7000000001	4.861431271182047
87.7500000001	4.862294675275388
87.8000000001	4.863157562257122
87.8500000001	4.864019932942589
87.9000000001	4.8648817879232285
87.9500000001	4.865743127936119
88.0000000001	4.866603953579748
88.0500000001	4.867464265430883
88.1000000001	4.8683240641930325
88.1500000001	4.869183350480423
88.2000000001	4.870042124961902
88.2500000001	4.870900388275848
88.3000000001	4.871758140962845
88.3500000001	4.872615383539985
88.4000000001	4.873472118976891
88.4500000001	4.874328137325181
88.5000000001	4.87518385490253
88.5500000001	4.876038981570458
88.6000000001	4.876893363412011
88.6500000001	4.877747425077879
88.7000000001	4.878601130057106
88.7500000001	4.879455077513425
88.8000000001	4.880306132369599
88.8500000001	4.881157577796585
88.9000000001	4.882008972640884
88.9500000001	4.882859670626994
89.0000000001	4.883709864140608
89.0500000001	4.8845592819203105
89.1000000001	4.8854083795372345
89.1500000001	4.886257050124561
89.2000000001	4.8871049516668785
89.2500000001	4.887952207124307
89.3000000001	4.888798998957755
89.3500000001	4.889645289812804
89.4000000001	4.89049109573358
89.4500000001	4.891336267278523
89.5000000001	4.892180872302396
89.5500000001	4.893024967387151
89.6000000001	4.893868347743893
89.6500000001	4.894711267369451
89.7000000001	4.895553917040832
89.7500000001	4.896395352113556
89.8000000001	4.897236464712503
89.8500000001	4.89807670441343
89.9000000001	4.898916497747212
89.9500000001	4.899755794279988
90.0000000001	4.90059463892201
90.0500000001	4.9014328551376245
90.1000000001	4.90227037934796
90.1500000001	4.903107479157315
90.2000000001	4.903944241305865
90.2500000001	4.904780513862585
90.3000000001	4.905616320984779
90.3500000001	4.906452447516522
90.4000000001	4.907286915175291
90.4500000001	4.908120808932619
90.5000000001	4.9089543117983965
90.5500000001	4.909787312494967
90.6000000001	4.910619724884331
90.6500000001	4.911451710074627
90.7000000001	4.9122830377568025
90.7500000001	4.9131140949744525
90.8000000001	4.913943654856887
90.8500000001	4.914772908115294
90.9000000001	4.915601741786025
90.9500000001	4.916429930357452
91.0000000001	4.917257835903504
91.0500000001	4.918085164494905
91.1000000001	4.918911863159202
91.1500000001	4.9197381286353945
91.2000000001	4.920563820356695
91.2500000001	4.921389582124301
91.3000000001	4.922212793308931
91.3500000001	4.923036268751959
91.4000000001	4.923859330552266
91.4500000001	4.924682142701668
91.5000000001	4.925504304747974
91.5500000001	4.926325603773756
91.6000000001	4.927146343010198
91.6500000001	4.927965239324375
91.7000000001	4.928784885501807
91.7500000001	4.929604372250165
91.8000000001	4.930423724249409
91.8500000001	4.931242191279887
91.9000000001	4.932059708424289
91.9500000001	4.932876709234521
92.0000000001	4.933684274705039
92.0500000001	4.934499853083141
92.1000000001	4.935314365266021
92.1500000001	4.936138307481917
92.2000000001	4.936952413445515
92.2500000001	4.937766248318833
92.3000000001	4.9385797896642645
92.3500000001	4.939392483342849
92.4000000001	4.940204236871838
92.4500000001	4.941010932851015
92.5000000001	4.941821764027057
92.5500000001	4.942631962921289
92.6000000001	4.943441758111072
92.6500000001	4.944251276274077
92.7000000001	4.945060563216466
92.7500000001	4.945869044237788
92.8000000001	4.946679563485787
92.8500000001	4.947487404045704
92.9000000001	4.9482938803895875
92.9500000001	4.949100125501045
93.0000000001	4.949906225962046
93.0500000001	4.950711561040288
93.1000000001	4.951516447497663
93.1500000001	4.952320850855684
93.2000000001	4.953123330622191
93.2500000001	4.953925446497503
93.3000000001	4.954727337573513
93.3500000001	4.9555289058637015
93.4000000001	4.956330045625296
93.4500000001	4.957131619619991
93.5000000001	4.957932267005884
93.5500000001	4.958732256875166
93.6000000001	4.959531491633389
93.6500000001	4.960330805078057
93.7000000001	4.961128743620622
93.7500000001	4.961926615847893
93.8000000001	4.962723773909706
93.8500000001	4.963519848869318
93.9000000001	4.964315548815036
93.9500000001	4.965110861864991
94.0000000001	4.965905694142164
94.0500000001	4.966699187444314
94.1000000001	4.9674928221079835
94.1500000001	4.968286071875263
94.2000000001	4.96907879639161
94.2500000001	4.969871519737896
94.3000000001	4.970663395953667
94.3500000001	4.97145466479596
94.4000000001	4.97224524349762
94.4500000001	4.973034850418716
94.5000000001	4.97382442607705
94.5500000001	4.974613712260416
94.6000000001	4.97540299546098
94.6500000001	4.976190596309535
94.7000000001	4.976977183305636
94.7500000001	4.977761747424116
94.8000000001	4.9785489538086205
94.8500000001	4.979334835984033
94.9000000001	4.9801191672285094
94.9500000001	4.9809036354989225
95.0000000001	4.981688985978236
95.0500000001	4.98247081223093
95.1000000001	4.983253786076686
95.1500000001	4.984036845721745
95.2000000001	4.9848193881798855
95.2500000001	4.985599536240399
95.3000000001	4.986381154124953
95.3500000001	4.987161263395568
95.4000000001	4.987940355513902
95.4500000001	4.988719478102791
95.5000000001	4.98949803852672
95.5500000001	4.990276150606498
95.6000000001	4.991053867051651
95.6500000001	4.991831967510846
95.7000000001	4.992609288725346
95.7500000001	4.993384673594214
95.8000000001	4.994152860631708
95.8500000001	4.994933722969209
95.9000000001	4.995709768566183
95.9500000001	4.996484748927421
96.0000000001	4.997257132892397
96.0500000001	4.998024778120462
96.1000000001	4.998800061392023
96.1500000001	4.99956843654329
96.2000000001	5.000341005275735
96.2500000001	5.001110029774309
96.3000000001	5.001880077230645
96.3500000001	5.002649235812938
96.4000000001	5.003417855581526
96.4500000001	5.004185284238734
96.5000000001	5.004953139251949
96.5500000001	5.005719180266203
96.6000000001	5.006485918512907
96.6500000001	5.007253456702344
96.7000000001	5.008019232613209
96.7500000001	5.0087696664955175
96.8000000001	5.009546387590059
96.8500000001	5.01030951164566
96.9000000001	5.011072807628154
96.9500000001	5.011835909430975
97.0000000001	5.0125981397035595
97.0500000001	5.013360743252674
97.1000000001	5.014122954346207
97.1500000001	5.014884840061038
97.2000000001	5.0156416766176255
97.2500000001	5.016406225391466
97.3000000001	5.017166854412265
97.3500000001	5.017925242447827
97.4000000001	5.018682741332632
97.4500000001	5.019433732005249
97.5000000001	5.020193127910798
97.5500000001	5.0209503999910075
97.6000000001	5.021705317869922
97.6500000001	5.0224590506207205
97.7000000001	5.023213597713366
97.7500000001	5.0239686283424785
97.8000000001	5.0247209789473315
97.8500000001	5.025472363871433
97.9000000001	5.026223707125429
97.9500000001	5.02697456621758
98.0000000001	5.027725563148957
98.0500000001	5.028478228256873
98.1000000001	5.029227081942132
98.1500000001	5.0299783201331465
98.2000000001	5.030726341325693
98.2500000001	5.031474872377908
98.3000000001	5.032221894922183
98.3500000001	5.032968310534764
98.4000000001	5.033716524101186
98.4500000001	5.0344638801194925
98.5000000001	5.035208782921809
98.5500000001	5.035952583401615
98.6000000001	5.036699984544915
98.6500000001	5.037442779720532
98.7000000001	5.038185762299035
98.7500000001	5.038928920123927
98.8000000001	5.039671693654785
98.8500000001	5.040413650019695
98.9000000001	5.041151650006833
98.9500000001	5.041894686445658
99.0000000001	5.042633783147114
99.0500000001	5.043372330891793
99.1000000001	5.044110702018947
99.1500000001	5.044851982175756
99.2000000001	5.045587483629845
99.2500000001	5.046326484750336
99.3000000001	5.047063130596354
99.3500000001	5.047799376433104
99.4000000001	5.0485372114769005
99.4500000001	5.049271069557271
99.5000000001	5.050005088159619
99.5500000001	5.050738427180638
99.6000000001	5.0514719478319305
99.6500000001	5.052204127961954
99.7000000001	5.052937003835251
99.7500000001	5.053669256529263
99.8000000001	5.054401118786287
99.8500000001	5.05513310173657
99.9000000001	5.055862522755209
99.9500000001	5.056592586673707