1.e-10	0.
0.0500000001	4.391991122813191e-9
0.1000000001	6.376389537536281e-8
0.1500000001	2.9531535342302885e-7
0.2000000001	8.740703254767413e-7
0.2500000001	2.023440959917392e-6
0.3000000001	4.009796852148464e-6
0.3500000001	7.138221835801192e-6
0.4000000001	0.000011749065656451256
0.4500000001	0.000018215038871989474
0.5000000001	0.000026938703275036817
0.5500000001	0.000038350263477559354
0.6000000001	0.0000529055956784679
0.6500000001	0.00007108446821551185
0.7000000001	0.0000933889205111056
0.7500000001	0.000120341775131197
0.8000000001	0.000152485263352425
0.8500000001	0.0001903797487257011
0.9000000001	0.00023460253615061646
0.9500000001	0.0002857467562612595
1.0000000001	0.00034442031668352615
1.0500000001	0.0004112449131003225
1.1000000001	0.0004868550941531927
1.1500000001	0.000571897375086629
1.2000000001	0.0006670293957548087
1.2500000001	0.0007729191191964527
1.3000000001	0.0008902440674692143
1.3500000001	0.0010196905918410022
1.4000000001	0.001161953174777659
1.4500000001	0.0013177337614565655
1.5000000001	0.001487741118783468
1.5500000001	0.001672690220102659
1.6000000001	0.001873301653974444
1.6500000001	0.0020903010555534396
1.7000000001	0.0023244185592404872
1.7500000001	0.0025763882714029767
1.8000000001	0.0028469477620657675
1.8500000001	0.0031368375745697615
1.9000000001	0.0034468007522792865
1.9500000001	0.0037775823814943403
2.0000000001	0.004129929149790527
2.0500000001	0.0045045889190694225
2.1000000001	0.004902310312655808
2.1500000001	0.005323842315826616
2.2000000001	0.005769933889200245
2.2500000001	0.006241333594454293
2.3000000001	0.006738789231875902
2.3500000001	0.007263047489281351
2.4000000001	0.007814853601871424
2.4500000001	0.008394951022616335
2.5000000001	0.009004081102788624
2.5500000001	0.009642982782285614
2.6000000001	0.010312392289403633
2.6500000001	0.011013042849745698
2.7000000001	0.011745664403962143
2.7500000001	0.012510983334039865
2.8000000001	0.013309722197871372
2.8500000001	0.014142599471848509
2.9000000001	0.015010329301239017
2.9500000001	0.015913621258116153
3.0000000001	0.016853180106622602
3.0500000001	0.0178297055753608
3.1000000001	0.018843892136711133
3.1500000001	0.019896428792888807
3.2000000001	0.020987998868558795
3.2500000001	0.022119279809835805
3.3000000001	0.023290942989504293
3.3500000001	0.0245036535182999
3.4000000001	0.025758070062100655
3.4500000001	0.027054844664882456
3.5000000001	0.028394622577298703
3.5500000001	0.029778042090750058
3.6000000001	0.03120573437681482
3.6500000001	0.03267832333191563
3.7000000001	0.03419642542710275
3.7500000001	0.03576064956283819
3.8000000001	0.03737159692866949
3.8500000001	0.03902986086768537
3.9000000001	0.04073602674564935
3.9500000001	0.042490671824711126
4.0000000001	0.04429436514159796
4.0500000001	0.04614766739019265
4.1000000001	0.048051130808406485
4.1500000001	0.05000529906925902
4.2000000001	0.05201070717607895
4.2500000001	0.054067881361743404
4.3000000001	0.056177338991874146
4.3500000001	0.05833958847191313
4.4000000001	0.06055512915800074
4.4500000001	0.06282445127158261
4.5000000001	0.06514803581767356
4.5500000001	0.06752635450670746
4.6000000001	0.06995986967990564
4.6500000001	0.0724490342380966
4.7000000001	0.0749942915739223
4.7500000001	0.07759607550736816
4.8000000001	0.08025481022455405
4.8500000001	0.08297091021972673
4.9000000001	0.08574478024039461
4.9500000001	0.08857681523554699
5.0000000001	0.09146740030690226
5.0500000001	0.09441691066312909
5.1000000001	0.09742571157698758
5.1500000001	0.10049415834533744
5.2000000001	0.10362259625196137
5.2500000001	0.10681136053315404
5.3000000001	0.11006077634602618
5.3500000001	0.11337115873947595
5.4000000001	0.11674281262778019
5.4500000001	0.12017603276675824
5.5000000001	0.12367110373246408
5.5500000001	0.1272282999023602
5.6000000001	0.1308478854389307
5.6500000001	0.13453011427568956
5.7000000001	0.13827523010554202
5.7500000001	0.14208346637145772
5.8000000001	0.14595504625941397
5.8500000001	0.14989018269356935
5.9000000001	0.15388907833362844
5.9500000001	0.15795192557435772
6.0000000001	0.16207890654721627
6.0500000001	0.1662701931240614
6.1000000001	0.17052594692289408
6.1500000001	0.17484631931560682
6.2000000001	0.179231451437698
6.2500000001	0.18368147419991873
6.3000000001	0.1881965083018153
6.3500000001	0.19277666424713505
6.4000000001	0.19742204236106067
6.4500000001	0.20213273280924007
6.5000000001	0.20690881561857968
6.5500000001	0.21175036069976771
6.6000000001	0.21665742787149667
6.6500000001	0.22163006688635314
6.7000000001	0.22666831745834393
6.7500000001	0.23177220929202907
6.8000000001	0.2369417621132297
6.8500000001	0.24217698570128304
6.9000000001	0.24747787992281414
6.9500000001	0.2528444347669954
7.0000000001	0.25827663038226667
7.0500000001	0.26377443711448595
7.1000000001	0.26933781554648406
7.1500000001	0.27496671653899607
7.2000000001	0.2806610812729411
7.2500000001	0.2864208412930258
7.3000000001	0.2922459185526429
7.3500000001	0.2981362254600404
7.4000000001	0.3040916649257352
7.4500000001	0.3101121304111446
7.5000000001	0.3161975059784135
7.5500000001	0.3223476663414087
7.6000000001	0.32856247691785856
7.6500000001	0.3348417938826129
7.7000000001	0.3411854642219986
7.7500000001	0.3475933257892488
7.8000000001	0.3540652073609806
7.8500000001	0.36060092869469934
7.9000000001	0.36720030058730574
7.9500000001	0.3738631249345842
8.0000000001	0.38058919479164977
8.0500000001	0.38737829443433136
8.1000000001	0.3942301994214685
8.1500000001	0.40114467665810377
8.2000000001	0.40812148445954344
8.2500000001	0.4151603726162727
8.3000000001	0.4222610824596971
8.3500000001	0.42942334692869577
8.4000000001	0.4366468906369633
8.4500000001	0.44393142994111845
8.5000000001	0.4512766730095651
8.5500000001	0.45868231989207864
8.6000000001	0.4661480625901051
8.6500000001	0.47367358512775015
8.7000000001	0.4812585636234374
8.7500000001	0.48890266636222335
8.8000000001	0.4966055538687421
8.8500000001	0.5043668789807687
8.9000000001	0.5121862869233799
8.9500000001	0.5200634153836909
9.0000000001	0.5279978945861596
9.0500000001	0.5359893473684291
9.1000000001	0.5440373892576998
9.1500000001	0.5521416285476123
9.2000000001	0.5603016663756182
9.2500000001	0.5685170968008318
9.3000000001	0.5767875068823367
9.3500000001	0.5851124767579361
9.4000000001	0.5934915797233316
9.4500000001	0.601924382311707
9.5000000001	0.6104104443737131
9.5500000001	0.6189493191578238
9.6000000001	0.6275405533910606
9.6500000001	0.6361836873600629
9.7000000001	0.6448782549924885
9.7500000001	0.6536237839387355
9.8000000001	0.6624197956539623
9.8500000001	0.6712658054803983
9.9000000001	0.6801613227299277
9.9500000001	0.6891058507669289
10.0000000001	0.6980988870913637
10.0500000001	0.7071399234220916
10.1000000001	0.7162284457804048
10.1500000001	0.7253639345737651
10.2000000001	0.7345458646797282
10.2500000001	0.743773705530048
10.3000000001	0.753046921194939
10.3500000001	0.7623649704674921
10.4000000001	0.771727306948226
10.4500000001	0.781133379129761
10.5000000001	0.7905826304816073
10.5500000001	0.8000744995350482
10.6000000001	0.809608419968113
10.6500000001	0.819183820690624
10.7000000001	0.8288001259293031
10.7500000001	0.8384567553129323
10.8000000001	0.8481531239575498
10.8500000001	0.8578886425516751
10.9000000001	0.8676627174415503
10.9500000001	0.8774747507163823
11.0000000001	0.8873241402935826
11.0500000001	0.8972102800039853
11.1000000001	0.9071325596770382
11.1500000001	0.9170903652259553
11.2000000001	0.9270830787328159
11.2500000001	0.937110078533607
11.3000000001	0.9471707393031903
11.3500000001	0.9572644321401917
11.4000000001	0.9673905246517989
11.4500000001	0.9775483810384539
11.5000000001	0.9877373621784407
11.5500000001	0.9979568257123461
11.6000000001	1.008206126127394
11.6500000001	1.0184846148416395
11.7000000001	1.0287916402880115
11.7500000001	1.0391265479982006
11.8000000001	1.0494886806863755
11.8500000001	1.0598773783327273
11.9000000001	1.070291978266827
11.9500000001	1.0807318152507874
12.0000000001	1.0911962215622268
12.0500000001	1.1016845270770181
12.1000000001	1.1121960593518205
12.1500000001	1.1227301437063861
12.2000000001	1.1332861033056258
12.2500000001	1.1438632592414393
12.3000000001	1.1544609306142861
12.3500000001	1.1650784346145044
12.4000000001	1.175715086603361
12.4500000001	1.186370200193825
12.5000000001	1.1970430873310662
12.5500000001	1.2077330583726578
12.6000000001	1.2184394221684889
12.6500000001	1.229161486140374
12.7000000001	1.2398985563613478
12.7500000001	1.2506499376346523
12.8000000001	1.2614149335723912
12.8500000001	1.2721928466738626
12.9000000001	1.2829829784035516
12.9500000001	1.29378462926878
13.0000000001	1.3045970988970113
13.0500000001	1.3154196861127951
13.1000000001	1.326251689014355
13.1500000001	1.3370924050498083
13.2000000001	1.3479411310930123
13.2500000001	1.358797163519033
13.3000000001	1.3696597982792293
13.3500000001	1.3805283309759475
13.4000000001	1.391402056936822
13.4500000001	1.4022802712886728
13.5000000001	1.4131622690310024
13.5500000001	1.4240473451090756
13.6000000001	1.4349347944865887
13.6500000001	1.4458239122179168
13.7000000001	1.4567139935199331
13.7500000001	1.467604333843403
13.8000000001	1.4784942289439376
13.8500000001	1.4893829749525114
13.9000000001	1.5002698684455376
13.9500000001	1.5111542065144894
14.0000000001	1.522035286835076
14.0500000001	1.5329124077359562
14.1000000001	1.5437848682669946
14.1500000001	1.5546519682670532
14.2000000001	1.5655130084313114
14.2500000001	1.5763672903781185
14.3000000001	1.587214116715365
14.3500000001	1.5980527911063782
14.4000000001	1.608882618335334
14.4500000001	1.6197029043721782
14.5000000001	1.6305129564370653
14.5500000001	1.6413120830642953
14.6000000001	1.652099594165761
14.6500000001	1.6628748010938927
14.7000000001	1.6736370167041
14.7500000001	1.6843855554167104
14.8000000001	1.695119733278396
14.8500000001	1.7058388680230927
14.9000000001	1.7165422791324039
14.9500000001	1.7272292878954871
15.0000000001	1.7378992174684236
15.0500000001	1.7485513929330643
15.1000000001	1.7591851413553536
15.1500000001	1.7697997918431285
15.2000000001	1.780394675603384
15.2500000001	1.790969125999016
15.3000000001	1.8015224786050246
15.3500000001	1.8120540712641866
15.4000000001	1.8225632441421935
15.4500000001	1.8330493397822452
15.5000000001	1.8435117031591106
15.5500000001	1.8539496817326417
15.6000000001	1.8643626255007473
15.6500000001	1.8747498870518213
15.7000000001	1.8851108216166232
15.7500000001	1.8954447871196147
15.8000000001	1.905751144229742
15.8500000001	1.9160292564106725
15.9000000001	1.92627848997048
15.9500000001	1.9364982141107727
16.0000000001	1.946687800975274
16.0500000001	1.956846625697844
16.1000000001	1.966974066449948
16.1500000001	1.9770695044875664
16.2000000001	1.9871323241975511
16.2500000001	1.9971619131434208
16.3000000001	2.007157662110601
16.3500000001	2.0171189651510995
16.4000000001	2.0270452196276287
16.4500000001	2.0369358262571646
16.5000000001	2.0467901891539433
16.5500000001	2.0566077158719036
16.6000000001	2.06638781744656
16.6500000001	2.0761299084363194
16.7000000001	2.0858334069632356
16.7500000001	2.0954977347532013
16.8000000001	2.105122317175581
16.8500000001	2.1147065832822776
16.9000000001	2.1242499658462397
16.9500000001	2.1337519013994104
17.0000000001	2.1432118302701104
17.0500000001	2.1526291966198623
17.1000000001	2.1620034484796533
17.1500000001	2.171334037785637
17.2000000001	2.180620420414278
17.2500000001	2.189862056216931
17.3000000001	2.199058409053871
17.3500000001	2.2082089468277517
17.4000000001	2.2173131415165157
17.4500000001	2.2263704692057456
17.5000000001	2.235380410120454
17.5500000001	2.244342448656327
17.6000000001	2.253256073410398
17.6500000001	2.262120777211184
17.7000000001	2.270936057148256
17.7500000001	2.279701414601262
17.8000000001	2.2884163552684
17.8500000001	2.2970803891943365
17.9000000001	2.30569303079758
17.9500000001	2.314253798897302
18.0000000001	2.3227622167396165
18.0500000001	2.3312178120233082
18.1000000001	2.3396201169250195
18.1500000001	2.3479686681238934
18.2000000001	2.3562630068256736
18.2500000001	2.3645026787862666
18.3000000001	2.372687234334763
18.3500000001	2.3808162283959216
18.4000000001	2.3888892205121137
18.4500000001	2.396905774864742
18.5000000001	2.404865460295117
18.5500000001	2.412767850324809
18.6000000001	2.4206125231754636
18.6500000001	2.4283990617880966
18.7000000001	2.436127053841857
18.7500000001	2.4437960917722683
18.8000000001	2.4514057727889482
18.8500000001	2.4589556988928023
18.9000000001	2.466445476892705
18.9500000001	2.47387471842166
19.0000000001	2.4812430399524463
19.0500000001	2.4885500628127524
19.1000000001	2.4957954131997955
19.1500000001	2.5029787221944373
19.2000000001	2.5100996257747887
19.2500000001	2.51715776482931
19.3000000001	2.5241527851694125
19.3500000001	2.531084337541552
19.4000000001	2.537952077638831
19.4500000001	2.5447556661121014
19.5000000001	2.5514947685805742
19.5500000001	2.5581690556419376
19.6000000001	2.564778202881985
19.6500000001	2.5713218908837563
19.7000000001	2.5777998052361975
19.7500000001	2.5842116365423315
19.8000000001	2.5905570804269598
19.8500000001	2.596835837543874
19.9000000001	2.6030476135826013
19.9500000001	2.6091921192746783
20.0000000001	2.6152690703994477
20.0500000001	2.6212781877893954
20.1000000001	2.6272191973350183
20.1500000001	2.633091829989231
20.2000000001	2.6388958217713148
20.2500000001	2.644630913770407
20.3000000001	2.6502968521485406
20.3500000001	2.6558933881432245
20.4000000001	2.661420278069584
20.4500000001	2.6668772833220507
20.5000000001	2.6722641703756063
20.5500000001	2.677580710786594
20.6000000001	2.6828266811930828
20.6500000001	2.6880018633148035
20.7000000001	2.6931060439526493
20.7500000001	2.6981390149877478
20.8000000001	2.703100573380108
20.8500000001	2.7079905211668405
20.9000000001	2.7128086654599604
20.9500000001	2.7175548184437694
21.0000000001	2.7222287973718253
21.0500000001	2.7268304245634987
21.1000000001	2.731359527400119
21.1500000001	2.7358159383207177
21.2000000001	2.7401994948173667
21.2500000001	2.744510039430114
21.3000000001	2.7487474197415285
21.3500000001	2.7529114883708448
21.4000000001	2.757002102967719
21.4500000001	2.7610191262055985
21.5000000001	2.7649624257747014
21.5500000001	2.768831874374623
21.6000000001	2.7726273497065526
21.6500000001	2.7763487344651234
21.7000000001	2.7799959163298853
21.7500000001	2.783568787956409
21.8000000001	2.7870672469670237
21.8500000001	2.790491195941193
21.9000000001	2.793840542405527
21.9500000001	2.7971151988234415
22.0000000001	2.8003150825844605
22.0500000001	2.80344011599317
22.1000000001	2.806490226257822
22.1500000001	2.809465345478595
22.2000000001	2.812365410635515
22.2500000001	2.8151903635760362
22.3000000001	2.817940151002288
22.3500000001	2.8206147244579887
22.4000000001	2.8232140403150345
22.4500000001	2.8257380597597592
22.5000000001	2.8281867487788737
22.5500000001	2.8305600781450875
22.6000000001	2.8328580234024128
22.6500000001	2.8350805648511574
22.7000000001	2.8372276875326086
22.7500000001	2.83929938121341
22.8000000001	2.8412956403696388
22.8500000001	2.8432164641705766
22.9000000001	2.845061856462194
22.9500000001	2.8468318257503347
23.0000000001	2.848526385183611
23.0500000001	2.8501455525360173
23.1000000001	2.851689350189254
23.1500000001	2.8531578051147757
23.2000000001	2.8545509488555627
23.2500000001	2.855868817507617
23.3000000001	2.8571114517011873
23.3500000001	2.858278896581733
23.4000000001	2.8593712017906157
23.4500000001	2.860388421445537
23.5000000001	2.861330614120716
23.5500000001	2.862197842826815
23.6000000001	2.86299017499061
23.6500000001	2.86370768243442
23.7000000001	2.864350441355285
23.7500000001	2.8649185323039115
23.8000000001	2.865412040163369
23.8500000001	2.8658310541275647
23.9000000001	2.8661756676794745
23.9500000001	2.866445978569155
24.0000000001	2.866642088791527
24.0500000001	2.8667641045639356
24.1000000001	2.866812136303495
24.1500000001	2.8667862986042167
24.2000000001	2.866686710213925
24.2500000001	2.8665134940109627
24.3000000001	2.8662667769806958
24.3500000001	2.8659466901918087
24.4000000001	2.865553368772405
24.4500000001	2.8650869518859117
24.5000000001	2.864547582706787
24.5500000001	2.863935408396043
24.6000000001	2.863250580076576
24.6500000001	2.8624932528083202
24.7000000001	2.861663585563214
24.7500000001	2.8607617411999944
24.8000000001	2.859787886438812
24.8500000001	2.858742191835682
24.9000000001	2.857624831756758
24.9500000001	2.856435984352451
25.0000000001	2.8551758315313784
25.0500000001	2.8538445589341586
25.1000000001	2.8524423559070473
25.1500000001	2.8509694154754266
25.2000000001	2.8494259343171366
25.2500000001	2.8478121127356673
25.3000000001	2.8461281546332033
25.3500000001	2.8443742674835306
25.4000000001	2.8425506623048036
25.4500000001	2.84065755363218
25.5000000001	2.8386951594903214
25.5500000001	2.83666370136577
25.6000000001	2.834563404179195
25.6500000001	2.8323944962575216
25.7000000001	2.830157209305934
25.7500000001	2.8278517783797694
25.8000000001	2.825478441856292
25.8500000001	2.82303744140636
25.9000000001	2.8205290219659855
25.9500000001	2.8179534317077852
26.0000000001	2.815310922012333
26.0500000001	2.812601747439413
26.1000000001	2.809826165699174
26.1500000001	2.806984437623196
26.2000000001	2.804076827135457
26.2500000001	2.801103601223221
26.3000000001	2.7980650299078382
26.3500000001	2.7949613862154608
26.4000000001	2.7917929461476816
26.4500000001	2.788559988652096
26.5000000001	2.785262795592791
26.5500000001	2.78190165172076
26.6000000001	2.778476844644254
26.6500000001	2.774988664799063
26.7000000001	2.7714374054187374
26.7500000001	2.7678233625047475
26.8000000001	2.7641468347965876
26.8500000001	2.760408123741822
26.9000000001	2.7566075334660827
26.9500000001	2.752745370743015
27.0000000001	2.7488219449641775
27.0500000001	2.744837568108897
27.1000000001	2.740792554714081
27.1500000001	2.736687221843995
27.2000000001	2.732521889059999
27.2500000001	2.7282968783902524
27.3000000001	2.724012514299384
27.3500000001	2.7196691236581394
27.4000000001	2.7152670357129978
27.4500000001	2.7108065820557634
27.5000000001	2.7062880965931404
27.5500000001	2.7017119155162845
27.6000000001	2.6970783772703397
27.6500000001	2.692387822523963
27.7000000001	2.687640594138833
27.7500000001	2.6828370371391532
27.8000000001	2.6779774986811464
27.8500000001	2.673062328022546
27.9000000001	2.668091876492084
27.9500000001	2.663066497458979
28.0000000001	2.657986546302429
28.0500000001	2.6528523803811046
28.1000000001	2.647664359002656
28.1500000001	2.6424228433932218
28.2000000001	2.6371281966669557
28.2500000001	2.631780783795564
28.3000000001	2.6263809715778583
28.3500000001	2.6209291286093306
28.4000000001	2.615425625251745
28.4500000001	2.6098708336027534
28.5000000001	2.604265127465537
28.5500000001	2.5986088823184725
28.6000000001	2.592902475284831
28.6500000001	2.5871462851025044
28.7000000001	2.581340692093767
28.7500000001	2.575486078135075
28.8000000001	2.569582826626895
28.8500000001	2.563631322463584
28.9000000001	2.5576319520033013
28.9500000001	2.551585103037968
29.0000000001	2.5454911647632734
29.0500000001	2.539350527748722
29.1000000001	2.533163583907741
29.1500000001	2.5269307264678287
29.2000000001	2.5206523499407645
29.2500000001	2.514328850092866
29.3000000001	2.5079606239153107
29.3500000001	2.5015480695945125
29.4000000001	2.4950915864825607
29.4500000001	2.4885915750677206
29.5000000001	2.482048436945
29.5500000001	2.475462574786779
29.6000000001	2.4688343923135125
29.6500000001	2.462164294264501
29.7000000001	2.4554526863687283
29.7500000001	2.4486999753157805
29.8000000001	2.4419065687268335
29.8500000001	2.4350728751257207
29.9000000001	2.42819930391008
29.9500000001	2.4212862653225757
30.0000000001	2.4143341704222108
30.0500000001	2.4073434310557107
30.1000000001	2.4003144598290063
30.1500000001	2.3932476700787926
30.2000000001	2.386143475844178
30.2500000001	2.3790022918384293
30.3000000001	2.371824533420797
30.3500000001	2.3646106165684455
30.4000000001	2.3573609578484693
30.4500000001	2.3500759743900077
30.5000000001	2.3427560838564587
30.5500000001	2.3354017044177855
30.6000000001	2.328013254722933
30.6500000001	2.3205911538723365
30.7000000001	2.31313582139054
30.7500000001	2.3056476771989147
30.8000000001	2.298127141588485
30.8500000001	2.2905746351928626
30.9000000001	2.282990578961289
30.9500000001	2.2753753941317845
31.0000000001	2.267729502204414
31.0500000001	2.2600533249146593
31.1000000001	2.252347284206909
31.1500000001	2.2446118022080643
31.2000000001	2.2368473012012555
31.2500000001	2.2290542035996834
31.3000000001	2.2212329319205706
31.3500000001	2.213383908759241
31.4000000001	2.2055075567633167
31.4500000001	2.1976042986070348
31.5000000001	2.1896745569656915
31.5500000001	2.1817187544902064
31.6000000001	2.1737373137818183
31.6500000001	2.165730657366901
31.7000000001	2.15769920767191
31.7500000001	2.1496433869984597
31.8000000001	2.1415636174985244
31.8500000001	2.133460321149778
31.9000000001	2.1253339197310583
31.9500000001	2.1171848347979685
32.0000000001	2.1090134876586113
32.0500000001	2.100820299349456
32.1000000001	2.092605690611343
32.1500000001	2.0843700818656274
32.2000000001	2.0761138931904513
32.2500000001	2.0678375442971637
32.3000000001	2.0595414545068795
32.3500000001	2.0512260427271665
32.4000000001	2.0428917274288922
32.4500000001	2.0345389266231937
32.5000000001	2.026168057838601
32.5500000001	2.0177795380983077
32.6000000001	2.009373783897566
32.6500000001	2.000951211181256
32.7000000001	1.9925122353215712
32.7500000001	1.9840572710958684
32.8000000001	1.9755867326646657
32.8500000001	1.9671010335497714
32.9000000001	1.9586005866125846
32.9500000001	1.9500858040325229
33.0000000001	1.941557097285614
33.0500000001	1.9330148771232378
33.1000000001	1.9244595535510065
33.1500000001	1.9158915358078146
33.2000000001	1.907311232345024
33.2500000001	1.8987190508058136
33.3000000001	1.890115398004681
33.3500000001	1.8815006799070888
33.4000000001	1.8728753016092805
33.4500000001	1.8642396673182355
33.5000000001	1.8555941803317908
33.5500000001	1.8469392430189187
33.6000000001	1.8382752568001492
33.6500000001	1.829602622128167
33.7000000001	1.8209217384685485
33.7500000001	1.812233004280668
33.8000000001	1.803536816998763
33.8500000001	1.794833573013144
33.9000000001	1.7861236676515855
33.9500000001	1.7774074951608534
34.0000000001	1.7686854486884078
34.0500000001	1.7599579202642655
34.1000000001	1.751225300783008
34.1500000001	1.7424879799859732
34.2000000001	1.7337463464435858
34.2500000001	1.7250007875378632
34.3000000001	1.7162516894450834
34.3500000001	1.7074994371186014
34.4000000001	1.6987444142718469
34.4500000001	1.6899870033614661
34.5000000001	1.6812275855706382
34.5500000001	1.672466540792555
34.6000000001	1.6637042476140507
34.6500000001	1.6549410832994143
34.7000000001	1.6461774237743465
34.7500000001	1.6374136436100928
34.8000000001	1.6286501160077393
34.8500000001	1.619887212782662
34.9000000001	1.6111253043491574
34.9500000001	1.6023647597052175
35.0000000001	1.5936059464174852
35.0500000001	1.584849230606369
35.1000000001	1.5760949769313148
35.1500000001	1.5673435485762561
35.2000000001	1.5585953072352134
35.2500000001	1.54985061309807
35.3000000001	1.5411098248365103
35.3500000001	1.532373299590113
35.4000000001	1.523641392952626
35.4500000001	1.5149144589583878
35.5000000001	1.506192850068925
35.5500000001	1.4974769171597162
35.6000000001	1.4887670095071057
35.6500000001	1.4800634747754022
35.7000000001	1.471366659004122
35.7500000001	1.4626769065954095
35.8000000001	1.453994560301622
35.8500000001	1.4453199612130658
35.9000000001	1.436653448745915
35.9500000001	1.4279953606302762
36.0000000001	1.4193460328984282
36.0500000001	1.4107057998732264
36.1000000001	1.4020749941566584
36.1500000001	1.3934539466185794
36.2000000001	1.3848429863855949
36.2500000001	1.376242440830118
36.3000000001	1.3676526355595873
36.3500000001	1.359073894405838
36.4000000001	1.350506539414652
36.4500000001	1.3419508908354527
36.5000000001	1.333407267111172
36.5500000001	1.3248759848682823
36.6000000001	1.316357358906974
36.6500000001	1.307851702191515
36.7000000001	1.2993593258407519
36.7500000001	1.2908805391187832
36.8000000001	1.2824156494257943
36.8500000001	1.2739649622890394
36.9000000001	1.2655287813540008
36.9500000001	1.25710740837569
37.0000000001	1.2487011432101205
37.0500000001	1.240310283805938
37.1000000001	1.2319351261961984
37.1500000001	1.223575964490319
37.2000000001	1.2152330908661735
37.2500000001	1.206906795562352
37.3000000001	1.1985973668705816
37.3500000001	1.1903050911282878
37.4000000001	1.182030252711333
37.4500000001	1.1737731340268924
37.5000000001	1.1655340155064937
37.5500000001	1.1573131755992165
37.6000000001	1.1491108907650307
37.6500000001	1.1409274354683085
37.7000000001	1.1327630821714707
37.7500000001	1.1246181013287997
37.8000000001	1.1164927613804034
37.8500000001	1.1083873287463202
37.9000000001	1.1003020678207933
37.9500000001	1.0922372409666794
38.0000000001	1.084193108510017
38.0500000001	1.0761699287347486
38.1000000001	1.0681679578775785
38.1500000001	1.0601874501229973
38.2000000001	1.0522286575984394
38.2500000001	1.044291830369598
38.3000000001	1.036377216435889
38.3500000001	1.0284850617260501
38.4000000001	1.0206156100939037
38.4500000001	1.0127691033142487
38.5000000001	1.0049457810789086
38.5500000001	0.9971458809929253
38.6000000001	0.9893696385708847
38.6500000001	0.9816172872334036
38.7000000001	0.9738890583037434
38.7500000001	0.9661851810045763
38.8000000001	0.9585058824548939
38.8500000001	0.9508513876670462
38.9000000001	0.9432219195439382
38.9500000001	0.9356176988763486
39.0000000001	0.9280389443404011
39.0500000001	0.9204858724951727
39.1000000001	0.9129586977804298
39.1500000001	0.9054576325145194
39.2000000001	0.8979828868923788
39.2500000001	0.8905346689836944
39.3000000001	0.8831131847311947
39.3500000001	0.8757186379490689
39.4000000001	0.8683512303215342
39.4500000001	0.8610111614015222
39.5000000001	0.8536986286095086
39.5500000001	0.8464138272324745
39.6000000001	0.8391569504229893
39.6500000001	0.8319281891984407
39.7000000001	0.8247277324403784
39.7500000001	0.8175557668939987
39.8000000001	0.8104124771677563
39.8500000001	0.803298045733097
39.9000000001	0.7962126529243295
39.9500000001	0.7891564769386115
40.0000000001	0.7821296938360704
40.0500000001	0.775132477540051
40.1000000001	0.7681649998374747
40.1500000001	0.7612274303793409
40.2000000001	0.7543199366813351
40.2500000001	0.7474426841245683
40.3000000001	0.7405958359564402
40.3500000001	0.7337795532916118
40.4000000001	0.7269939951131137
40.4500000001	0.7202393182735585
40.5000000001	0.7135156774964826
40.5500000001	0.706823225377805
40.6000000001	0.7001621123873939
40.6500000001	0.6935324868707643
40.7000000001	0.6869344950508768
40.7500000001	0.6803682810300604
40.8000000001	0.67383398679205
40.8500000001	0.6673317522041274
40.9000000001	0.6608617150193893
40.9500000001	0.6544240108791124
41.0000000001	0.6480187733152396
41.0500000001	0.6416461337529756
41.1000000001	0.6353062215134838
41.1500000001	0.6289991638167041
41.2000000001	0.6227250857842663
41.2500000001	0.6164841104425189
41.3000000001	0.6102763587256642
41.3500000001	0.6041019494789901
41.4000000001	0.5979609994622196
41.4500000001	0.5918536233529514
41.5000000001	0.5857799337502124
41.5500000001	0.5797400411781114
41.6000000001	0.573734054089587
41.6500000001	0.567762078870268
41.7000000001	0.5618242198424216
41.7500000001	0.5559205792690088
41.8000000001	0.5500512573578379
41.8500000001	0.5442163522658068
41.9000000001	0.5384159601032555
41.9500000001	0.5326501749384008
42.0000000001	0.5269190888018744
42.0500000001	0.5212227916913558
42.1000000001	0.5155613715762898
42.1500000001	0.5099349144027089
42.2000000001	0.504343504098135
42.2500000001	0.4987872225765805
42.3000000001	0.4932661497436391
42.3500000001	0.48778036350165793
42.4000000001	0.48232993975501004
42.4500000001	0.4769149524154425
42.5000000001	0.47153547340751933
42.5500000001	0.46619157267415007
42.6000000001	0.460883318182196
42.6500000001	0.45561077592817195
42.7000000001	0.45037400994402016
42.7500000001	0.4451730823029746
42.8000000001	0.44000805312550645
42.8500000001	0.4348789805853439
42.9000000001	0.42978592091558265
42.9500000001	0.4247289284148646
43.0000000001	0.4197080554536431
43.0500000001	0.4147233524805247
43.1000000001	0.40977486802868185
43.1500000001	0.4048626487223509
43.2000000001	0.3999867392833959
43.2500000001	0.39514718253795317
43.3000000001	0.3903440194231493
43.3500000001	0.38557728899388527
43.4000000001	0.38084702842970264
43.4500000001	0.37615327304171026
43.5000000001	0.3714960562795884
43.5500000001	0.36687540973866234
43.6000000001	0.362291363167037
43.6500000001	0.35774394447281044
43.7000000001	0.35323317973134366
43.7500000001	0.3487590931926033
43.8000000001	0.34432170728856953
43.8500000001	0.33992104264070205
43.9000000001	0.33555711806747934
43.9500000001	0.3312299505919911
44.0000000001	0.3269395554495993
44.0500000001	0.32268594609566
44.1000000001	0.31846913421329964
44.1500000001	0.3142891297212603
44.2000000001	0.310145940781794
44.2500000001	0.3060395738086219
44.3000000001	0.3019700334749494
44.3500000001	0.29793732272153295
44.4000000001	0.2939414427648102
44.4500000001	0.289982393105077
44.5000000001	0.2860601715347232
44.5500000001	0.28217477414652203
44.6000000001	0.2783261953419666
44.6500000001	0.2745144278396653
44.7000000001	0.27073946268378046
44.7500000001	0.2670012892525219
44.8000000001	0.26329989526669023
44.8500000001	0.25963526679826215
44.9000000001	0.25600738827903236
44.9500000001	0.2524162425092936
45.0000000001	0.24886181066656818
45.0500000001	0.2453440723143845
45.1000000001	0.24186300541109323
45.1500000001	0.23841858631873436
45.2000000001	0.23501078981193968
45.2500000001	0.23163958908688248
45.3000000001	0.22830495577026833
45.3500000001	0.22500685992836159
45.4000000001	0.2217452700760589
45.4500000001	0.2185201531859947
45.5000000001	0.21533147469768935
45.5500000001	0.21217919852673495
45.6000000001	0.20906328707401334
45.6500000001	0.20598370123495655
45.7000000001	0.20294040040883596
45.7500000001	0.19993334250809042
45.8000000001	0.19696248396768767
45.8500000001	0.1940277797545148
45.9000000001	0.19112918337680704
45.9500000001	0.18826664689360173
46.0000000001	0.18544012092422735
46.0500000001	0.18264955465782215
46.1000000001	0.17989489586287838
46.1500000001	0.17717609089682074
46.2000000001	0.1744930847156067
46.2500000001	0.17184582088335804
46.3000000001	0.16923424158201825
46.3500000001	0.16665828762103227
46.4000000001	0.16411789844705624
46.4500000001	0.1616130121536862
46.5000000001	0.15914356549121383
46.5500000001	0.15670949387640482
46.6000000001	0.15431073140229584
46.6500000001	0.15194721084801804
46.7000000001	0.1496188636886361
46.7500000001	0.14732562010501052
46.8000000001	0.14506740899367912
46.8500000001	0.14284415797675393
46.9000000001	0.14065579341184073
46.9500000001	0.13850224040197096
47.0000000001	0.13638342280555335
47.0500000001	0.1342992632463412
47.1000000001	0.13224968312341198
47.1500000001	0.13023460262116568
47.2000000001	0.12825394071933266
47.2500000001	0.12630761520299758
47.3000000001	0.1243955426726356
47.3500000001	0.12251763855415776
47.4000000001	0.1206738171089716
47.4500000001	0.11886399144404816
47.5000000001	0.11708807352200164
47.5500000001	0.11534597417117806
47.6000000001	0.11363760309575008
47.6500000001	0.11196286888582345
47.7000000001	0.11032167902754703
47.7500000001	0.10871393991323194
47.8000000001	0.10713955685147672
47.8500000001	0.10559843407729552
47.9000000001	0.10409047476225447
47.9500000001	0.10261558102460902
48.0000000001	0.10117365393944681
48.0500000001	0.09976459354883363
48.1000000001	0.09838829887195948
48.1500000001	0.0970446679152895
48.2000000001	0.09573359768271311
48.2500000001	0.09445498418569541
48.3000000001	0.09320872245342872
48.3500000001	0.09199470654298146
48.4000000001	0.09081282954944861
48.4500000001	0.0896629836160976
48.5000000001	0.0885450599445137
48.5500000001	0.0874589488047421
48.6000000001	0.08640453954542518
48.6500000001	0.08538172060393782
48.7000000001	0.08439037951651575
48.7500000001	0.08343040292838022
48.8000000001	0.08250167660385686
48.8500000001	0.08160408543648669
48.9000000001	0.0807375134591324
48.9500000001	0.07990184385407517
49.0000000001	0.07909695896310481
49.0500000001	0.07832274029760125
49.1000000001	0.07757906854860602
49.1500000001	0.07686582359688562
49.2000000001	0.07618288452298337
49.2500000001	0.07553012961726151
49.3000000001	0.07490743638993218
49.3500000001	0.0743146815810759
49.4000000001	0.07375174117064917
49.4500000001	0.073218490388478
49.5000000001	0.07271480372423925
49.5500000001	0.07224055493742824
49.6000000001	0.07179561706731144
49.6500000001	0.07137986244286544
49.7000000001	0.07099316269270002
49.7500000001	0.07063538875496603
49.8000000001	0.07030641088724719
49.8500000001	0.07000609867643481
49.9000000001	0.0697343210485862
49.9500000001	0.06949094627876479
50.0000000001	0.06927584200119957
50.0500000001	0.06908887455395413
50.1000000001	0.06892991252618887
50.1500000001	0.06879881926380493
50.2000000001	0.06869546085896451
50.2500000001	0.06861970182710689
50.3000000001	0.06857140615396448
50.3500000001	0.0685504373207719
50.4000000001	0.06855665811552483
50.4500000001	0.06858993082873785
50.5000000001	0.06865011716831795
50.5500000001	0.06873707856811354
50.6000000001	0.0688506755278091
50.6500000001	0.0689907680986866
50.7000000001	0.06915721638772461
50.7500000001	0.06934987935384193
50.8000000001	0.0695686158995415
50.8500000001	0.06981328347947727
50.9000000001	0.07008374080648538
50.9500000001	0.07037984476841874
51.0000000001	0.0707014521558054
51.0500000001	0.07104841938547753
51.1000000001	0.07142060245096446
51.1500000001	0.0718178567337568
51.2000000001	0.07224003778632339
51.2500000001	0.0726870000837914
51.3000000001	0.07315859804916754
51.3500000001	0.07365468453911107
51.4000000001	0.07417511518561433
51.4500000001	0.07471974224027027
51.5000000001	0.07528841854259635
51.5500000001	0.07588099652693443
51.6000000001	0.07649732836292383
51.6500000001	0.07713726590566695
51.7000000001	0.07780066078175686
51.7500000001	0.07848736430246547
51.8000000001	0.07919722736615109
51.8500000001	0.07993010011295694
51.9000000001	0.08068583321772974
51.9500000001	0.08146427550580049
52.0000000001	0.08226527919973575
52.0500000001	0.08308869247736494
52.1000000001	0.08393436466892004
52.1500000001	0.08480214458129845
52.2000000001	0.08569188166217803
52.2500000001	0.08660342411294608
52.3000000001	0.08753662029380399
52.3500000001	0.08849131682732977
52.4000000001	0.08946736430339525
52.4500000001	0.09046460972950773
52.5000000001	0.0914829003437411
52.5500000001	0.09252208345406243
52.6000000001	0.09358200643139059
52.6500000001	0.09466251630401129
52.7000000001	0.09576345991283827
52.7500000001	0.09688468410549128
52.8000000001	0.09802603558458048
52.8500000001	0.09918736091611804
52.9000000001	0.1003685064682091
52.9500000001	0.10156931847266318
53.0000000001	0.10278964328084816
53.0500000001	0.10402932694218325
53.1000000001	0.10528821540457045
53.1500000001	0.10656615470076769
53.2000000001	0.10786299088957652
53.2500000001	0.10917857001207798
53.3000000001	0.11051273750309187
53.3500000001	0.11186533880974148
53.4000000001	0.11323622003320333
53.4500000001	0.11462522667398156
53.5000000001	0.11603220443961026
53.5500000001	0.11745699895791262
53.6000000001	0.11889945585225892
53.6500000001	0.1203594201608067
53.7000000001	0.1218367386835526
53.7500000001	0.1233312566094189
53.8000000001	0.12484281954146104
53.8500000001	0.12637127108176394
53.9000000001	0.12791646076414231
53.9500000001	0.12947823315880624
54.0000000001	0.1310564334500839
54.0500000001	0.13265090779895594
54.1000000001	0.13426150214957522
54.1500000001	0.13588806236556472
54.2000000001	0.1375304347468047
54.2500000001	0.1391884654318254
54.3000000001	0.14086200081459577
54.3500000001	0.14255088715883124
54.4000000001	0.1442549710812231
54.4500000001	0.14597409915565862
54.5000000001	0.1477081181580684
54.5500000001	0.14945687502223493
54.6000000001	0.15122021676976694
54.6500000001	0.15299799058504027
54.7000000001	0.15479004374815197
54.7500000001	0.1565962236149625
54.8000000001	0.15841637799774633
54.8500000001	0.1602503546982641
54.9000000001	0.1620980015672644
54.9500000001	0.16395916681683786
55.0000000001	0.1658336984811215
55.0500000001	0.1677214456316074
55.1000000001	0.16962225686793841
55.1500000001	0.17153598158813343
55.2000000001	0.17346246821617095
55.2500000001	0.17540156610813584
55.3000000001	0.17735312503031597
55.3500000001	0.17931699501055443
55.4000000001	0.18129302595901953
55.4500000001	0.18328106825183177
55.5000000001	0.18528097229013785
55.5500000001	0.1872925886504926
55.6000000001	0.189315769368414
55.6500000001	0.19135036530867078
55.7000000001	0.19339622810500412
55.7500000001	0.1954532077302269
55.8000000001	0.1975211588067487
55.8500000001	0.1995999345864221
55.9000000001	0.20168938642232304
55.9500000001	0.20378936726931052
56.0000000001	0.20589973070786938
56.0500000001	0.20802033041982781
56.1000000001	0.21015102040522082
56.1500000001	0.21229165484178347
56.2000000001	0.21444208855014057
56.2500000001	0.21660217643815338
56.3000000001	0.21877177378406687
56.3500000001	0.22095073624783046
56.4000000001	0.22313891983615086
56.4500000001	0.22533618108370757
56.5000000001	0.22754237656997
56.5500000001	0.22975736339689945
56.6000000001	0.23198099892917012
56.6500000001	0.2342131411108479
56.7000000001	0.2364536480647632
56.7500000001	0.23870237842936248
56.8000000001	0.2409591910656519
56.8500000001	0.24322394534843417
56.9000000001	0.24549650109841936
56.9500000001	0.24777671838965043
57.0000000001	0.2500644579198572
57.0500000001	0.25235958061791663
57.1000000001	0.2546619477595593
57.1500000001	0.25697142121427863
57.2000000001	0.25928786281314364
57.2500000001	0.2616111358681592
57.3000000001	0.2639411031260286
57.3500000001	0.26627762863738313
57.4000000001	0.2686205755923581
57.4500000001	0.27096980836867113
57.5000000001	0.2733251923842812
57.5500000001	0.2756865924211236
57.6000000001	0.2780538745465746
57.6500000001	0.28042690475150556
57.7000000001	0.28280555006539165
57.7500000001	0.2851896765212789
57.8000000001	0.28757915303898596
57.8500000001	0.2899738476771967
57.9000000001	0.29237362869231287
57.9500000001	0.2947783643688422
58.0000000001	0.2971879227574883
58.0500000001	0.2996021786284335
58.1000000001	0.3020210000029553
58.1500000001	0.3044442577018174
58.2000000001	0.30687182330752316
58.2500000001	0.30930356886260624
58.3000000001	0.31173936677649516
58.3500000001	0.3141790902048891
58.4000000001	0.3166226125252578
58.4500000001	0.31906980794013284
58.5000000001	0.32152055100799126
58.5500000001	0.32397471672886935
58.6000000001	0.3264321808517705
58.6500000001	0.32889281941088777
58.7000000001	0.3313565091750763
58.7500000001	0.33382312748342047
58.8000000001	0.336292551830486
58.8500000001	0.33876466063419475
58.9000000001	0.34123933255183125
58.9500000001	0.34371644735786866
59.0000000001	0.34619588462591055
59.0500000001	0.3486775249852667
59.1000000001	0.351161249392427
59.1500000001	0.3536469394881614
59.2000000001	0.3561344775031978
59.2500000001	0.3586237460157151
59.3000000001	0.36111462840541453
59.3500000001	0.3636070073993143
59.4000000001	0.3661007695226101
59.4500000001	0.36859579884933347
59.5000000001	0.37109198057910703
59.5500000001	0.37358920103062054
59.6000000001	0.37608734698826385
59.6500000001	0.3785863056558023
59.7000000001	0.3810859648803258
59.7500000001	0.3835862131406251
59.8000000001	0.38608693945100225
59.8500000001	0.3885880334759988
59.9000000001	0.39108938542363925
59.9500000001	0.39359088618866084
60.0000000001	0.3960924270544868
60.0500000001	0.398593900046486
60.1000000001	0.4010951977997613
60.1500000001	0.40359621352606556
60.2000000001	0.4060968409399312
60.2500000001	0.40859697445839366
60.3000000001	0.4110965079847613
60.3500000001	0.41359533914404034
60.4000000001	0.41609336086497906
60.4500000001	0.4185904740469262
60.5000000001	0.42108657525271154
60.5500000001	0.4235815616724625
60.6000000001	0.42607533183518087
60.6500000001	0.42856778513591887
60.7000000001	0.4310588215412101
60.7500000001	0.4335483416888479
60.8000000001	0.4360362463513032
60.8500000001	0.4385224373604424
60.9000000001	0.44100681736292824
60.9500000001	0.44348928900163
61.0000000001	0.44596975601282085
61.0500000001	0.4484481225431822
61.1000000001	0.4509242936082183
61.1500000001	0.4533981744305624
61.2000000001	0.45586967132416323
61.2500000001	0.4583386909647045
61.3000000001	0.460805140901025
61.3500000001	0.463268928916003
61.4000000001	0.46572996388707155
61.4500000001	0.46818815490219734
61.5000000001	0.4706434118221525
61.5500000001	0.4730956451849173
61.6000000001	0.47554476614315133
61.6500000001	0.4779906866071606
61.7000000001	0.4804333188358525
61.7500000001	0.4828725760353294
61.8000000001	0.48530837180536657
61.8500000001	0.4877406204362007
61.9000000001	0.4901692370697983
61.9500000001	0.49259413683539366
62.0000000001	0.49501523642819656
62.0500000001	0.4974324526789953
62.1000000001	0.4998457032590429
62.1500000001	0.5022549064382711
62.2000000001	0.5046599803322269
62.2500000001	0.5070608447480973
62.3000000001	0.5094574197654158
62.3500000001	0.5118496260997452
62.4000000001	0.514237385138824
62.4500000001	0.5166206187125821
62.5000000001	0.5189992496719757
62.5500000001	0.521373200691742
62.6000000001	0.5237423962162986
62.6500000001	0.5261067612456938
62.7000000001	0.5284662203671744
62.7500000001	0.5308206994332976
62.8000000001	0.5331701234360593
62.8500000001	0.5355144208219627
62.9000000001	0.5378535213496825
62.9500000001	0.5401873512310056
63.0000000001	0.5425158399454424
63.0500000001	0.544838917030882
63.1000000001	0.5471565127095568
63.1500000001	0.5494685578804686
63.2000000001	0.5517749842114932
63.2500000001	0.5540757239087879
63.3000000001	0.5563707095880597
63.3500000001	0.5586598750218772
63.4000000001	0.5609431541061028
63.4500000001	0.5632204817103463
63.5000000001	0.5654917930099042
63.5500000001	0.5677570240624776
63.6000000001	0.5700161116431797
63.6500000001	0.5722689929666613
63.7000000001	0.5745156060095524
63.7500000001	0.5767558891825045
63.8000000001	0.5789897816442614
63.8500000001	0.5812172232121774
63.9000000001	0.5834381543652025
63.9500000001	0.5856525160856435
64.0000000001	0.5878602499493001
64.0500000001	0.5900612983546976
64.1000000001	0.5922556040917876
64.1500000001	0.5944431109234564
64.2000000001	0.5966237629675757
64.2500000001	0.5987975050555439
64.3000000001	0.6009642828362419
64.3500000001	0.6031240416446626
64.4000000001	0.6052767283941975
64.4500000001	0.6074222904394555
64.5000000001	0.6095606756872887
64.5500000001	0.611691832564044
64.6000000001	0.6138157102551011
64.6500000001	0.6159322585120763
64.7000000001	0.6180414274538009
64.7500000001	0.620143167722794
64.8000000001	0.6222374318770161
64.8500000001	0.6243241716402491
64.9000000001	0.6264033397536273
64.9500000001	0.628474889080606
65.0000000001	0.6305387726819542
65.0500000001	0.6325949481228992
65.1000000001	0.6346433692573883
65.1500000001	0.6366839915265433
65.2000000001	0.638716771286899
65.2500000001	0.6407416657610496
65.3000000001	0.6427586325224953
65.3500000001	0.6447676294973164
65.4000000001	0.6467686156117882
65.4500000001	0.6487615501508397
65.5000000001	0.6507463932150914
65.5500000001	0.6527231052681182
65.6000000001	0.6546916474729216
65.6500000001	0.6566519813976769
65.7000000001	0.6586040692746387
65.7500000001	0.6605478742648414
65.8000000001	0.6624833599070113
65.8500000001	0.6644104900023302
65.9000000001	0.6663292293160576
65.9500000001	0.6682395426440162
66.0000000001	0.6701413961665317
66.0500000001	0.6720347561667235
66.1000000001	0.6739195894476935
66.1500000001	0.6757958634021592
66.2000000001	0.6776635461623564
66.2500000001	0.6795226063010813
66.3000000001	0.6813730130140325
66.3500000001	0.6832147355585518
66.4000000001	0.6850477451147094
66.4500000001	0.6868720121994498
66.5000000001	0.6886875080937636
66.5500000001	0.6904942047385465
66.6000000001	0.6922920738583003
66.6500000001	0.6940810896989102
66.7000000001	0.695861226069348
66.7500000001	0.6976324566379948
66.8000000001	0.6993947559902711
66.8500000001	0.7011480994209085
66.9000000001	0.7028924625866393
66.9500000001	0.7046278219726034
67.0000000001	0.7063541543120531
67.0500000001	0.7080714370473952
67.1000000001	0.7097796482504861
67.1500000001	0.7114787661259643
67.2000000001	0.7131687694963185
67.2500000001	0.7148496382940857
67.3000000001	0.7165213524169763
67.3500000001	0.7181838921336267
67.4000000001	0.7198372386833252
67.4500000001	0.7214813733540841
67.5000000001	0.7231162785983309
67.5500000001	0.7247419371924055
67.6000000001	0.7263583320855568
67.6500000001	0.7279654468917884
67.7000000001	0.7295632655315303
67.7500000001	0.7311517727760821
67.8000000001	0.732730953440881
67.8500000001	0.7343007933277879
67.9000000001	0.7358612790211532
67.9500000001	0.7374123969952535
68.0000000001	0.7389541343513517
68.0500000001	0.7404864782770675
68.1000000001	0.7420094170953055
68.1500000001	0.7435229395423064
68.2000000001	0.7450270346271937
68.2500000001	0.746521691891765
68.3000000001	0.748006901139874
68.3500000001	0.7494826531546812
68.4000000001	0.7509489386819941
68.4500000001	0.7524057491367453
68.5000000001	0.753853076643888
68.5500000001	0.7552909137365957
68.6000000001	0.756719252847526
68.6500000001	0.7581380874367618
68.7000000001	0.7595474106266726
68.7500000001	0.7609472170807163
68.8000000001	0.762337502536462
68.8500000001	0.7637182612345904
68.9000000001	0.7650894887854882
68.9500000001	0.7664511811930834
69.0000000001	0.7678033349565763
69.0500000001	0.7691459469027419
69.1000000001	0.7704790144704676
69.1500000001	0.7718025351805867
69.2000000001	0.7731165074781418
69.2500000001	0.7744209299087206
69.3000000001	0.7757158015195581
69.3500000001	0.7770011219611828
69.4000000001	0.7782768911253124
69.4500000001	0.7795431093761851
69.5000000001	0.7807997774100999
69.5500000001	0.7820468963655369
69.6000000001	0.7832844678376851
69.6500000001	0.7845124939902641
69.7000000001	0.785730977106158
69.7500000001	0.7869399202655933
69.8000000001	0.7881393267758556
69.8500000001	0.7893291996395047
69.9000000001	0.7905095432034602
69.9500000001	0.791680361949155
70.0000000001	0.7928416605935569
70.0500000001	0.7939934445671475
70.1000000001	0.7951357193064563
70.1500000001	0.7962684908164729
70.2000000001	0.7973917655709322
70.2500000001	0.7985055498132778
70.3000000001	0.7996098513081262
70.3500000001	0.8007046776389445
70.4000000001	0.8017900363430306
70.4500000001	0.8028659359790107
70.5000000001	0.8039323842189803
70.5500000001	0.8049893893792566
70.6000000001	0.8060369635562704
70.6500000001	0.8070751155517242
70.7000000001	0.8081038549284311
70.7500000001	0.8091231920780435
70.8000000001	0.8101331379841017
70.8500000001	0.8111337035989763
70.9000000001	0.8121249004611382
70.9500000001	0.8131067402800898
71.0000000001	0.8140792352448571
71.0500000001	0.8150423979192514
71.1000000001	0.8159962411538273
71.1500000001	0.8169407781839817
71.2000000001	0.8178760222698983
71.2500000001	0.8188019873565264
71.3000000001	0.8197186875320198
71.3500000001	0.8206261372972379
71.4000000001	0.8215243515324016
71.4500000001	0.82241334533913
71.5000000001	0.8232931340527192
71.5500000001	0.8241637333522193
71.6000000001	0.8250251594410656
71.6500000001	0.8258774288825437
71.7000000001	0.8267205580347423
71.7500000001	0.8275545638275419
71.8000000001	0.8283794636443789
71.8500000001	0.8291952750867386
71.9000000001	0.8300020159450926
71.9500000001	0.830799704564094
72.0000000001	0.8315883590739064
72.0500000001	0.8323679983533308
72.1000000001	0.8331386413899946
72.1500000001	0.833900307599622
72.2000000001	0.8346530164114068
72.2500000001	0.8353967876111313
72.3000000001	0.8361316413877609
72.3500000001	0.836857598365147
72.4000000001	0.8375746789527444
72.4500000001	0.8382829043808624
72.5000000001	0.8389822959434546
72.5500000001	0.8396728743862081
72.6000000001	0.8403546617879227
72.6500000001	0.8410276802847951
72.7000000001	0.8416919519299517
72.7500000001	0.8423474992890161
72.8000000001	0.8429943450876445
72.8500000001	0.8436325122902629
72.9000000001	0.8442620241578171
72.9500000001	0.8448829038983675
73.0000000001	0.8454951747896989
73.0500000001	0.8460988616874712
73.1000000001	0.8466939887161085
73.1500000001	0.8472805798660865
73.2000000001	0.8478586600479631
73.2500000001	0.8484282528758923
73.3000000001	0.848989383043319
73.3500000001	0.8495420792239093
73.4000000001	0.8500863654749412
73.4500000001	0.8506222667566896
73.5000000001	0.8511498092801305
73.5500000001	0.8516690192238053
73.6000000001	0.8521799228372277
73.6500000001	0.8526825467626111
73.7000000001	0.8531769177191204
73.7500000001	0.8536630627199444
73.8000000001	0.8541410087059464
73.8500000001	0.8546107831947141
73.9000000001	0.8550724137609105
73.9500000001	0.8555259281145415
74.0000000001	0.8559713542652816
74.0500000001	0.8564087202710446
74.1000000001	0.8568380545025165
74.1500000001	0.85725938527462
74.2000000001	0.8576727413115509
74.2500000001	0.8580781513055507
74.3000000001	0.8584756445130712
74.3500000001	0.858865250103098
74.4000000001	0.8592469972920581
74.4500000001	0.8596209155041699
74.5000000001	0.8599870345469406
74.5500000001	0.860345384334994
74.6000000001	0.8606959948501542
74.6500000001	0.8610388962051782
74.7000000001	0.8613741186293301
74.7500000001	0.861701692594343
74.8000000001	0.8620216487660685
74.8500000001	0.8623340180886611
74.9000000001	0.8626388313072831
74.9500000001	0.862936119374366
75.0000000001	0.8632259135200683
75.0500000001	0.8635082450524237
75.1000000001	0.8637831454318159
75.1500000001	0.8640506463114137
75.2000000001	0.8643107793555667
75.2500000001	0.8645635763851796
75.3000000001	0.8648090695374887
75.3500000001	0.8650472910226953
75.4000000001	0.8652782729266911
75.4500000001	0.8655020475567188
75.5000000001	0.8657186474107701
75.5500000001	0.865928105077825
75.6000000001	0.8661304533073494
75.6500000001	0.8663257248687847
75.7000000001	0.8665139526323822
75.7500000001	0.866695169584779
75.8000000001	0.8668694088402678
75.8500000001	0.8670367037285488
75.9000000001	0.8671970878839868
75.9500000001	0.8673505944627369
76.0000000001	0.8674972571853958
76.0500000001	0.8676371099105205
76.1000000001	0.8677701856171613
76.1500000001	0.8678965182988264
76.2000000001	0.8680161421599903
76.2500000001	0.8681290909066612
76.3000000001	0.8682353987674865
76.3500000001	0.8683350999183176
76.4000000001	0.8684282283435497
76.4500000001	0.8685148184461251
76.5000000001	0.8685949048374615
76.5500000001	0.8686685212480727
76.6000000001	0.8687357024017496
76.6500000001	0.86879648399281
76.7000000001	0.8688509000856139
76.7500000001	0.868898985202159
76.8000000001	0.868940774477915
76.8500000001	0.8689763009861995
76.9000000001	0.869005599974153
76.9500000001	0.8690287099397582
77.0000000001	0.8690456640687342
77.0500000001	0.8690564967396672
77.1000000001	0.8690612432408378
77.1500000001	0.8690599388168891
77.2000000001	0.8690526184639011
77.2500000001	0.8690393177654615
77.3000000001	0.869020071857907
77.3500000001	0.8689949160812802
77.4000000001	0.8689638857206279
77.4500000001	0.8689270162152366
77.5000000001	0.86888434328474
77.5500000001	0.8688359024905751
77.6000000001	0.8687817292103888
77.6500000001	0.8687218589382426
77.7000000001	0.8686563272343867
77.7500000001	0.8685851699566939
77.8000000001	0.8685084226913271
77.8500000001	0.8684261211459892
77.9000000001	0.8683383010300906
77.9500000001	0.8682449978303616
78.0000000001	0.8681462472795507
78.0500000001	0.8680420853341921
78.1000000001	0.8679325475340745
78.1500000001	0.867817669798881
78.2000000001	0.8676974877598865
78.2500000001	0.8675720371951338
78.3000000001	0.8674413541838333
78.3500000001	0.8673054744438502
78.4000000001	0.8671644337573967
78.4500000001	0.8670182680120014
78.5000000001	0.8668670130446309
78.5500000001	0.8667107045913646
78.6000000001	0.8665493785373426
78.6500000001	0.8663830705174126
78.7000000001	0.8662118164072451
78.7500000001	0.8660356520391476
78.8000000001	0.8658546132564952
78.8500000001	0.8656687358959637
78.9000000001	0.8654780554956524
78.9500000001	0.8652826080328001
79.0000000001	0.8650824293611077
79.0500000001	0.8648775551520044
79.1000000001	0.8646680206996281
79.1500000001	0.864453861920407
79.2000000001	0.8642351145975333
79.2500000001	0.8640118142081293
79.3000000001	0.8637839964547516
79.3500000001	0.8635516969774859
79.4000000001	0.8633149513515069
79.4500000001	0.8630737951586669
79.5000000001	0.8628282637200295
79.5500000001	0.8625783925926634
79.6000000001	0.8623242173322488
79.6500000001	0.8620657732802892
79.7000000001	0.8618030960823526
79.7500000001	0.8615362206228616
79.8000000001	0.8612651820981821
79.8500000001	0.8609900162992999
79.9000000001	0.860710758357547
79.9500000001	0.8604274433026626
80.0000000001	0.8601401061642301
80.0500000001	0.8598487819672658
80.1000000001	0.8595535059888161
80.1500000001	0.8592543133122672
80.2000000001	0.8589512387056838
80.2500000001	0.8586443172376298
80.3000000001	0.8583335840137866
80.3500000001	0.8580190731594719
80.4000000001	0.8577008194221362
80.4500000001	0.8573788579782705
80.5000000001	0.8570532232090337
80.5500000001	0.8567239496376386
80.6000000001	0.8563910718277785
80.6500000001	0.856054624125993
80.7000000001	0.8557146410805658
80.7500000001	0.8553711570761012
80.8000000001	0.8550242061579469
80.8500000001	0.8546738219452389
80.9000000001	0.8543200394489965
80.9500000001	0.8539628930621789
81.0000000001	0.8536024162118346
81.0500000001	0.8532386429842604
81.1000000001	0.8528716071972153
81.1500000001	0.8525013406030522
81.2000000001	0.8521278778865778
81.2500000001	0.8517512561844515
81.3000000001	0.8513715069433199
81.3500000001	0.850988662897668
81.4000000001	0.8506027577818782
81.4500000001	0.850213824962539
81.5000000001	0.8498218977044604
81.5500000001	0.849427009056549
81.6000000001	0.8490291921510811
81.6500000001	0.8486284802634172
81.7000000001	0.8482249061671443
81.7500000001	0.8478185025016854
81.8000000001	0.8474093017546698
81.8500000001	0.846997337470084
81.9000000001	0.8465826417200618
81.9500000001	0.846165246880423
82.0000000001	0.8457451854321326
82.0500000001	0.8453224894583685
82.1000000001	0.8448971914246065
82.1500000001	0.8444693239334701
82.2000000001	0.8440389185284054
82.2500000001	0.8436060074004502
82.3000000001	0.8431706221903152
82.3500000001	0.8427327947201821
82.4000000001	0.842292556665571
82.4500000001	0.8418499396227027
82.5000000001	0.8414049750197136
82.5500000001	0.8409576944449714
82.6000000001	0.8405081280757891
82.6500000001	0.840056308375256
82.7000000001	0.8396022665902764
82.7500000001	0.8391460329165533
82.8000000001	0.8386876383425091
82.8500000001	0.8382271139278298
82.9000000001	0.8377644902838512
82.9500000001	0.8372997977005697
83.0000000001	0.8368330666717066
83.0500000001	0.8363643277000605
83.1000000001	0.8358936112095965
83.1500000001	0.835420947948874
83.2000000001	0.8349463661840995
83.2500000001	0.8344698966656221
83.3000000001	0.8339915691938722
83.3500000001	0.8335114134940169
83.4000000001	0.8330294593387199
83.4500000001	0.8325457360785874
83.5000000001	0.8320602730391145
83.5500000001	0.8315730996433848
83.6000000001	0.8310842449098994
83.6500000001	0.8305937378159325
83.7000000001	0.8301016073154796
83.7500000001	0.8296078823034077
83.8000000001	0.8291125913573038
83.8500000001	0.8286157629692037
83.9000000001	0.828117425603596
83.9500000001	0.8276176076268659
84.0000000001	0.8271163373650664
84.0500000001	0.8266136428595492
84.1000000001	0.8261095520027741
84.1500000001	0.8256040925864152
84.2000000001	0.8250972919021322
84.2500000001	0.8245891769644778
84.3000000001	0.8240797782442438
84.3500000001	0.8235691210760172
84.4000000001	0.8230572328438657
84.4500000001	0.8225441407656484
84.5000000001	0.8220298719144373
84.5500000001	0.8215144531313915
84.6000000001	0.8209979113358122
84.6500000001	0.820480272789707
84.7000000001	0.8199615641795597
84.7500000001	0.8194418120035989
84.8000000001	0.81892104225785
84.8500000001	0.8183992812485863
84.9000000001	0.8178765554361062
84.9500000001	0.817352889937881
85.0000000001	0.8168283107528495
85.0500000001	0.8163028444759852
85.1000000001	0.8157765157434581
85.1500000001	0.8152493497630336
85.2000000001	0.8147213716617712
85.2500000001	0.8141926069196954
85.3000000001	0.8136630804123077
85.3500000001	0.8131328171906794
85.4000000001	0.8126018418022888
85.4500000001	0.8120701788644304
85.5000000001	0.8115378528944917
85.5500000001	0.8110048884790196
85.6000000001	0.8104713092809948
85.6500000001	0.8099371390401879
85.7000000001	0.8094024028848985
85.7500000001	0.808867124608578
85.8000000001	0.8083313275283716
85.8500000001	0.8077950351149251
85.9000000001	0.8072582708427836
85.9500000001	0.8067210563937609
86.0000000001	0.806183415340556
86.0500000001	0.8056453739071454
86.1000000001	0.8051069540116291
86.1500000001	0.8045681770534173
86.2000000001	0.8040290659763037
86.2500000001	0.803489643329574
86.3000000001	0.802949931539296
86.3500000001	0.8024099529044083
86.4000000001	0.8018697291994977
86.4500000001	0.8013292825530074
86.5000000001	0.8007886349431769
86.5500000001	0.8002478079443144
86.6000000001	0.7997068228164715
86.6500000001	0.7991656991020722
86.7000000001	0.7986244629421828
86.7500000001	0.7980831328855018
86.8000000001	0.797541729870565
86.8500000001	0.7970002748631764
86.9000000001	0.7964587885697818
86.9500000001	0.7959172919430881
87.0000000001	0.795375805192283
87.0500000001	0.7948343486616632
87.1000000001	0.7942929426773604
87.1500000001	0.7937516074547062
87.2000000001	0.793210362742161
87.2500000001	0.7926692284832842
87.3000000001	0.7921282241975616
87.3500000001	0.7915873695474872
87.4000000001	0.7910466838231911
87.4500000001	0.7905061863237137
87.5000000001	0.7899658963406417
87.5500000001	0.7894258327705529
87.6000000001	0.7888860145030564
87.6500000001	0.7883464602899409
87.7000000001	0.7878071886997344
87.7500000001	0.7872682182074836
87.8000000001	0.7867295672844219
87.8500000001	0.7861912540210811
87.9000000001	0.7856532964936849
87.9500000001	0.7851157127280526
88.0000000001	0.7845785207792881
88.0500000001	0.784041737734125
88.1000000001	0.7835053812321381
88.1500000001	0.7829694688270631
88.2000000001	0.7824340176355746
88.2500000001	0.7818990449362573
88.3000000001	0.7813645678619285
88.3500000001	0.7808306026513103
88.4000000001	0.7802971661406349
88.4500000001	0.7797642757458343
88.5000000001	0.7792319473854663
88.5500000001	0.7787001975034015
88.6000000001	0.778169042157846
88.6500000001	0.7776384975766647
88.7000000001	0.7771085796332912
88.7500000001	0.7765793038508881
88.8000000001	0.776050686067306
88.8500000001	0.7755227417414355
88.9000000001	0.7749954863628755
88.9500000001	0.7744689352521498
89.0000000001	0.7739431035507283
89.0500000001	0.7734180061141448
89.1000000001	0.7728936577374661
89.1500000001	0.7723700732513898
89.2000000001	0.7718472672279981
89.2500000001	0.7713252543881953
89.3000000001	0.7708040490039152
89.3500000001	0.7702836650543935
89.4000000001	0.7697641167466958
89.4500000001	0.7692454180420012
89.5000000001	0.7687275827492717
89.5500000001	0.7682106245481397
89.6000000001	0.7676945570597524
89.6500000001	0.7671793938334988
89.7000000001	0.76666514593627
89.7500000001	0.7661518283550268
89.8000000001	0.765639456694804
89.8500000001	0.7651280413591017
89.9000000001	0.7646175994861322
89.9500000001	0.7641081354733561
90.0000000001	0.7635996650415537
90.0500000001	0.7630922019555806
90.1000000001	0.7625857577697717
90.1500000001	0.7620803460625438
90.2000000001	0.761575977918967
90.2500000001	0.7610726650888913
90.3000000001	0.7605704192363534
90.3500000001	0.7600692521958105
90.4000000001	0.7595691753261047
90.4500000001	0.7590702002425909
90.5000000001	0.7585723381408123
90.5500000001	0.758075600004405
90.6000000001	0.7575799965089682
90.6500000001	0.7570855392130876
90.7000000001	0.75659223927779
90.7500000001	0.756100106999755
90.8000000001	0.7556091526181259
90.8500000001	0.7551193869246408
90.9000000001	0.7546308199116685
90.9500000001	0.7541434600110729
91.0000000001	0.753657318599745
91.0500000001	0.7531724081256501
91.1000000001	0.7526887368802826
91.1500000001	0.7522063138028207
91.2000000001	0.7517251488648837
91.2500000001	0.7512452512111207
91.3000000001	0.7507666301249942
91.3500000001	0.7502892949136923
91.4000000001	0.7498132548091361
91.4500000001	0.7493385188464732
91.5000000001	0.7488650956949554
91.5500000001	0.7483929943538956
91.6000000001	0.7479222232122735
91.6500000001	0.7474527910134601
91.7000000001	0.7469847057062866
91.7500000001	0.7465179756215639
91.8000000001	0.7460526092395421
91.8500000001	0.7455886145384425
91.9000000001	0.7451259993537507
91.9500000001	0.7446647719137243
92.0000000001	0.7442049394465249
92.0500000001	0.7437465094045654
92.1000000001	0.743289489648201
92.1500000001	0.7428338877138403
92.2000000001	0.7423797108281569
92.2500000001	0.7419269659029952
92.3000000001	0.7414756594089504
92.3500000001	0.7410257989622422
92.4000000001	0.740577391365993
92.4500000001	0.7401304432553104
92.5000000001	0.7396849611543939
92.5500000001	0.7392409514575524
92.6000000001	0.7387984206955336
92.6500000001	0.7383573751453665
92.7000000001	0.7379178207869006
92.7500000001	0.7374797637299824
92.8000000001	0.7370432099992126
92.8500000001	0.7366081654223917
92.9000000001	0.7361746359133527
92.9500000001	0.7357426269261662
93.0000000001	0.7353121437761785
93.0500000001	0.734883192138394
93.1000000001	0.7344557774453904
93.1500000001	0.7340299047169285
93.2000000001	0.7336055789250455
93.2500000001	0.7331828053809453
93.3000000001	0.7327615859461587
93.3500000001	0.7323419299206435
93.4000000001	0.7319238415340701
93.4500000001	0.7315073241117931
93.5000000001	0.7310923824255724
93.5500000001	0.7306790205591165
93.6000000001	0.7302672430345409
93.6500000001	0.7298570541209166
93.7000000001	0.729448457792139
93.7500000001	0.7290414579164697
93.8000000001	0.7286360586283149
93.8500000001	0.7282322638014449
93.9000000001	0.7278300769623902
93.9500000001	0.7274295018050481
94.0000000001	0.7270305417797851
94.0500000001	0.7266332003430263
94.1000000001	0.7262374808919532
94.1500000001	0.7258433866608112
94.2000000001	0.7254509207003319
94.2500000001	0.7250600860024088
94.3000000001	0.7246708856882096
94.3500000001	0.7242833226109
94.4000000001	0.7238973996391906
94.4500000001	0.7235131193518631
94.5000000001	0.7231304843406221
94.5500000001	0.7227494973122193
94.6000000001	0.7223701604115869
94.6500000001	0.7219924756951324
94.7000000001	0.7216164457168013
94.7500000001	0.7212420728101598
94.8000000001	0.7208693591285802
94.8500000001	0.7204983058556969
94.9000000001	0.7201289153795734
94.9500000001	0.7197611896461962
95.0000000001	0.7193951300660331
95.0500000001	0.7190307383996517
95.1000000001	0.7186680162929964
95.1500000001	0.7183069649418643
95.2000000001	0.7179475855656028
95.2500000001	0.7175898799141063
95.3000000001	0.7172338496322848
95.3500000001	0.7168794955248639
95.4000000001	0.7165268184772247
95.4500000001	0.7161758192365624
95.5000000001	0.7158264987061669
95.5500000001	0.715478856903033
95.6000000001	0.715132894712549
95.6500000001	0.7147886145021642
95.7000000001	0.714446017576706
95.7500000001	0.7141051021593845
95.8000000001	0.7137658687813717
95.8500000001	0.7134283185968311
95.9000000001	0.7130924513664088
95.9500000001	0.7127582675227266
96.0000000001	0.7124257670742877
96.0500000001	0.7120949501290421
96.1000000001	0.7117658166648722
96.1500000001	0.7114383666539125
96.2000000001	0.7111125996864587
96.2500000001	0.7107885155060376
96.3000000001	0.7104661139213393
96.3500000001	0.7101453945220535
96.4000000001	0.709826356730465
96.4500000001	0.7095090000448058
96.5000000001	0.7091933238846806
96.5500000001	0.7088793276009427
96.6000000001	0.7085670101738463
96.6500000001	0.7082563708886366
96.7000000001	0.7079474090054904
96.7500000001	0.7076401234089891
96.8000000001	0.7073345130823459
96.8500000001	0.7070305769052554
96.9000000001	0.7067283136871185
96.9500000001	0.7064277223240334
97.0000000001	0.7061288016777121
97.0500000001	0.7058315501966707
97.1000000001	0.7055359665634959
97.1500000001	0.7052420481199688
97.2000000001	0.7049497925077132
97.2500000001	0.7046592028433506
97.3000000001	0.7043702746794538
97.3500000001	0.7040830062010877
97.4000000001	0.7037973955464792
97.4500000001	0.7035134409922976
97.5000000001	0.7032311407173096
97.5500000001	0.7029504926410568
97.6000000001	0.7026714966569751
97.6500000001	0.7023941465578788
97.7000000001	0.7021184423682889
97.7500000001	0.7018443818133404
97.8000000001	0.7015719628378911
97.8500000001	0.7013011828228335
97.9000000001	0.7010320393732895
97.9500000001	0.7007645302734605
98.0000000001	0.7004986530816684
98.0500000001	0.700234405276345
98.1000000001	0.6999717839944393
98.1500000001	0.6997107864963138
98.2000000001	0.6994514102598539
98.2500000001	0.6991936525334801
98.3000000001	0.6989375103932131
98.3500000001	0.6986829811033599
98.4000000001	0.6984300616992556
98.4500000001	0.6981787493123528
98.5000000001	0.6979290407656973
98.5500000001	0.6976809328634213
98.6000000001	0.6974344228139705
98.6500000001	0.6971895073275833
98.7000000001	0.6969461827371256
98.7500000001	0.6967044459511422
98.8000000001	0.6964642941348773
98.8500000001	0.6962257238821306
98.9000000001	0.6959887316384521
98.9500000001	0.6957533138949077
99.0000000001	0.6955194671766894
99.0500000001	0.6952871878330658
99.1000000001	0.6950564718377317
99.1500000001	0.6948273157014805
99.2000000001	0.6945997166299689
99.2500000001	0.6943736709608535
99.3000000001	0.6941491743770085
99.3500000001	0.6939262231010848
99.4000000001	0.693704813381846
99.4500000001	0.6934849411860843
99.5000000001	0.6932666024469935
99.5500000001	0.6930497933733444
99.6000000001	0.6928345099893827
99.6500000001	0.6926207481679757
99.7000000001	0.6924085040617305
99.7500000001	0.6921977734167104
99.8000000001	0.6919885517443727
99.8500000001	0.6917808351017911
99.9000000001	0.69157461937466
99.9500000001	0.6913699002504852