1.e-10	0.
0.0500000001	6.71488122144903e-9
0.1000000001	9.603135868086389e-8
0.1500000001	4.3816346759817586e-7
0.2000000001	1.2814167547929689e-6
0.2500000001	2.935830115429464e-6
0.3000000001	5.763845925030842e-6
0.3500000001	0.000010173082940839856
0.4000000001	0.000016610522812549284
0.4500000001	0.000025557667898275683
0.5000000001	0.00003752641011246514
0.5500000001	0.00005305544404061321
0.6000000001	0.00007270711087220685
0.6500000001	0.00009706459235485799
0.7000000001	0.00012672939510667813
0.7500000001	0.00016231907992019022
0.8000000001	0.00020446520071610577
0.8500000001	0.00025381142504866337
0.9000000001	0.0003110118134317106
0.9500000001	0.0003767292388191756
1.0000000001	0.00045163393070962846
1.0500000001	0.0005364021308043918
1.1000000001	0.0006317148491061704
1.1500000001	0.0007382567109231858
1.2000000001	0.0008567148865307056
1.2500000001	0.0009877780963023144
1.3000000001	0.00113213568500546
1.3500000001	0.0012904767596959672
1.4000000001	0.001463489386272158
1.4500000001	0.0016518598402823943
1.5000000001	0.0018562719080370085
1.5500000001	0.0020774062344700505
1.6000000001	0.0023159397145384856
1.6500000001	0.0025725449252450316
1.7000000001	0.0028478895956325244
1.7500000001	0.0031426361123281445
1.8000000001	0.0034574410584197334
1.8500000001	0.003792954783627419
1.9000000001	0.004149821003895176
1.9500000001	0.004528676428671354
2.0000000001	0.004930150414276786
2.0500000001	0.005354864641875879
2.1000000001	0.005803432818671534
2.1500000001	0.006276460401040204
2.2000000001	0.00677454433841034
2.2500000001	0.007298272836766301
2.3000000001	0.007848225140732192
2.3500000001	0.008424971333255931
2.4000000001	0.009029072151974522
2.4500000001	0.009661078821397212
2.5000000001	0.010321532900094299
2.5500000001	0.011010966142126943
2.6000000001	0.011729900371996768
2.6500000001	0.012478847372434765
2.7000000001	0.013258308784386537
2.7500000001	0.014068776018585675
2.8000000001	0.014910730178139866
2.8500000001	0.015784641991584244
2.9000000001	0.01669097175588499
2.9500000001	0.017630169288902667
3.0000000001	0.01860267389084913
3.0500000001	0.019608914314295494
3.1000000001	0.020649308742309958
3.1500000001	0.021724264774324892
3.2000000001	0.022834179419351897
3.2500000001	0.02397943909618115
3.3000000001	0.025160419640219065
3.3500000001	0.026377486316633607
3.4000000001	0.027630993839492305
3.4500000001	0.02892128639659215
3.5000000001	0.03024869767969389
3.5500000001	0.03161355091988654
3.6000000001	0.03301615892781951
3.6500000001	0.0344568241385517
3.7000000001	0.03593583866077771
3.7500000001	0.03745348433020143
3.8000000001	0.03901003276683779
3.8500000001	0.040605745436031904
3.9000000001	0.04224087371299458
3.9500000001	0.04391565895066135
4.0000000001	0.045630332550689996
4.0500000001	0.047385116037419836
4.1000000001	0.04918022113462284
4.1500000001	0.05101584984488402
4.2000000001	0.05289219453145498
4.2500000001	0.054809438002431404
4.3000000001	0.056767753597110546
4.3500000001	0.05876730527439149
4.4000000001	0.06080824770308604
4.4500000001	0.06289072635401353
4.5000000001	0.06501487759375842
4.5500000001	0.06718082877997339
4.6000000001	0.06938869835811684
4.6500000001	0.07163859595951676
4.7000000001	0.07393062250065822
4.7500000001	0.0762648702835959
4.8000000001	0.07864142309739598
4.8500000001	0.08106035632051704
4.9000000001	0.08352173702404225
4.9500000001	0.08602562407567874
5.0000000001	0.0885720682444444
5.0500000001	0.09116111230596402
5.1000000001	0.09379279114830115
5.1500000001	0.0964671318782546
5.2000000001	0.09918415392805104
5.2500000001	0.1019438691623689
5.3000000001	0.10474628198563025
5.3500000001	0.10759138944950078
5.4000000001	0.11047918136054025
5.4500000001	0.11340964038794803
5.5000000001	0.11638274217135107
5.5500000001	0.11939845542858309
5.6000000001	0.12245674206340666
5.6500000001	0.12555755727313173
5.7000000001	0.1287008496560857
5.7500000001	0.13188656131889284
5.8000000001	0.13511462798352206
5.8500000001	0.13838497909406353
5.9000000001	0.14169753792319784
5.9500000001	0.14505222167832096
6.0000000001	0.1484489416072921
6.0500000001	0.15188760310377078
6.1000000001	0.1553681058121127
6.1500000001	0.15889034373179498
6.2000000001	0.16245420532134186
6.2500000001	0.1660595736017249
6.3000000001	0.1697063262592111
6.3500000001	0.17339433574763513
6.4000000001	0.17712346939007262
6.4500000001	0.1808935894798917
6.5000000001	0.1847045533811633
6.5500000001	0.18855621362840866
6.6000000001	0.19244841802566673
6.6500000001	0.19638100974486272
6.7000000001	0.20035382742346142
6.7500000001	0.2043667052613895
6.8000000001	0.20841947311721146
6.8500000001	0.21251195660354508
6.9000000001	0.21664397718170378
6.9500000001	0.2208153522555522
7.0000000001	0.225025895264565
7.0500000001	0.22927541577607616
7.1000000001	0.23356371957670966
7.1500000001	0.23789060876298204
7.2000000001	0.24225588183106728
7.2500000001	0.24665933376571691
7.3000000001	0.2511007561283267
7.3500000001	0.25557993714414384
7.4000000001	0.2600966617886077
7.4500000001	0.26465071187281847
7.5000000001	0.26924186612812956
7.5500000001	0.27386990028985697
7.6000000001	0.278534587180103
7.6500000001	0.2832356967896905
7.7000000001	0.2879729963592032
7.7500000001	0.29274625045913155
7.8000000001	0.29755522106911914
7.8500000001	0.30239966765630955
7.9000000001	0.3072793472527919
7.9500000001	0.31219401453214274
8.0000000001	0.31714342188506595
8.0500000001	0.3221273194941272
8.1000000001	0.32714545540758516
8.1500000001	0.33219757561232016
8.2000000001	0.3372834241058572
8.2500000001	0.34240274296749057
8.3000000001	0.34755527242850376
8.3500000001	0.35274075094149315
8.4000000001	0.3579589152487931
8.4500000001	0.36320950045000455
8.5000000001	0.36849224006863274
8.5500000001	0.3738068661178318
8.6000000001	0.3791531091652637
8.6500000001	0.38453069839707155
8.7000000001	0.3899393616809705
8.7500000001	0.3953788256284628
8.8000000001	0.4008488156561756
8.8500000001	0.40634905604633004
8.9000000001	0.4118792700063439
8.9500000001	0.4174391797275695
9.0000000001	0.42302850644317663
9.0500000001	0.4286469704851789
9.1000000001	0.43429429134061287
9.1500000001	0.43997018770687335
9.2000000001	0.44567437754620703
9.2500000001	0.45140657813937535
9.3000000001	0.45716650613848486
9.3500000001	0.4629538776189965
9.4000000001	0.46876840813091575
9.4500000001	0.47460981274916875
9.5000000001	0.480477806123174
9.5500000001	0.48637210252560914
9.6000000001	0.49229241590038486
9.6500000001	0.49823845990982846
9.7000000001	0.504209947981082
9.7500000001	0.5102065933517249
9.8000000001	0.5162281091146232
9.8500000001	0.5222742082620143
9.9000000001	0.5283446037288322
9.9500000001	0.5344390084352791
10.0000000001	0.5405571353286522
10.0500000001	0.546698697424428
10.1000000001	0.5528634078466138
10.1500000001	0.5590509798673737
10.2000000001	0.5652611269459299
10.2500000001	0.5714935627667539
10.3000000001	0.5777480012770471
10.3500000001	0.5840241567235215
10.4000000001	0.5903217436884874
10.4500000001	0.5966404771252501
10.5000000001	0.602980072392829
10.5500000001	0.6093402452899995
10.6000000001	0.6157207120886696
10.6500000001	0.6221211895665948
10.7000000001	0.6285413950394367
10.7500000001	0.6349810463921791
10.8000000001	0.6414398621098975
10.8500000001	0.6479175613078983
10.9000000001	0.6544138637612317
10.9500000001	0.6609284899335792
11.0000000001	0.6674611610055333
11.0500000001	0.6740115989022655
11.1000000001	0.680579526320596
11.1500000001	0.6871646667554713
11.2000000001	0.69376674452585
11.2500000001	0.7003854848000146
11.3000000001	0.7070206136203042
11.3500000001	0.7136718579272835
11.4000000001	0.7203389455833511
11.4500000001	0.727021605395792
11.5000000001	0.7337195671392861
11.5500000001	0.7404325615778733
11.6000000001	0.7471603204863855
11.6500000001	0.7539025766713527
11.7000000001	0.7606590639913849
11.7500000001	0.7674295173770421
11.8000000001	0.7742136728501943
11.8500000001	0.7810112675428805
11.9000000001	0.7878220397156732
11.9500000001	0.794645728775551
12.0000000001	0.8014820752932919
12.0500000001	0.8083308210203868
12.1000000001	0.8151917089054849
12.1500000001	0.8220644831103746
12.2000000001	0.8289488890255047
12.2500000001	0.8358446732850568
12.3000000001	0.8427515837815684
12.3500000001	0.8496693696801193
12.4000000001	0.8565977814320826
12.4500000001	0.8635365707884483
12.5000000001	0.870485490812725
12.5500000001	0.8774442958934258
12.6000000001	0.8844127417561437
12.6500000001	0.8913905854752242
12.7000000001	0.8983775854850358
12.7500000001	0.9053735015908523
12.8000000001	0.9123780949793436
12.8500000001	0.9193911282286882
12.9000000001	0.926412365318308
12.9500000001	0.9334415716382323
13.0000000001	0.9404785139980996
13.0500000001	0.9475229606357953
13.1000000001	0.9545746812257401
13.1500000001	0.961633446886827
13.2000000001	0.9686990301900142
13.2500000001	0.9757712051655838
13.3000000001	0.9828497473100619
13.3500000001	0.9899344335928157
13.4000000001	0.997025042462327
13.4500000001	1.004121353852145
13.5000000001	1.0112231491865322
13.5500000001	1.018330211385797
13.6000000001	1.0254423248713285
13.6500000001	1.0325592755703312
13.7000000001	1.0396808509202666
13.7500000001	1.04680683987301
13.8000000001	1.053937032898719
13.8500000001	1.061071221989428
13.9000000001	1.0682092006623687
13.9500000001	1.0753507639630167
14.0000000001	1.08249570846788
14.0500000001	1.089643832287022
14.1000000001	1.096794935066333
14.1500000001	1.1039488179895485
14.2000000001	1.1111052837800195
14.2500000001	1.1182641367022446
14.3000000001	1.125425182563159
14.3500000001	1.1325882287131936
14.4000000001	1.1397530840471035
14.4500000001	1.1469195590045678
14.5000000001	1.1540874655705746
14.5500000001	1.1612566172755823
14.6000000001	1.1684268291954707
14.6500000001	1.1755979179512845
14.7000000001	1.182769701708767
14.7500000001	1.189942000177697
14.8000000001	1.1971146346110249
14.8500000001	1.2042874278038165
14.9000000001	1.2114602040920086
14.9500000001	1.218632789350973
15.0000000001	1.2258050109939052
15.0500000001	1.2329766979700272
15.1000000001	1.2401476807626204
15.1500000001	1.2473177913868836
15.2000000001	1.2544868633876234
15.2500000001	1.2616547318367817
15.3000000001	1.268821233330798
15.3500000001	1.2759862059878169
15.4000000001	1.2831494894447408
15.4500000001	1.2903109248541296
15.5000000001	1.297470354880953
15.5500000001	1.3046276236991987
15.6000000001	1.3117825769883376
15.6500000001	1.3189350619296523
15.7000000001	1.3260849272024278
15.7500000001	1.333232022980012
15.8000000001	1.3403762009257454
15.8500000001	1.3475173141887642
15.9000000001	1.3546552173996826
15.9500000001	1.3617897666661505
16.0000000001	1.3689208195682967
16.0500000001	1.3760482351540562
16.1000000001	1.3831718739343848
16.1500000001	1.3902915978783654
16.2000000001	1.3974072704082074
16.2500000001	1.4045187563941413
16.3000000001	1.4116259221492147
16.3500000001	1.4187286354239854
16.4000000001	1.4258267654011225
16.4500000001	1.4329201826899107
16.5000000001	1.440008759320666
16.5500000001	1.4470923687390638
16.6000000001	1.4541708858003737
16.6500000001	1.461244186763621
16.7000000001	1.4683121492856583
16.7500000001	1.4753746524151623
16.8000000001	1.4824315765865537
16.8500000001	1.4894828036138397
16.9000000001	1.496528216684387
16.9500000001	1.5035677003526244
17.0000000001	1.5106011405336754
17.0500000001	1.5176284244969296
17.1000000001	1.524649440859543
17.1500000001	1.5316640795798842
17.2000000001	1.5386722319509163
17.2500000001	1.545673790593523
17.3000000001	1.5526686494497801
17.3500000001	1.5596567037761695
17.4000000001	1.566637850136746
17.4500000001	1.5736119863962508
17.5000000001	1.5805790117131793
17.5500000001	1.587538826532803
17.6000000001	1.5944913325801426
17.6500000001	1.6014364328529047
17.7000000001	1.6083740316143735
17.7500000001	1.6153040343862641
17.8000000001	1.6222263479415417
17.8500000001	1.6291408802971976
17.9000000001	1.636047540706999
17.9500000001	1.6429462396542014
18.0000000001	1.6498368888442319
18.0500000001	1.6567194011973432
18.1000000001	1.6635936908412383
18.1500000001	1.6704596731036694
18.2000000001	1.6773172645050134
18.2500000001	1.6841663827508215
18.3000000001	1.6910069467243505
18.3500000001	1.6978388764790673
18.4000000001	1.7046620932311407
18.4500000001	1.711476519351912
18.5000000001	1.7182820783603476
18.5500000001	1.7250786949154835
18.6000000001	1.731866294808844
18.6500000001	1.7386448049568592
18.7000000001	1.745414153393265
18.7500000001	1.7521742692614926
18.8000000001	1.7589250828070546
18.8500000001	1.7656665253699144
18.9000000001	1.772398529376857
18.9500000001	1.779121028333849
19.0000000001	1.7858339568183976
19.0500000001	1.792537250471905
19.1000000001	1.7992308459920183
19.1500000001	1.805914681124981
19.2000000001	1.8125886946579848
19.2500000001	1.8192528264115182
19.3000000001	1.825907017231723
19.3500000001	1.8325512089827467
19.4000000001	1.839185344539103
19.4500000001	1.8458093677780374
19.5000000001	1.852423223571894
19.5500000001	1.8590268577804965
19.6000000001	1.8656202172435254
19.6500000001	1.8722032497729146
19.7000000001	1.87877590414525
19.7500000001	1.8853381300941805
19.8000000001	1.8918898783028402
19.8500000001	1.8984311003962788
19.9000000001	1.904961748933909
19.9500000001	1.9114817774019637
20.0000000001	1.9179911402059666
20.0500000001	1.924489792663221
20.1000000001	1.9309776909953085
20.1500000001	1.9374547923206074
20.2000000001	1.9439210546468269
20.2500000001	1.9503764368635566
20.3000000001	1.9568208987348386
20.3500000001	1.963254400891751
20.4000000001	1.9696769048250165
20.4500000001	1.9760883728776286
20.5000000001	1.982488768237497
20.5500000001	1.9888780549301175
20.6000000001	1.995256197811258
20.6500000001	2.0016231625596705
20.7000000001	2.007978915669825
20.7500000001	2.014323424444665
20.8000000001	2.0206566569883893
20.8500000001	2.0269785821992534
20.9000000001	2.0332891697624005
20.9500000001	2.039588390142714
21.0000000001	2.0458762145776963
21.0500000001	2.0521526150703755
21.1000000001	2.0584175643822347
21.1500000001	2.0646710360261715
21.2000000001	2.0709130042594834
21.2500000001	2.077143444076879
21.3000000001	2.0833623312035217
21.3500000001	2.0895696420880974
21.4000000001	2.095765353895912
21.4500000001	2.1019494445020186
21.5000000001	2.1081218924843754
21.5500000001	2.1142826771170316
21.6000000001	2.1204317783633413
21.6500000001	2.1265691768692134
21.7000000001	2.132694853956387
21.7500000001	2.1388087916157392
21.8000000001	2.1449109725006283
21.8500000001	2.1510013799202605
21.9000000001	2.157079997833096
21.9500000001	2.1631468108402827
22.0000000001	2.1692018041791226
22.0500000001	2.1752449637165756
22.1000000001	2.181276275942787
22.1500000001	2.1872957279646563
22.2000000001	2.193303307499437
22.2500000001	2.1992990028683645
22.3000000001	2.2052828029903284
22.3500000001	2.2112546973755665
22.4000000001	2.2172146761194007
22.4500000001	2.2231627298960057
22.5000000001	2.229098849952209
22.5500000001	2.2350230281013306
22.6000000001	2.2409352567170506
22.6500000001	2.246835528727318
22.7000000001	2.252723837608289
22.7500000001	2.2586001773783058
22.8000000001	2.264464542591905
22.8500000001	2.270316928333866
22.9000000001	2.2761573302132905
22.9500000001	2.2819857443577196
23.0000000001	2.287802167407289
23.0500000001	2.2936065965089143
23.1000000001	2.2993990293105164
23.1500000001	2.3051794639552803
23.2000000001	2.310947899075951
23.2500000001	2.3167043337891653
23.3000000001	2.32244876768982
23.3500000001	2.3281812008454716
23.4000000001	2.3339016337907803
23.4500000001	2.339610067521984
23.5000000001	2.3453065034914076
23.5500000001	2.3509909436020155
23.6000000001	2.356663390201992
23.6500000001	2.3623238460793616
23.7000000001	2.367972314456649
23.7500000001	2.373608798985567
23.8000000001	2.37923330374175
23.8500000001	2.3848458332195164
23.9000000001	2.3904463923266697
23.9500000001	2.396034986379338
24.0000000001	2.4016116210968463
24.0500000001	2.4071763025966293
24.1000000001	2.412729037389172
24.1500000001	2.4182698323729976
24.2000000001	2.4237986948296832
24.2500000001	2.429315632418914
24.3000000001	2.4348206531735754
24.3500000001	2.4403137654948774
24.4000000001	2.4457949781475183
24.4500000001	2.451264300254883
24.5000000001	2.4567217412942752
24.5500000001	2.4621673110921916
24.6000000001	2.4676010198196208
24.6500000001	2.4730228779873906
24.7000000001	2.4784328964415416
24.7500000001	2.483831086358739
24.8000000001	2.4892174592417233
24.8500000001	2.494592026914789
24.9000000001	2.4999548015193067
24.9500000001	2.505305795509274
25.0000000001	2.5106450216469045
25.0500000001	2.515972492998253
25.1000000001	2.5212882229288716
25.1500000001	2.5265922250995043
25.2000000001	2.531884513461814
25.2500000001	2.5371651022541464
25.3000000001	2.5424340059973254
25.3500000001	2.547691239490486
25.4000000001	2.5529368178069394
25.4500000001	2.5581707562900724
25.5000000001	2.563393070549283
25.5500000001	2.5686037764559475
25.6000000001	2.5738028901394214
25.6500000001	2.578990427983076
25.7000000001	2.584166406620369
25.7500000001	2.5893308429309436
25.8000000001	2.5944837540367676
25.8500000001	2.599625157298301
25.9000000001	2.6047550703107003
25.9500000001	2.60987351090005
26.0000000001	2.6149804971196353
26.0500000001	2.6200760472462403
26.1000000001	2.625160179776482
26.1500000001	2.6302329134231757
26.2000000001	2.6352942671117345
26.2500000001	2.6403442599765983
26.3000000001	2.645382911357697
26.3500000001	2.650410240796945
26.4000000001	2.655426268034765
26.4500000001	2.6604310130066486
26.5000000001	2.6654244958397437
26.5500000001	2.6704067368494746
26.6000000001	2.6753777565361943
26.6500000001	2.6803375755818664
26.7000000001	2.6852862148467778
26.7500000001	2.6902236953662837
26.8000000001	2.6951500383475833
26.8500000001	2.7000652651665207
26.9000000001	2.7049693973644238
26.9500000001	2.7098624566449687
27.0000000001	2.7147444648710732
27.0500000001	2.7196154440618243
27.1000000001	2.7244754163894305
27.1500000001	2.7293244041762064
27.2000000001	2.7341624298915868
27.2500000001	2.738989516149168
27.3000000001	2.74380568570378
27.3500000001	2.748610961448586
27.4000000001	2.7534053664122116
27.4500000001	2.7581889237559016
27.5000000001	2.7629616567707065
27.5500000001	2.7677235888746954
27.6000000001	2.7724747436101986
27.6500000001	2.7772151446410764
27.7000000001	2.781944815750016
27.7500000001	2.786663780835858
27.8000000001	2.7913720639109476
27.8500000001	2.7960696890985126
27.9000000001	2.800756680630071
27.9500000001	2.8054330628428654
28.0000000001	2.8100988601773187
28.0500000001	2.814754097174526
28.1000000001	2.819398798473762
28.1500000001	2.8240329888100226
28.2000000001	2.8286566930115895
28.2500000001	2.8332699359976203
28.3000000001	2.8378727427757657
28.3500000001	2.8424651384398096
28.4000000001	2.847047148167338
28.4500000001	2.85161879721743
28.5000000001	2.856180110928377
28.5500000001	2.8607311147154233
28.6000000001	2.8652718340685333
28.6500000001	2.8698022945501833
28.7000000001	2.874322521793176
28.7500000001	2.878832541498482
28.8000000001	2.883332379433104
28.8500000001	2.887822061427961
28.9000000001	2.892301613375804
28.9500000001	2.8967710612291495
29.0000000001	2.9012304309982357
29.0500000001	2.9056797487490065
29.1000000001	2.9101190406011153
29.1500000001	2.9145483327259507
29.2000000001	2.9189676513446896
29.2500000001	2.9233770227263656
29.3000000001	2.9277764731859675
29.3500000001	2.9321660290825546
29.4000000001	2.936545716817396
29.4500000001	2.94091556283213
29.5000000001	2.9452755936069503
29.5500000001	2.9496258356588068
29.6000000001	2.953966315539632
29.6500000001	2.958297059834589
29.7000000001	2.962618095160337
29.7500000001	2.9669294481633215
29.8000000001	2.971231145518084
29.8500000001	2.975523213925592
29.9000000001	2.979805680111586
29.9500000001	2.9840785708249555
30.0000000001	2.9883419128361255
30.0500000001	2.9925957329354693
30.1000000001	2.9968400579317382
30.1500000001	3.0010749146505113
30.2000000001	3.0053003299326657
30.2500000001	3.0095163306328647
30.3000000001	3.0137229436180664
30.3500000001	3.0179201957660493
30.4000000001	3.0221081139639607
30.4500000001	3.0262867251068775
30.5000000001	3.030456056096393
30.5500000001	3.034616133839216
30.6000000001	3.0387669852457906
30.6500000001	3.0429086372289356
30.7000000001	3.047041116702497
30.7500000001	3.0511644505800253
30.8000000001	3.055278665773464
30.8500000001	3.059383789191858
30.9000000001	3.0634798477400813
30.9500000001	3.0675668683175785
31.0000000001	3.0716448778171253
31.0500000001	3.0757139031236065
31.1000000001	3.079773971112808
31.1500000001	3.0838251086502275
31.2000000001	3.0878673425899033
31.2500000001	3.0919006997732548
31.3000000001	3.0959252070279435
31.3500000001	3.0999408911667476
31.4000000001	3.1039477789864525
31.4500000001	3.1079458972667595
31.5000000001	3.1119352727692067
31.5500000001	3.1159159322361085
31.6000000001	3.1198879023895074
31.6500000001	3.123851209930143
31.7000000001	3.127805881536437
31.7500000001	3.1317519438634895
31.8000000001	3.1356894235420936
31.8500000001	3.139618347177763
31.9000000001	3.1435387413497744
31.9500000001	3.147450632610224
32.0000000001	3.151354047483099
32.0500000001	3.1552490124633628
32.1000000001	3.1591355540160544
32.1500000001	3.163013698575399
32.2000000001	3.1668834725439385
32.2500000001	3.17074490229167
32.3000000001	3.1745980141551966
32.3500000001	3.178442834436901
32.4000000001	3.182279389404118
32.4500000001	3.186107705288336
32.5000000001	3.1899278082843967
32.5500000001	3.1937397245497157
32.6000000001	3.1975434802035183
32.6500000001	3.201339101326078
32.7000000001	3.205126613957978
32.7500000001	3.2089060440993786
32.8000000001	3.212677417709297
32.8500000001	3.216440760704905
32.9000000001	3.220196098960829
32.9500000001	3.2239434583084723
33.0000000001	3.2276828645353426
33.0500000001	3.2314143433843894
33.1000000001	3.235137920553363
33.1500000001	3.2388536216941697
33.2000000001	3.2425614724122545
33.2500000001	3.2462614982659828
33.3000000001	3.249953724766036
33.3500000001	3.2536381773748255
33.4000000001	3.257314881505904
33.4500000001	3.2609838625234016
33.5000000001	3.264645145741462
33.5500000001	3.268298756423693
33.6000000001	3.2719447197826312
33.6500000001	3.2755830609792076
33.7000000001	3.2792138051222346
33.7500000001	3.2828369772678934
33.8000000001	3.2864526024192373
33.8500000001	3.2900607055257027
33.9000000001	3.293661311482629
33.9500000001	3.297254445130792
34.0000000001	3.3008401312559403
34.0500000001	3.304418394588347
34.1000000001	3.30798925980237
34.1500000001	3.3115527515160164
34.2000000001	3.3151088942905225
34.2500000001	3.3186577126299412
34.3000000001	3.3221992309807327
34.3500000001	3.3257334737313737
34.4000000001	3.3292604652119655
34.4500000001	3.3327802296938596
34.5000000001	3.336292791389286
34.5500000001	3.3397981744509893
34.6000000001	3.34329640297188
34.6500000001	3.3467875009846844
34.7000000001	3.3502714924616135
34.7500000001	3.3537484013140295
34.8000000001	3.3572182513921267
34.8500000001	3.3606810664846196
34.9000000001	3.3641368703184353
34.9500000001	3.36758568655842
35.0000000001	3.3710275388070454
35.0500000001	3.374462450604129
35.1000000001	3.3778904454265577
35.1500000001	3.381311546688022
35.2000000001	3.3847257777387547
35.2500000001	3.3881331618652792
35.3000000001	3.3915337222901614
35.3500000001	3.394927482171773
35.4000000001	3.3983144646040597
35.4500000001	3.4016946926163145
35.5000000001	3.4050681891729613
35.5500000001	3.408434977173341
35.6000000001	3.4117950794515113
35.6500000001	3.415148518776041
35.7000000001	3.418495317849825
35.7500000001	3.4218354993098963
35.8000000001	3.4251690857272434
35.8500000001	3.4284960996066434
35.9000000001	3.4318165633864894
35.9500000001	3.435130499438634
36.0000000001	3.4384379300682326
36.0500000001	3.4417388775135924
36.1000000001	3.445033363946034
36.1500000001	3.44832141146975
36.2000000001	3.4516030421216746
36.2500000001	3.4548782778713605
36.3000000001	3.4581471406208517
36.3500000001	3.461409652204577
36.4000000001	3.464665834389233
36.4500000001	3.4679157088736847
36.5000000001	3.471159297288865
36.5500000001	3.4743966211976796
36.6000000001	3.4776277020949222
36.6500000001	3.4808525614071857
36.7000000001	3.484071220492789
36.7500000001	3.4872837006417
36.8000000001	3.4904900230754676
36.8500000001	3.4936902089471595
36.9000000001	3.4968842793413
36.9500000001	3.500072255273819
37.0000000001	3.503254157691999
37.0500000001	3.506430007474432
37.1000000001	3.509599825430979
37.1500000001	3.5127636323027303
37.2000000001	3.5159214487619774
37.2500000001	3.519073295412184
37.3000000001	3.522219192787962
37.3500000001	3.5253591613550523
37.4000000001	3.52849322151031
37.4500000001	3.5316213935816947
37.5000000001	3.534743697828261
37.5500000001	3.537860154440157
37.6000000001	3.5409707835386253
37.6500000001	3.5440756051760065
37.7000000001	3.5471746393357497
37.7500000001	3.550267905932423
37.8000000001	3.553355424811729
37.8500000001	3.5564372157505284
37.9000000001	3.559513298456856
37.9500000001	3.5625836925699543
38.0000000001	3.565648417660302
38.0500000001	3.5687074932296423
38.1000000001	3.5717609387110283
38.1500000001	3.574808773468856
38.2000000001	3.577851016798913
38.2500000001	3.5808876879284215
38.3000000001	3.5839188060160905
38.3500000001	3.5869443901521687
38.4000000001	3.589964459358498
38.4500000001	3.5929790325885778
38.5000000001	3.595988128727622
38.5500000001	3.598991766592626
38.6000000001	3.6019899649324367
38.6500000001	3.6049827424278194
38.7000000001	3.6079701176915338
38.7500000001	3.6109521092684114
38.8000000001	3.6139287356354313
38.8500000001	3.616900015201805
38.9000000001	3.6198659663090584
38.9500000001	3.622826607231121
39.0000000001	3.625781956174413
39.0500000001	3.6287320312779383
39.1000000001	3.6316768506133807
39.1500000001	3.6346164321851964
39.2000000001	3.6375507939307177
39.2500000001	3.6404799537202517
39.3000000001	3.6434039293571843
39.3500000001	3.6463227385780885
39.4000000001	3.6492363990528287
39.4500000001	3.6521449283846747
39.5000000001	3.655048344110414
39.5500000001	3.657946663700462
39.6000000001	3.6608399045589852
39.6500000001	3.663728084024015
39.7000000001	3.666611219367571
39.7500000001	3.669489327795782
39.8000000001	3.6723624264490113
39.8500000001	3.6752305324019843
39.9000000001	3.678093662663913
39.9500000001	3.680951834178632
40.0000000001	3.6838050638247246
40.0500000001	3.686653368415659
40.1000000001	3.6894967646999244
40.1500000001	3.6923352693611653
40.2000000001	3.6951688990183236
40.2500000001	3.6979976702257757
40.3000000001	3.7008215994734748
40.3500000001	3.7036407031870966
40.4000000001	3.7064549977281804
40.4500000001	3.709264499394279
40.5000000001	3.712069224419104
40.5500000001	3.7148691889726755
40.6000000001	3.7176644091614732
40.6500000001	3.7204549010285883
40.7000000001	3.7232406805538765
40.7500000001	3.7260217636541118
40.8000000001	3.7287981661831426
40.8500000001	3.7315699039320513
40.9000000001	3.7343369926293084
40.9500000001	3.737099447940934
41.0000000001	3.73985728547066
41.0500000001	3.7426105207600884
41.1000000001	3.745359169288857
41.1500000001	3.748103246474802
41.2000000001	3.750842767674123
41.2500000001	3.7535777481815504
41.3000000001	3.75630820323051
41.3500000001	3.759034147993294
41.4000000001	3.7617555975812254
41.4500000001	3.7644725670448342
41.5000000001	3.7671850713740227
41.5500000001	3.76989312549824
41.6000000001	3.7725967442866533
41.6500000001	3.7752959425483215
41.7000000001	3.777990735032371
41.7500000001	3.7806811364281674
41.8000000001	3.7833671613654944
41.8500000001	3.7860488244147286
41.9000000001	3.7887261400870162
41.9500000001	3.791399122834453
42.0000000001	3.7940677870502615
42.0500000001	3.7967321470689694
42.1000000001	3.7993922171665915
42.1500000001	3.802048011560808
42.2000000001	3.804699544411147
42.2500000001	3.8073468298191666
42.3000000001	3.8099898818286357
42.3500000001	3.812628714425717
42.4000000001	3.8152633415391506
42.4500000001	3.817893777040439
42.5000000001	3.8205200347440287
42.5500000001	3.823142128407497
42.6000000001	3.8257600717317364
42.6500000001	3.82837387836114
42.7000000001	3.8309835618837877
42.7500000001	3.8335891358316334
42.8000000001	3.83619061368069
42.8500000001	3.838788008851218
42.9000000001	3.8413813347079118
42.9500000001	3.843970604560088
43.0000000001	3.846555831661875
43.0500000001	3.849137029212397
43.1000000001	3.851714210355969
43.1500000001	3.8542873881822786
43.2000000001	3.8568565757265807
43.2500000001	3.8594217859698854
43.3000000001	3.8619830318391446
43.3500000001	3.8645403262074467
43.4000000001	3.867093681894202
43.4500000001	3.8696431116653356
43.5000000001	3.8721886282334776
43.5500000001	3.874730244258151
43.6000000001	3.877267972345966
43.6500000001	3.8798018250508073
43.7000000001	3.882331814874026
43.7500000001	3.8848579542646315
43.8000000001	3.8873802556194805
43.8500000001	3.8898987312834703
43.9000000001	3.892413393549727
43.9500000001	3.894924254659799
44.0000000001	3.8974313268038463
44.0500000001	3.8999346221208326
44.1000000001	3.9024341526987167
44.1500000001	3.9049299305746414
44.2000000001	3.9074219677351274
44.2500000001	3.9099102761162627
44.3000000001	3.912394867603893
44.3500000001	3.914875754033815
44.4000000001	3.917352947191963
44.4500000001	3.919826458814604
44.5000000001	3.9222963005885267
44.5500000001	3.924762484151231
44.6000000001	3.92722502109112
44.6500000001	3.9296839229476883
44.7000000001	3.9321392012117147
44.7500000001	3.9345908673254515
44.8000000001	3.9370389326828117
44.8500000001	3.9394834086295627
44.9000000001	3.9419243064635134
44.9500000001	3.944361637434704
45.0000000001	3.946795412745596
45.0500000001	3.9492256435512596
45.1000000001	3.9516523409595643
45.1500000001	3.954075516031365
45.2000000001	3.9564951797806946
45.2500000001	3.958911343174947
45.3000000001	3.961324017135068
45.3500000001	3.9637332125357427
45.4000000001	3.966138940205582
45.4500000001	3.9685412109273104
45.5000000001	3.9709400354379523
45.5500000001	3.9733354244290187
45.6000000001	3.9757273885466944
45.6500000001	3.9781159383920217
45.7000000001	3.9805010845210886
45.7500000001	3.982882837445213
45.8000000001	3.985261207631128
45.8500000001	3.9876362055011656
45.9000000001	3.990007841433442
45.9500000001	3.9923761257620427
46.0000000001	3.9947410687772047
46.0500000001	3.9971026807254995
46.1000000001	3.9994609718100183
46.1500000001	4.001815952190552
46.2000000001	4.004167631983776
46.2500000001	4.006516021263431
46.3000000001	4.008861130060504
46.3500000001	4.011202968363411
46.4000000001	4.013541546118174
46.4500000001	4.015876873228609
46.5000000001	4.018208959556498
46.5500000001	4.020537814921772
46.6000000001	4.022863449102692
46.6500000001	4.025185871836024
46.7000000001	4.027505092817221
46.7500000001	4.029821121700598
46.8000000001	4.032133968099512
46.8500000001	4.034443641586536
46.9000000001	4.03675015169364
46.9500000001	4.039053507912364
47.0000000001	4.041353719693993
47.0500000001	4.043650796449736
47.1000000001	4.045944747550899
47.1500000001	4.048235582329057
47.2000000001	4.050523310076232
47.2500000001	4.052807940045067
47.3000000001	4.0550894814489915
47.3500000001	4.057367943462404
47.4000000001	4.059643335220838
47.4500000001	4.061915665821134
47.5000000001	4.064184944321616
47.5500000001	4.066451179742251
47.6000000001	4.068714381064834
47.6500000001	4.070974557233145
47.7000000001	4.0732317171531225
47.7500000001	4.075485869693038
47.8000000001	4.077737023683653
47.8500000001	4.079985187918398
47.9000000001	4.08223037115353
47.9500000001	4.084472582108306
48.0000000001	4.086711829465148
48.0500000001	4.088948121869804
48.1000000001	4.091181467931521
48.1500000001	4.093411876223202
48.2000000001	4.095639355281574
48.2500000001	4.0978639136073545
48.3000000001	4.1000855596654056
48.3500000001	4.1023043018849075
48.4000000001	4.104520148659512
48.4500000001	4.106733108347509
48.5000000001	4.108943189271985
48.5500000001	4.111150399720984
48.6000000001	4.1133547479476675
48.6500000001	4.115556242170477
48.7000000001	4.117754890573287
48.7500000001	4.119950701305566
48.8000000001	4.1221436824825375
48.8500000001	4.124333842185332
48.9000000001	4.126521188461147
48.9500000001	4.1287057293234
49.0000000001	4.130887472751891
49.0500000001	4.133066426692949
49.1000000001	4.13524259905959
49.1500000001	4.137415997731675
49.2000000001	4.139586630556056
49.2500000001	4.141754505346735
49.3000000001	4.143919629885011
49.3500000001	4.146082011919639
49.4000000001	4.148241659166974
49.4500000001	4.150398579311124
49.5000000001	4.152552780004104
49.5500000001	4.154704268865978
49.6000000001	4.1568530534850145
49.6500000001	4.158999141417833
49.7000000001	4.161142540189551
49.7500000001	4.16328325729393
49.8000000001	4.165421300193527
49.8500000001	4.167556676319838
49.9000000001	4.169689393073439
49.9500000001	4.17181945782414
50.0000000001	4.17394687791786
50.0500000001	4.176071660062627
50.1000000001	4.178193812665122
50.1500000001	4.180313342460535
50.2000000001	4.182430256647814
50.2500000001	4.1845445606941025
50.3000000001	4.186656265208775
50.3500000001	4.188765375626124
50.4000000001	4.19087189899636
50.4500000001	4.192975842384962
50.5000000001	4.1950772128343194
50.5500000001	4.197176017398336
50.6000000001	4.199272263045011
50.6500000001	4.20136595670591
50.7000000001	4.203457105292623
50.7500000001	4.205545715718175
50.8000000001	4.207631794874518
50.8500000001	4.20971534958424
50.9000000001	4.211796386676967
50.9500000001	4.213874912919805
51.0000000001	4.215950935031358
51.0500000001	4.2180244597825896
51.1000000001	4.220095493881859
51.1500000001	4.22216404403712
51.2000000001	4.2242301168807135
51.2500000001	4.226293714326247
51.3000000001	4.228354851976341
51.3500000001	4.230413532321126
51.4000000001	4.232469761598835
51.4500000001	4.234523546373814
51.5000000001	4.236574893123314
51.5500000001	4.238623808288312
51.6000000001	4.2406702982879825
51.6500000001	4.242714369588629
51.7000000001	4.244756028527802
51.7500000001	4.24679528146687
51.8000000001	4.24883213472605
51.8500000001	4.250866594621474
51.9000000001	4.2528986674572895
51.9500000001	4.254928359490034
52.0000000001	4.256955676895505
52.0500000001	4.258980625821821
52.1000000001	4.261003212518662
52.1500000001	4.263023443180554
52.2000000001	4.265041323903916
52.2500000001	4.2670568608361465
52.3000000001	4.269070059959904
52.3500000001	4.271080927288203
52.4000000001	4.2730894688763685
52.4500000001	4.275095690765254
52.5000000001	4.2770995988859575
52.5500000001	4.27910119922017
52.6000000001	4.281100497741653
52.6500000001	4.283097500326653
52.7000000001	4.285092212850323
52.7500000001	4.287084641202992
52.8000000001	4.289074791219337
52.8500000001	4.291062668744617
52.9000000001	4.29304827951535
52.9500000001	4.295031629286069
53.0000000001	4.297012723844241
53.0500000001	4.298991568906193
53.1000000001	4.300968170165694
53.1500000001	4.302942533287775
53.2000000001	4.304914663927097
53.2500000001	4.306884568255179
53.3000000001	4.308852246473375
53.3500000001	4.310817708753971
53.4000000001	4.31278096605291
53.4500000001	4.314742018302921
53.5000000001	4.316700871588065
53.5500000001	4.318657531376279
53.6000000001	4.320612003137953
53.6500000001	4.322564292328552
53.7000000001	4.324514404383319
53.7500000001	4.326462344809872
53.8000000001	4.328408118932508
53.8500000001	4.330351732070692
53.9000000001	4.332293189571319
53.9500000001	4.334232496817294
54.0000000001	4.336169659109883
54.0500000001	4.338104681763834
54.1000000001	4.340037570001621
54.1500000001	4.341968329035877
54.2000000001	4.343896964120403
54.2500000001	4.345823480464466
54.3000000001	4.347747883228323
54.3500000001	4.349670177606329
54.4000000001	4.351590368770753
54.4500000001	4.353508461703006
54.5000000001	4.355424461623185
54.5500000001	4.357338373631563
54.6000000001	4.35925020279152
54.6500000001	4.361159954087313
54.7000000001	4.36306763258688
54.7500000001	4.364973243271744
54.8000000001	4.366876791122818
54.8500000001	4.368778281175951
54.9000000001	4.370677718380261
54.9500000001	4.372575107642037
55.0000000001	4.374470453854668
55.0500000001	4.376363761864883
55.1000000001	4.378255036615952
55.1500000001	4.380144283016866
55.2000000001	4.382031505885638
55.2500000001	4.383916709981806
55.3000000001	4.385799900071175
55.3500000001	4.38768108098499
55.4000000001	4.3895602574769
55.4500000001	4.391437434393245
55.5000000001	4.393312616441049
55.5500000001	4.395185808248428
55.6000000001	4.397057014493848
55.6500000001	4.39892623991391
55.7000000001	4.400793489063054
55.7500000001	4.402658766636853
55.8000000001	4.404522077326482
55.8500000001	4.406383425697109
55.9000000001	4.408242816348363
55.9500000001	4.410100253811687
56.0000000001	4.411955742670971
56.0500000001	4.413809287473113
56.1000000001	4.415660892734676
56.1500000001	4.417510562958241
56.2000000001	4.4193583026047
56.2500000001	4.421204116123934
56.3000000001	4.423048007911015
56.3500000001	4.4248899824813
56.4000000001	4.426730044291264
56.4500000001	4.428568197752649
56.5000000001	4.4304044479068745
56.5500000001	4.432238791496121
56.6000000001	4.434071239796927
56.6500000001	4.435901804003917
56.7000000001	4.437730480859781
56.7500000001	4.4395572754220325
56.8000000001	4.4413821920143155
56.8500000001	4.443205234895254
56.9000000001	4.445026408255354
56.9500000001	4.446845716312388
57.0000000001	4.448663163373634
57.0500000001	4.450478753617426
57.1000000001	4.452292491206171
57.1500000001	4.454104380314855
57.2000000001	4.4559144251283005
57.2500000001	4.4577226298855575
57.3000000001	4.459528998648651
57.3500000001	4.461333535562275
57.4000000001	4.4631362447103955
57.4500000001	4.464937130205963
57.5000000001	4.466736196106865
57.5500000001	4.468533446378598
57.6000000001	4.4703288850742435
57.6500000001	4.472122516230494
57.7000000001	4.473914343997347
57.7500000001	4.475704372188533
57.8000000001	4.477492604783199
57.8500000001	4.479279045896214
57.9000000001	4.4810636994281925
57.9500000001	4.482846569326479
58.0000000001	4.484627659536555
58.0500000001	4.486406974032029
58.1000000001	4.488184516668426
58.1500000001	4.48996029131599
58.2000000001	4.491734301887455
58.2500000001	4.493506552274159
58.3000000001	4.4952770463494165
58.3500000001	4.497045787867162
58.4000000001	4.498812780567955
58.4500000001	4.50057802830084
58.5000000001	4.502341534945759
58.5500000001	4.504103304283736
58.6000000001	4.505863340099113
58.6500000001	4.507621646122803
58.7000000001	4.50937822607371
58.7500000001	4.5111330836637835
58.8000000001	4.512886222599715
58.8500000001	4.514637646643438
58.9000000001	4.516387359377811
58.9500000001	4.518135364473796
59.0000000001	4.519881665682304
59.0500000001	4.521626266639025
59.1000000001	4.523369170979324
59.1500000001	4.5251103822626035
59.2000000001	4.526849904093803
59.2500000001	4.5285877400519805
59.3000000001	4.5303238937912536
59.3500000001	4.532058368885448
59.4000000001	4.533791168897307
59.4500000001	4.535522297321575
59.5000000001	4.537251757714343
59.5500000001	4.538979553640973
59.6000000001	4.540705688680081
59.6500000001	4.542430166257585
59.7000000001	4.544152989817714
59.7500000001	4.54587416282595
59.8000000001	4.547593688743652
59.8500000001	4.54931157107187
59.9000000001	4.551027813285188
59.9500000001	4.552742418791075
60.0000000001	4.554455391006991
60.0500000001	4.556166733325039
60.1000000001	4.557876449100217
60.1500000001	4.559584541614678
60.2000000001	4.56129101442165
60.2500000001	4.562995870813138
60.3000000001	4.564699114212882
60.3500000001	4.566400747871976
60.4000000001	4.5681007750657585
60.4500000001	4.569799199144405
60.5000000001	4.57149602340656
60.5500000001	4.573191251144941
60.6000000001	4.574884885627845
60.6500000001	4.5765769301503765
60.7000000001	4.578267387906495
60.7500000001	4.57995626215875
60.8000000001	4.581643556182907
60.8500000001	4.583329273256244
60.9000000001	4.585013416601891
60.9500000001	4.586695990245005
61.0000000001	4.588376991225244
61.0500000001	4.590056422187427
61.1000000001	4.591734302450153
61.1500000001	4.5934106247135755
61.2000000001	4.595085392151287
61.2500000001	4.59675860809798
61.3000000001	4.598430275645447
61.3500000001	4.600100397938423
61.4000000001	4.601768977961527
61.4500000001	4.603436018812758
61.5000000001	4.605101523754521
61.5500000001	4.606765495794958
61.6000000001	4.608427937954525
61.6500000001	4.610088853351204
61.7000000001	4.611748245017763
61.7500000001	4.613406115988223
61.8000000001	4.615062469272542
61.8500000001	4.616717307939
61.9000000001	4.618370634997462
61.9500000001	4.620022453335393
62.0000000001	4.621672766012111
62.0500000001	4.623321576036279
62.1000000001	4.624968886184934
62.1500000001	4.626614699646968
62.2000000001	4.628259019275547
62.2500000001	4.629901848114924
62.3000000001	4.631543188876925
62.3500000001	4.633183044521553
62.4000000001	4.634821418077778
62.4500000001	4.636458312511693
62.5000000001	4.638093730628889
62.5500000001	4.639727675358756
62.6000000001	4.641360149583124
62.6500000001	4.642991156168495
62.7000000001	4.6446206979386595
62.7500000001	4.646248777673357
62.8000000001	4.6478753982546195
62.8500000001	4.649500562399418
62.9000000001	4.651124273026417
62.9500000001	4.652746532951708
63.0000000001	4.654367344895671
63.0500000001	4.6559867116706535
63.1000000001	4.657604636087
63.1500000001	4.659221120962201
63.2000000001	4.660836169086571
63.2500000001	4.6624497832824
63.3000000001	4.664061966234794
63.3500000001	4.66567272063646
63.4000000001	4.66728204932774
63.4500000001	4.668889955079769
63.5000000001	4.670496440499256
63.5500000001	4.672101508187389
63.6000000001	4.673705160903272
63.6500000001	4.675307401461558
63.7000000001	4.676908232576041
63.7500000001	4.678507656814927
63.8000000001	4.6801056766362406
63.8500000001	4.681702294872722
63.9000000001	4.683297514280066
63.9500000001	4.684891337450419
64.0000000001	4.68648376709333
64.0500000001	4.688074805736597
64.1000000001	4.689664456016744
64.1500000001	4.691252720500838
64.2000000001	4.692839601879263
64.2500000001	4.6944251027594275
64.3000000001	4.6960092256781465
64.3500000001	4.697591973213041
64.4000000001	4.6991733477938435
64.4500000001	4.700753351978946
64.5000000001	4.702331988445986
64.5500000001	4.703909259835864
64.6000000001	4.705485168703265
64.6500000001	4.707059717485014
64.7000000001	4.708632908654332
64.7500000001	4.71020474474933
64.8000000001	4.7117752283536385
64.8500000001	4.713344361956117
64.9000000001	4.714912148074003
64.9500000001	4.716478589144469
65.0000000001	4.718043687646024
65.0500000001	4.719607446085989
65.1000000001	4.721169866908067
65.1500000001	4.722730952374227
65.2000000001	4.724290705026721
65.2500000001	4.7258491273515855
65.3000000001	4.727406221821191
65.3500000001	4.728961990807773
65.4000000001	4.730516436697194
65.4500000001	4.732069561921842
65.5000000001	4.733621369003372
65.5500000001	4.735171860331544
65.6000000001	4.736721038152111
65.6500000001	4.738268904901027
65.7000000001	4.739815462945973
65.7500000001	4.741360714664824
65.8000000001	4.74290466246739
65.8500000001	4.744447308587447
65.9000000001	4.745988655384739
65.9500000001	4.7475287051575465
66.0000000001	4.749067460219667
66.0500000001	4.750604923101307
66.1000000001	4.75214109607088
66.1500000001	4.7536759814355705
66.2000000001	4.755209581561034
66.2500000001	4.756741898736382
66.3000000001	4.758272935246876
66.3500000001	4.759802693348876
66.4000000001	4.761331175296564
66.4500000001	4.762858383409418
66.5000000001	4.764384320001041
66.5500000001	4.765908987296432
66.6000000001	4.767432387511444
66.6500000001	4.768954523570685
66.7000000001	4.770475387647148
66.7500000001	4.771994991346877
66.8000000001	4.7735133461747115
66.8500000001	4.775030444238001
66.9000000001	4.776546288568101
66.9500000001	4.778060881433664
67.0000000001	4.7795742250090365
67.0500000001	4.781086321526096
67.1000000001	4.782597173131712
67.1500000001	4.784106782002672
67.2000000001	4.785615150358099
67.2500000001	4.78712228043741
67.3000000001	4.788628174355386
67.3500000001	4.79013283426994
67.4000000001	4.791636262236507
67.4500000001	4.793138460387406
67.5000000001	4.794639431052409
67.5500000001	4.796139176336454
67.6000000001	4.797637698330839
67.6500000001	4.799134999203516
67.7000000001	4.800631081018016
67.7500000001	4.8021259457905865
67.8000000001	4.80361959558792
67.8500000001	4.805112032634372
67.9000000001	4.806603259033015
67.9500000001	4.80809327687789
68.0000000001	4.809582088279177
68.0500000001	4.811069695245382
68.1000000001	4.812556099680977
68.1500000001	4.814041303778053
68.2000000001	4.815525309632208
68.2500000001	4.817008119335435
68.3000000001	4.81848973482872
68.3500000001	4.819970158102902
68.4000000001	4.821449391340016
68.4500000001	4.822927436551114
68.5000000001	4.824404295768443
68.5500000001	4.8258799709742
68.6000000001	4.827354464224262
68.6500000001	4.828827777552956
68.7000000001	4.830299912993446
68.7500000001	4.831770872516385
68.8000000001	4.833240657964737
68.8500000001	4.834709271173876
68.9000000001	4.836176714415298
68.9500000001	4.837642989638212
69.0000000001	4.839108098912611
69.0500000001	4.840572044169332
69.1000000001	4.842034827339024
69.1500000001	4.84349645031693
69.2000000001	4.844956915030226
69.2500000001	4.846416223457452
69.3000000001	4.847874377613843
69.3500000001	4.8493313794217485
69.4000000001	4.850787230836717
69.4500000001	4.852241933711499
69.5000000001	4.853695489789947
69.5500000001	4.855147901059338
69.6000000001	4.856599169513866
69.6500000001	4.858049297103923
69.7000000001	4.859498285616426
69.7500000001	4.8609461368667795
69.8000000001	4.862392852810088
69.8500000001	4.863838435405984
69.9000000001	4.865282886527093
69.9500000001	4.866726208032699
70.0000000001	4.868168401766379
70.0500000001	4.869609469573796
70.1000000001	4.871049413331483
70.1500000001	4.872488234699587
70.2000000001	4.873925935793742
70.2500000001	4.875362518483398
70.3000000001	4.876797984324472
70.3500000001	4.878232335270915
70.4000000001	4.879665573250223
70.4500000001	4.881097700030029
70.5000000001	4.882528717463543
70.5500000001	4.883958627398846
70.6000000001	4.8853874316354675
70.6500000001	4.886815131996174
70.7000000001	4.888241730148146
70.7500000001	4.88966722795983
70.8000000001	4.89109162724076
70.8500000001	4.892514929912753
70.9000000001	4.893937137668665
70.9500000001	4.895358252242444
71.0000000001	4.896778275382675
71.0500000001	4.8981972088670975
71.1000000001	4.899615054506165
71.1500000001	4.901031814012417
71.2000000001	4.902447488925387
71.2500000001	4.903862081081693
71.3000000001	4.905275592367677
71.3500000001	4.906688024518381
71.4000000001	4.90809937924799
71.4500000001	4.909509658251649
71.5000000001	4.910918863291092
71.5500000001	4.912326996078036
71.6000000001	4.913734058363296
71.6500000001	4.915140051825473
71.7000000001	4.916544978207487
71.7500000001	4.917948839308948
71.8000000001	4.919351636857569
71.8500000001	4.920753372419419
71.9000000001	4.922154047547716
71.9500000001	4.923553663816717
72.0000000001	4.924952222951302
72.0500000001	4.926349726747929
72.1000000001	4.927746176822217
72.1500000001	4.9291415749121
72.2000000001	4.930535922739672
72.2500000001	4.93192922189003
72.3000000001	4.933321474034097
72.3500000001	4.934712680845697
72.4000000001	4.93610284394593
72.4500000001	4.937491965023445
72.5000000001	4.938880045808462
72.5500000001	4.940267087952838
72.6000000001	4.941653093020935
72.6500000001	4.943038062568184
72.7000000001	4.944421998194114
72.7500000001	4.945804901522183
72.8000000001	4.94718677429809
72.8500000001	4.948567618073865
72.9000000001	4.949947434445573
72.9500000001	4.9513262251059915
73.0000000001	4.952703991659039
73.0500000001	4.954080735611343
73.1000000001	4.955456458529587
73.1500000001	4.956831162058787
73.2000000001	4.958204847842723
73.2500000001	4.959577517408539
73.3000000001	4.960949172271767
73.3500000001	4.962319814061346
73.4000000001	4.96368944434677
73.4500000001	4.9650580647929665
73.5000000001	4.966425677401378
73.5500000001	4.967792274840596
73.6000000001	4.969157864478704
73.6500000001	4.970522460318911
73.7000000001	4.9718860546437185
73.7500000001	4.973248647687818
73.8000000001	4.974610241593942
73.8500000001	4.9759708379999354
73.9000000001	4.977330438494755
73.9500000001	4.978689044538028
74.0000000001	4.980046657551504
74.0500000001	4.98140327896156
74.1000000001	4.982758910252965
74.1500000001	4.9841135530550265
74.2000000001	4.985467208794474
74.2500000001	4.986819878925477
74.3000000001	4.988171565073046
74.3500000001	4.989522268783816
74.4000000001	4.99087199140749
74.4500000001	4.992220734436821
74.5000000001	4.993568499634095
74.5500000001	4.994915288417346
74.6000000001	4.996261102167707
74.6500000001	4.997605942328127
74.7000000001	4.998949810265558
74.7500000001	5.000292707553488
74.8000000001	5.001634635765127
74.8500000001	5.0029755963198905
74.9000000001	5.004315590622437
74.9500000001	5.005654620217431
75.0000000001	5.006992686607991
75.0500000001	5.008329791189486
75.1000000001	5.009665935192411
75.1500000001	5.011001120101755
75.2000000001	5.012335347365864
75.2500000001	5.013668618228111
75.3000000001	5.015000934355096
75.3500000001	5.016332297231313
75.4000000001	5.017662708266378
75.4500000001	5.018992168879842
75.5000000001	5.020320680478491
75.5500000001	5.021648244368758
75.6000000001	5.022974862086031
75.6500000001	5.024300535036783
75.7000000001	5.025625264677755
75.7500000001	5.026949052443012
75.8000000001	5.028271899618219
75.8500000001	5.029593807665998
75.9000000001	5.030914777993431
75.9500000001	5.032234811928912
76.0000000001	5.033553910698524
76.0500000001	5.034872075783182
76.1000000001	5.036189308679044
76.1500000001	5.037505610800515
76.2000000001	5.038820983503452
76.2500000001	5.040135427988523
76.3000000001	5.04144894559433
76.3500000001	5.042761537651949
76.4000000001	5.044073205574373
76.4500000001	5.045383950906765
76.5000000001	5.046693775127635
76.5500000001	5.048002679459551
76.6000000001	5.049310665089505
76.6500000001	5.050617733248112
76.7000000001	5.05192388539127
76.7500000001	5.053229122888735
76.8000000001	5.054533447142148
76.8500000001	5.055836859221377
76.9000000001	5.05713936061257
76.9500000001	5.058440952807253
77.0000000001	5.059741637066959
77.0500000001	5.0610414145796705
77.1000000001	5.062340286711628
77.1500000001	5.063638254883355
77.2000000001	5.064935320441182
77.2500000001	5.066231484670137
77.3000000001	5.067526748658627
77.3500000001	5.068821113722892
77.4000000001	5.07011458123919
77.4500000001	5.071407152613061
77.5000000001	5.072698829147461
77.5500000001	5.073989611985271
77.6000000001	5.075279502444558
77.6500000001	5.076568501777832
77.7000000001	5.077856611186964
77.7500000001	5.079143831982318
77.8000000001	5.080430165481357
77.8500000001	5.081715612942007
77.9000000001	5.083000175679176
77.9500000001	5.084283854903638
78.0000000001	5.085566651903344
78.0500000001	5.086848567975363
78.1000000001	5.088129604422961
78.1500000001	5.089409762566104
78.2000000001	5.090689043605512
78.2500000001	5.091967448744824
78.3000000001	5.093244979202965
78.3500000001	5.094521636231045
78.4000000001	5.095797421057914
78.4500000001	5.097072334871648
78.5000000001	5.098346378903997
78.5500000001	5.099619554388131
78.6000000001	5.100891862532868
78.6500000001	5.102163304462043
78.7000000001	5.103433881525037
78.7500000001	5.104703594938449
78.8000000001	5.1059724458390585
78.8500000001	5.107240435453026
78.9000000001	5.108507565126855
78.9500000001	5.10977383610599
79.0000000001	5.111039249614246
79.0500000001	5.112303806862464
79.1000000001	5.113567509008343
79.1500000001	5.11483035723806
79.2000000001	5.116092352793398
79.2500000001	5.117353496881366
79.3000000001	5.11861379075967
79.3500000001	5.119873235506649
79.4000000001	5.12113183221749
79.4500000001	5.122389582060703
79.5000000001	5.12364648621957
79.5500000001	5.124902545942772
79.6000000001	5.126157762482498
79.6500000001	5.127412137032303
79.7000000001	5.128665670811024
79.7500000001	5.129918364965565
79.8000000001	5.1311702206457745
79.8500000001	5.132421238958653
79.9000000001	5.133671421042512
79.9500000001	5.134920768015595
80.0000000001	5.136169281064641
80.0500000001	5.137416961347723
80.1000000001	5.138663809890861
80.1500000001	5.13990982784968
80.2000000001	5.141155016477391
80.2500000001	5.142399376946496
80.3000000001	5.1436429100459105
80.3500000001	5.144885617221113
80.4000000001	5.1461274997511515
80.4500000001	5.147368558629923
80.5000000001	5.148608794973819
80.5500000001	5.149848209876605
80.6000000001	5.1510868045189175
80.6500000001	5.1523245800452555
80.7000000001	5.153561537621697
80.7500000001	5.154797678392862
80.8000000001	5.1560330035213005
80.8500000001	5.157267514090446
80.9000000001	5.158501211167948
80.9500000001	5.159734095848927
81.0000000001	5.1609661692207025
81.0500000001	5.162197432428029
81.1000000001	5.163427886550342
81.1500000001	5.164657532702003
81.2000000001	5.165886372850707
81.2500000001	5.167114405582769
81.3000000001	5.168341624649504
81.3500000001	5.169568043109789
81.4000000001	5.170793666140486
81.4500000001	5.172018487670073
81.5000000001	5.173242508418967
81.5500000001	5.17446572983877
81.6000000001	5.175688153074456
81.6500000001	5.1769097792628
81.7000000001	5.178130609393771
81.7500000001	5.17935064448246
81.8000000001	5.180569885629829
81.8500000001	5.1817883338859545
81.9000000001	5.183005990367122
81.9500000001	5.184222856235404
82.0000000001	5.185438932438745
82.0500000001	5.186654220074383
82.1000000001	5.187868720172915
82.1500000001	5.189082433772136
82.2000000001	5.19029536191615
82.2500000001	5.1915075056403
82.3000000001	5.192718865991608
82.3500000001	5.1939294440118395
82.4000000001	5.195139240732804
82.4500000001	5.196348257200171
82.5000000001	5.197556494538625
82.5500000001	5.198763953784268
82.6000000001	5.199970635928416
82.6500000001	5.2011765421017495
82.7000000001	5.202381673321834
82.7500000001	5.203586030608395
82.8000000001	5.2047896149498944
82.8500000001	5.205992427381194
82.9000000001	5.207194468960472
82.9500000001	5.208395740597292
83.0000000001	5.20959624318027
83.0500000001	5.210795977927297
83.1000000001	5.21199494578757
83.1500000001	5.213193147793906
83.2000000001	5.2143905850208165
83.2500000001	5.215587258385183
83.3000000001	5.216783168933663
83.3500000001	5.217978317561671
83.4000000001	5.219172705177713
83.4500000001	5.2203663329247405
83.5000000001	5.22155920188019
83.5500000001	5.222751313051097
83.6000000001	5.223942667443257
83.6500000001	5.22513326607086
83.7000000001	5.2263231098379
83.7500000001	5.227512199654614
83.8000000001	5.228700536457379
83.8500000001	5.229888121470051
83.9000000001	5.231074955614087
83.9500000001	5.232261039812469
84.0000000001	5.233446375007289
84.0500000001	5.234630976378533
84.1000000001	5.235814723827565
84.1500000001	5.236997535813384
84.2000000001	5.2381796059248265
84.2500000001	5.239360747018419
84.3000000001	5.240541167158627
84.3500000001	5.24172084912397
84.4000000001	5.242899788328286
84.4500000001	5.2440778913083825
84.5000000001	5.245255195746755
84.5500000001	5.2464329865241695
84.6000000001	5.247608984392964
84.6500000001	5.24878422051593
84.7000000001	5.249957802132558
84.7500000001	5.251131533073552
84.8000000001	5.252304531265552
84.8500000001	5.253476720880396
84.9000000001	5.25464801030827
84.9500000001	5.255818602858611
85.0000000001	5.256988103051175
85.0500000001	5.258156910323064
85.1000000001	5.259324867063863
85.1500000001	5.260491995795597
85.2000000001	5.261658404880002
85.2500000001	5.262824181310579
85.3000000001	5.263989427720465
85.3500000001	5.265153898757232
85.4000000001	5.266317179661868
85.4500000001	5.267479450680176
85.5000000001	5.2686410239161
85.5500000001	5.2698019930108595
85.6000000001	5.270962011872545
85.6500000001	5.272121866890919
85.7000000001	5.273280907978836
85.7500000001	5.2744389505667595
85.8000000001	5.275596109296904
85.8500000001	5.276753096528762
85.9000000001	5.277908616244564
85.9500000001	5.279063424277087
86.0000000001	5.2802179228596176
86.0500000001	5.28137140155876
86.1000000001	5.28252406288
86.1500000001	5.2836758272609705
86.2000000001	5.284825946087735
86.2500000001	5.285976337294649
86.3000000001	5.2871257908501885
86.3500000001	5.288274347849435
86.4000000001	5.289422189863068
86.4500000001	5.290568911404364
86.5000000001	5.291715429922151
86.5500000001	5.292860807756145
86.6000000001	5.294005127570447
86.6500000001	5.295148284974371
86.7000000001	5.296290629846798
86.7500000001	5.297433773169854
86.8000000001	5.298575422719027
86.8500000001	5.299716793719466
86.9000000001	5.300856713184153
86.9500000001	5.301995389926981
87.0000000001	5.303133234129129
87.0500000001	5.304270572869299
87.1000000001	5.305404395820916
87.1500000001	5.306542416421917
87.2000000001	5.307678947691636
87.2500000001	5.308813473107924
87.3000000001	5.3099471625845025
87.3500000001	5.311080622125715
87.4000000001	5.3122131179983745
87.4500000001	5.313342192463001
87.5000000001	5.314473026053626
87.5500000001	5.315605059669987
87.6000000001	5.316737378765657
87.6500000001	5.3178661473116025
87.7000000001	5.318996908033986
87.7500000001	5.320124589936571
87.8000000001	5.321251221742786
87.8500000001	5.322377098342022
87.9000000001	5.323502296376494
87.9500000001	5.32462188357077
88.0000000001	5.325750115908037
88.0500000001	5.326873921269604
88.1000000001	5.327996203371606
88.1500000001	5.3291175851538615
88.2000000001	5.330238333351799
88.2500000001	5.33135952791662
88.3000000001	5.332479579602186
88.3500000001	5.333599139751398
88.4000000001	5.3347178009249925
88.4500000001	5.335831839283069
88.5000000001	5.336948125290001
88.5500000001	5.338064877906431
88.6000000001	5.339180034928841
88.6500000001	5.340295014467533
88.7000000001	5.341409191753777
88.7500000001	5.3425223113771985
88.8000000001	5.343635022176068
88.8500000001	5.344747277583708
88.9000000001	5.345858758818915
88.9500000001	5.346969388932816
89.0000000001	5.348079004644016
89.0500000001	5.349187654528299
89.1000000001	5.350296148705384
89.1500000001	5.3514052029958545
89.2000000001	5.35251221053015
89.2500000001	5.353617116951657
89.3000000001	5.354723049589798
89.3500000001	5.355827392685389
89.4000000001	5.356928094358934
89.4500000001	5.358034643678244
89.5000000001	5.3591365860829825
89.5500000001	5.360239171785515
89.6000000001	5.361339937142312
89.6500000001	5.362439112970436
89.7000000001	5.3635378595279555
89.7500000001	5.364637950581974
89.8000000001	5.365739273144982
89.8500000001	5.366836519031045
89.9000000001	5.367931801172178
89.9500000001	5.369028393449846
90.0000000001	5.370123348516983
90.0500000001	5.371218329668513
90.1000000001	5.372312337220371
90.1500000001	5.373405515934306
90.2000000001	5.374497940042959
90.2500000001	5.375589519001727
90.3000000001	5.3766785164036826
90.3500000001	5.377771454118061
90.4000000001	5.3788610369034355
90.4500000001	5.379949889708066
90.5000000001	5.381038044048447
90.5500000001	5.382125377724534
90.6000000001	5.383215459248757
90.6500000001	5.384300613682793
90.7000000001	5.3853856822602015
90.7500000001	5.386471008607863
90.8000000001	5.387555037211067
90.8500000001	5.388638153904469
90.9000000001	5.389726783248891
90.9500000001	5.3908083271525715
91.0000000001	5.391881357504451
91.0500000001	5.392965314362777
91.1000000001	5.394043125359872
91.1500000001	5.395122536062423
91.2000000001	5.3962006452699764
91.2500000001	5.397277864878904
91.3000000001	5.398354806028362
91.3500000001	5.3994304753189875
91.4000000001	5.4005065804723245
91.4500000001	5.40158226214207
91.5000000001	5.402657342915382
91.5500000001	5.403730891746694
91.6000000001	5.404802152212172
91.6500000001	5.405870701850497
91.7000000001	5.406946289261647
91.7500000001	5.408016805626174
91.8000000001	5.409086258492784
91.8500000001	5.410155493477949
91.9000000001	5.411222623507107
91.9500000001	5.412298691453958
92.0000000001	5.4133583687149205
92.0500000001	5.414424077382964
92.1000000001	5.415489070734018
92.1500000001	5.416557684559313
92.2000000001	5.417623139845358
92.2500000001	5.418684746753566
92.3000000001	5.419747508156556
92.3500000001	5.420809324967045
92.4000000001	5.421870719362521
92.4500000001	5.42293112470466
92.5000000001	5.423991898254892
92.5500000001	5.425051290524962
92.6000000001	5.426110173492043
92.6500000001	5.427166415233938
92.7000000001	5.428225635689441
92.7500000001	5.429280767432264
92.8000000001	5.430337027538437
92.8500000001	5.431391746002121
92.9000000001	5.4324466587399325
92.9500000001	5.433500218284048
93.0000000001	5.434555169959523
93.0500000001	5.435606930229329
93.1000000001	5.436655624000807
93.1500000001	5.437705588408524
93.2000000001	5.438758537787557
93.2500000001	5.439807969652404
93.3000000001	5.440857155243211
93.3500000001	5.4419050228901655
93.4000000001	5.442953059531352
93.4500000001	5.443998781268137
93.5000000001	5.445043442787992
93.5500000001	5.4460917763628665
93.6000000001	5.447135072543784
93.6500000001	5.448180795594578
93.7000000001	5.449221961774976
93.7500000001	5.4502646815076545
93.8000000001	5.45130928727876
93.8500000001	5.452346652123705
93.9000000001	5.453391691091131
93.9500000001	5.45442823666716
94.0000000001	5.455467687760658
94.0500000001	5.456505530269709
94.1000000001	5.45754244000277
94.1500000001	5.458588712515475
94.2000000001	5.459624251113631
94.2500000001	5.460658480723961
94.3000000001	5.461685436038926
94.3500000001	5.462720646415038
94.4000000001	5.46375467389799
94.4500000001	5.464789155275027
94.5000000001	5.465821378302881
94.5500000001	5.466851438563283
94.6000000001	5.467880485165279
94.6500000001	5.468910189122138
94.7000000001	5.469940356429529
94.7500000001	5.470969006486817
94.8000000001	5.471997008506583
94.8500000001	5.473024028674275
94.9000000001	5.474050305771416
94.9500000001	5.475076962488529
95.0000000001	5.476100301788397
95.0500000001	5.477124747603089
95.1000000001	5.478148734073955
95.1500000001	5.479172043038746
95.2000000001	5.480195511424612
95.2500000001	5.481217522585695
95.3000000001	5.482240599031769
95.3500000001	5.483257610715951
95.4000000001	5.484278195841509
95.4500000001	5.4852982711031855
95.5000000001	5.486316889898436
95.5500000001	5.4873345967285445
95.6000000001	5.48835178646519
95.6500000001	5.489368399901643
95.7000000001	5.490378979513302
95.7500000001	5.49139415483549
95.8000000001	5.492409159635537
95.8500000001	5.493422499265226
95.9000000001	5.494435669051756
95.9500000001	5.495447960618444
96.0000000001	5.496460094165577
96.0500000001	5.4974698218805225
96.1000000001	5.498479757043309
96.1500000001	5.4994895306612985
96.2000000001	5.500498349098071
96.2500000001	5.5015059483143
96.3000000001	5.502513040165782
96.3500000001	5.503519886643861
96.4000000001	5.504525381972437
96.4500000001	5.505526503509069
96.5000000001	5.506532313571934
96.5500000001	5.507536609101455
96.6000000001	5.508538713668159
96.6500000001	5.509540109341076
96.7000000001	5.510539150338384
96.7500000001	5.511536773987631
96.8000000001	5.512541906790632
96.8500000001	5.513542566383729
96.9000000001	5.514540592869286
96.9500000001	5.5155374534633985
97.0000000001	5.516533095385652
97.0500000001	5.517531598208579
97.1000000001	5.518527831312832
97.1500000001	5.519521503790468
97.2000000001	5.520517464390264
97.2500000001	5.521508947959744
97.3000000001	5.522504869830631
97.3500000001	5.523465254282514
97.4000000001	5.524491798815883
97.4500000001	5.525484354044778
97.5000000001	5.52647452853343
97.5500000001	5.52746296567348
97.6000000001	5.528448825174415
97.6500000001	5.5294347098643835
97.7000000001	5.530421809280496
97.7500000001	5.531409828156696
97.8000000001	5.532395383924717
97.8500000001	5.533381598124949
97.9000000001	5.534374190352409
97.9500000001	5.535356684516213
98.0000000001	5.536333993925858
98.0500000001	5.537315542987314
98.1000000001	5.538297179301363
98.1500000001	5.539278634503261
98.2000000001	5.54025921638531
98.2500000001	5.541240683762233
98.3000000001	5.542219383163745
98.3500000001	5.543198871297748
98.4000000001	5.544176588477412
98.4500000001	5.545149349654338
98.5000000001	5.546130912991628
98.5500000001	5.547106451033725
98.6000000001	5.548080836818825
98.6500000001	5.549054888276168
98.7000000001	5.550032671345442
98.7500000001	5.551006651844956
98.8000000001	5.551977710109148
98.8500000001	5.552949591944252
98.9000000001	5.553922357313564
98.9500000001	5.554893209389627
99.0000000001	5.555861879100108
99.0500000001	5.556829647887501
99.1000000001	5.557797770372762
99.1500000001	5.558763036247984
99.2000000001	5.55973470782979
99.2500000001	5.560700841252352
99.3000000001	5.5616641432684695
99.3500000001	5.5626293082286535
99.4000000001	5.5635922185924
99.4500000001	5.5645592096774354
99.5000000001	5.56552265495494
99.5500000001	5.5664846777798065
99.6000000001	5.567443346706832
99.6500000001	5.568402233117437
99.7000000001	5.569364069656403
99.7500000001	5.570324589368486
99.8000000001	5.5712843088374155
99.8500000001	5.572244132411377
99.9000000001	5.573200437396946
99.9500000001	5.574155894794319