0.001	-513.1074558404514
0.051	-10.211080485289584
0.101	-5.2324247277375315
0.151	-3.55123470386387
0.201	-2.706713144702784
0.251	-2.198857429000582
0.301	-1.8598926000026466
0.351	-1.6176419747305442
0.401	-1.4359272226281914
0.451	-1.2946136247097457
0.501	-1.1816042793257742
0.551	-1.0891931795633156
0.601	-1.01223871790069
0.651	-0.9471788937865493
0.701	-0.8914679730397672
0.751	-0.8432381834412755
0.801	-0.8010881160969007
0.851	-0.7639457209144993
0.901	-0.7309769195694165
0.951	-0.7015230471875875
1.001	-0.6750570427750822
1.051	-0.6511521447582594
1.101	-0.6294591163496002
1.151	-0.60968940696077
1.201	-0.5916025197573969
1.251	-0.5749964085772996
1.301	-0.5597000892412192
1.351	-0.5455678915792358
1.401	-0.5324749422867271
1.451	-0.5203135817178333
1.501	-0.5089904968428597
1.551	-0.4984244087594445
1.601	-0.4885441935246232
1.651	-0.47928734444691173
1.701	-0.47059870557914235
1.751	-0.4624294222028792
1.801	-0.4547360661350333
1.851	-0.44747990280007444
1.901	-0.4406262739668621
1.951	-0.43414407540041977
2.001	-0.42800531282683785
2.051	-0.4221847228472896
2.101	-0.4166594479814604
2.151	-0.41140875703272106
2.201	-0.4064138035680438
2.251	-0.4016574165863342
2.301	-0.39712391847907036
2.351	-0.39279896622016686
2.401	-0.388669412398878
2.451	-0.384723183262177
2.501	-0.38094917138623735
2.551	-0.3773371409698854
2.601	-0.3738776440515672
2.651	-0.3705619462076448
2.701	-0.36738196050341526
2.751	-0.364330188646888
2.801	-0.3613996684452965
2.851	-0.35858392679059536
2.901	-0.35587693750688265
2.951	-0.3532730834831017
3.001	-0.35076712259124226
3.051	-0.3483541569557792
3.101	-0.34602960519610687
3.151	-0.34378917731174
3.201	-0.3416288519213187
3.251	-0.339544855602009
3.301	-0.3375336441065969
3.351	-0.3355918852621576
3.401	-0.3337164433772468
3.451	-0.3319043650046203
3.501	-0.3301528659239673
3.551	-0.3284593192244084
3.601	-0.3268212443798657
3.651	-0.3252362972221247
3.701	-0.32370226072669384
3.751	-0.32221703653561956
3.801	-0.3207786371493996
3.851	-0.3193851787271798
3.901	-0.3180348744406619
3.951	-0.31672602833266905
4.001	-0.31545702963622446
4.051	-0.31422634751435363
4.101	-0.3130325261847047
4.151	-0.3118741803965396
4.201	-0.3107499912307386
4.251	-0.30965870219622305
4.301	-0.30859911559867537
4.351	-0.30757008915965167
4.401	-0.3065705328661743
4.451	-0.30559940603267993
4.501	-0.304655714558811
4.551	-0.30373850836798866
4.601	-0.30284687901301405
4.651	-0.3019799574361301
4.701	-0.3011369118720427
4.751	-0.3003169458833695
4.801	-0.29951929651886267
4.851	-0.2987432325855469
4.901	-0.2979880530266379
4.951	-0.2972530853977622
5.001	-0.29653768443460043
5.051	-0.29584123070561696
5.101	-0.2951631293440387
5.151	-0.2945028088536986
5.201	-0.2938597199837715
5.251	-0.2932333346678121
5.301	-0.29262314502284825
5.351	-0.29202866240460135
5.401	-0.2914494165151976
5.451	-0.2908849545599984
5.501	-0.29033484045042546
5.551	-0.28979865404988003
5.601	-0.28927599046006386
5.651	-0.2887664593451987
5.701	-0.2882696842918181
5.751	-0.28778530220196674
5.801	-0.28731296271779094
5.851	-0.28685232767564267
5.901	-0.28640307058794745
5.951	-0.28596487615120136
6.001	-0.2855374397785749
6.051	-0.28512046715569933
6.101	-0.2847136738183059
6.151	-0.28431678475047406
6.201	-0.28392953400232596
6.251	-0.28355166432607776
6.301	-0.28318292682942847
6.351	-0.2828230806453304
6.401	-0.2824718926172459
6.451	-0.28212913699905007
6.501	-0.2817945951687896
6.551	-0.28146805535555985
6.601	-0.2811493123788026
6.651	-0.28083816739937073
6.701	-0.280534427681747
6.751	-0.28023790636683654
6.801	-0.27994842225478983
6.851	-0.27966579959734406
6.901	-0.27938986789919895
6.951	-0.279120461727973
7.001	-0.27885742053231105
7.051	-0.27860058846773766
7.101	-0.27834981422987604
7.151	-0.2781049508946701
7.201	-0.2778658557652708
7.251	-0.2776323902252641
7.301	-0.27740441959793694
7.351	-0.27718181301129324
7.401	-0.27696444326854874
7.451	-0.2767521867238463
7.501	-0.276544923162949
7.551	-0.276342535688679
7.601	-0.27614491061088564
7.651	-0.2759519373407329
7.701	-0.2757635082891122
7.751	-0.27557951876899295
7.801	-0.2753998669015342
7.851	-0.2752244535257905
7.901	-0.2750531821118517
7.951	-0.2748859586772661
8.001	-0.2747226917066031
8.051	-0.27456329207401853
8.101	-0.27440767296869417
8.151	-0.2742557498230257
8.201	-0.27410744024344424
8.251	-0.2739626639437579
8.301	-0.273821342680908
8.351	-0.2736834001930385
8.401	-0.27354876213978196
8.451	-0.27341735604467066
8.501	-0.2732891112395849
8.551	-0.27316395881115546
8.601	-0.27304183154904066
8.651	-0.2729226638960012
8.701	-0.2728063918997022
8.751	-0.2726929531661716
8.801	-0.27258228681485
8.851	-0.2724743334351689
8.901	-0.27236903504459664
8.951	-0.2722663350480954
9.001	-0.27216617819893363
9.051	-0.272068510560802
9.101	-0.2719732794711827
9.151	-0.27188043350592345
9.201	-0.27178992244497135
9.251	-0.27170169723922183
9.301	-0.2716157099784413
9.351	-0.27153191386022285
9.401	-0.27145026315993676
9.451	-0.27137071320163886
9.501	-0.27129322032990155
9.551	-0.27121774188253356
9.601	-0.2711442361641557
9.651	-0.27107266242060235
9.701	-0.2710029808141177
9.751	-0.27093515239931976
9.801	-0.27086913909990296
9.851	-0.2708049036860541
9.901	-0.27074240975255676
9.951	-0.2706816216975586
10.001	-0.2706225047019796
10.051	-0.27056502470953836
10.101	-0.27050914840737483
10.151	-0.2704548432072494
10.201	-0.27040207722729814
10.251	-0.2703508192743255
10.301	-0.27030103882661544
10.351	-0.2702527060172447
10.401	-0.2702057916178804
10.451	-0.27016026702304535
10.501	-0.27011610423483695
10.551	-0.270073275848083
10.601	-0.27003175503592086
10.651	-0.269991515535786
10.701	-0.26995253163579597
10.751	-0.2699147781615178
10.801	-0.26987823046310566
10.851	-0.2698428644027966
10.901	-0.26980865634275397
10.951	-0.26977558313324634
11.001	-0.26974362210115177
11.051	-0.26971275103877657
11.101	-0.2696829481929794
11.151	-0.2696541922545903
11.201	-0.2696264623481163
11.251	-0.2695997380217237
11.301	-0.269573999237489
11.351	-0.2695492263619102
11.401	-0.2695254001566705
11.451	-0.2695025017696461
11.501	-0.26948051272615137
11.551	-0.2694594149204138
11.601	-0.269439190607272
11.651	-0.2694198223940895
11.701	-0.2694012932328787
11.751	-0.26938358641262816
11.801	-0.269366685551827
11.851	-0.2693505745911814
11.901	-0.26933523778651636
11.951	-0.26932065970185853
12.001	-0.2693068252026938
12.051	-0.26929371944939506
12.101	-0.26928132789081516
12.151	-0.2692696362580402
12.201	-0.2692586305582984
12.251	-0.26924829706902076
12.301	-0.2692386223320478
12.351	-0.26922959314798023
12.401	-0.26922119657066723
12.451	-0.2692134199018304
12.501	-0.26920625068581816
12.551	-0.2691996767044881
12.601	-0.2691936859722125
12.651	-0.2691882667310048
12.701	-0.2691834074457631
12.751	-0.2691790967996264
12.801	-0.2691753236894436
12.851	-0.26917207722134806
12.901	-0.2691693467064382
12.951	-0.26916712165655976
13.001	-0.2691653917801866
13.051	-0.2691641469783989
13.101	-0.2691633773409545
13.151	-0.26916307314245197
13.201	-0.26916322483858246
13.251	-0.26916382306246833
13.301	-0.26916485862108563
13.351	-0.26916632249176936
13.401	-0.2691682058187978
13.451	-0.26917049991005526
13.501	-0.26917319623377045
13.551	-0.26917628641532876
13.601	-0.2691797622341559
13.651	-0.2691836156206726
13.701	-0.26918783865331664
13.751	-0.2691924235556319
13.801	-0.26919736269342204
13.851	-0.2692026485719674
13.901	-0.2692082738333033
13.951	-0.2692142312535588
14.001	-0.2692205137403533
14.051	-0.26922711433025065
14.101	-0.26923402618626896
14.151	-0.269241242595444
14.201	-0.2692487569664461
14.251	-0.26925656282724847
14.301	-0.2692646538228456
14.351	-0.26927302371302075
14.401	-0.2692816663701617
14.451	-0.26929057577712273
14.501	-0.2692997460251323
14.551	-0.2693091713117451
14.601	-0.2693188459388379
14.651	-0.2693287643106471
14.701	-0.26933892093184786
14.751	-0.2693493104056739
14.801	-0.26935992743207593
14.851	-0.26937076680591937
14.901	-0.2693818234152187
14.951	-0.26939309223940927
15.001	-0.2694045683476541
15.051	-0.2694162468971862
15.101	-0.2694281231316849
15.151	-0.2694401923796851
15.201	-0.26945245005301954
15.251	-0.26946489164529247
15.301	-0.26947751273038484
15.351	-0.2694903089609891
15.401	-0.2695032760671744
15.451	-0.26951640985498043
15.501	-0.26952970620503913
15.551	-0.269543161071225
15.601	-0.26955677047933146
15.651	-0.26957053052577434
15.701	-0.2695844373763207
15.751	-0.26959848726484315
15.801	-0.26961267649209886
15.851	-0.26962700142453244
15.901	-0.26964145849310284
15.951	-0.26965604419213257
16.001	-0.26967075507818045
16.051	-0.2696855877689355
16.101	-0.2697005389421329
16.151	-0.269715605334491
16.201	-0.2697307837406688
16.251	-0.26974607101224335
16.301	-0.269761464056708
16.351	-0.26977695983648825
16.401	-0.269792555367978
16.451	-0.2698082477205936
16.501	-0.26982403401584565
16.551	-0.26983991142642955
16.601	-0.2698558771753321
16.651	-0.26987192853495623
16.701	-0.2698880628262613
16.751	-0.26990427741792034
16.801	-0.26992056972549267
16.851	-0.26993693721061274
16.901	-0.2699533773801933
16.951	-0.26996988778564435
17.001	-0.26998646602210596
17.051	-0.270003109727696
17.101	-0.27001981658277113
17.151	-0.2700365843092026
17.201	-0.27005341066966393
17.251	-0.27007029346693334
17.301	-0.2700872305432078
17.351	-0.27010421977943044
17.401	-0.27012125909462975
17.451	-0.27013834644527146
17.501	-0.2701554798246218
17.551	-0.27017265726212236
17.601	-0.27018987682277684
17.651	-0.2702071366065482
17.701	-0.27022443474776725
17.751	-0.27024176941455186
17.801	-0.27025913880823627
17.851	-0.2702765411628113
17.901	-0.27029397474437405
17.951	-0.2703114378505877
18.001	-0.2703289288101509
18.051	-0.2703464459822771
18.101	-0.2703639877561819
18.151	-0.27038155255058144
18.201	-0.2703991388131976
18.251	-0.27041674502027374
18.301	-0.2704343696760977
18.351	-0.2704520113125341
18.401	-0.2704696684885644
18.451	-0.2704873397898352
18.501	-0.2705050238282143
18.551	-0.27052271924135496
18.601	-0.27054042469226725
18.651	-0.2705581388688971
18.701	-0.270575860483713
18.751	-0.2705935882732991
18.801	-0.27061132099795626
18.851	-0.27062905744130944
18.901	-0.270646796409922
18.951	-0.27066453673291685
19.001	-0.2706822772616037
19.051	-0.2707000168691132
19.101	-0.2707177544500372
19.151	-0.2707354889200749
19.201	-0.2707532192156854
19.251	-0.2707709442937461
19.301	-0.27078866313121686
19.351	-0.27080637472480995
19.401	-0.2708240780906653
19.451	-0.2708417722640319
19.501	-0.270859456298954
19.551	-0.27087712926796287
19.601	-0.27089479026177377
19.651	-0.2709124383889879
19.701	-0.2709300727757995
19.751	-0.27094769256570783
19.801	-0.27096529691923404
19.851	-0.2709828850136426
19.901	-0.27100045604266754
19.951	-0.2710180092162433
20.001	-0.2710355437602399
20.051	-0.2710530589162026
20.101	-0.2710705539410962
20.151	-0.2710880281070528
20.201	-0.2711054807011245
20.251	-0.2711229110250401
20.301	-0.2711403183949652
20.351	-0.2711577021412672
20.401	-0.2711750616082833
20.451	-0.27119239615409274
20.501	-0.2712097051502929
20.551	-0.2712269879817789
20.601	-0.27124424404652675
20.651	-0.27126147275537993
20.701	-0.2712786735318401
20.751	-0.2712958458118604
20.801	-0.27131298904364265
20.851	-0.27133010268743774
20.901	-0.27134718621534915
20.951	-0.2713642391111396
21.001	-0.2713812608700414
21.051	-0.2713982509985689
21.101	-0.2714152090143351
21.151	-0.27143213444587
21.201	-0.27144902683244315
21.251	-0.27146588572388797
21.301	-0.2714827106804296
21.351	-0.27149950127251526
21.401	-0.27151625708064725
21.451	-0.27153297769521884
21.501	-0.27154966271635267
21.551	-0.27156631175374174
21.601	-0.27158292442649296
21.651	-0.2715995003629731
21.701	-0.27161603920065747
21.751	-0.27163254058598074
21.801	-0.27164900417419025
21.851	-0.2716654296292016
21.901	-0.2716818166234565
21.951	-0.27169816483778314
22.001	-0.2717144739612584
22.051	-0.2717307436910726
22.101	-0.2717469737323959
22.151	-0.27176316379824755
22.201	-0.27177931360936625
22.251	-0.27179542289408365
22.301	-0.2718114913881988
22.351	-0.27182751883485534
22.401	-0.2718435049844202
22.451	-0.2718594495943644
22.501	-0.27187535242914573
22.551	-0.27189121326009297
22.601	-0.2719070318652923
22.651	-0.27192280802947555
22.701	-0.2719385415439096
22.751	-0.2719542322062883
22.801	-0.2719698798206252
22.851	-0.2719854841971491
22.901	-0.27200104515219986
22.951	-0.27201656250812717
23.001	-0.27203203609318977
23.051	-0.27204746574145716
23.101	-0.272062851292712
23.151	-0.27207819259235483
23.201	-0.2720934894913096
23.251	-0.27210874184593115
23.301	-0.27212394951791374
23.351	-0.2721391123742013
23.401	-0.272154230286899
23.451	-0.27216930313318605
23.501	-0.27218433079522986
23.551	-0.2721993131601018
23.601	-0.272214250119694
23.651	-0.2722291415706375
23.701	-0.27224398741422134
23.751	-0.272258787556314
23.801	-0.2722735419072844
23.851	-0.27228825038192567
23.901	-0.2723029128993789
23.951	-0.27231752938305903
24.001	-0.27233209976058104
24.051	-0.2723466239636879
24.101	-0.2723611019281794
24.151	-0.27237553359384187
24.201	-0.27238991890437925
24.251	-0.27240425780734534
24.301	-0.2724185502540766
24.351	-0.27243279619962635
24.401	-0.2724469956027001
24.451	-0.2724611484255913
24.501	-0.27247525463411887
24.551	-0.27248931419756484
24.601	-0.2725033270886137
24.651	-0.27251729328329205
24.701	-0.27253121276090975
24.751	-0.27254508550400147
24.801	-0.2725589114982694
24.851	-0.27257269073252677
24.901	-0.27258642319864246
24.951	-0.2726001088914858
25.001	-0.272613747808873
25.051	-0.27262733995151406
25.101	-0.2726408853229602
25.151	-0.27265438392955277
25.201	-0.27266783578037207
25.251	-0.27268124088718787
25.301	-0.27269459926440986
25.351	-0.2727079109290397
25.401	-0.2727211759006227
25.451	-0.27273439420120155
25.501	-0.2727475658552695
25.551	-0.27276069088972527
25.601	-0.27277376933382785
25.651	-0.2727868012191527
25.701	-0.27279978657954795
25.751	-0.27281272545109175
25.801	-0.2728256178720501
25.851	-0.27283846388283534
25.901	-0.272851263525965
25.951	-0.272864016846022
26.001	-0.2728767238896147
26.051	-0.27288938470533775
26.101	-0.27290199934373394
26.151	-0.2729145678572561
26.201	-0.2729270903002299
26.251	-0.2729395667288171
26.301	-0.2729519972009795
26.351	-0.27296438177644317
26.401	-0.27297672051666344
26.451	-0.27298901348479043
26.501	-0.27300126074563497
26.551	-0.2730134623656353
26.601	-0.2730256184128237
26.651	-0.27303772895679446
26.701	-0.27304979406867175
26.751	-0.27306181382107797
26.801	-0.27307378828810314
26.851	-0.27308571754527383
26.901	-0.2730976016695236
26.951	-0.27310944073916327
27.001	-0.27312123483385153
27.051	-0.27313298403456654
27.101	-0.2731446884235776
27.151	-0.2731563480844172
27.201	-0.27316796310185376
27.251	-0.2731795335618647
27.301	-0.2731910595516096
27.351	-0.2732025411594044
27.401	-0.2732139784746955
27.451	-0.27322537158803417
27.501	-0.27323672059105214
27.551	-0.27324802557643646
27.601	-0.2732592866379057
27.651	-0.27327050387018587
27.701	-0.273281677368987
27.751	-0.27329280723098026
27.801	-0.273303893553775
27.851	-0.2733149364358963
27.901	-0.27332593597676336
27.951	-0.27333689227666724
28.001	-0.27334780543674986
28.051	-0.27335867555898286
28.101	-0.2733695027461469
28.151	-0.27338028710181145
28.201	-0.2733910287303144
28.251	-0.2734017277367425
28.301	-0.27341238422691194
28.351	-0.27342299830734923
28.401	-0.27343357008527225
28.451	-0.27344409966857175
28.501	-0.2734545871657932
28.551	-0.2734650326861186
28.601	-0.273475436339349
28.651	-0.2734857982358871
28.701	-0.27349611848671984
28.751	-0.273506397203402
28.801	-0.273516634498039
28.851	-0.27352683048327125
28.901	-0.2735369852722575
28.951	-0.2735470989786593
29.001	-0.27355717171662547
29.051	-0.27356720360077647
29.101	-0.27357719474618963
29.151	-0.27358714526838435
29.201	-0.2735970552833071
29.251	-0.27360692490731736
29.301	-0.2736167542571736
29.351	-0.2736265434500189
29.401	-0.27363629260336775
29.451	-0.27364600183509225
29.501	-0.27365567126340906
29.551	-0.2736653010068662
29.601	-0.27367489118433025
29.651	-0.2736844419149738
29.701	-0.2736939533182631
29.751	-0.2737034255139455
29.801	-0.2737128586220378
29.851	-0.2737222527628143
29.901	-0.2737316080567951
29.951	-0.27374092462473476
30.001	-0.2737502025876109
30.051	-0.27375944206661335
30.101	-0.2737686431831331
30.151	-0.2737778060587515
30.201	-0.27378693081523003
30.251	-0.27379601757449973
30.301	-0.273805066458651
30.351	-0.2738140775899236
30.401	-0.27382305109069693
30.451	-0.2738319870834803
30.501	-0.2738408856909031
30.551	-0.2738497470357059
30.601	-0.27385857124073104
30.651	-0.2738673584289134
30.701	-0.2738761087232719
30.751	-0.27388482224690025
30.801	-0.27389349912295885
30.851	-0.2739021394746659
30.901	-0.2739107434252895
30.951	-0.273919311098139
31.001	-0.27392784261655756
31.051	-0.27393633810391377
31.101	-0.273944797683594
31.151	-0.2739532214789949
31.201	-0.273961609613516
31.251	-0.27396996221055203
31.301	-0.27397827939348585
31.351	-0.27398656128568155
31.401	-0.2739948080104771
31.451	-0.2740030196911778
31.501	-0.2740111964510493
31.551	-0.2740193384133112
31.601	-0.27402744570113047
31.651	-0.274035518437615
31.701	-0.2740435567458074
31.751	-0.2740515607486787
31.801	-0.2740595305691228
31.851	-0.2740674663299497
31.901	-0.2740753681538805
31.951	-0.2740832361635412
32.001	-0.2740910704814571
32.051	-0.27409887123004745
32.101	-0.2741066385316201
32.151	-0.2741143725083659
32.201	-0.27412207328235366
32.251	-0.2741297409755251
32.301	-0.2741373757096897
32.351	-0.2741449776065198
32.401	-0.27415254678754586
32.451	-0.27416008337415154
32.501	-0.27416758748756925
32.551	-0.2741750592488754
32.601	-0.2741824987789862
32.651	-0.27418990619865286
32.701	-0.27419728162845763
32.751	-0.2742046251888095
32.801	-0.27421193699993995
32.851	-0.2742192171818991
32.901	-0.27422646585455146
32.951	-0.27423368313757235
33.001	-0.27424086915044377
33.051	-0.2742480240124509
33.101	-0.2742551478426784
33.151	-0.2742622407600066
33.201	-0.27426930288310836
33.251	-0.2742763343304452
33.301	-0.2742833352202644
33.351	-0.27429030567059526
33.401	-0.2742972457992461
33.451	-0.27430415572380107
33.501	-0.274311035561617
33.551	-0.2743178854298205
33.601	-0.2743247054453048
33.651	-0.274331495724727
33.701	-0.27433825638450504
33.751	-0.2743449875408154
33.801	-0.2743516893095897
33.851	-0.2743583618065126
33.901	-0.27436500514701895
33.951	-0.27437161944629135
34.001	-0.27437820481925757
34.051	-0.2743847613805883
34.101	-0.2743912892446947
34.151	-0.2743977885257259
34.201	-0.2744042593375671
34.251	-0.27441070179383725
34.301	-0.2744171160078867
34.351	-0.27442350209279537
34.401	-0.27442986016137055
34.451	-0.274436190326145
34.501	-0.274442492699375
34.551	-0.2744487673930384
34.601	-0.27445501451883275
34.651	-0.2744612341881737
34.701	-0.27446742651219297
34.751	-0.27447359160173695
34.801	-0.27447972956736466
34.851	-0.2744858405193466
34.901	-0.27449192456766286
34.951	-0.2744979818220016
35.001	-0.27450401239175776
35.051	-0.27451001638603145
35.101	-0.2745159939136267
35.151	-0.2745219450830499
35.201	-0.27452787000250867
35.251	-0.2745337687799106
35.301	-0.2745396415228617
35.351	-0.27454548833866566
35.401	-0.2745513093343224
35.451	-0.27455710461652694
35.501	-0.2745628742916684
35.551	-0.274568618465829
35.601	-0.27457433724478286
35.651	-0.2745800307339953
35.701	-0.27458569903862157
35.751	-0.2745913422635062
35.801	-0.2745969605131819
35.851	-0.274602553891869
35.901	-0.2746081225034744
35.951	-0.27461366645159085
36.001	-0.2746191858394962
36.051	-0.2746246807701527
36.101	-0.2746301513462064
36.151	-0.27463559766998624
36.201	-0.2746410198435038
36.251	-0.27464641796845224
36.301	-0.2746517921462062
36.351	-0.27465714247782086
36.401	-0.27466246906403163
36.451	-0.2746677720052538
36.501	-0.27467305140158155
36.551	-0.2746783073527883
36.601	-0.27468353995832556
36.651	-0.27468874931732307
36.701	-0.274693935528588
36.751	-0.2746990986906051
36.801	-0.27470423890153595
36.851	-0.27470935625921905
36.901	-0.2747144508611692
36.951	-0.2747195228045775
37.001	-0.27472457218631113
37.051	-0.27472959910291306
37.101	-0.2747346036506019
37.151	-0.2747395859252718
37.201	-0.2747445460224923
37.251	-0.27474948403750815
37.301	-0.2747544000652393
37.351	-0.27475929420028095
37.401	-0.27476416653690316
37.451	-0.2747690171690512
37.501	-0.27477384619034534
37.551	-0.2747786536940809
37.601	-0.2747834397732282
37.651	-0.2747882045204329
37.701	-0.27479294802801557
37.751	-0.27479767038797226
37.801	-0.2748023716919744
37.851	-0.2748070520313688
37.901	-0.2748117114971779
37.951	-0.2748163501801002
38.001	-0.2748209681705097
38.051	-0.27482556555845694
38.101	-0.2748301424336686
38.151	-0.2748346988855479
38.201	-0.27483923500317486
38.251	-0.27484375087530666
38.301	-0.2748482465903775
38.351	-0.27485272223649937
38.401	-0.274857177901462
38.451	-0.27486161367273326
38.501	-0.27486602963745954
38.551	-0.2748704258824659
38.601	-0.2748748024942566
38.651	-0.27487915955901543
38.701	-0.27488349716260596
38.751	-0.274887815390572
38.801	-0.2748921143281379
38.851	-0.2748963940602092
38.901	-0.2749006546713728
38.951	-0.2749048962458973
39.001	-0.27490911886773384
39.051	-0.27491332262051615
39.101	-0.2749175075875612
39.151	-0.27492167385186966
39.201	-0.2749258214961263
39.251	-0.27492995060270065
39.301	-0.27493406125364717
39.351	-0.27493815353070616
39.401	-0.274942227515304
39.451	-0.2749462832885538
39.501	-0.2749503209312559
39.551	-0.2749543405238984
39.601	-0.2749583421466577
39.651	-0.27496232587939934
39.701	-0.274966291801678
39.751	-0.2749702399927386
39.801	-0.2749741705315168
39.851	-0.2749780834966392
39.901	-0.2749819789664246
39.951	-0.27498585701888406
40.001	-0.27498971773172176
40.051	-0.2749935611823356
40.101	-0.2749973874478178
40.151	-0.27500119660495564
40.201	-0.27500498873023194
40.251	-0.2750087638998259
40.301	-0.27501252218961364
40.351	-0.27501626367516885
40.401	-0.27501998843176356
40.451	-0.27502369653436887
40.501	-0.2750273880576554
40.551	-0.2750310630759942
40.601	-0.2750347216634573
40.651	-0.2750383638938187
40.701	-0.27504198984055456
40.751	-0.27504559957684444
40.801	-0.2750491931755718
40.851	-0.2750527707093246
40.901	-0.2750563322503963
40.951	-0.2750598778707863
41.001	-0.275063407642201
41.051	-0.2750669216360543
41.101	-0.27507041992346837
41.151	-0.2750739025752745
41.201	-0.27507736966201385
41.251	-0.2750808212539381
41.301	-0.2750842574210104
41.351	-0.2750876782329059
41.401	-0.2750910837590128
41.451	-0.2750944740684328
41.501	-0.27509784922998215
41.551	-0.27510120931219234
41.601	-0.27510455438331094
41.651	-0.27510788451130225
41.701	-0.2751111997638481
41.751	-0.27511450020834904
41.801	-0.27511778591192443
41.851	-0.2751210569414139
41.901	-0.27512431336337784
41.951	-0.2751275552440982
42.001	-0.27513078264957935
42.051	-0.275133995645549
42.101	-0.27513719429745886
42.151	-0.27514037867048546
42.201	-0.27514354882953107
42.251	-0.2751467048392245
42.301	-0.27514984676392185
42.351	-0.27515297466770744
42.401	-0.2751560886143945
42.451	-0.27515918866752614
42.501	-0.27516227489037615
42.551	-0.27516534734594966
42.601	-0.27516840609698423
42.651	-0.27517145120595066
42.701	-0.2751744827350535
42.751	-0.2751775007462324
42.801	-0.2751805053011624
42.851	-0.27518349646125534
42.901	-0.2751864742876602
42.951	-0.27518943884126423
43.001	-0.27519239018269376
43.051	-0.2751953283723149
43.101	-0.2751982534702347
43.151	-0.27520116553630153
43.201	-0.2752040646301064
43.251	-0.27520695081098345
43.301	-0.2752098241380111
43.351	-0.2752126846700126
43.401	-0.27521553246555713
43.451	-0.27521836758296053
43.501	-0.27522119008028617
43.551	-0.27522400001534575
43.601	-0.2752267974457003
43.651	-0.27522958242866086
43.701	-0.2752323550212895
43.751	-0.2752351152804
43.801	-0.2752378632625589
43.851	-0.27524059902408604
43.901	-0.2752433226210559
43.951	-0.27524603410929793
44.001	-0.2752487335443978
44.051	-0.27525142098169797
44.101	-0.2752540964762987
44.151	-0.27525676008305905
44.201	-0.2752594118565973
44.251	-0.27526205185129216
44.301	-0.2752646801212836
44.351	-0.27526729672047345
44.401	-0.2752699017025266
44.451	-0.27527249512087154
44.501	-0.27527507702870146
44.551	-0.2752776474789748
44.601	-0.2752802065244166
44.651	-0.2752827542175186
44.701	-0.27528529061054086
44.751	-0.27528781575551214
44.801	-0.2752903297042309
44.851	-0.275292832508266
44.901	-0.27529532421895786
44.951	-0.27529780488741895
45.001	-0.27530027456453476
45.051	-0.2753027333009649
45.101	-0.27530518114714336
45.151	-0.2753076181532801
45.201	-0.2753100443693611
45.251	-0.2753124598451498
45.301	-0.2753148646301878
45.351	-0.27531725877379537
45.401	-0.2753196423250727
45.451	-0.2753220153329006
45.501	-0.2753243778459412
45.551	-0.27532672991263896
45.601	-0.2753290715812213
45.651	-0.2753314028996997
45.701	-0.27533372391587024
45.751	-0.2753360346773147
45.801	-0.2753383352314011
45.851	-0.27534062562528483
45.901	-0.2753429059059092
45.951	-0.27534517612000636
46.001	-0.27534743631409825
46.051	-0.27534968653449715
46.101	-0.27535192682730675
46.151	-0.2753541572384228
46.201	-0.2753563778135341
46.251	-0.27535858859812307
46.301	-0.27536078963746674
46.351	-0.2753629809766374
46.401	-0.2753651626605037
46.451	-0.2753673347337311
46.501	-0.2753694972407829
46.551	-0.2753716502259211
46.601	-0.2753737937332068
46.651	-0.2753759278065015
46.701	-0.2753780524894677
46.751	-0.2753801678255695
46.801	-0.2753822738580737
46.851	-0.27538437063005033
46.901	-0.27538645818437374
46.951	-0.2753885365637231
47.001	-0.2753906058105833
47.051	-0.2753926659672457
47.101	-0.2753947170758091
47.151	-0.2753967591781802
47.201	-0.2753987923160746
47.251	-0.27540081653101756
47.301	-0.27540283186434467
47.351	-0.2754048383572028
47.401	-0.2754068360505506
47.451	-0.27540882498515956
47.501	-0.2754108052016146
47.551	-0.2754127767403149
47.601	-0.2754147396414746
47.651	-0.2754166939451237
47.701	-0.2754186396911086
47.751	-0.275420576919093
47.801	-0.27542250566855886
47.851	-0.2754244259788066
47.901	-0.27542633788895643
47.951	-0.2754282414379487
48.001	-0.2754301366645449
48.051	-0.2754320236073283
48.101	-0.2754339023047046
48.151	-0.2754357727949029
48.201	-0.2754376351159762
48.251	-0.2754394893058023
48.301	-0.27544133540208443
48.351	-0.27544317344235214
48.401	-0.2754450034639618
48.451	-0.2754468255040975
48.501	-0.27544863959977167
48.551	-0.27545044578782607
48.601	-0.27545224410493196
48.651	-0.2754540345875915
48.701	-0.2754558172721379
48.751	-0.2754575921947365
48.801	-0.2754593593913852
48.851	-0.2754611188979155
48.901	-0.2754628707499929
48.951	-0.2754646149831178
49.001	-0.2754663516326261
49.051	-0.27546808073369
49.101	-0.27546980232131857
49.151	-0.27547151643035855
49.201	-0.275473223095495
49.251	-0.27547492235125204
49.301	-0.2754766142319936
49.351	-0.27547829877192376
49.401	-0.275479976005088
49.451	-0.27548164596537345
49.501	-0.2754833086865096
49.551	-0.27548496420206925
49.601	-0.27548661254546897
49.651	-0.2754882537499698
49.701	-0.27548988784867806
49.751	-0.27549151487454576
49.801	-0.2754931348603715
49.851	-0.27549474783880107
49.901	-0.2754963538423282
49.951	-0.2754979529032949
50.001	-0.2754995450538925
50.051	-0.27550113032616225
50.101	-0.2755027087519957
50.151	-0.27550428036313557
50.201	-0.2755058451911765
50.251	-0.27550740326756545
50.301	-0.27550895462360253
50.351	-0.27551049929044147
50.401	-0.2755120372990906
50.451	-0.275513568680413
50.501	-0.27551509346512754
50.551	-0.27551661168380936
50.601	-0.2755181233668906
50.651	-0.2755196285446608
50.701	-0.27552112724726774
50.751	-0.2755226195047181
50.801	-0.2755241053468779
50.851	-0.27552558480347317
50.901	-0.27552705790409077
50.951	-0.2755285246781787
51.001	-0.27552998515504695
51.051	-0.2755314393638681
51.101	-0.27553288733367765
51.151	-0.2755343290933751
51.201	-0.27553576467172414
51.251	-0.27553719409735344
51.301	-0.27553861739875735
51.351	-0.2755400346042961
51.401	-0.27554144574219697
51.451	-0.27554285084055447
51.501	-0.27554424992733106
51.551	-0.2755456430303577
51.601	-0.27554703017733456
51.651	-0.2755484113958314
51.701	-0.2755497867132885
51.751	-0.2755511561570168
51.801	-0.2755525197541988
51.851	-0.275553877531889
51.901	-0.27555522951701455
51.951	-0.27555657573637576
52.001	-0.27555791621664677
52.051	-0.275559250984376
52.101	-0.27556058006598677
52.151	-0.2755619034877778
52.201	-0.275563221275924
52.251	-0.27556453345647675
52.301	-0.2755658400553645
52.351	-0.27556714109839364
52.401	-0.27556843661124863
52.451	-0.27556972661949275
52.501	-0.27557101114856875
52.551	-0.2755722902237992
52.601	-0.27557356387038706
52.651	-0.2755748321134165
52.701	-0.275576094977853
52.751	-0.27557735248854426
52.801	-0.27557860467022055
52.851	-0.2755798515474953
52.901	-0.2755810931448657
52.951	-0.27558232948671285
53.001	-0.27558356059730305
53.051	-0.27558478650078755
53.101	-0.27558600722120347
53.151	-0.2755872227824743
53.201	-0.2755884332084103
53.251	-0.2755896385227091
53.301	-0.2755908387489564
53.351	-0.27559203391062587
53.401	-0.2755932240310805
53.451	-0.2755944091335724
53.501	-0.2755955892412438
53.551	-0.2755967643771272
53.601	-0.27559793456414616
53.651	-0.27559909982511555
53.701	-0.27560026018274225
53.751	-0.27560141565962554
53.801	-0.27560256627825763
53.851	-0.2756037120610242
53.901	-0.27560485303020466
53.951	-0.2756059892079731
54.001	-0.2756071206163982
54.051	-0.27560824727744426
54.101	-0.2756093692129713
54.151	-0.27561048644473574
54.201	-0.27561159899439075
54.251	-0.2756127068834868
54.301	-0.2756138101334723
54.351	-0.2756149087656937
54.401	-0.2756160028013962
54.451	-0.2756170922617243
54.501	-0.2756181771677221
54.551	-0.27561925754033373
54.601	-0.27562033340040404
54.651	-0.27562140476867886
54.701	-0.27562247166580556
54.751	-0.2756235341123335
54.801	-0.27562459212871426
54.851	-0.2756256457353026
54.901	-0.2756266949523565
54.951	-0.2756277398000376
55.001	-0.2756287802984118
55.051	-0.2756298164674499
55.101	-0.27563084832702756
55.151	-0.2756318758969261
55.201	-0.27563289919683287
55.251	-0.27563391824634165
55.301	-0.275634933064953
55.351	-0.275635943672075
55.401	-0.27563695008702327
55.451	-0.2756379523290218
55.501	-0.27563895041720304
55.551	-0.27563994437060857
55.601	-0.2756409342081894
55.651	-0.2756419199488065
55.701	-0.275642901611231
55.751	-0.2756438792141449
55.801	-0.27564485277614137
55.851	-0.275645822315725
55.901	-0.2756467878513125
55.951	-0.27564774940123304
56.001	-0.27564870698372834
56.051	-0.2756496606169537
56.101	-0.27565061031897764
56.151	-0.2756515561077831
56.201	-0.27565249800126723
56.251	-0.27565343601724207
56.301	-0.275654370173435
56.351	-0.275655300487489
56.401	-0.2756562269769629
56.451	-0.2756571496593323
56.501	-0.2756580685519894
56.551	-0.2756589836722436
56.601	-0.2756598950373222
56.651	-0.2756608026643702
56.701	-0.27566170657045114
56.751	-0.2756626067725473
56.801	-0.27566350328756006
56.851	-0.27566439613231053
56.901	-0.27566528532353957
56.951	-0.27566617087790846
57.001	-0.275667052811999
57.051	-0.2756679311423142
57.101	-0.2756688058852785
57.151	-0.27566967705723805
57.201	-0.2756705446744612
57.251	-0.27567140875313895
57.301	-0.27567226930938504
57.351	-0.27567312635923663
57.401	-0.2756739799186544
57.451	-0.2756748300035231
57.501	-0.2756756766296519
57.551	-0.2756765198127746
57.601	-0.2756773595685501
57.651	-0.2756781959125627
57.701	-0.27567902886032264
57.751	-0.2756798584272661
57.801	-0.2756806846287559
57.851	-0.27568150748008163
57.901	-0.27568232699646017
57.951	-0.27568314319303583
58.001	-0.2756839560848808
58.051	-0.2756847656869956
58.101	-0.27568557201430927
58.151	-0.2756863750816797
58.201	-0.2756871749038941
58.251	-0.27568797149566926
58.301	-0.27568876487165184
58.351	-0.27568955504641884
58.401	-0.27569034203447784
58.451	-0.27569112585026717
58.501	-0.27569190650815667
58.551	-0.2756926840224476
58.601	-0.27569345840737314
58.651	-0.27569422967709867
58.701	-0.27569499784572227
58.751	-0.2756957629272747
58.801	-0.2756965249357201
58.851	-0.27569728388495596
58.901	-0.27569803978881374
58.951	-0.27569879266105896
59.001	-0.27569954251539164
59.051	-0.2757002893654466
59.101	-0.2757010332247937
59.151	-0.27570177410693836
59.201	-0.2757025120253214
59.251	-0.27570324699332
59.301	-0.2757039790242474
59.351	-0.27570470813135367
59.401	-0.2757054343278256
59.451	-0.2757061576267876
59.501	-0.2757068780413011
59.551	-0.27570759558436575
59.601	-0.27570831026891923
59.651	-0.2757090221078376
59.701	-0.27570973111393576
59.751	-0.27571043729996747
59.801	-0.27571114067862595
59.851	-0.275711841262544
59.901	-0.2757125390642942
59.951	-0.27571323409638954
60.001	-0.2757139263712833
60.051	-0.2757146159013695
60.101	-0.2757153026989833
60.151	-0.2757159867764012
60.201	-0.2757166681458413
60.251	-0.2757173468194634
60.301	-0.2757180228093698
60.351	-0.27571869612760497
60.401	-0.2757193667861563
60.451	-0.27572003479695395
60.501	-0.27572070017187156
60.551	-0.2757213629227263
60.601	-0.275722023061279
60.651	-0.2757226805992348
60.701	-0.275723335548243
60.751	-0.27572398791989766
60.801	-0.27572463772573763
60.851	-0.275725284977247
60.901	-0.2757259296858553
60.951	-0.27572657186293764
61.001	-0.2757272115198151
61.051	-0.2757278486677551
61.101	-0.27572848331797145
61.151	-0.2757291154816246
61.201	-0.27572974516982207
61.251	-0.2757303723936186
61.301	-0.2757309971640164
61.351	-0.2757316194919655
61.401	-0.2757322393883639
61.451	-0.2757328568640578
61.501	-0.2757334719298419
61.551	-0.27573408459645965
61.601	-0.2757346948746036
61.651	-0.2757353027749155
61.701	-0.2757359083079864
61.751	-0.27573651148435735
61.801	-0.2757371123145192
61.851	-0.2757377108089131
61.901	-0.2757383069779306
61.951	-0.275738900831914
62.001	-0.2757394923811565
62.051	-0.27574008163590247
62.101	-0.2757406686063477
62.151	-0.27574125330263954
62.201	-0.2757418357348774
62.251	-0.27574241591311266
62.301	-0.275742993847349
62.351	-0.2757435695475428
62.401	-0.27574414302360317
62.451	-0.2757447142853922
62.501	-0.27574528334272536
62.551	-0.2757458502053715
62.601	-0.27574641488305324
62.651	-0.275746977385447
62.701	-0.2757475377221836
62.751	-0.275748095902848
62.801	-0.2757486519369798
62.851	-0.27574920583407353
62.901	-0.27574975760357867
62.951	-0.2757503072549
63.001	-0.2757508547973977
63.051	-0.2757514002403877
63.101	-0.2757519435931417
63.151	-0.2757524848648878
63.201	-0.27575302406481006
63.251	-0.27575356120204936
63.301	-0.27575409628570324
63.351	-0.2757546293248261
63.401	-0.27575516032842967
63.451	-0.275755689305483
63.501	-0.2757562162649126
63.551	-0.2757567412156029
63.601	-0.2757572641663963
63.651	-0.2757577851260934
63.701	-0.2757583041034531
63.751	-0.275758821107193
63.801	-0.2757593361459896
63.851	-0.27575984922847807
63.901	-0.27576036036325313
63.951	-0.2757608695588687
64.001	-0.2757613768238383
64.051	-0.27576188216663533
64.101	-0.2757623855956931
64.151	-0.2757628871194051
64.201	-0.2757633867461253
64.251	-0.27576388448416805
64.301	-0.27576438034180867
64.351	-0.27576487432728314
64.401	-0.2757653664487889
64.451	-0.27576585671448445
64.501	-0.27576634513248993
64.551	-0.27576683171088723
64.601	-0.27576731645771996
64.651	-0.2757677993809939
64.701	-0.2757682804886771
64.751	-0.2757687597887
64.801	-0.2757692372889557
64.851	-0.2757697129973001
64.901	-0.2757701869215519
64.951	-0.27577065906949333
65.001	-0.2757711294488696
65.051	-0.2757715980673897
65.101	-0.2757720649327261
65.151	-0.2757725300525153
65.201	-0.2757729934343577
65.251	-0.2757734550858181
65.301	-0.27577391501442555
65.351	-0.27577437322767373
65.401	-0.2757748297330211
65.451	-0.27577528453789085
65.501	-0.2757757376496715
65.551	-0.27577618907571666
65.601	-0.2757766388233454
65.651	-0.27577708689984237
65.701	-0.275777533312458
65.751	-0.27577797806840865
65.801	-0.27577842117487666
65.851	-0.2757788626390107
65.901	-0.275779302467926
65.951	-0.27577974066870403
66.001	-0.2757801772483933
66.051	-0.2757806122140091
66.101	-0.27578104557253386
66.151	-0.27578147733091707
66.201	-0.27578190749607573
66.251	-0.27578233607489444
66.301	-0.27578276307422533
66.351	-0.2757831885008885
66.401	-0.27578361236167204
66.451	-0.2757840346633322
66.501	-0.2757844554125935
66.551	-0.27578487461614903
66.601	-0.27578529228066045
66.651	-0.27578570841275823
66.701	-0.27578612301904176
66.751	-0.2757865361060795
66.801	-0.27578694768040923
66.851	-0.2757873577485379
66.901	-0.27578776631694224
66.951	-0.2757881733920685
67.001	-0.2757885789803328
67.051	-0.27578898308812133
67.101	-0.27578938572179024
67.151	-0.27578978688766603
67.201	-0.2757901865920456
67.251	-0.27579058484119645
67.301	-0.2757909816413566
67.351	-0.2757913769987352
67.401	-0.2757917709195121
67.451	-0.2757921634098385
67.501	-0.27579255447583656
67.551	-0.2757929441236002
67.601	-0.27579333235919473
67.651	-0.275793719188657
67.701	-0.2757941046179959
67.751	-0.2757944886531921
67.801	-0.2757948713001985
67.851	-0.27579525256494003
67.901	-0.27579563245331423
67.951	-0.27579601097119094
68.001	-0.2757963881244127
68.051	-0.2757967639187949
68.101	-0.2757971383601256
68.151	-0.2757975114541661
68.201	-0.2757978832066507
68.251	-0.27579825362328714
68.301	-0.2757986227097564
68.351	-0.2757989904717132
68.401	-0.2757993569147857
68.451	-0.2757997220445761
68.501	-0.2758000858666604
68.551	-0.27580044838658857
68.601	-0.275800809609885
68.651	-0.2758011695420482
68.701	-0.27580152818855114
68.751	-0.27580188555484136
68.801	-0.27580224164634115
68.851	-0.27580259646844746
68.901	-0.27580295002653227
68.951	-0.27580330232594263
69.001	-0.2758036533720006
69.051	-0.2758040031700037
69.101	-0.2758043517252247
69.151	-0.27580469904291216
69.201	-0.2758050451282899
69.251	-0.27580538998655785
69.301	-0.2758057336228917
69.351	-0.275806076042443
69.401	-0.2758064172503396
69.451	-0.2758067572516855
69.501	-0.2758070960515611
69.551	-0.27580743365502325
69.601	-0.2758077700671053
69.651	-0.27580810529281724
69.701	-0.2758084393371461
69.751	-0.2758087722050557
69.801	-0.2758091039014867
69.851	-0.27580943443135725
69.901	-0.27580976379956246
69.951	-0.2758100920109749
70.001	-0.2758104190704447
70.051	-0.27581074498279934
70.101	-0.2758110697528442
70.151	-0.2758113933853624
70.201	-0.27581171588511494
70.251	-0.2758120372568408
70.301	-0.27581235750525707
70.351	-0.2758126766350592
70.401	-0.2758129946509208
70.451	-0.275813311557494
70.501	-0.2758136273594094
70.551	-0.27581394206127635
70.601	-0.27581425566768286
70.651	-0.27581456818319583
70.701	-0.275814879612361
70.751	-0.2758151899597034
70.801	-0.2758154992297269
70.851	-0.2758158074269149
70.901	-0.2758161145557301
70.951	-0.2758164206206144
71.001	-0.27581672562598963
71.051	-0.27581702957625703
71.101	-0.27581733247579765
71.151	-0.27581763432897244
71.201	-0.27581793514012226
71.251	-0.27581823491356794
71.301	-0.2758185336536106
71.351	-0.2758188313645315
71.401	-0.2758191280505922
71.451	-0.27581942371603485
71.501	-0.27581971836508196
71.551	-0.2758200120019366
71.601	-0.2758203046307829
71.651	-0.27582059625578537
71.701	-0.27582088688108963
71.751	-0.27582117651082233
71.801	-0.27582146514909106
71.851	-0.2758217527999847
71.901	-0.2758220394675734
71.951	-0.2758223251559085
72.001	-0.275822609869023
72.051	-0.27582289361093126
72.101	-0.2758231763856294
72.151	-0.2758234581970952
72.201	-0.27582373904928814
72.251	-0.2758240189461498
72.301	-0.2758242978916035
72.351	-0.27582457588955483
72.401	-0.2758248529438914
72.451	-0.27582512905848316
72.501	-0.2758254042371822
72.551	-0.2758256784838232
72.601	-0.2758259518022233
72.651	-0.27582622419618213
72.701	-0.2758264956694821
72.751	-0.27582676622588825
72.801	-0.2758270358691485
72.851	-0.2758273046029937
72.901	-0.27582757243113765
72.951	-0.2758278393572773
73.001	-0.2758281053850926
73.051	-0.275828370518247
73.101	-0.275828634760387
73.151	-0.2758288981151426
73.201	-0.2758291605861274
73.251	-0.27582942217693834
73.301	-0.27582968289115617
73.351	-0.2758299427323453
73.401	-0.2758302017040539
73.451	-0.2758304598098141
73.501	-0.2758307170531419
73.551	-0.2758309734375374
73.601	-0.27583122896648465
73.651	-0.2758314836434521
73.701	-0.2758317374718924
73.751	-0.27583199045524237
73.801	-0.27583224259692346
73.851	-0.2758324939003415
73.901	-0.27583274436888683
73.951	-0.27583299400593453
74.001	-0.27583324281484434
74.051	-0.27583349079896075
74.101	-0.27583373796161315
74.151	-0.2758339843061159
74.201	-0.2758342298357682
74.251	-0.27583447455385457
74.301	-0.27583471846364443
74.351	-0.2758349615683926
74.401	-0.27583520387133903
74.451	-0.27583544537570914
74.501	-0.27583568608471376
74.551	-0.27583592600154916
74.601	-0.2758361651293973
74.651	-0.27583640347142563
74.701	-0.27583664103078737
74.751	-0.27583687781062155
74.801	-0.275837113814053
74.851	-0.27583734904419255
74.901	-0.27583758350413684
74.951	-0.27583781719696865
75.001	-0.2758380501257569
75.051	-0.2758382822935567
75.101	-0.27583851370340934
75.151	-0.2758387443583425
75.201	-0.27583897426137005
75.251	-0.2758392034154926
75.301	-0.2758394318236971
75.351	-0.275839659488957
75.401	-0.2758398864142325
75.451	-0.27584011260247054
75.501	-0.27584033805660474
75.551	-0.27584056277955554
75.601	-0.27584078677423035
75.651	-0.2758410100435234
75.701	-0.2758412325903161
75.751	-0.27584145441747693
75.801	-0.2758416755278613
75.851	-0.27584189592431213
75.901	-0.2758421156096593
75.951	-0.27584233458672025
76.001	-0.2758425528582997
76.051	-0.27584277042718985
76.101	-0.27584298729617035
76.151	-0.2758432034680085
76.201	-0.27584341894545916
76.251	-0.2758436337312649
76.301	-0.2758438478281561
76.351	-0.2758440612388508
76.401	-0.275844273966055
76.451	-0.2758444860124626
76.501	-0.2758446973807554
76.551	-0.27584490807360346
76.601	-0.2758451180936647
76.651	-0.27584532744358525
76.701	-0.2758455361259995
76.751	-0.27584574414353
76.801	-0.2758459514987878
76.851	-0.27584615819437214
76.901	-0.2758463642328708
76.951	-0.2758465696168599
77.001	-0.27584677434890426
77.051	-0.2758469784315572
77.101	-0.2758471818673608
77.151	-0.27584738465884573
77.201	-0.2758475868085314
77.251	-0.2758477883189261
77.301	-0.275847989192527
77.351	-0.27584818943182016
77.401	-0.2758483890392805
77.451	-0.27584858801737216
77.501	-0.2758487863685482
77.551	-0.27584898409525094
77.601	-0.2758491811999117
77.651	-0.27584937768495116
77.701	-0.2758495735527793
77.751	-0.2758497688057953
77.801	-0.27584996344638785
77.851	-0.27585015747693503
77.901	-0.27585035089980436
77.951	-0.275850543717353
78.001	-0.2758507359319276
78.051	-0.27585092754586443
78.101	-0.27585111856148953
78.151	-0.27585130898111865
78.201	-0.27585149880705717
78.251	-0.27585168804160054
78.301	-0.275851876687034
78.351	-0.27585206474563256
78.401	-0.27585225221966136
78.451	-0.2758524391113756
78.501	-0.2758526254230204
78.551	-0.27585281115683113
78.601	-0.27585299631503324
78.651	-0.2758531808998424
78.701	-0.27585336491346457
78.751	-0.27585354835809595
78.801	-0.27585373123592316
78.851	-0.2758539135491232
78.901	-0.27585409529986343
78.951	-0.27585427649030175
79.001	-0.2758544571225867
79.051	-0.27585463719885717
79.101	-0.27585481672124285
79.151	-0.27585499569186395
79.201	-0.27585517411283156
79.251	-0.2758553519862474
79.301	-0.275855529314204
79.351	-0.2758557060987847
79.401	-0.2758558823420638
79.451	-0.2758560580461065
79.501	-0.275856233212969
79.551	-0.2758564078446984
79.601	-0.2758565819433329
79.651	-0.2758567555109019
79.701	-0.2758569285494258
79.751	-0.27585710106091627
79.801	-0.2758572730473761
79.851	-0.27585744451079947
79.901	-0.27585761545317183
79.951	-0.27585778587646986
80.001	-0.2758579557826618
80.051	-0.2758581251737072
80.101	-0.27585829405155715
80.151	-0.2758584624181541
80.201	-0.2758586302754322
80.251	-0.2758587976253173
80.301	-0.27585896446972646
80.351	-0.27585913081056884
80.401	-0.27585929664974507
80.451	-0.2758594619891476
80.501	-0.27585962683066073
80.551	-0.2758597911761604
80.601	-0.2758599550275145
80.651	-0.2758601183865829
80.701	-0.27586028125521733
80.751	-0.2758604436352615
80.801	-0.2758606055285512
80.851	-0.27586076693691414
80.901	-0.27586092786217015
80.951	-0.2758610883061314
81.001	-0.2758612482706018
81.051	-0.275861407757378
81.101	-0.27586156676824836
81.151	-0.27586172530499387
81.201	-0.27586188336938766
81.251	-0.2758620409631953
81.301	-0.2758621980881746
81.351	-0.27586235474607596
81.401	-0.2758625109386421
81.451	-0.2758626666676084
81.501	-0.27586282193470246
81.551	-0.2758629767416448
81.601	-0.2758631310901482
81.651	-0.27586328498191837
81.701	-0.2758634384186534
81.751	-0.2758635914020443
81.801	-0.2758637439337747
81.851	-0.275863896015521
81.901	-0.27586404764895245
81.951	-0.27586419883573104
82.001	-0.27586434957751177
82.051	-0.2758644998759424
82.101	-0.2758646497326637
82.151	-0.2758647991493094
82.201	-0.27586494812750617
82.251	-0.27586509666887377
82.301	-0.275865244775025
82.351	-0.27586539244756575
82.401	-0.27586553968809513
82.451	-0.27586568649820525
82.501	-0.2758658328794816
82.551	-0.27586597883350267
82.601	-0.2758661243618404
82.651	-0.2758662694660599
82.701	-0.27586641414771973
82.751	-0.27586655840837165
82.801	-0.2758667022495609
82.851	-0.2758668456728261
82.901	-0.2758669886796993
82.951	-0.275867131271706
83.001	-0.27586727345036527
83.051	-0.2758674152171897
83.101	-0.2758675565736854
83.151	-0.27586769752135215
83.201	-0.2758678380616833
83.251	-0.2758679781961658
83.301	-0.2758681179262804
83.351	-0.2758682572535015
83.401	-0.2758683961792972
83.451	-0.2758685347051295
83.501	-0.2758686728324541
83.551	-0.2758688105627205
83.601	-0.2758689478973721
83.651	-0.2758690848378463
83.701	-0.2758692213855742
83.751	-0.27586935754198094
83.801	-0.27586949330848576
83.851	-0.27586962868650167
83.901	-0.2758697636774359
83.951	-0.2758698982826895
84.001	-0.27587003250365794
84.051	-0.27587016634173045
84.101	-0.2758702997982907
84.151	-0.2758704328747163
84.201	-0.27587056557237916
84.251	-0.27587069789264534
84.301	-0.2758708298368752
84.351	-0.2758709614064234
84.401	-0.27587109260263887
84.451	-0.27587122342686476
84.501	-0.2758713538804387
84.551	-0.27587148396469274
84.601	-0.2758716136809531
84.651	-0.27587174303054063
84.701	-0.27587187201477065
84.751	-0.2758720006349528
84.801	-0.27587212889239143
84.851	-0.2758722567883852
84.901	-0.2758723843242274
84.951	-0.27587251150120606
85.001	-0.27587263832060366
85.051	-0.27587276478369727
85.101	-0.2758728908917587
85.151	-0.2758730166460545
85.201	-0.2758731420478458
85.251	-0.27587326709838855
85.301	-0.27587339179893333
85.351	-0.2758735161507257
85.401	-0.2758736401550058
85.451	-0.27587376381300877
85.501	-0.27587388712596445
85.551	-0.2758740100950977
85.601	-0.27587413272162825
85.651	-0.2758742550067706
85.701	-0.2758743769517344
85.751	-0.2758744985577241
85.801	-0.27587461982593925
85.851	-0.2758747407575744
85.901	-0.27587486135381906
85.951	-0.27587498161585783
86.001	-0.27587510154487044
86.051	-0.2758752211420317
86.101	-0.2758753404085116
86.151	-0.2758754593454751
86.201	-0.2758755779540825
86.251	-0.2758756962354893
86.301	-0.27587581419084606
86.351	-0.27587593182129877
86.401	-0.27587604912798847
86.451	-0.27587616611205174
86.501	-0.2758762827746202
86.551	-0.27587639911682094
86.601	-0.2758765151397764
86.651	-0.27587663084460434
86.701	-0.2758767462324179
86.751	-0.27587686130432565
86.801	-0.27587697606143163
86.851	-0.2758770905048353
86.901	-0.2758772046356314
86.951	-0.2758773184549106
87.001	-0.2758774319637587
87.051	-0.27587754516325713
87.101	-0.275877658054483
87.151	-0.27587777063850877
87.201	-0.2758778829164027
87.251	-0.2758779948892286
87.301	-0.27587810655804584
87.351	-0.27587821792390954
87.401	-0.2758783289878704
87.451	-0.275878439750975
87.501	-0.27587855021426533
87.551	-0.2758786603787794
87.601	-0.2758787702455508
87.651	-0.275878879815609
87.701	-0.2758789890899792
87.751	-0.27587909806968236
87.801	-0.27587920675573535
87.851	-0.27587931514915087
87.901	-0.27587942325093756
87.951	-0.2758795310620997
88.001	-0.2758796385836378
88.051	-0.275879745816548
88.101	-0.2758798527618226
88.151	-0.27587995942044974
88.201	-0.27588006579341356
88.251	-0.2758801718816942
88.301	-0.2758802776862679
88.351	-0.27588038320810676
88.401	-0.2758804884481791
88.451	-0.2758805934074491
88.501	-0.27588069808687726
88.551	-0.27588080248742003
88.601	-0.2758809066100301
88.651	-0.27588101045565616
88.701	-0.2758811140252432
88.751	-0.27588121731973214
88.801	-0.27588132034006047
88.851	-0.2758814230871615
88.901	-0.2758815255619651
88.951	-0.2758816277653971
89.001	-0.27588172969837976
89.051	-0.27588183136183153
89.101	-0.2758819327566673
89.151	-0.275882033883798
89.201	-0.2758821347441312
89.251	-0.2758822353385706
89.301	-0.27588233566801623
89.351	-0.27588243573336474
89.401	-0.2758825355355089
89.451	-0.275882635075338
89.501	-0.2758827343537379
89.551	-0.27588283337159053
89.601	-0.2758829321297747
89.651	-0.2758830306291654
89.701	-0.27588312887063426
89.751	-0.2758832268550493
89.801	-0.2758833245832752
89.851	-0.27588342205617294
89.901	-0.27588351927460036
89.951	-0.2758836162394116
90.001	-0.2758837129514576
90.051	-0.27588380941158563
90.101	-0.27588390562063986
90.151	-0.2758840015794609
90.201	-0.27588409728888613
90.251	-0.27588419274974946
90.301	-0.27588428796288145
90.351	-0.27588438292910955
90.401	-0.2758844776492578
90.451	-0.2758845721241468
90.501	-0.27588466635459413
90.551	-0.275884760341414
90.601	-0.2758848540854174
90.651	-0.27588494758741205
90.701	-0.27588504084820253
90.751	-0.27588513386859015
90.801	-0.2758852266493731
90.851	-0.2758853191913464
90.901	-0.27588541149530194
90.951	-0.2758855035620283
91.001	-0.27588559539231117
91.051	-0.27588568698693294
91.101	-0.27588577834667305
91.151	-0.27588586947230775
91.201	-0.27588596036461027
91.251	-0.27588605102435076
91.301	-0.2758861414522964
91.351	-0.27588623164921117
91.401	-0.2758863216158562
91.451	-0.2758864113529895
91.501	-0.2758865008613663
91.551	-0.27588659014173855
91.601	-0.27588667919485543
91.651	-0.2758867680214632
91.701	-0.27588685662230505
91.751	-0.2758869449981213
91.801	-0.2758870331496494
91.851	-0.27588712107762386
91.901	-0.2758872087827763
91.951	-0.2758872962658355
92.001	-0.2758873835275274
92.051	-0.275887470568575
92.101	-0.27588755738969856
92.151	-0.27588764399161547
92.201	-0.27588773037504033
92.251	-0.2758878165406849
92.301	-0.2758879024892582
92.351	-0.27588798822146654
92.401	-0.27588807373801333
92.451	-0.2758881590395993
92.501	-0.2758882441269225
92.551	-0.2758883290006781
92.601	-0.27588841366155875
92.651	-0.2758884981102543
92.701	-0.2758885823474519
92.751	-0.275888666373836
92.801	-0.2758887501900885
92.851	-0.2758888337968886
92.901	-0.2758889171949128
92.951	-0.275889000384835
93.001	-0.2758890833673265
93.051	-0.275889166143056
93.101	-0.27588924871268955
93.151	-0.2758893310768907
93.201	-0.2758894132363203
93.251	-0.2758894951916369
93.301	-0.2758895769434962
93.351	-0.2758896584925515
93.401	-0.27588973983945353
93.451	-0.2758898209848506
93.501	-0.2758899019293884
93.551	-0.27588998267371023
93.601	-0.27589006321845677
93.651	-0.2758901435642664
93.701	-0.27589022371177485
93.751	-0.27589030366161554
93.801	-0.27589038341441946
93.851	-0.2758904629708151
93.901	-0.27589054233142846
93.951	-0.27589062149688326
94.001	-0.27589070046780084
94.051	-0.27589077924480004
94.101	-0.2758908578284974
94.151	-0.2758909362195071
94.201	-0.2758910144184409
94.251	-0.2758910924259082
94.301	-0.2758911702425162
94.351	-0.27589124786886965
94.401	-0.275891325305571
94.451	-0.2758914025532205
94.501	-0.2758914796124159
94.551	-0.27589155648375285
94.601	-0.27589163316782467
94.651	-0.2758917096652224
94.701	-0.2758917859765349
94.751	-0.27589186210234856
94.801	-0.2758919380432478
94.851	-0.2758920137998147
94.901	-0.27589208937262905
94.951	-0.2758921647622686
95.001	-0.27589223996930873
95.051	-0.27589231499432276
95.101	-0.2758923898378817
95.151	-0.27589246450055466
95.201	-0.2758925389829082
95.251	-0.27589261328550707
95.301	-0.27589268740891365
95.351	-0.27589276135368834
95.401	-0.27589283512038937
95.451	-0.2758929087095728
95.501	-0.2758929821217926
95.551	-0.2758930553576008
95.601	-0.27589312841754704
95.651	-0.2758932013021792
95.701	-0.2758932740120429
95.751	-0.2758933465476817
95.801	-0.2758934189096373
95.851	-0.2758934910984491
95.901	-0.2758935631146546
95.951	-0.2758936349587893
96.001	-0.2758937066313867
96.051	-0.2758937781329781
96.101	-0.27589384946409307
96.151	-0.27589392062525897
96.201	-0.27589399161700134
96.251	-0.2758940624398436
96.301	-0.2758941330943074
96.351	-0.27589420358091216
96.401	-0.2758942739001757
96.451	-0.2758943440526135
96.501	-0.2758944140387395
96.551	-0.27589448385906545
96.601	-0.2758945535141013
96.651	-0.275894623004355
96.701	-0.2758946923303328
96.751	-0.2758947614925389
96.801	-0.27589483049147556
96.851	-0.2758948993276433
96.901	-0.27589496800154073
96.951	-0.2758950365136646
97.001	-0.27589510486450985
97.051	-0.27589517305456945
97.101	-0.2758952410843348
97.151	-0.27589530895429504
97.201	-0.27589537666493796
97.251	-0.2758954442167493
97.301	-0.2758955116102129
97.351	-0.2758955788458111
97.401	-0.27589564592402416
97.451	-0.27589571284533077
97.501	-0.2758957796102077
97.551	-0.27589584621913005
97.601	-0.2758959126725711
97.651	-0.27589597897100243
97.701	-0.27589604511489385
97.751	-0.27589611110471346
97.801	-0.2758961769409276
97.851	-0.27589624262400086
97.901	-0.27589630815439625
97.951	-0.2758963735325749
98.001	-0.2758964387589964
98.051	-0.27589650383411846
98.101	-0.2758965687583973
98.151	-0.2758966335322874
98.201	-0.2758966981562415
98.251	-0.2758967626307108
98.301	-0.27589682695614465
98.351	-0.275896891132991
98.401	-0.27589695516169593
98.451	-0.27589701904270403
98.501	-0.2758970827764582
98.551	-0.2758971463633998
98.601	-0.2758972098039684
98.651	-0.2758972730986022
98.701	-0.2758973362477375
98.751	-0.27589739925180934
98.801	-0.27589746211125094
98.851	-0.27589752482649404
98.901	-0.2758975873979687
98.951	-0.2758976498261036
99.001	-0.27589771211132563
99.051	-0.2758977742540603
99.101	-0.27589783625473147
99.151	-0.2758978981137616
99.201	-0.2758979598315714
99.251	-0.2758980214085802
99.301	-0.27589808284520584
99.351	-0.27589814414186453
99.401	-0.27589820529897097
99.451	-0.2758982663169385
99.501	-0.27589832719617874
99.551	-0.2758983879371021
99.601	-0.27589844854011725
99.651	-0.2758985090056315
99.701	-0.2758985693340507
99.751	-0.2758986295257792
99.801	-0.2758986895812199
99.851	-0.27589874950077425
99.901	-0.2758988092848422
99.951	-0.2758988689338223
500.	-0.2759352684718405