0.001	-513.1149459798534
0.051	-10.218674471819355
0.101	-5.240120731176202
0.151	-3.5590309154257787
0.201	-2.714607776813041
0.251	-2.2068487150748375
0.301	-1.8679787942290398
0.351	-1.625821351853805
0.401	-1.4441980777358743
0.451	-1.3029742730205762
0.501	-1.1900530559800895
0.551	-1.0977284394155729
0.601	-1.0208588353140313
0.651	-0.9558822624293954
0.701	-0.9002530056844249
0.751	-0.8521033117645371
0.801	-0.8100317904826181
0.851	-0.7729664102581123
0.901	-0.7400731110844159
0.951	-0.7106932462138963
1.001	-0.6842997725893347
1.051	-0.6604659463859608
1.101	-0.6388425483791462
1.151	-0.6191410453593136
1.201	-0.6011209576885377
1.251	-0.5845802562205836
1.301	-0.5693479736134285
1.351	-0.5552784563574524
1.401	-0.5422468476331526
1.451	-0.5301455041063476
1.501	-0.5188811288873035
1.551	-0.5083724590436056
1.601	-0.4985483864339142
1.651	-0.48934642000171896
1.701	-0.4807114192698326
1.751	-0.4725945448264465
1.801	-0.4649523836333712
1.851	-0.4577462160998564
1.901	-0.450941398821016
1.951	-0.44450684223118037
2.001	-0.43841456657036154
2.051	-0.43263932279981765
2.101	-0.42715826764701337
2.151	-0.4219506839723124
2.201	-0.4169977392503954
2.251	-0.41228227624008096
2.301	-0.40778863094643836
2.351	-0.40350247381211163
2.401	-0.39941067075166786
2.451	-0.3955011611954085
2.501	-0.3917628507622676
2.551	-0.3881855165546689
2.601	-0.38475972337688263
2.651	-0.38147674943469867
2.701	-0.37832852028780883
2.751	-0.37530755000493454
2.801	-0.37240688862167526
2.851	-0.36962007512733014
2.901	-0.36694109531363084
2.951	-0.3643643439087426
3.001	-0.3618845904967505
3.051	-0.35949694878837224
3.101	-0.35719684886465286
3.151	-0.35498001206341473
3.201	-0.3528424282194991
3.251	-0.3507803350053912
3.301	-0.34879019914952686
3.351	-0.34686869933616277
3.401	-0.345012710613757
3.451	-0.3432192901588661
3.501	-0.34148566426004484
3.551	-0.3398092164014986
3.601	-0.3381874763395976
3.651	-0.33661811007707115
3.701	-0.3350989106499882
3.751	-0.3336277896516837
3.801	-0.3322027694257709
3.851	-0.3308219758674279
3.901	-0.3294836317783831
3.951	-0.32818605072654927
4.001	-0.3269276313661595
4.051	-0.3257068521786165
4.101	-0.32452226659815026
4.151	-0.32337249848983596
4.201	-0.3222562379506153
4.251	-0.3211722374067264
4.301	-0.32011930798342103
4.351	-0.31909631612506467
4.401	-0.3181021804457065
4.451	-0.31713586879199634
4.501	-0.31619639550193473
4.551	-0.3152828188443951
4.601	-0.31439423862566573
4.651	-0.31352979395044234
4.701	-0.31268866112577115
4.751	-0.3118700516974109
4.801	-0.3110732106089595
4.851	-0.31029741447488735
4.901	-0.30954196995934197
4.951	-0.30880621225324645
5.001	-0.30808950364281096
5.051	-0.3073912321631239
5.101	-0.3067108103309828
5.151	-0.3060476739515816
5.201	-0.30540128099408276
5.251	-0.3047711105314823
5.301	-0.304156661740523
5.351	-0.30355745295772607
5.401	-0.302973020787906
5.451	-0.30240291926179663
5.501	-0.3018467190396641
5.551	-0.30130400665800644
5.601	-0.300774383816647
5.651	-0.3002574667037187
5.701	-0.2997528853562139
5.751	-0.2992602830539331
5.801	-0.29877931574481864
5.851	-0.2983096514997942
5.901	-0.2978509699953605
5.951	-0.29740296202231387
6.001	-0.2969653290190641
6.051	-0.29653778262812747
6.101	-0.2961200442744665
6.151	-0.29571184476443113
6.201	-0.29531292390413977
6.251	-0.2949230301362103
6.301	-0.29454192019382186
6.351	-0.2941693587711519
6.401	-0.2938051182092927
6.451	-0.2934489781968073
6.501	-0.2931007254841357
6.551	-0.2927601536111124
6.601	-0.29242706264689816
6.651	-0.2921012589416735
6.701	-0.2917825548894787
6.751	-0.29147076870162236
6.801	-0.2911657241901145
6.851	-0.290867250560611
6.901	-0.2905751822143879
6.951	-0.29028935855888904
7.001	-0.29000962382642004
7.051	-0.28973582690058225
7.101	-0.2894678211500656
7.151	-0.2892054642694404
7.201	-0.2889486181266066
7.251	-0.28869714861657964
7.301	-0.28845092552130885
7.351	-0.2882098223752403
7.401	-0.28797371633635305
7.451	-0.28774248806241076
7.501	-0.2875160215921853
7.551	-0.28729420423142193
7.601	-0.28707692644332694
7.651	-0.2868640817433711
7.701	-0.28665556659821245
7.751	-0.28645128032855194
7.801	-0.28625112501574546
7.851	-0.28605500541200485
7.901	-0.28586282885402803
7.951	-0.2856745051799076
8.001	-0.2854899466491744
8.051	-0.2853090678658388
8.101	-0.28513178570430114
8.151	-0.28495801923800673
8.201	-0.2847876896707289
8.251	-0.28462072027036844
8.301	-0.28445703630516234
8.351	-0.2842965649822016
8.401	-0.28413923538816155
8.451	-0.2839849784321519
8.501	-0.2838337267906009
8.551	-0.2836854148540883
8.601	-0.28353997867604885
8.651	-0.28339735592327003
8.701	-0.2832574858281119
8.751	-0.2831203091423796
8.801	-0.28298576809278353
8.851	-0.2828538063379227
8.901	-0.28272436892673314
8.951	-0.2825974022583425
9.001	-0.2824728540432765
9.051	-0.2823506732659647
9.101	-0.282230810148496
9.151	-0.2821132161155748
9.201	-0.2819978437606337
9.251	-0.2818846468130566
9.301	-0.28177358010647263
9.351	-0.28166459954807926
9.401	-0.28155766208895616
9.451	-0.2814527256953337
9.501	-0.2813497493207804
9.551	-0.2812486928792754
9.601	-0.28114951721913384
9.651	-0.28105218409775384
9.701	-0.28095665615715576
9.751	-0.2808628969002845
9.801	-0.28077087066804807
9.851	-0.2806805426170661
9.901	-0.28059187869810254
9.951	-0.2805048456351592
10.001	-0.2804194109052061
10.051	-0.2803355427185272
10.101	-0.2802532099996587
10.151	-0.28017238236890163
10.201	-0.2800930301243863
10.251	-0.2800151242246715
10.301	-0.27993863627185983
10.351	-0.27986353849521095
10.401	-0.2797898037352366
10.451	-0.279717405428261
10.501	-0.2796463175914307
10.551	-0.2795765148081594
10.601	-0.2795079722139928
10.651	-0.2794406654828799
10.701	-0.2793745708138371
10.751	-0.2793096649179931
10.801	-0.2792459250060003
10.851	-0.2791833287758032
10.901	-0.27912185440075
10.951	-0.2790614805180382
11.001	-0.27900218621748224
11.051	-0.27894395103059333
11.101	-0.27888675491996184
11.151	-0.2788305782689322
11.201	-0.27877540187156113
11.251	-0.2787212069228511
11.301	-0.2786679750092489
11.351	-0.27861568809940307
11.401	-0.2785643285351699
11.451	-0.27851387902286245
11.501	-0.2784643226247338
11.551	-0.27841564275068786
11.601	-0.27836782315021036
11.651	-0.2783208479045144
11.701	-0.2782747014188927
11.751	-0.2782293684152715
11.801	-0.2781848339249589
11.851	-0.2781410832815833
11.901	-0.27809810211421515
11.951	-0.2780558763406665
12.001	-0.27801439216096424
12.051	-0.27797363605099096
12.101	-0.2779335947562884
12.151	-0.27789425528601985
12.201	-0.2778556049070854
12.251	-0.277817631138387
12.301	-0.27778032174523803
12.351	-0.27774366473391393
12.401	-0.27770764834633915
12.451	-0.2776722610549072
12.501	-0.2776374915574297
12.551	-0.27760332877221056
12.601	-0.27756976183324245
12.651	-0.2775367800855215
12.701	-0.2775043730804771
12.751	-0.2774725305715134
12.801	-0.2774412425096604
12.851	-0.2774104990393299
12.901	-0.2773802904941751
12.951	-0.27735060739304956
13.001	-0.2773214404360643
13.051	-0.27729278050073897
13.101	-0.27726461863824514
13.151	-0.2772369460697397
13.201	-0.27720975418278504
13.251	-0.277183034527854
13.301	-0.27715677881491774
13.351	-0.2771309789101138
13.401	-0.2771056268324924
13.451	-0.2770807147508389
13.501	-0.27705623498057047
13.551	-0.27703217998070484
13.601	-0.27700854235089956
13.651	-0.27698531482855954
13.701	-0.27696249028601116
13.751	-0.2769400617277419
13.801	-0.2769180222877023
13.851	-0.2768963652266706
13.901	-0.2768750839296765
13.951	-0.2768541719034841
14.001	-0.27683362277413154
14.051	-0.27681343028452604
14.101	-0.2767935882920936
14.151	-0.2767740907664811
14.201	-0.2767549317873097
14.251	-0.2767361055419789
14.301	-0.2767176063235191
14.351	-0.2766994285284919
14.401	-0.27668156665493693
14.451	-0.27666401530036416
14.501	-0.27664676915979003
14.551	-0.2766298230238171
14.601	-0.2766131717767556
14.651	-0.2765968103947858
14.701	-0.2765807339441607
14.751	-0.27656493757944794
14.801	-0.27654941654180887
14.851	-0.27653416615731596
14.901	-0.2765191818353059
14.951	-0.2765044590667678
15.001	-0.27648999342276676
15.051	-0.27647578055290034
15.101	-0.2764618161837885
15.151	-0.2764480961175953
15.201	-0.2764346162305822
15.251	-0.27642137247169196
15.301	-0.2764083608611623
15.351	-0.276395577489169
15.401	-0.276383018514497
15.451	-0.27637068016324007
15.501	-0.2763585587275272
15.551	-0.2763466505642755
15.601	-0.2763349520939694
15.651	-0.27632345979946477
15.701	-0.27631217022481824
15.751	-0.2763010799741402
15.801	-0.27629018571047187
15.851	-0.27627948415468534
15.901	-0.276268972084406
15.951	-0.27625864633295705
16.001	-0.27624850378832605
16.051	-0.2762385413921515
16.101	-0.2762287561387312
16.151	-0.27621914507404993
16.201	-0.2762097052948268
16.251	-0.27620043394758237
16.301	-0.27619132822772413
16.351	-0.2761823853786503
16.401	-0.276173602690872
16.451	-0.2761649775011526
16.501	-0.2761565071916644
16.551	-0.276148189189162
16.601	-0.2761400209641725
16.651	-0.27613200003020105
16.701	-0.27612412394295294
16.751	-0.27611639029957025
16.801	-0.27610879673788435
16.851	-0.2761013409356822
16.901	-0.2760940206099881
16.951	-0.27608683351635843
17.001	-0.27607977744819107
17.051	-0.27607285023604755
17.101	-0.2760660497469892
17.151	-0.2760593738839253
17.201	-0.2760528205849746
17.251	-0.2760463878228388
17.301	-0.2760400736041883
17.351	-0.27603387596905965
17.401	-0.2760277929902646
17.451	-0.2760218227728108
17.501	-0.2760159634533331
17.551	-0.27601021319953606
17.601	-0.27600457020964714
17.651	-0.27599903271187987
17.701	-0.27599359896390796
17.751	-0.2759882672523486
17.801	-0.2759830358922561
17.851	-0.27597790322662485
17.901	-0.27597286762590184
17.951	-0.27596792748750804
18.001	-0.27596308123536917
18.051	-0.275958327319455
18.101	-0.2759536642153274
18.151	-0.2759490904236968
18.201	-0.27594460446998703
18.251	-0.27594020490390786
18.301	-0.2759358902990363
18.351	-0.2759316592524048
18.401	-0.27592751038409763
18.451	-0.27592344233685445
18.501	-0.2759194537756815
18.551	-0.27591554338746954
18.601	-0.27591170988061925
18.651	-0.27590795198467316
18.701	-0.2759042684499547
18.751	-0.2759006580472134
18.801	-0.275897119567277
18.851	-0.27589365182070963
18.901	-0.2758902536374765
18.951	-0.2758869238666142
19.001	-0.27588366137590764
19.051	-0.2758804650515723
19.101	-0.27587733379794266
19.151	-0.27587426653716557
19.201	-0.2758712622089003
19.251	-0.2758683197700228
19.301	-0.2758654381943359
19.351	-0.27586261647228494
19.401	-0.2758598536106778
19.451	-0.27585714863241034
19.501	-0.27585450057619704
19.551	-0.27585190849630586
19.601	-0.2758493714622982
19.651	-0.27584688855877343
19.701	-0.2758444588851177
19.751	-0.2758420815552578
19.801	-0.2758397556974187
19.851	-0.2758374804538858
19.901	-0.27583525498077127
19.951	-0.2758330784477846
20.001	-0.27583095003800684
20.051	-0.27582886894766934
20.101	-0.275826834385936
20.151	-0.2758248455746895
20.201	-0.27582290174832097
20.251	-0.2758210021535241
20.301	-0.2758191460490918
20.351	-0.27581733270571723
20.401	-0.27581556140579794
20.451	-0.2758138314432436
20.501	-0.27581214212328675
20.551	-0.27581049276229713
20.601	-0.2758088826875991
20.651	-0.27580731123729246
20.701	-0.27580577776007575
20.751	-0.2758042816150734
20.801	-0.2758028221716653
20.851	-0.27580139880931936
20.901	-0.27580001091742723
20.951	-0.27579865789514263
21.001	-0.27579733915122234
21.051	-0.27579605410387026
21.101	-0.2757948021805838
21.151	-0.27579358281800304
21.201	-0.2757923954617626
21.251	-0.27579123956634555
21.301	-0.2757901145949405
21.351	-0.2757890200193006
21.401	-0.275787955319605
21.451	-0.2757869199843228
21.501	-0.27578591351007953
21.551	-0.27578493540152504
21.601	-0.2757839851712048
21.651	-0.27578306233943223
21.701	-0.27578216643416414
21.751	-0.27578129699087767
21.801	-0.2757804535524493
21.851	-0.2757796356690363
21.901	-0.2757788428979599
21.951	-0.27577807480359035
22.001	-0.275777330957234
22.051	-0.2757766109370224
22.101	-0.2757759143278029
22.151	-0.2757752407210315
22.201	-0.27577458971466723
22.251	-0.2757739609130682
22.301	-0.2757733539268898
22.351	-0.27577276837298387
22.401	-0.27577220387430046
22.451	-0.27577166005979037
22.501	-0.27577113656430985
22.551	-0.2757706330285267
22.601	-0.2757701490988279
22.651	-0.27576968442722855
22.701	-0.2757692386712829
22.751	-0.27576881149399635
22.801	-0.2757684025637389
22.851	-0.2757680115541604
22.901	-0.27576763814410676
22.951	-0.27576728201753775
23.001	-0.27576694286344616
23.051	-0.2757666203757783
23.101	-0.2757663142533557
23.151	-0.2757660241997979
23.201	-0.2757657499234472
23.251	-0.2757654911372938
23.301	-0.2757652475589027
23.351	-0.27576501891034144
23.401	-0.2757648049181095
23.451	-0.2757646053130682
23.501	-0.27576441983037236
23.551	-0.2757642482094026
23.601	-0.275764090193699
23.651	-0.27576394553089584
23.701	-0.27576381397265703
23.751	-0.2757636952746133
23.801	-0.2757635891962996
23.851	-0.275763495501094
23.901	-0.2757634139561575
23.951	-0.27576334433237476
24.001	-0.27576328640429576
24.051	-0.2757632399500784
24.101	-0.275763204751432
24.151	-0.2757631805935621
24.201	-0.27576316726511513
24.251	-0.27576316455812544
24.301	-0.27576317226796165
24.351	-0.2757631901932751
24.401	-0.27576321813594834
24.451	-0.2757632559010447
24.501	-0.27576330329675897
24.551	-0.2757633601343681
24.601	-0.2757634262281835
24.651	-0.27576350139550365
24.701	-0.27576358545656765
24.751	-0.27576367823450926
24.801	-0.2757637795553119
24.851	-0.2757638892477644
24.901	-0.27576400714341726
24.951	-0.27576413307653974
25.001	-0.27576426688407746
25.051	-0.275764408405611
25.101	-0.27576455748331474
25.151	-0.2757647139619168
25.201	-0.2757648776886591
25.251	-0.2757650485132585
25.301	-0.27576522628786837
25.351	-0.2757654108670407
25.401	-0.2757656021076889
25.451	-0.2757657998690513
25.501	-0.2757660040126548
25.551	-0.27576621440227955
25.601	-0.2757664309039241
25.651	-0.2757666533857709
25.701	-0.27576688171815245
25.751	-0.2757671157735179
25.801	-0.2757673554264005
25.851	-0.2757676005533851
25.901	-0.27576785103307644
25.951	-0.2757681067460679
26.001	-0.27576836757491047
26.051	-0.275768633404083
26.101	-0.27576890411996163
26.151	-0.27576917961079106
26.201	-0.2757694597666553
26.251	-0.27576974447944913
26.301	-0.27577003364285035
26.351	-0.27577032715229194
26.401	-0.2757706249049352
26.451	-0.2757709267996426
26.501	-0.2757712327369519
26.551	-0.2757715426190499
26.601	-0.2757718563497471
26.651	-0.27577217383445246
26.701	-0.27577249498014894
26.751	-0.2757728196953688
26.801	-0.27577314789017
26.851	-0.2757734794761122
26.901	-0.2757738143662338
26.951	-0.27577415247502923
27.001	-0.27577449371842594
27.051	-0.2757748380137627
27.101	-0.2757751852797674
27.151	-0.27577553543653605
27.201	-0.2757758884055109
27.251	-0.27577624410946044
27.301	-0.27577660247245817
27.351	-0.27577696341986285
27.401	-0.27577732687829837
27.451	-0.27577769277563435
27.501	-0.2757780610409668
27.551	-0.275778431604599
27.601	-0.275778804398023
27.651	-0.27577917935390117
27.701	-0.27577955640604807
27.751	-0.27577993548941243
27.801	-0.27578031654005997
27.851	-0.27578069949515566
27.901	-0.27578108429294707
27.951	-0.27578147087274724
28.001	-0.2757818591749186
28.051	-0.2757822491408562
28.101	-0.27578264071297204
28.151	-0.2757830338346792
28.201	-0.27578342845037646
28.251	-0.2757838245054326
28.301	-0.27578422194617175
28.351	-0.2757846207198585
28.401	-0.27578502077468303
28.451	-0.27578542205974704
28.501	-0.27578582452504946
28.551	-0.2757862281214725
28.601	-0.27578663280076793
28.651	-0.27578703851554354
28.701	-0.2757874452192498
28.751	-0.275787852866167
28.801	-0.2757882614113919
28.851	-0.27578867081082536
28.901	-0.2757890810211597
28.951	-0.27578949199986624
29.001	-0.2757899037051835
29.051	-0.27579031609610494
29.101	-0.2757907291323671
29.151	-0.2757911427744384
29.201	-0.2757915569835073
29.251	-0.2757919717214714
29.301	-0.2757923869509261
29.351	-0.27579280263515377
29.401	-0.275793218738113
29.451	-0.27579363522442824
29.501	-0.27579405205937885
29.551	-0.27579446920888945
29.601	-0.27579488663951934
29.651	-0.2757953043184528
29.701	-0.27579572221348925
29.751	-0.2757961402930335
29.801	-0.27579655852608637
29.851	-0.2757969768822352
29.901	-0.2757973953316447
29.951	-0.275797813845048
30.001	-0.2757982323937373
30.051	-0.27579865094955547
30.101	-0.27579906948488725
30.151	-0.2757994879726506
30.201	-0.27579990638628843
30.251	-0.27580032469976024
30.301	-0.2758007428875339
30.351	-0.27580116092457774
30.401	-0.27580157878635253
30.451	-0.27580199644880377
30.501	-0.27580241388835386
30.551	-0.27580283108189474
30.601	-0.2758032480067802
30.651	-0.27580366464081885
30.701	-0.2758040809622666
30.751	-0.27580449694981973
30.801	-0.2758049125826077
30.851	-0.2758053278401866
30.901	-0.2758057427025318
30.951	-0.27580615715003176
31.001	-0.2758065711634813
31.051	-0.27580698472407483
31.101	-0.2758073978134004
31.151	-0.27580781041343305
31.201	-0.27580822250652876
31.251	-0.2758086340754182
31.301	-0.275809045103201
31.351	-0.27580945557333947
31.401	-0.275809865469653
31.451	-0.27581027477631226
31.501	-0.2758106834778335
31.551	-0.27581109155907296
31.601	-0.2758114990052214
31.651	-0.2758119058017987
31.701	-0.27581231193464856
31.751	-0.2758127173899332
31.801	-0.2758131221541282
31.851	-0.27581352621401733
31.901	-0.2758139295566878
31.951	-0.2758143321695251
32.001	-0.275814734040208
32.051	-0.2758151351567042
32.101	-0.2758155355072651
32.151	-0.27581593508042174
32.201	-0.2758163338649795
32.251	-0.27581673185001426
32.301	-0.27581712902486766
32.351	-0.2758175253791426
32.401	-0.27581792090269935
32.451	-0.27581831558565084
32.501	-0.27581870941835873
32.551	-0.27581910239142937
32.601	-0.2758194944957096
32.651	-0.2758198857222827
32.701	-0.2758202760624648
32.751	-0.2758206655078005
32.801	-0.2758210540500595
32.851	-0.27582144168123285
32.901	-0.2758218283935287
32.951	-0.27582221417936936
33.001	-0.2758225990313874
33.051	-0.2758229829424219
33.101	-0.2758233659055155
33.151	-0.27582374791391046
33.201	-0.27582412896104563
33.251	-0.27582450904055295
33.301	-0.2758248881462542
33.351	-0.27582526627215803
33.401	-0.27582564341245636
33.451	-0.27582601956152153
33.501	-0.2758263947139032
33.551	-0.27582676886432533
33.601	-0.27582714200768305
33.651	-0.2758275141390399
33.701	-0.2758278852536249
33.751	-0.27582825534682964
33.801	-0.2758286244142055
33.851	-0.275828992451461
33.901	-0.2758293594544587
33.951	-0.27582972541921313
34.001	-0.2758300903418876
34.051	-0.275830454218792
34.101	-0.27583081704637985
34.151	-0.27583117882124614
34.201	-0.27583153954012474
34.251	-0.2758318991998859
34.301	-0.2758322577975337
34.351	-0.27583261533020403
34.401	-0.27583297179516214
34.451	-0.27583332718980014
34.501	-0.27583368151163495
34.551	-0.275834034758306
34.601	-0.27583438692757306
34.651	-0.275834738017314
34.701	-0.2758350880255229
34.751	-0.2758354369503076
34.801	-0.275835784789888
34.851	-0.2758361315425938
34.901	-0.2758364772068625
34.951	-0.2758368217812376
35.001	-0.2758371652643665
35.051	-0.27583750765499876
35.101	-0.275837848951984
35.151	-0.2758381891542702
35.201	-0.27583852826090205
35.251	-0.27583886627101867
35.301	-0.2758392031838523
35.351	-0.2758395389987264
35.401	-0.275839873715054
35.451	-0.2758402073323358
35.501	-0.2758405398501588
35.551	-0.2758408712681946
35.601	-0.2758412015861976
35.651	-0.27584153080400375
35.701	-0.2758418589215286
35.751	-0.2758421859387661
35.801	-0.27584251185578695
35.851	-0.27584283667273707
35.901	-0.2758431603898363
35.951	-0.2758434830073769
36.001	-0.2758438045257219
36.051	-0.275844124945304
36.101	-0.27584444426662424
36.151	-0.2758447624902504
36.201	-0.27584507961681576
36.251	-0.2758453956470178
36.301	-0.27584571058161705
36.351	-0.2758460244214356
36.401	-0.27584633716735596
36.451	-0.2758466488203199
36.501	-0.27584695938132703
36.551	-0.27584726885143396
36.601	-0.2758475772317526
36.651	-0.27584788452344977
36.701	-0.27584819072774525
36.751	-0.2758484958459111
36.801	-0.2758487998792707
36.851	-0.27584910282919717
36.901	-0.2758494046971129
36.951	-0.27584970548448806
37.001	-0.27585000519283964
37.051	-0.2758503038237307
37.101	-0.2758506013787691
37.151	-0.2758508978596066
37.201	-0.27585119326793783
37.251	-0.27585148760549955
37.301	-0.27585178087406953
37.351	-0.27585207307546566
37.401	-0.2758523642115451
37.451	-0.2758526542842032
37.501	-0.275852943295373
37.551	-0.27585323124702404
37.601	-0.2758535181411616
37.651	-0.27585380397982584
37.701	-0.27585408876509115
37.751	-0.27585437249906514
37.801	-0.27585465518388785
37.851	-0.27585493682173123
37.901	-0.27585521741479796
37.951	-0.275855496965321
38.001	-0.2758557754755629
38.051	-0.27585605294781473
38.101	-0.2758563293843956
38.151	-0.27585660478765195
38.201	-0.2758568791599568
38.251	-0.2758571525037092
38.301	-0.27585742482133313
38.351	-0.27585769611527755
38.401	-0.27585796638801496
38.451	-0.2758582356420414
38.501	-0.27585850387987554
38.551	-0.2758587711040579
38.601	-0.2758590373171506
38.651	-0.27585930252173657
38.701	-0.2758595667204189
38.751	-0.27585982991582036
38.801	-0.27586009211058293
38.851	-0.2758603533073669
38.901	-0.2758606135088507
38.951	-0.27586087271773024
39.001	-0.27586113093671816
39.051	-0.2758613881685436
39.101	-0.27586164441595157
39.151	-0.2758618996817024
39.201	-0.2758621539685712
39.251	-0.2758624072793478
39.301	-0.27586265961683554
39.351	-0.27586291098385135
39.401	-0.27586316138322514
39.451	-0.27586341081779936
39.501	-0.2758636592904284
39.551	-0.2758639068039783
39.601	-0.2758641533613264
39.651	-0.2758643989653608
39.701	-0.2758646436189797
39.751	-0.2758648873250916
39.801	-0.27586513008661423
39.851	-0.2758653719064746
39.901	-0.27586561278760846
39.951	-0.27586585273295994
40.001	-0.27586609174548105
40.051	-0.2758663298281316
40.101	-0.2758665669838785
40.151	-0.2758668032156957
40.201	-0.2758670385265635
40.251	-0.2758672729194687
40.301	-0.27586750639740376
40.351	-0.27586773896336675
40.401	-0.27586797062036095
40.451	-0.2758682013713946
40.501	-0.2758684312194804
40.551	-0.27586866016763545
40.601	-0.2758688882188808
40.651	-0.27586911537624104
40.701	-0.27586934164274446
40.751	-0.2758695670214221
40.801	-0.2758697915153081
40.851	-0.27587001512743903
40.901	-0.2758702378608537
40.951	-0.275870459718593
41.001	-0.2758706807036996
41.051	-0.2758709008192175
41.101	-0.27587112006819225
41.151	-0.2758713384536701
41.201	-0.2758715559786982
41.251	-0.27587177264632434
41.301	-0.2758719884595963
41.351	-0.2758722034215622
41.401	-0.27587241753526986
41.451	-0.27587263080376684
41.501	-0.2758728432301
41.551	-0.27587305481731533
41.601	-0.27587326556845815
41.651	-0.27587347548657215
41.701	-0.2758736845746999
41.751	-0.27587389283588226
41.801	-0.2758741002731583
41.851	-0.27587430688956516
41.901	-0.27587451268813773
41.951	-0.2758747176719087
42.001	-0.2758749218439081
42.051	-0.2758751252071633
42.101	-0.2758753277646989
42.151	-0.2758755295195365
42.201	-0.27587573047469427
42.251	-0.2758759306331874
42.301	-0.27587612999802724
42.351	-0.2758763285722218
42.401	-0.27587652635877496
42.451	-0.275876723360687
42.501	-0.275876919580954
42.551	-0.2758771150225677
42.601	-0.27587730968851554
42.651	-0.27587750358178054
42.701	-0.27587769670534107
42.751	-0.2758778890621707
42.801	-0.27587808065523817
42.851	-0.2758782714875072
42.901	-0.27587846156193646
42.951	-0.27587865088147934
43.001	-0.2758788394490838
43.051	-0.27587902726769253
43.101	-0.27587921434024254
43.151	-0.27587940066966515
43.201	-0.275879586258886
43.251	-0.2758797711108247
43.301	-0.27587995522839504
43.351	-0.2758801386145047
43.401	-0.2758803212720552
43.451	-0.2758805032039417
43.501	-0.2758806844130532
43.551	-0.27588086490227204
43.601	-0.2758810446744742
43.651	-0.27588122373252916
43.701	-0.27588140207929934
43.751	-0.2758815797176408
43.801	-0.2758817566504026
43.851	-0.2758819328804268
43.901	-0.27588210841054855
43.951	-0.27588228324359604
44.001	-0.27588245738239014
44.051	-0.27588263082974473
44.101	-0.27588280358846623
44.151	-0.27588297566135384
44.201	-0.27588314705119943
44.251	-0.2758833177607873
44.301	-0.27588348779289434
44.351	-0.27588365715028984
44.401	-0.2758838258357355
44.451	-0.2758839938519853
44.501	-0.2758841612017855
44.551	-0.2758843278878747
44.601	-0.2758844939129836
44.651	-0.2758846592798349
44.701	-0.2758848239911437
44.751	-0.27588498804961686
44.801	-0.27588515145795334
44.851	-0.2758853142188441
44.901	-0.275885476334972
44.951	-0.27588563780901176
45.001	-0.2758857986436299
45.051	-0.2758859588414848
45.101	-0.2758861184052267
45.151	-0.27588627733749743
45.201	-0.2758864356409305
45.251	-0.2758865933181514
45.301	-0.27588675037177685
45.351	-0.2758869068044155
45.401	-0.27588706261866747
45.451	-0.2758872178171245
45.501	-0.2758873724023697
45.551	-0.275887526376978
45.601	-0.2758876797435156
45.651	-0.2758878325045402
45.701	-0.275887984662601
45.751	-0.27588813622023867
45.801	-0.27588828717998515
45.851	-0.275888437544364
45.901	-0.2758885873158899
45.951	-0.27588873649706913
46.001	-0.2758888850903992
46.051	-0.275889033098369
46.101	-0.2758891805234586
46.151	-0.27588932736813976
46.201	-0.27588947363487504
46.251	-0.2758896193261187
46.301	-0.27588976444431607
46.351	-0.2758899089919038
46.401	-0.27589005297130986
46.451	-0.27589019638495343
46.501	-0.275890339235245
46.551	-0.2758904815245861
46.601	-0.2758906232553699
46.651	-0.2758907644299804
46.701	-0.2758909050507931
46.751	-0.2758910451201747
46.801	-0.27589118464048296
46.851	-0.27589132361406715
46.901	-0.2758914620432675
46.951	-0.2758915999304157
47.001	-0.2758917372778345
47.051	-0.275891874087838
47.101	-0.27589201036273153
47.151	-0.2758921461048116
47.201	-0.275892281316366
47.251	-0.2758924159996738
47.301	-0.2758925501570053
47.351	-0.275892683790622
47.401	-0.2758928169027768
47.451	-0.2758929494957137
47.501	-0.27589308157166814
47.551	-0.2758932131328668
47.601	-0.2758933441815276
47.651	-0.2758934747198598
47.701	-0.275893604750064
47.751	-0.2758937342743321
47.801	-0.2758938632948473
47.851	-0.27589399181378416
47.901	-0.27589411983330864
47.951	-0.275894247355578
48.001	-0.2758943743827409
48.051	-0.2758945009169374
48.101	-0.275894626960299
48.151	-0.27589475251494855
48.201	-0.27589487758300024
48.251	-0.27589500216656
48.301	-0.27589512626772483
48.351	-0.2758952498885835
48.401	-0.2758953730312161
48.451	-0.27589549569769434
48.501	-0.2758956178900813
48.551	-0.27589573961043173
48.601	-0.2758958608607919
48.651	-0.2758959816431995
48.701	-0.27589610195968406
48.751	-0.2758962218122664
48.801	-0.27589634120295925
48.851	-0.2758964601337668
48.901	-0.27589657860668493
48.951	-0.27589669662370114
49.001	-0.27589681418679474
49.051	-0.2758969312979367
49.101	-0.27589704795908954
49.151	-0.2758971641722079
49.201	-0.27589727993923774
49.251	-0.2758973952621172
49.301	-0.27589751014277597
49.351	-0.27589762458313566
49.401	-0.27589773858510974
49.451	-0.2758978521506035
49.501	-0.27589796528151417
49.551	-0.27589807797973076
49.601	-0.27589819024713447
49.651	-0.2758983020855981
49.701	-0.2758984134969868
49.751	-0.27589852448315744
49.801	-0.27589863504595896
49.851	-0.27589874518723245
49.901	-0.27589885490881094
49.951	-0.2758989642125196
50.001	-0.27589907310017575
50.051	-0.2758991815735887
50.101	-0.2758992896345601
50.151	-0.2758993972848836
50.201	-0.2758995045263452
50.251	-0.27589961136072305
50.301	-0.2758997177897875
50.351	-0.27589982381530126
50.401	-0.2758999294390193
50.451	-0.275900034662689
50.501	-0.27590013948804976
50.551	-0.27590024391683377
50.601	-0.2759003479507654
50.651	-0.27590045159156135
50.701	-0.275900554840931
50.751	-0.275900657700576
50.801	-0.2759007601721905
50.851	-0.2759008622574613
50.901	-0.2759009639580676
50.951	-0.27590106527568126
51.001	-0.2759011662119667
51.051	-0.27590126676858084
51.101	-0.27590136694717343
51.151	-0.2759014667493868
51.201	-0.2759015661768559
51.251	-0.27590166523120857
51.301	-0.2759017639140652
51.351	-0.275901862227039
51.401	-0.27590196017173607
51.451	-0.2759020577497552
51.501	-0.2759021549626881
51.551	-0.2759022518121194
51.601	-0.27590234829962645
51.651	-0.27590244442677964
51.701	-0.2759025401951423
51.751	-0.27590263560627076
51.801	-0.2759027306617143
51.851	-0.27590282536301514
51.901	-0.27590291971170866
51.951	-0.2759030137093234
52.001	-0.2759031073573808
52.051	-0.27590320065739543
52.101	-0.2759032936108753
52.151	-0.27590338621932126
52.201	-0.2759034784842275
52.251	-0.2759035704070815
52.301	-0.27590366198936395
52.351	-0.27590375323254873
52.401	-0.27590384413810315
52.451	-0.2759039347074878
52.501	-0.27590402494215666
52.551	-0.2759041148435571
52.601	-0.27590420441312974
52.651	-0.27590429365230895
52.701	-0.27590438256252225
52.751	-0.2759044711451909
52.801	-0.2759045594017295
52.851	-0.2759046473335462
52.901	-0.2759047349420428
52.951	-0.27590482222861473
53.001	-0.27590490919465094
53.051	-0.27590499584153405
53.101	-0.2759050821706403
53.151	-0.2759051681833397
53.201	-0.275905253880996
53.251	-0.2759053392649667
53.301	-0.27590542433660287
53.351	-0.2759055090972497
53.401	-0.27590559354824595
53.451	-0.27590567769092433
53.501	-0.27590576152661145
53.551	-0.27590584505662774
53.601	-0.27590592828228766
53.651	-0.2759060112048995
53.701	-0.27590609382576564
53.751	-0.27590617614618235
53.801	-0.2759062581674401
53.851	-0.27590633989082314
53.901	-0.2759064213176101
53.951	-0.2759065024490735
54.001	-0.2759065832864801
54.051	-0.2759066638310907
54.101	-0.27590674408416044
54.151	-0.27590682404693845
54.201	-0.27590690372066834
54.251	-0.27590698310658773
54.301	-0.2759070622059287
54.351	-0.27590714101991753
54.401	-0.2759072195497749
54.451	-0.2759072977967157
54.501	-0.27590737576194935
54.551	-0.2759074534466796
54.601	-0.2759075308521047
54.651	-0.2759076079794172
54.701	-0.2759076848298042
54.751	-0.2759077614044474
54.801	-0.2759078377045229
54.851	-0.27590791373120127
54.901	-0.2759079894856479
54.951	-0.27590806496902254
55.001	-0.27590814018247967
55.051	-0.27590821512716834
55.101	-0.2759082898042324
55.151	-0.27590836421481024
55.201	-0.2759084383600351
55.251	-0.27590851224103474
55.301	-0.27590858585893197
55.351	-0.27590865921484414
55.401	-0.27590873230988355
55.451	-0.2759088051451573
55.501	-0.27590887772176725
55.551	-0.27590895004081034
55.601	-0.27590902210337814
55.651	-0.2759090939105574
55.701	-0.27590916546342964
55.751	-0.27590923676307144
55.801	-0.27590930781055434
55.851	-0.2759093786069449
55.901	-0.27590944915330473
55.951	-0.2759095194506905
56.001	-0.2759095895001539
56.051	-0.2759096593027418
56.101	-0.27590972885949616
56.151	-0.2759097981714541
56.201	-0.275909867239648
56.251	-0.2759099360651053
56.301	-0.27591000464884863
56.351	-0.275910072991896
56.401	-0.27591014109526063
56.451	-0.275910208959951
56.501	-0.2759102765869709
56.551	-0.27591034397731945
56.601	-0.2759104111319911
56.651	-0.27591047805197566
56.701	-0.27591054473825843
56.751	-0.27591061119182003
56.801	-0.2759106774136365
56.851	-0.27591074340467936
56.901	-0.27591080916591565
56.951	-0.2759108746983079
57.001	-0.275910940002814
57.051	-0.2759110050803877
57.101	-0.27591106993197795
57.151	-0.27591113455852956
57.201	-0.2759111989609827
57.251	-0.2759112631402735
57.301	-0.27591132709733335
57.351	-0.2759113908330895
57.401	-0.275911454348465
57.451	-0.27591151764437827
57.501	-0.2759115807217438
57.551	-0.2759116435814717
57.601	-0.2759117062244677
57.651	-0.27591176865163347
57.701	-0.27591183086386656
57.751	-0.27591189286206014
57.801	-0.2759119546471033
57.851	-0.2759120162198811
57.901	-0.27591207758127434
57.951	-0.27591213873215986
58.001	-0.27591219967341024
58.051	-0.27591226040589417
58.101	-0.2759123209304763
58.151	-0.2759123812480171
58.201	-0.27591244135937315
58.251	-0.2759125012653971
58.301	-0.2759125609669376
58.351	-0.2759126204648393
58.401	-0.27591267975994294
58.451	-0.27591273885308537
58.501	-0.27591279774509964
58.551	-0.2759128564368148
58.601	-0.2759129149290561
58.651	-0.27591297322264496
58.701	-0.27591303131839906
58.751	-0.2759130892171322
58.801	-0.27591314691965435
58.851	-0.27591320442677186
58.901	-0.2759132617392872
58.951	-0.27591331885799936
59.001	-0.2759133757837033
59.051	-0.2759134325171905
59.101	-0.2759134890592488
59.151	-0.27591354541066215
59.201	-0.27591360157221123
59.251	-0.2759136575446728
59.301	-0.27591371332882014
59.351	-0.27591376892542296
59.401	-0.2759138243352474
59.451	-0.275913879559056
59.501	-0.2759139345976079
59.551	-0.2759139894516585
59.601	-0.27591404412196
59.651	-0.2759140986092609
59.701	-0.2759141529143063
59.751	-0.275914207037838
59.801	-0.275914260980594
59.851	-0.2759143147433093
59.901	-0.2759143683267153
59.951	-0.27591442173154
60.001	-0.27591447495850824
60.051	-0.27591452800834126
60.101	-0.27591458088175713
60.151	-0.27591463357947055
60.201	-0.2759146861021929
60.251	-0.27591473845063236
60.301	-0.2759147906254938
60.351	-0.27591484262747884
60.401	-0.2759148944572859
60.451	-0.2759149461156101
60.501	-0.27591499760314353
60.551	-0.27591504892057483
60.601	-0.2759151000685897
60.651	-0.2759151510478707
60.701	-0.27591520185909696
60.751	-0.2759152525029448
60.801	-0.2759153029800873
60.851	-0.27591535329119454
60.901	-0.2759154034369333
60.951	-0.2759154534179676
61.001	-0.27591550323495817
61.051	-0.2759155528885628
61.101	-0.27591560237943624
61.151	-0.2759156517082303
61.201	-0.2759157008755937
61.251	-0.27591574988217227
61.301	-0.2759157987286089
61.351	-0.27591584741554337
61.401	-0.27591589594361277
61.451	-0.2759159443134511
61.501	-0.2759159925256895
61.551	-0.2759160405809562
61.601	-0.2759160884798767
61.651	-0.27591613622307337
61.701	-0.275916183811166
61.751	-0.27591623124477144
61.801	-0.2759162785245037
61.851	-0.275916325650974
61.901	-0.2759163726247908
61.951	-0.27591641944655976
62.001	-0.2759164661168838
62.051	-0.275916512636363
62.101	-0.27591655900559486
62.151	-0.2759166052251741
62.201	-0.2759166512956926
62.251	-0.27591669721773976
62.301	-0.2759167429919021
62.351	-0.2759167886187636
62.401	-0.27591683409890555
62.451	-0.2759168794329066
62.501	-0.27591692462134276
62.551	-0.2759169696647874
62.601	-0.27591701456381135
62.651	-0.2759170593189828
62.701	-0.2759171039308674
62.751	-0.27591714840002807
62.801	-0.2759171927270255
62.851	-0.2759172369124175
62.901	-0.2759172809567596
62.951	-0.2759173248606047
63.001	-0.27591736862450317
63.051	-0.275917412249003
63.101	-0.2759174557346496
63.151	-0.275917499081986
63.201	-0.27591754229155263
63.251	-0.2759175853638876
63.301	-0.2759176282995266
63.351	-0.27591767109900284
63.401	-0.2759177137628471
63.451	-0.275917756291588
63.501	-0.27591779868575134
63.551	-0.2759178409458609
63.601	-0.27591788307243803
63.651	-0.2759179250660017
63.701	-0.2759179669270685
63.751	-0.27591800865615274
63.801	-0.2759180502537664
63.851	-0.27591809172041926
63.901	-0.2759181330566186
63.951	-0.27591817426286963
64.001	-0.27591821533967514
64.051	-0.2759182562875358
64.101	-0.27591829710694993
64.151	-0.27591833779841357
64.201	-0.2759183783624207
64.251	-0.275918418799463
64.301	-0.2759184591100299
64.351	-0.2759184992946086
64.401	-0.2759185393536844
64.451	-0.27591857928774005
64.501	-0.27591861909725646
64.551	-0.2759186587827121
64.601	-0.2759186983445836
64.651	-0.27591873778334525
64.701	-0.2759187770994693
64.751	-0.27591881629342585
64.801	-0.275918855365683
64.851	-0.27591889431670663
64.901	-0.2759189331469607
64.951	-0.2759189718569069
65.001	-0.27591901044700506
65.051	-0.27591904891771285
65.101	-0.27591908726948594
65.151	-0.275919125502778
65.201	-0.27591916361804064
65.251	-0.2759192016157235
65.301	-0.2759192394962741
65.351	-0.27591927726013826
65.401	-0.2759193149077595
65.451	-0.2759193524395796
65.501	-0.27591938985603826
65.551	-0.2759194271575732
65.601	-0.2759194643446204
65.651	-0.2759195014176137
65.701	-0.27591953837698513
65.751	-0.27591957522316474
65.801	-0.27591961195658077
65.851	-0.27591964857765955
65.901	-0.2759196850868254
65.951	-0.27591972148450095
66.001	-0.2759197577711069
66.051	-0.27591979394706195
66.101	-0.2759198300127832
66.151	-0.2759198659686858
66.201	-0.275919901815183
66.251	-0.27591993755268635
66.301	-0.27591997318160544
66.351	-0.27592000870234834
66.401	-0.27592004411532095
66.451	-0.2759200794209277
66.501	-0.27592011461957117
66.551	-0.275920149711652
66.601	-0.2759201846975693
66.651	-0.27592021957772034
66.701	-0.27592025435250056
66.751	-0.2759202890223038
66.801	-0.27592032358752216
66.851	-0.275920358048546
66.901	-0.2759203924057639
66.951	-0.27592042665956285
67.001	-0.2759204608103281
67.051	-0.2759204948584433
67.101	-0.27592052880429024
67.151	-0.2759205626482492
67.201	-0.27592059639069877
67.251	-0.27592063003201595
67.301	-0.2759206635725759
67.351	-0.27592069701275235
67.401	-0.2759207303529173
67.451	-0.27592076359344125
67.501	-0.2759207967346929
67.551	-0.27592082977703947
67.601	-0.2759208627208466
67.651	-0.2759208955664783
67.701	-0.27592092831429704
67.751	-0.2759209609646636
67.801	-0.2759209935179374
67.851	-0.27592102597447615
67.901	-0.27592105833463604
67.951	-0.2759210905987717
68.001	-0.2759211227672363
68.051	-0.27592115484038143
68.101	-0.2759211868185572
68.151	-0.27592121870211217
68.201	-0.27592125049139343
68.251	-0.2759212821867465
68.301	-0.2759213137885155
68.351	-0.275921345297043
68.401	-0.27592137671267014
68.451	-0.27592140803573656
68.501	-0.2759214392665805
68.551	-0.2759214704055387
68.601	-0.2759215014529464
68.651	-0.2759215324091375
68.701	-0.27592156327444445
68.751	-0.27592159404919814
68.801	-0.2759216247337283
68.851	-0.27592165532836294
68.901	-0.2759216858334289
68.951	-0.27592171624925155
69.001	-0.2759217465761548
69.051	-0.2759217768144613
69.101	-0.2759218069644922
69.151	-0.27592183702656736
69.201	-0.2759218670010053
69.251	-0.275921896888123
69.301	-0.27592192668823634
69.351	-0.2759219564016596
69.401	-0.27592198602870605
69.451	-0.2759220155696872
69.501	-0.2759220450249136
69.551	-0.2759220743946943
69.601	-0.27592210367933706
69.651	-0.27592213287914835
69.701	-0.27592216199443337
69.751	-0.275922191025496
69.801	-0.27592221997263877
69.851	-0.275922248836163
69.901	-0.2759222776163687
69.951	-0.2759223063135547
70.001	-0.2759223349280184
70.051	-0.27592236346005605
70.101	-0.2759223919099626
70.151	-0.2759224202780319
70.201	-0.2759224485645563
70.251	-0.27592247676982706
70.301	-0.27592250489413434
70.351	-0.2759225329377668
70.401	-0.27592256090101214
70.451	-0.27592258878415665
70.501	-0.2759226165874855
70.551	-0.27592264431128277
70.601	-0.2759226719558311
70.651	-0.27592269952141213
70.701	-0.2759227270083063
70.751	-0.27592275441679276
70.801	-0.2759227817471496
70.851	-0.27592280899965377
70.901	-0.27592283617458097
70.951	-0.2759228632722057
71.001	-0.2759228902928014
71.051	-0.2759229172366405
71.101	-0.275922944103994
71.151	-0.2759229708951319
71.201	-0.27592299761032313
71.251	-0.27592302424983545
71.301	-0.2759230508139355
71.351	-0.2759230773028888
71.401	-0.27592310371695977
71.451	-0.2759231300564117
71.501	-0.27592315632150693
71.551	-0.2759231825125065
71.601	-0.27592320862967046
71.651	-0.2759232346732578
71.701	-0.2759232606435264
71.751	-0.2759232865407331
71.801	-0.2759233123651336
71.851	-0.2759233381169827
71.901	-0.275923363796534
71.951	-0.27592338940404
72.001	-0.2759234149397523
72.051	-0.27592344040392147
72.101	-0.27592346579679694
72.151	-0.2759234911186271
72.201	-0.27592351636965934
72.251	-0.27592354155014015
72.301	-0.27592356666031487
72.351	-0.2759235917004278
72.401	-0.27592361667072235
72.451	-0.27592364157144084
72.501	-0.2759236664028246
72.551	-0.2759236911651141
72.601	-0.27592371585854863
72.651	-0.2759237404833666
72.701	-0.27592376503980537
72.751	-0.2759237895281014
72.801	-0.27592381394849025
72.851	-0.27592383830120626
72.901	-0.2759238625864831
72.951	-0.27592388680455326
73.001	-0.27592391095564844
73.051	-0.2759239350399993
73.101	-0.27592395905783557
73.151	-0.2759239830093861
73.201	-0.2759240068948786
73.251	-0.27592403071454025
73.301	-0.27592405446859686
73.351	-0.2759240781572736
73.401	-0.2759241017807947
73.451	-0.27592412533938326
73.501	-0.2759241488332618
73.551	-0.27592417226265165
73.601	-0.2759241956277734
73.651	-0.2759242189288468
73.701	-0.2759242421660904
73.751	-0.27592426533972225
73.801	-0.27592428844995925
73.851	-0.2759243114970175
73.901	-0.2759243344811123
73.951	-0.275924357402458
74.001	-0.2759243802612681
74.051	-0.2759244030577551
74.101	-0.27592442579213095
74.151	-0.2759244484646065
74.201	-0.27592447107539175
74.251	-0.27592449362469607
74.301	-0.27592451611272767
74.351	-0.2759245385396942
74.401	-0.27592456090580225
74.451	-0.2759245832112578
74.501	-0.2759246054562658
74.551	-0.27592462764103054
74.601	-0.27592464976575537
74.651	-0.27592467183064284
74.701	-0.2759246938358948
74.751	-0.27592471578171207
74.801	-0.27592473766829495
74.851	-0.2759247594958427
74.901	-0.2759247812645539
74.951	-0.27592480297462624
75.001	-0.2759248246262568
75.051	-0.27592484621964164
75.101	-0.27592486775497616
75.151	-0.27592488923245506
75.201	-0.27592491065227215
75.251	-0.2759249320146204
75.301	-0.2759249533196923
75.351	-0.27592497456767917
75.401	-0.27592499575877183
75.451	-0.27592501689316035
75.501	-0.2759250379710339
75.551	-0.2759250589925811
75.601	-0.27592507995798954
75.651	-0.2759251008674463
75.701	-0.2759251217211377
75.751	-0.2759251425192492
75.801	-0.2759251632619656
75.851	-0.2759251839494709
75.901	-0.2759252045819485
75.951	-0.275925225159581
76.001	-0.2759252456825503
76.051	-0.2759252661510375
76.101	-0.2759252865652231
76.151	-0.2759253069252868
76.201	-0.2759253272314076
76.251	-0.2759253474837639
76.301	-0.2759253676825333
76.351	-0.2759253878278926
76.401	-0.27592540792001824
76.451	-0.2759254279590856
76.501	-0.2759254479452695
76.551	-0.27592546787874417
76.601	-0.27592548775968306
76.651	-0.27592550758825896
76.701	-0.275925527364644
76.751	-0.27592554708900957
76.801	-0.27592556676152646
76.851	-0.27592558638236475
76.901	-0.2759256059516939
76.951	-0.27592562546968263
77.001	-0.2759256449364991
77.051	-0.2759256643523108
77.101	-0.2759256837172845
77.151	-0.27592570303158626
77.201	-0.2759257222953817
77.251	-0.2759257415088356
77.301	-0.2759257606721122
77.351	-0.27592577978537514
77.401	-0.27592579884878726
77.451	-0.2759258178625109
77.501	-0.2759258368267078
77.551	-0.27592585574153894
77.601	-0.2759258746071647
77.651	-0.275925893423745
77.701	-0.27592591219143897
77.751	-0.2759259309104051
77.801	-0.2759259495808015
77.851	-0.2759259682027854
77.901	-0.27592598677651353
77.951	-0.2759260053021421
78.001	-0.27592602377982656
78.051	-0.27592604220972183
78.101	-0.27592606059198227
78.151	-0.2759260789267616
78.201	-0.27592609721421296
78.251	-0.2759261154544889
78.301	-0.27592613364774143
78.351	-0.27592615179412183
78.401	-0.275926169893781
78.451	-0.2759261879468691
78.501	-0.27592620595353573
78.551	-0.27592622391393007
78.601	-0.2759262418282005
78.651	-0.27592625969649504
78.701	-0.275926277518961
78.751	-0.27592629529574514
78.801	-0.2759263130269938
78.851	-0.2759263307128525
78.901	-0.2759263483534665
78.951	-0.27592636594898035
79.001	-0.27592638349953796
79.051	-0.27592640100528293
79.101	-0.27592641846635807
79.151	-0.2759264358829058
79.201	-0.27592645325506787
79.251	-0.2759264705829857
79.301	-0.2759264878667999
79.351	-0.27592650510665084
79.401	-0.2759265223026781
79.451	-0.2759265394550209
79.501	-0.27592655656381776
79.551	-0.27592657362920686
79.601	-0.2759265906513258
79.651	-0.27592660763031157
79.701	-0.27592662456630074
79.751	-0.27592664145942936
79.801	-0.27592665830983293
79.851	-0.27592667511764635
79.901	-0.2759266918830042
79.951	-0.27592670860604046
80.001	-0.27592672528688855
80.051	-0.27592674192568145
80.101	-0.27592675852255166
80.151	-0.27592677507763114
80.201	-0.2759267915910514
80.251	-0.2759268080629433
80.301	-0.27592682449343736
80.351	-0.27592684088266367
80.401	-0.27592685723075167
80.451	-0.27592687353783035
80.501	-0.2759268898040283
80.551	-0.27592690602947356
80.601	-0.2759269222142937
80.651	-0.27592693835861587
80.701	-0.2759269544625666
80.751	-0.2759269705262721
80.801	-0.27592698654985803
80.851	-0.2759270025334496
80.901	-0.27592701847717155
80.951	-0.2759270343811482
81.001	-0.27592705024550324
81.051	-0.27592706607036016
81.101	-0.27592708185584175
81.151	-0.27592709760207057
81.201	-0.2759271133091684
81.251	-0.27592712897725696
81.301	-0.2759271446064573
81.351	-0.2759271601968899
81.401	-0.27592717574867504
81.451	-0.27592719126193244
81.501	-0.27592720673678145
81.551	-0.27592722217334076
81.601	-0.27592723757172893
81.651	-0.2759272529320638
81.701	-0.27592726825446307
81.751	-0.27592728353904367
81.801	-0.2759272987859223
81.851	-0.2759273139952153
81.901	-0.2759273291670383
81.951	-0.2759273443015069
82.001	-0.27592735939873586
82.051	-0.27592737445883975
82.101	-0.27592738948193274
82.151	-0.27592740446812847
82.201	-0.27592741941754023
82.251	-0.27592743433028083
82.301	-0.2759274492064628
82.351	-0.27592746404619806
82.401	-0.2759274788495983
82.451	-0.2759274936167747
82.501	-0.2759275083478381
82.551	-0.2759275230428988
82.601	-0.2759275377020669
82.651	-0.2759275523254519
82.701	-0.27592756691316306
82.751	-0.2759275814653091
82.801	-0.27592759598199845
82.851	-0.2759276104633391
82.901	-0.2759276249094387
82.951	-0.2759276393204043
83.001	-0.27592765369634287
83.051	-0.27592766803736085
83.101	-0.2759276823435642
83.151	-0.27592769661505856
83.201	-0.2759277108519493
83.251	-0.2759277250543412
83.301	-0.27592773922233893
83.351	-0.27592775335604647
83.401	-0.27592776745556763
83.451	-0.2759277815210058
83.501	-0.27592779555246394
83.551	-0.2759278095500447
83.601	-0.27592782351385037
83.651	-0.2759278374439828
83.701	-0.27592785134054354
83.751	-0.2759278652036337
83.801	-0.2759278790333542
83.851	-0.2759278928298053
83.901	-0.27592790659308714
83.951	-0.2759279203232994
84.001	-0.27592793402054144
84.051	-0.2759279476849123
84.101	-0.27592796131651054
84.151	-0.2759279749154344
84.201	-0.27592798848178196
84.251	-0.27592800201565065
84.301	-0.2759280155171377
84.351	-0.27592802898634006
84.401	-0.2759280424233542
84.451	-0.27592805582827634
84.501	-0.2759280692012023
84.551	-0.2759280825422275
84.601	-0.27592809585144723
84.651	-0.2759281091289562
84.701	-0.2759281223748489
84.751	-0.2759281355892195
84.801	-0.2759281487721618
84.851	-0.27592816192376923
84.901	-0.2759281750441349
84.951	-0.27592818813335174
85.001	-0.27592820119151207
85.051	-0.27592821421870806
85.101	-0.2759282272150316
85.151	-0.2759282401805741
85.201	-0.2759282531154268
85.251	-0.2759282660196805
85.301	-0.2759282788934257
85.351	-0.2759282917367526
85.401	-0.2759283045497511
85.451	-0.2759283173325107
85.501	-0.2759283300851208
85.551	-0.27592834280767015
85.601	-0.2759283555002474
85.651	-0.2759283681629409
85.701	-0.2759283807958386
85.751	-0.2759283933990282
85.801	-0.27592840597259705
85.851	-0.27592841851663225
85.901	-0.27592843103122044
85.951	-0.27592844351644824
86.001	-0.2759284559724016
86.051	-0.2759284683991665
86.101	-0.27592848079682847
86.151	-0.2759284931654727
86.201	-0.2759285055051841
86.251	-0.2759285178160474
86.301	-0.2759285300981469
86.351	-0.2759285423515666
86.401	-0.2759285545763903
86.451	-0.2759285667727015
86.501	-0.27592857894058326
86.551	-0.2759285910801186
86.601	-0.27592860319139
86.651	-0.27592861527447976
86.701	-0.27592862732947
86.751	-0.2759286393564423
86.801	-0.27592865135547817
86.851	-0.27592866332665883
86.901	-0.27592867527006504
86.951	-0.27592868718577745
87.001	-0.2759286990738764
87.051	-0.2759287109344419
87.101	-0.27592872276755365
87.151	-0.2759287345732912
87.201	-0.2759287463517337
87.251	-0.27592875810296014
87.301	-0.2759287698270491
87.351	-0.27592878152407907
87.401	-0.27592879319412805
87.451	-0.2759288048372739
87.501	-0.27592881645359424
87.551	-0.2759288280431663
87.601	-0.27592883960606723
87.651	-0.2759288511423737
87.701	-0.2759288626521622
87.751	-0.27592887413550904
87.801	-0.2759288855924902
87.851	-0.2759288970231813
87.901	-0.2759289084276579
87.951	-0.27592891980599515
88.001	-0.275928931158268
88.051	-0.2759289424845511
88.101	-0.2759289537849189
88.151	-0.27592896505944553
88.201	-0.27592897630820495
88.251	-0.27592898753127076
88.301	-0.27592899872871646
88.351	-0.2759290099006151
88.401	-0.27592902104703965
88.451	-0.27592903216806275
88.501	-0.2759290432637568
88.551	-0.27592905433419396
88.601	-0.2759290653794461
88.651	-0.27592907639958497
88.701	-0.27592908739468197
88.751	-0.2759290983648082
88.801	-0.27592910931003467
88.851	-0.2759291202304321
88.901	-0.2759291311260708
88.951	-0.2759291419970212
89.001	-0.27592915284335306
89.051	-0.2759291636651362
89.101	-0.2759291744624402
89.151	-0.27592918523533416
89.201	-0.27592919598388727
89.251	-0.27592920670816823
89.301	-0.27592921740824566
89.351	-0.2759292280841878
89.401	-0.27592923873606284
89.451	-0.2759292493639386
89.501	-0.2759292599678827
89.551	-0.27592927054796257
89.601	-0.2759292811042454
89.651	-0.27592929163679814
89.701	-0.2759293021456875
89.751	-0.27592931263098003
89.801	-0.27592932309274193
89.851	-0.2759293335310393
89.901	-0.275929343945938
89.951	-0.2759293543375036
90.001	-0.2759293647058015
90.051	-0.2759293750508969
90.101	-0.27592938537285466
90.151	-0.27592939567173963
90.201	-0.2759294059476162
90.251	-0.27592941620054884
90.301	-0.2759294264306015
90.351	-0.27592943663783803
90.401	-0.2759294468223222
90.451	-0.27592945698411736
90.501	-0.2759294671232868
90.551	-0.2759294772398935
90.601	-0.27592948733400025
90.651	-0.2759294974056697
90.701	-0.2759295074549642
90.751	-0.275929517481946
90.801	-0.275929527486677
90.851	-0.27592953746921894
90.901	-0.27592954742963344
90.951	-0.27592955736798186
91.001	-0.27592956728432533
91.051	-0.2759295771787248
91.101	-0.275929587051241
91.151	-0.2759295969019345
91.201	-0.2759296067308657
91.251	-0.2759296165380946
91.301	-0.2759296263236813
91.351	-0.27592963608768545
91.401	-0.2759296458301666
91.451	-0.27592965555118415
91.501	-0.27592966525079715
91.551	-0.2759296749290647
91.601	-0.2759296845860455
91.651	-0.2759296942217981
91.701	-0.2759297038363808
91.751	-0.27592971342985195
91.801	-0.2759297230022695
91.851	-0.27592973255369113
91.901	-0.2759297420841746
91.951	-0.2759297515937772
92.001	-0.2759297610825563
92.051	-0.2759297705505688
92.101	-0.2759297799978716
92.151	-0.27592978942452145
92.201	-0.2759297988305747
92.251	-0.2759298082160878
92.301	-0.27592981758111673
92.351	-0.2759298269257175
92.401	-0.2759298362499458
92.451	-0.27592984555385724
92.501	-0.27592985483750715
92.551	-0.2759298641009507
92.601	-0.27592987334424307
92.651	-0.27592988256743894
92.701	-0.275929891770593
92.751	-0.2759299009537598
92.801	-0.2759299101169936
92.851	-0.2759299192603485
92.901	-0.2759299283838784
92.951	-0.2759299374876373
93.001	-0.2759299465716785
93.051	-0.27592995563605566
93.101	-0.2759299646808219
93.151	-0.2759299737060304
93.201	-0.27592998271173397
93.251	-0.27592999169798543
93.301	-0.27593000066483725
93.351	-0.2759300096123419
93.401	-0.2759300185405515
93.451	-0.2759300274495182
93.501	-0.2759300363392939
93.551	-0.27593004520993025
93.601	-0.2759300540614788
93.651	-0.275930062893991
93.701	-0.27593007170751804
93.751	-0.27593008050211093
93.801	-0.2759300892778206
93.851	-0.2759300980346977
93.901	-0.2759301067727929
93.951	-0.2759301154921565
94.001	-0.2759301241928388
94.051	-0.2759301328748898
94.101	-0.27593014153835954
94.151	-0.27593015018329764
94.201	-0.2759301588097538
94.251	-0.2759301674177773
94.301	-0.27593017600741754
94.351	-0.27593018457872365
94.401	-0.27593019313174444
94.451	-0.2759302016665289
94.501	-0.2759302101831255
94.551	-0.27593021868158285
94.601	-0.27593022716194926
94.651	-0.2759302356242728
94.701	-0.27593024406860167
94.751	-0.27593025249498365
94.801	-0.2759302609034664
94.851	-0.2759302692940976
94.901	-0.2759302776669246
94.951	-0.27593028602199465
95.001	-0.2759302943593549
95.051	-0.27593030267905233
95.101	-0.2759303109811337
95.151	-0.27593031926564565
95.201	-0.27593032753263474
95.251	-0.2759303357821474
95.301	-0.2759303440142298
95.351	-0.2759303522289279
95.401	-0.27593036042628777
95.451	-0.27593036860635517
95.501	-0.2759303767691757
95.551	-0.2759303849147949
95.601	-0.27593039304325806
95.651	-0.27593040115461037
95.701	-0.275930409248897
95.751	-0.27593041732616275
95.801	-0.27593042538645246
95.851	-0.2759304334298108
95.901	-0.27593044145628215
95.951	-0.27593044946591094
96.001	-0.2759304574587414
96.051	-0.27593046543481753
96.101	-0.27593047339418336
96.151	-0.27593048133688264
96.201	-0.275930489262959
96.251	-0.27593049717245605
96.301	-0.27593050506541705
96.351	-0.27593051294188536
96.401	-0.27593052080190406
96.451	-0.27593052864551615
96.501	-0.2759305364727644
96.551	-0.2759305442836916
96.601	-0.2759305520783403
96.651	-0.2759305598567529
96.701	-0.2759305676189717
96.751	-0.275930575365039
96.801	-0.2759305830949968
96.851	-0.2759305908088869
96.901	-0.27593059850675117
96.951	-0.2759306061886313
97.001	-0.27593061385456874
97.051	-0.2759306215046049
97.101	-0.275930629138781
97.151	-0.27593063675713836
97.201	-0.27593064435971776
97.251	-0.2759306519465602
97.301	-0.2759306595177064
97.351	-0.275930667073197
97.401	-0.2759306746130725
97.451	-0.2759306821373733
97.501	-0.2759306896461396
97.551	-0.2759306971394115
97.601	-0.2759307046172291
97.651	-0.2759307120796321
97.701	-0.27593071952666043
97.751	-0.2759307269583537
97.801	-0.2759307343747513
97.851	-0.2759307417758927
97.901	-0.27593074916181715
97.951	-0.27593075653256377
98.001	-0.2759307638881716
98.051	-0.2759307712286796
98.101	-0.2759307785541264
98.151	-0.2759307858645508
98.201	-0.2759307931599912
98.251	-0.2759308004404862
98.301	-0.2759308077060739
98.351	-0.27593081495679267
98.401	-0.2759308221926805
98.451	-0.27593082941377534
98.501	-0.275930836620115
98.551	-0.27593084381173727
98.601	-0.2759308509886797
98.651	-0.27593085815097973
98.701	-0.27593086529867483
98.751	-0.2759308724318022
98.801	-0.275930879550399
98.851	-0.2759308866545023
98.901	-0.275930893744149
98.951	-0.27593090081937577
99.001	-0.2759309078802195
99.051	-0.2759309149267166
99.101	-0.27593092195890373
99.151	-0.27593092897681704
99.201	-0.2759309359804929
99.251	-0.27593094296996745
99.301	-0.2759309499452766
99.351	-0.2759309569064564
99.401	-0.2759309638535426
99.451	-0.2759309707865709
99.501	-0.27593097770557684
99.551	-0.275930984610596
99.601	-0.27593099150166367
99.651	-0.27593099837881513
99.701	-0.2759310052420856
99.751	-0.27593101209151
99.801	-0.2759310189271234
99.851	-0.27593102574896056
99.901	-0.2759310325570563
99.951	-0.27593103935144514
500.	-0.27593550267847217