0.001	-513.112940772371
0.051	-10.216645966859248
0.101	-5.238069434779252
0.151	-3.556957326716108
0.201	-2.712512388080504
0.251	-2.2047320118565024
0.301	-1.8658412553897574
0.351	-1.6236634496658775
0.401	-1.4420202779578322
0.451	-1.30077703497507
0.501	-1.187836832630912
0.551	-1.0954936774438169
0.601	-1.0186059751933907
0.651	-0.9536117385006261
0.701	-0.8979652462289657
0.751	-0.8497987390773064
0.801	-0.807710820943992
0.851	-0.7706294544050941
0.901	-0.7377205736809966
0.951	-0.7083255263206669
1.001	-0.6819172636322297
1.051	-0.6580690362243129
1.101	-0.6364316193729328
1.151	-0.6167164744356533
1.201	-0.5986831164074378
1.251	-0.5821295108399466
1.301	-0.5668846851533246
1.351	-0.5528029806636673
1.401	-0.5397595354400173
1.451	-0.5276467010988592
1.501	-0.5163711757625435
1.551	-0.5058516915714643
1.601	-0.49601713551712734
1.651	-0.48680501173522694
1.701	-0.47816017499946584
1.751	-0.47003378120694744
1.801	-0.4623824126857582
1.851	-0.45516734526813774
1.901	-0.448353931028261
1.951	-0.44191107593495366
2.001	-0.43581079581752896
2.051	-0.4300278372807286
2.101	-0.42453935274906923
2.151	-0.4193246208329246
2.201	-0.414364804809342
2.251	-0.4096427432912673
2.301	-0.4051427681890689
2.351	-0.4008505459012785
2.401	-0.39675293834836356
2.451	-0.3928378810159681
2.501	-0.38909427562724747
2.551	-0.38551189543716746
2.601	-0.3820813014503096
2.651	-0.37879376811999865
2.701	-0.37564121730014566
2.751	-0.37261615939984116
2.801	-0.36971164084067665
2.851	-0.3669211970430434
2.901	-0.3642388102743494
2.951	-0.36165887178250944
3.001	-0.35917614771492623
3.051	-0.3567857483887037
3.101	-0.3544831005338477
3.151	-0.3522639221792269
3.201	-0.35012419989233146
3.251	-0.34806016811941953
3.301	-0.34606829040335185
3.351	-0.34414524228299365
3.401	-0.34228789570113294
3.451	-0.3404933047679204
3.501	-0.33875869274431647
3.551	-0.33708144012529667
3.601	-0.335459073715923
3.651	-0.3338892566051005
3.701	-0.3323697789521255
3.751	-0.3308985495101835
3.801	-0.32947358781893826
3.851	-0.3280930170053995
3.901	-0.32675505713849473
3.951	-0.32545801908829336
4.001	-0.3242002988457378
4.051	-0.3229803722630923
4.101	-0.3217967901792044
4.151	-0.32064817389713113
4.201	-0.31953321098477294
4.251	-0.3184506513719205
4.301	-0.31739930371959285
4.351	-0.31637803203976267
4.401	-0.31538575254555623
4.451	-0.314421430713803
4.501	-0.31348407854342397
4.551	-0.31257275199459494
4.601	-0.31168654859493417
4.651	-0.31082460520014454
4.701	-0.30998609589760984
4.751	-0.3091702300424136
4.801	-0.30837625041612743
4.851	-0.30760343149950836
4.901	-0.3068510778509725
4.951	-0.3061185225833649
5.001	-0.3054051259321476
5.051	-0.3047102739086694
5.101	-0.30403337703268024
5.151	-0.30337386913870457
5.201	-0.30273120625130345
5.251	-0.30210486552463295
5.301	-0.30149434424205407
5.351	-0.3008991588718647
5.401	-0.3003188441755177
5.451	-0.29975295236495386
5.501	-0.299201052305925
5.551	-0.2986627287644067
5.601	-0.29813758169340787
5.651	-0.29762522555767545
5.701	-0.2971252886939659
5.751	-0.29663741270472094
5.801	-0.296161251883129
5.851	-0.2956964726676974
5.901	-0.29524275312458265
5.951	-0.29479978245604715
6.001	-0.2943672605335173
6.051	-0.29394489745382085
6.101	-0.29353241311727274
6.151	-0.293129536826366
6.201	-0.2927360069039046
6.251	-0.29235157032948994
6.301	-0.29197598239334
6.351	-0.29160900636648684
6.401	-0.2912504131864564
6.451	-0.29089998115758986
6.501	-0.29055749566521877
6.551	-0.2902227489029532
6.601	-0.289895539612387
6.651	-0.28957567283456775
6.701	-0.2892629596726151
6.751	-0.2889572170649106
6.801	-0.28865826756831414
6.851	-0.2883659391508948
6.901	-0.2880800649936931
6.951	-0.28780048330105973
7.001	-0.2875270371191428
7.051	-0.2872595741621167
7.101	-0.2869979466457735
7.151	-0.2867420111281142
7.201	-0.28649162835660064
7.251	-0.2862466631217458
7.301	-0.28600698411673886
7.351	-0.28577246380281734
7.401	-0.285542978280114
7.451	-0.2853184071637219
7.501	-0.2850986334647335
7.551	-0.284883543476023
7.601	-0.28467302666255373
7.651	-0.2844669755560029
7.701	-0.28426528565350817
7.751	-0.2840678553203488
7.801	-0.2838745856963852
7.851	-0.28368538060608933
7.901	-0.28350014647200666
7.951	-0.28331879223149764
8.001	-0.2831412292566167
8.051	-0.2829673712769909
8.101	-0.28279713430556885
8.151	-0.28263043656711706
8.201	-0.2824671984293451
8.251	-0.2823073423365498
8.301	-0.28215079274566995
8.351	-0.2819974760646523
8.401	-0.28184732059303125
8.451	-0.2817002564646304
8.501	-0.2815562155923
8.551	-0.28141513161460413
8.601	-0.2812769398443813
8.651	-0.28114157721909966
8.701	-0.28100898225293686
8.751	-0.28087909499051383
8.801	-0.28075185696221744
8.851	-0.280627211141049
8.901	-0.2805051019009379
8.951	-0.28038547497646443
9.001	-0.2802682774239346
9.051	-0.2801534575837572
9.101	-0.28004096504407067
9.151	-0.2799307506055733
9.201	-0.27982276624751046
9.251	-0.27971696509477445
9.301	-0.27961330138607615
9.351	-0.27951173044314725
9.401	-0.2794122086409348
9.451	-0.27931469337875187
9.501	-0.2792191430523481
9.551	-0.2791255170268669
9.601	-0.2790337756106573
9.651	-0.27894388002990766
9.701	-0.278855792404074
9.751	-0.278769475722072
9.801	-0.27868489381920714
9.851	-0.27860201135481516
9.901	-0.278520793790589
9.951	-0.27844120736956707
10.001	-0.2783632190957596
10.051	-0.27828679671439205
10.101	-0.2782119086927418
10.151	-0.2781385242015506
10.201	-0.27806661309698966
10.251	-0.2779961459031614
10.301	-0.2779270937951175
10.351	-0.2778594285823766
10.401	-0.27779312269292517
10.451	-0.27772814915768373
10.501	-0.27766448159542506
10.551	-0.2776020941981272
10.601	-0.27754096171674825
10.651	-0.27748105944740875
10.701	-0.2774223632179674
10.751	-0.2773648493749787
10.801	-0.27730849477101877
10.851	-0.2772532767523681
10.901	-0.2771991731470398
10.951	-0.2771461622531413
11.001	-0.2770942228275606
11.051	-0.2770433340749644
11.101	-0.2769934756371008
11.151	-0.2769446275823944
11.201	-0.2768967703958269
11.251	-0.2768498849690924
11.301	-0.2768039525910203
11.351	-0.27675895493825636
11.401	-0.27671487406619455
11.451	-0.2766716924001521
11.501	-0.2766293927267799
11.551	-0.27658795818570087
11.601	-0.2765473722613704
11.651	-0.27650761877515084
11.701	-0.2764686818775948
11.751	-0.27643054604092976
11.801	-0.27639319605173895
11.851	-0.27635661700383257
11.901	-0.276320794291303
11.951	-0.27628571360175935
12.001	-0.27625136090973557
12.051	-0.2762177224702672
12.101	-0.27618478481263226
12.151	-0.27615253473425044
12.201	-0.2761209592947373
12.251	-0.2760900458101079
12.301	-0.2760597818471265
12.351	-0.2760301552177973
12.401	-0.2760011539739929
12.451	-0.2759727664022161
12.501	-0.27594498101849146
12.551	-0.2759177865633831
12.601	-0.27589117199713487
12.651	-0.2758651264949296
12.701	-0.2758396394422643
12.751	-0.275814700430438
12.801	-0.27579029925214865
12.851	-0.27576642589719724
12.901	-0.2757430705482944
12.951	-0.2757202235769687
13.001	-0.2756978755395723
13.051	-0.2756760171733821
13.101	-0.2756546393927935
13.151	-0.2756337332856046
13.201	-0.2756132901093879
13.251	-0.27559330128794757
13.301	-0.27557375840785997
13.351	-0.275554653215095
13.401	-0.27553597761171617
13.451	-0.2755177236526578
13.501	-0.27549988354257626
13.551	-0.27548244963277474
13.601	-0.27546541441819794
13.651	-0.2754487705344969
13.701	-0.27543251075515995
13.751	-0.2754166279887097
13.801	-0.2754011152759639
13.851	-0.2753859657873581
13.901	-0.275371172820329
13.951	-0.275356729796757
14.001	-0.2753426302604659
14.051	-0.2753288678747789
14.101	-0.27531543642012934
14.151	-0.2753023297917242
14.201	-0.2752895419972602
14.251	-0.2752770671546899
14.301	-0.27526489949003763
14.351	-0.27525303333526313
14.401	-0.2752414631261726
14.451	-0.2752301834003749
14.501	-0.2752191887952833
14.551	-0.2752084740461596
14.601	-0.27519803398420206
14.651	-0.27518786353467356
14.701	-0.27517795771507103
14.751	-0.2751683116333339
14.801	-0.27515892048609136
14.851	-0.2751497795569471
14.901	-0.2751408842148002
14.951	-0.27513222991220304
15.001	-0.2751238121837527
15.051	-0.27511562664451766
15.101	-0.27510766898849687
15.151	-0.27509993498711216
15.201	-0.27509242048773186
15.251	-0.2750851214122253
15.301	-0.2750780337555482
15.351	-0.27507115358435696
15.401	-0.2750644770356524
15.451	-0.27505800031545097
15.501	-0.2750517196974843
15.551	-0.2750456315219252
15.601	-0.27503973219413974
15.651	-0.27503401818346573
15.701	-0.2750284860220157
15.751	-0.2750231323035044
15.801	-0.27501795368210047
15.851	-0.27501294687130173
15.901	-0.27500810864283265
15.951	-0.27500343582556497
16.001	-0.2749989253044596
16.051	-0.2749945740195302
16.101	-0.27499037896482764
16.151	-0.2749863371874446
16.201	-0.2749824457865404
16.251	-0.2749787019123854
16.301	-0.27497510276542425
16.351	-0.2749716455953578
16.401	-0.2749683277002436
16.451	-0.27496514642561387
16.501	-0.2749620991636111
16.551	-0.27495918335214065
16.601	-0.2749563964740403
16.651	-0.27495373605626555
16.701	-0.2749511996690917
16.751	-0.27494878492533087
16.801	-0.2749464894795647
16.851	-0.2749443110273917
16.901	-0.2749422473046898
16.951	-0.27494029608689263
17.001	-0.2749384551882801
17.051	-0.2749367224612825
17.101	-0.2749350957957986
17.151	-0.2749335731185261
17.201	-0.2749321523923055
17.251	-0.27493083161547627
17.301	-0.2749296088212456
17.351	-0.274928482077069
17.401	-0.27492744948404274
17.451	-0.274926509176308
17.501	-0.2749256593204662
17.551	-0.2749248981150055
17.601	-0.27492422378973785
17.651	-0.2749236346052475
17.701	-0.2749231288523486
17.751	-0.2749227048515545
17.801	-0.27492236095255573
17.851	-0.2749220955337085
17.901	-0.2749219070015327
17.951	-0.2749217937902188
18.001	-0.2749217543611449
18.051	-0.27492178720240157
18.101	-0.27492189082832635
18.151	-0.2749220637790469
18.201	-0.274922304620032
18.251	-0.27492261194165135
18.301	-0.27492298435874357
18.351	-0.27492342051019164
18.401	-0.27492391905850655
18.451	-0.27492447868941855
18.501	-0.274925098111476
18.551	-0.2749257760556509
18.601	-0.27492651127495277
18.651	-0.2749273025440484
18.701	-0.2749281486588893
18.751	-0.27492904843634575
18.801	-0.2749300007138471
18.851	-0.2749310043490292
18.901	-0.2749320582193877
18.951	-0.27493316122193806
19.001	-0.2749343122728811
19.051	-0.27493551030727537
19.101	-0.2749367542787145
19.151	-0.27493804315901105
19.201	-0.2749393759378857
19.251	-0.27494075162266224
19.301	-0.2749421692379676
19.351	-0.27494362782543763
19.401	-0.2749451264434279
19.451	-0.2749466641667298
19.501	-0.2749482400862915
19.551	-0.274949853308944
19.601	-0.274951502957132
19.651	-0.2749531881686495
19.701	-0.27495490809638007
19.751	-0.2749566619080417
19.801	-0.2749584487859362
19.851	-0.2749602679267031
19.901	-0.2749621185410773
19.951	-0.27496399985365194
20.001	-0.27496591110264457
20.051	-0.27496785153966774
20.101	-0.2749698204295038
20.151	-0.2749718170498832
20.201	-0.27497384069126696
20.251	-0.27497589065663275
20.301	-0.27497796626126486
20.351	-0.27498006683254783
20.401	-0.2749821917097633
20.451	-0.2749843402438907
20.501	-0.2749865117974115
20.551	-0.27498870574411655
20.601	-0.27499092146891657
20.651	-0.2749931583676567
20.701	-0.2749954158469333
20.751	-0.27499769332391455
20.801	-0.27499999022616367
20.851	-0.2750023059914658
20.901	-0.2750046400676569
20.951	-0.27500699191245664
21.001	-0.27500936099330325
21.051	-0.2750117467871917
21.101	-0.2750141487805146
21.151	-0.2750165664689056
21.201	-0.27501899935708546
21.251	-0.275021446958711
21.301	-0.27502390879622646
21.351	-0.2750263844007172
21.401	-0.27502887331176623
21.451	-0.2750313750773129
21.501	-0.275033889253514
21.551	-0.2750364154046075
21.601	-0.27503895310277787
21.651	-0.2750415019280248
21.701	-0.27504406146803295
21.751	-0.27504663131804463
21.801	-0.2750492110807345
21.851	-0.275051800366086
21.901	-0.27505439879127047
21.951	-0.2750570059805277
22.001	-0.27505962156504876
22.051	-0.27506224518286104
22.101	-0.2750648764787145
22.151	-0.2750675151039706
22.201	-0.27507016071649243
22.251	-0.2750728129805374
22.301	-0.2750754715666507
22.351	-0.27507813615156174
22.401	-0.2750808064180812
22.451	-0.2750834820550005
22.501	-0.27508616275699266
22.551	-0.2750888482245149
22.601	-0.2750915381637128
22.651	-0.2750942322863258
22.701	-0.275096930309595
22.751	-0.2750996319561715
22.801	-0.2751023369540272
22.851	-0.2751050450363661
22.901	-0.2751077559415382
22.951	-0.27511046941295353
23.001	-0.2751131851989987
23.051	-0.27511590305295436
23.101	-0.2751186227329138
23.151	-0.2751213440017034
23.201	-0.2751240666268038
23.251	-0.27512679038027293
23.301	-0.2751295150386699
23.351	-0.2751322403829803
23.401	-0.2751349661985427
23.451	-0.2751376922749765
23.501	-0.2751404184061103
23.551	-0.2751431443899127
23.601	-0.27514587002842283
23.651	-0.2751485951276828
23.701	-0.27515131949767146
23.751	-0.27515404295223833
23.801	-0.2751567653090396
23.851	-0.2751594863894745
23.901	-0.27516220601862307
23.951	-0.27516492402518455
24.001	-0.2751676402414174
24.051	-0.2751703545030794
24.101	-0.2751730666493699
24.151	-0.27517577652287173
24.201	-0.27517848396949496
24.251	-0.27518118883842124
24.301	-0.2751838909820491
24.351	-0.2751865902559399
24.401	-0.2751892865187651
24.451	-0.2751919796322541
24.501	-0.2751946694611429
24.551	-0.27519735587312355
24.601	-0.27520003873879473
24.651	-0.2752027179316129
24.701	-0.2752053933278439
24.751	-0.27520806480651616
24.801	-0.27521073224937403
24.851	-0.27521339554083174
24.901	-0.2752160545679287
24.951	-0.2752187092202851
25.001	-0.2752213593900582
25.051	-0.2752240049718997
25.101	-0.27522664586291323
25.151	-0.2752292819626131
25.201	-0.2752319131728832
25.251	-0.27523453939793696
25.301	-0.27523716054427777
25.351	-0.27523977652065995
25.401	-0.27524238723805067
25.451	-0.27524499260959195
25.501	-0.27524759255056397
25.551	-0.27525018697834813
25.601	-0.2752527758123916
25.651	-0.2752553589741717
25.701	-0.27525793638716106
25.751	-0.27526050797679386
25.801	-0.2752630736704317
25.851	-0.27526563339733057
25.901	-0.2752681870886086
25.951	-0.2752707346772135
26.001	-0.2752732760978915
26.051	-0.2752758112871557
26.101	-0.2752783401832562
26.151	-0.2752808627261494
26.201	-0.2752833788574688
26.251	-0.27528588852049585
26.301	-0.27528839166013114
26.351	-0.2752908882228664
26.401	-0.2752933781567565
26.451	-0.2752958614113924
26.501	-0.27529833793787417
26.551	-0.2753008076887846
26.601	-0.27530327061816323
26.651	-0.2753057266814805
26.701	-0.2753081758356129
26.751	-0.27531061803881796
26.801	-0.27531305325071004
26.851	-0.275315481432236
26.901	-0.2753179025456521
26.951	-0.2753203165545001
27.001	-0.27532272342358516
27.051	-0.2753251231189525
27.101	-0.2753275156078661
27.151	-0.2753299008587861
27.201	-0.2753322788413479
27.251	-0.27533464952634107
27.301	-0.2753370128856881
27.351	-0.2753393688924245
27.401	-0.2753417175206783
27.451	-0.2753440587456507
27.501	-0.27534639254359605
27.551	-0.2753487188918031
27.601	-0.27535103776857606
27.651	-0.275353349153216
27.701	-0.2753556530260026
27.751	-0.27535794936817615
27.801	-0.27536023816191996
27.851	-0.27536251939034295
27.901	-0.27536479303746253
27.951	-0.27536705908818765
28.001	-0.2753693175283025
28.051	-0.27537156834444987
28.101	-0.2753738115241153
28.151	-0.2753760470556113
28.201	-0.27537827492806183
28.251	-0.27538049513138685
28.301	-0.2753827076562875
28.351	-0.275384912494231
28.401	-0.27538710963743657
28.451	-0.27538929907886067
28.501	-0.27539148081218306
28.551	-0.2753936548317929
28.601	-0.27539582113277516
28.651	-0.27539797971089713
28.701	-0.2754001305625954
28.751	-0.27540227368496234
28.801	-0.2754044090757341
28.851	-0.27540653673327736
28.901	-0.2754086566565772
28.951	-0.2754107688452249
29.001	-0.27541287329940606
29.051	-0.2754149700198887
29.101	-0.27541705900801144
29.151	-0.27541914026567277
29.201	-0.2754212137953189
29.251	-0.27542327959993357
29.301	-0.27542533768302657
29.351	-0.2754273880486234
29.401	-0.27542943070125453
29.451	-0.2754314656459453
29.501	-0.2754334928882054
29.551	-0.2754355124340193
29.601	-0.275437524289836
29.651	-0.2754395284625595
29.701	-0.27544152495953933
29.751	-0.2754435137885611
29.801	-0.27544549495783716
29.851	-0.2754474684759979
29.901	-0.27544943435208225
29.951	-0.27545139259552953
30.001	-0.2754533432161704
30.051	-0.27545528622421833
30.101	-0.27545722163026165
30.151	-0.2754591494452549
30.201	-0.27546106968051104
30.251	-0.2754629823476932
30.301	-0.27546488745880726
30.351	-0.27546678502619376
30.401	-0.2754686750625207
30.451	-0.2754705575807758
30.501	-0.2754724325942593
30.551	-0.27547430011657686
30.601	-0.27547616016163234
30.651	-0.2754780127436208
30.701	-0.27547985787702206
30.751	-0.2754816955765933
30.801	-0.2754835258573631
30.851	-0.2754853487346244
30.901	-0.2754871642239285
30.951	-0.2754889723410786
31.001	-0.27549077310212366
31.051	-0.27549256652335213
31.101	-0.2754943526212863
31.151	-0.2754961314126761
31.201	-0.2754979029144935
31.251	-0.2754996671439269
31.301	-0.2755014241183752
31.351	-0.27550317385544276
31.401	-0.2755049163729336
31.451	-0.27550665168884636
31.501	-0.2755083798213689
31.551	-0.27551010078887334
31.601	-0.2755118146099108
31.651	-0.2755135213032066
31.701	-0.27551522088765545
31.751	-0.27551691338231643
31.801	-0.27551859880640844
31.851	-0.2755202771793055
31.901	-0.27552194852053236
31.951	-0.27552361284975974
32.001	-0.27552527018680023
32.051	-0.27552692055160377
32.101	-0.27552856396425346
32.151	-0.2755302004449615
32.201	-0.27553183001406495
32.251	-0.2755334526920217
32.301	-0.2755350684994066
32.351	-0.2755366774569076
32.401	-0.27553827958532173
32.451	-0.27553987490555165
32.501	-0.2755414634386016
32.551	-0.27554304520557416
32.601	-0.27554462022766635
32.651	-0.2755461885261664
32.701	-0.27554775012245014
32.751	-0.2755493050379777
32.801	-0.2755508532942902
32.851	-0.2755523949130064
32.901	-0.27555392991581973
32.951	-0.27555545832449485
33.001	-0.2755569801608649
33.051	-0.27555849544682803
33.101	-0.27556000420434495
33.151	-0.2755615064554356
33.201	-0.2755630022221765
33.251	-0.2755644915266978
33.301	-0.2755659743911807
33.351	-0.27556745083785444
33.401	-0.275568920888994
33.451	-0.2755703845669172
33.501	-0.2755718418939822
33.551	-0.27557329289258514
33.601	-0.2755747375851575
33.651	-0.2755761759941637
33.701	-0.27557760814209864
33.751	-0.27557903405148565
33.801	-0.2755804537448738
33.851	-0.275581867244836
33.901	-0.2755832745739667
33.951	-0.27558467575487944
34.001	-0.2755860708102051
34.051	-0.27558745976258964
34.101	-0.2755888426346922
34.151	-0.2755902194491827
34.201	-0.27559159022874047
34.251	-0.27559295499605174
34.301	-0.2755943137738082
34.351	-0.2755956665847048
34.401	-0.27559701345143817
34.451	-0.2755983543967047
34.501	-0.2755996894431989
34.551	-0.2756010186136116
34.601	-0.2756023419306282
34.651	-0.27560365941692727
34.701	-0.2756049710951787
34.751	-0.2756062769880422
34.801	-0.27560757711816575
34.851	-0.27560887150818414
34.901	-0.27561016018071727
34.951	-0.27561144315836905
35.001	-0.2756127204637257
35.051	-0.2756139921193543
35.101	-0.27561525814780163
35.151	-0.27561651857159275
35.201	-0.27561777341322974
35.251	-0.2756190226951902
35.301	-0.27562026643992615
35.351	-0.275621504669863
35.401	-0.2756227374073979
35.451	-0.27562396467489886
35.501	-0.27562518649470363
35.551	-0.27562640288911827
35.601	-0.27562761388041646
35.651	-0.27562881949083806
35.701	-0.2756300197425882
35.751	-0.2756312146578364
35.801	-0.27563240425871516
35.851	-0.2756335885673194
35.901	-0.27563476760570527
35.951	-0.27563594139588915
36.001	-0.27563710995984697
36.051	-0.275638273319513
36.101	-0.27563943149677933
36.151	-0.2756405845134946
36.201	-0.27564173239146356
36.251	-0.27564287515244584
36.301	-0.27564401281815565
36.351	-0.27564514541026053
36.401	-0.2756462729503808
36.451	-0.2756473954600888
36.501	-0.2756485129609083
36.551	-0.2756496254743135
36.601	-0.2756507330217285
36.651	-0.2756518356245266
36.701	-0.2756529333040299
36.751	-0.2756540260815082
36.801	-0.2756551139781786
36.851	-0.27565619701520505
36.901	-0.27565727521369754
36.951	-0.27565834859471156
37.001	-0.2756594171792477
37.051	-0.2756604809882508
37.101	-0.2756615400426098
37.151	-0.275662594363157
37.201	-0.2756636439706675
37.251	-0.27566468888585893
37.301	-0.2756657291293908
37.351	-0.27566676472186413
37.401	-0.275667795683821
37.451	-0.27566882203574405
37.501	-0.27566984379805626
37.551	-0.27567086099112015
37.601	-0.27567187363523793
37.651	-0.2756728817506506
37.701	-0.27567388535753795
37.751	-0.27567488447601807
37.801	-0.2756758791261469
37.851	-0.27567686932791813
37.901	-0.27567785510126264
37.951	-0.27567883646604846
38.001	-0.2756798134420802
38.051	-0.27568078604909885
38.101	-0.2756817543067816
38.151	-0.27568271823474155
38.201	-0.27568367785252734
38.251	-0.27568463317962294
38.301	-0.27568558423544753
38.351	-0.2756865310393552
38.401	-0.2756874736106346
38.451	-0.275688411968509
38.501	-0.2756893461321359
38.551	-0.2756902761206068
38.601	-0.2756912019529472
38.651	-0.27569212364811635
38.701	-0.275693041225007
38.751	-0.27569395470244534
38.801	-0.2756948640991909
38.851	-0.2756957694339362
38.901	-0.2756966707253069
38.951	-0.2756975679918614
39.001	-0.275698461252091
39.051	-0.2756993505244196
39.101	-0.2757002358272035
39.151	-0.27570111717873175
39.201	-0.2757019945972255
39.251	-0.2757028681008384
39.301	-0.27570373770765616
39.351	-0.2757046034356967
39.401	-0.2757054653029101
39.451	-0.2757063233271785
39.501	-0.2757071775263158
39.551	-0.27570802791806814
39.601	-0.2757088745201134
39.651	-0.27570971735006145
39.701	-0.27571055642545406
39.751	-0.2757113917637647
39.801	-0.2757122233823988
39.851	-0.2757130512986937
39.901	-0.2757138755299184
39.951	-0.27571469609327387
40.001	-0.2757155130058929
40.051	-0.2757163262848402
40.101	-0.27571713594711234
40.151	-0.2757179420096377
40.201	-0.2757187444892768
40.251	-0.275719543402822
40.301	-0.27572033876699786
40.351	-0.27572113059846076
40.401	-0.27572191891379944
40.451	-0.2757227037295346
40.501	-0.2757234850621194
40.551	-0.2757242629279391
40.601	-0.2757250373433114
40.651	-0.2757258083244864
40.701	-0.2757265758876468
40.751	-0.2757273400489077
40.801	-0.2757281008243171
40.851	-0.27572885822985543
40.901	-0.2757296122814363
40.951	-0.275730362994906
41.001	-0.2757311103860439
41.051	-0.27573185447056264
41.101	-0.2757325952641079
41.151	-0.27573333278225876
41.201	-0.2757340670405278
41.251	-0.27573479805436096
41.301	-0.2757355258391381
41.351	-0.2757362504101727
41.401	-0.2757369717827122
41.451	-0.27573768997193815
41.501	-0.275738404992966
41.551	-0.2757391168608458
41.601	-0.27573982559056176
41.651	-0.2757405311970329
41.701	-0.2757412336951126
41.751	-0.2757419330995894
41.801	-0.27574262942518657
41.851	-0.27574332268656265
41.901	-0.27574401289831135
41.951	-0.27574470007496177
42.001	-0.2757453842309786
42.051	-0.27574606538076235
42.101	-0.2757467435386492
42.151	-0.2757474187189115
42.201	-0.2757480909357577
42.251	-0.27574876020333267
42.301	-0.27574942653571766
42.351	-0.2757500899469308
42.401	-0.27575075045092673
42.451	-0.2757514080615975
42.501	-0.275752062792772
42.551	-0.27575271465821655
42.601	-0.2757533636716351
42.651	-0.2757540098466692
42.701	-0.2757546531968983
42.751	-0.27575529373583985
42.801	-0.2757559314769495
42.851	-0.2757565664336214
42.901	-0.27575719861918824
42.951	-0.27575782804692145
43.001	-0.27575845473003147
43.051	-0.27575907868166777
43.101	-0.2757596999149192
43.151	-0.2757603184428142
43.201	-0.2757609342783207
43.251	-0.27576154743434683
43.301	-0.2757621579237405
43.351	-0.27576276575928993
43.401	-0.275763370953724
43.451	-0.27576397351971205
43.501	-0.2757645734698643
43.551	-0.27576517081673213
43.601	-0.275765765572808
43.651	-0.27576635775052594
43.701	-0.2757669473622615
43.751	-0.2757675344203321
43.801	-0.2757681189369972
43.851	-0.2757687009244585
43.901	-0.27576928039486015
43.951	-0.2757698573602888
44.001	-0.2757704318327741
44.051	-0.2757710038242887
44.101	-0.27577157334674834
44.151	-0.2757721404120123
44.201	-0.2757727050318836
44.251	-0.27577326721810896
44.301	-0.2757738269823791
44.351	-0.2757743843363293
44.401	-0.27577493929153885
44.451	-0.2757754918595321
44.501	-0.275776042051778
44.551	-0.27577658987969084
44.601	-0.2757771353546299
44.651	-0.27577767848790014
44.701	-0.27577821929075214
44.751	-0.27577875777438243
44.801	-0.2757792939499336
44.851	-0.2757798278284946
44.901	-0.2757803594211009
44.951	-0.27578088873873463
45.001	-0.27578141579232496
45.051	-0.2757819405927482
45.101	-0.27578246315082794
45.151	-0.2757829834773353
45.201	-0.2757835015829894
45.251	-0.27578401747845716
45.301	-0.2757845311743536
45.351	-0.2757850426812423
45.401	-0.2757855520096355
45.451	-0.27578605916999405
45.501	-0.27578656417272795
45.551	-0.2757870670281964
45.601	-0.27578756774670804
45.651	-0.27578806633852115
45.701	-0.27578856281384384
45.751	-0.27578905718283436
45.801	-0.27578954945560114
45.851	-0.2757900396422031
45.901	-0.2757905277526499
45.951	-0.275791013796902
46.001	-0.2757914977848711
46.051	-0.27579197972642
46.101	-0.2757924596313632
46.151	-0.27579293750946676
46.201	-0.27579341337044877
46.251	-0.27579388722397935
46.301	-0.2757943590796811
46.351	-0.27579482894712903
46.401	-0.2757952968358509
46.451	-0.27579576275532747
46.501	-0.2757962267149926
46.551	-0.2757966887242335
46.601	-0.27579714879239103
46.651	-0.27579760692875976
46.701	-0.27579806314258815
46.751	-0.27579851744307887
46.801	-0.275798969839389
46.851	-0.2757994203406302
46.901	-0.27579986895586883
46.951	-0.2758003156941262
47.001	-0.27580076056437897
47.051	-0.275801203575559
47.101	-0.2758016447365538
47.151	-0.2758020840562065
47.201	-0.27580252154331647
47.251	-0.27580295720663905
47.301	-0.27580339105488605
47.351	-0.2758038230967258
47.401	-0.27580425334078335
47.451	-0.27580468179564077
47.501	-0.2758051084698373
47.551	-0.27580553337186947
47.601	-0.2758059565101914
47.651	-0.27580637789321494
47.701	-0.27580679752930987
47.751	-0.2758072154268041
47.801	-0.2758076315939838
47.851	-0.27580804603909387
47.901	-0.27580845877033766
47.951	-0.27580886979587754
48.001	-0.275809279123835
48.051	-0.27580968676229073
48.101	-0.2758100927192849
48.151	-0.2758104970028174
48.201	-0.2758108996208479
48.251	-0.27581130058129627
48.301	-0.2758116998920423
48.351	-0.2758120975609265
48.401	-0.2758124935957498
48.451	-0.27581288800427395
48.501	-0.27581328079422174
48.551	-0.275813671973277
48.601	-0.275814061549085
48.651	-0.2758144495292525
48.701	-0.275814835921348
48.751	-0.27581522073290177
48.801	-0.2758156039714063
48.851	-0.27581598564431625
48.901	-0.2758163657590488
48.951	-0.2758167443229836
49.001	-0.2758171213434632
49.051	-0.2758174968277931
49.101	-0.275817870783242
49.151	-0.27581824321704185
49.201	-0.27581861413638814
49.251	-0.27581898354844003
49.301	-0.2758193514603206
49.351	-0.27581971787911685
49.401	-0.2758200828118802
49.451	-0.2758204462656262
49.501	-0.27582080824733507
49.551	-0.2758211687639518
49.601	-0.2758215278223863
49.651	-0.2758218854295134
49.701	-0.2758222415921734
49.751	-0.2758225963171718
49.801	-0.27582294961127984
49.851	-0.2758233014812344
49.901	-0.2758236519337384
49.951	-0.2758240009754608
50.001	-0.27582434861303673
50.051	-0.27582469485306793
50.101	-0.2758250397021226
50.151	-0.2758253831667356
50.201	-0.27582572525340904
50.251	-0.2758260659686118
50.301	-0.2758264053187801
50.351	-0.27582674331031765
50.401	-0.2758270799495957
50.451	-0.2758274152429531
50.501	-0.27582774919669684
50.551	-0.2758280818171017
50.601	-0.2758284131104109
50.651	-0.2758287430828359
50.701	-0.27582907174055676
50.751	-0.2758293990897222
50.801	-0.27582972513644977
50.851	-0.2758300498868261
50.901	-0.2758303733469068
50.951	-0.27583069552271705
51.001	-0.2758310164202513
51.051	-0.2758313360454737
51.101	-0.2758316544043182
51.151	-0.2758319715026886
51.201	-0.2758322873464588
51.251	-0.275832601941473
51.301	-0.2758329152935457
51.351	-0.275833227408462
51.401	-0.27583353829197754
51.451	-0.275833847949819
51.501	-0.27583415638768394
51.551	-0.2758344636112409
51.601	-0.27583476962612996
51.651	-0.2758350744379624
51.701	-0.27583537805232117
51.751	-0.27583568047476087
51.801	-0.27583598171080803
51.851	-0.2758362817659611
51.901	-0.2758365806456906
51.951	-0.27583687835543963
52.001	-0.2758371749006233
52.051	-0.2758374702866296
52.101	-0.275837764518819
52.151	-0.275838057602525
52.201	-0.27583834954305403
52.251	-0.2758386403456855
52.301	-0.2758389300156723
52.351	-0.2758392185582405
52.401	-0.27583950597858986
52.451	-0.27583979228189376
52.501	-0.27584007747329936
52.551	-0.27584036155792774
52.601	-0.27584064454087415
52.651	-0.27584092642720787
52.701	-0.27584120722197275
52.751	-0.2758414869301869
52.801	-0.27584176555684314
52.851	-0.275842043106909
52.901	-0.2758423195853269
52.951	-0.27584259499701425
53.001	-0.2758428693468634
53.051	-0.27584314263974236
53.101	-0.2758434148804941
53.151	-0.2758436860739373
53.201	-0.27584395622486624
53.251	-0.275844225338051
53.301	-0.2758444934182374
53.351	-0.27584476047014755
53.401	-0.2758450264984794
53.451	-0.2758452915079073
53.501	-0.27584555550308204
53.551	-0.2758458184886307
53.601	-0.27584608046915726
53.651	-0.2758463414492422
53.701	-0.2758466014334431
53.751	-0.2758468604262943
53.801	-0.2758471184323074
53.851	-0.27584737545597127
53.901	-0.27584763150175196
53.951	-0.2758478865740931
54.001	-0.2758481406774159
54.051	-0.2758483938161192
54.101	-0.27584864599457976
54.151	-0.27584889721715217
54.201	-0.2758491474881692
54.251	-0.27584939681194154
54.301	-0.27584964519275845
54.351	-0.2758498926348874
54.401	-0.2758501391425744
54.451	-0.27585038472004403
54.501	-0.27585062937149973
54.551	-0.27585087310112366
54.601	-0.2758511159130769
54.651	-0.27585135781149983
54.701	-0.27585159880051163
54.751	-0.27585183888421105
54.801	-0.2758520780666761
54.851	-0.27585231635196433
54.901	-0.2758525537441128
54.951	-0.2758527902471385
55.001	-0.27585302586503796
55.051	-0.2758532606017878
55.101	-0.27585349446134455
55.151	-0.27585372744764514
55.201	-0.27585395956460634
55.251	-0.2758541908161256
55.301	-0.2758544212060806
55.351	-0.27585465073832977
55.401	-0.2758548794167119
55.451	-0.27585510724504675
55.501	-0.27585533422713493
55.551	-0.27585556036675785
55.601	-0.2758557856676782
55.651	-0.2758560101336396
55.701	-0.275856233768367
55.751	-0.2758564565755667
55.801	-0.27585667855892654
55.851	-0.2758568997221158
55.901	-0.2758571200687854
55.951	-0.27585733960256803
56.001	-0.2758575583270782
56.051	-0.2758577762459124
56.101	-0.2758579933626491
56.151	-0.27585820968084895
56.201	-0.2758584252040547
56.251	-0.27585863993579146
56.301	-0.2758588538795668
56.351	-0.2758590670388708
56.401	-0.27585927941717603
56.451	-0.2758594910179377
56.501	-0.275859701844594
56.551	-0.2758599119005658
56.601	-0.275860121189257
56.651	-0.2758603297140545
56.701	-0.2758605374783284
56.751	-0.27586074448543185
56.801	-0.2758609507387016
56.851	-0.2758611562414575
56.901	-0.2758613609970031
56.951	-0.2758615650086254
57.001	-0.27586176827959513
57.051	-0.27586197081316666
57.101	-0.27586217261257834
57.151	-0.2758623736810524
57.201	-0.27586257402179487
57.251	-0.27586277363799616
57.301	-0.2758629725328307
57.351	-0.27586317070945715
57.401	-0.27586336817101864
57.451	-0.27586356492064257
57.501	-0.2758637609614409
57.551	-0.2758639562965101
57.601	-0.2758641509289316
57.651	-0.2758643448617711
57.701	-0.27586453809807954
57.751	-0.2758647306408926
57.801	-0.27586492249323097
57.851	-0.27586511365810035
57.901	-0.2758653041384916
57.951	-0.2758654939373809
58.001	-0.2758656830577297
58.051	-0.2758658715024847
58.101	-0.2758660592745782
58.151	-0.275866246376928
58.201	-0.2758664328124375
58.251	-0.2758666185839957
58.301	-0.2758668036944776
58.351	-0.2758669881467437
58.401	-0.27586717194364074
58.451	-0.27586735508800125
58.501	-0.2758675375826439
58.551	-0.27586771943037336
58.601	-0.2758679006339807
58.651	-0.2758680811962432
58.701	-0.2758682611199244
58.751	-0.27586844040777436
58.801	-0.2758686190625297
58.851	-0.2758687970869134
58.901	-0.27586897448363534
58.951	-0.2758691512553918
59.001	-0.2758693274048662
59.051	-0.27586950293472845
59.101	-0.27586967784763566
59.151	-0.2758698521462318
59.201	-0.27587002583314785
59.251	-0.275870198911002
59.301	-0.27587037138239967
59.351	-0.2758705432499335
59.401	-0.27587071451618334
59.451	-0.27587088518371655
59.501	-0.27587105525508804
59.551	-0.27587122473284004
59.601	-0.27587139361950247
59.651	-0.275871561917593
59.701	-0.2758717296296169
59.751	-0.2758718967580672
59.801	-0.275872063305425
59.851	-0.27587222927415905
59.901	-0.2758723946667262
59.951	-0.2758725594855714
60.001	-0.2758727237331276
60.051	-0.275872887411816
60.101	-0.2758730505240459
60.151	-0.2758732130722152
60.201	-0.2758733750587098
60.251	-0.27587353648590424
60.301	-0.27587369735616135
60.351	-0.27587385767183276
60.401	-0.27587401743525847
60.451	-0.2758741766487673
60.501	-0.27587433531467664
60.551	-0.27587449343529274
60.601	-0.2758746510129107
60.651	-0.2758748080498145
60.701	-0.2758749645482771
60.751	-0.2758751205105604
60.801	-0.27587527593891537
60.851	-0.2758754308355823
60.901	-0.2758755852027904
60.951	-0.27587573904275825
61.001	-0.2758758923576938
61.051	-0.27587604514979414
61.101	-0.275876197421246
61.151	-0.27587634917422554
61.201	-0.2758765004108983
61.251	-0.27587665113341947
61.301	-0.27587680134393394
61.351	-0.2758769510445762
61.401	-0.27587710023747053
61.451	-0.2758772489247309
61.501	-0.2758773971084614
61.551	-0.27587754479075566
61.601	-0.27587769197369755
61.651	-0.2758778386593607
61.701	-0.27587798484980913
61.751	-0.27587813054709664
61.801	-0.27587827575326734
61.851	-0.2758784204703556
61.901	-0.27587856470038596
61.951	-0.2758787084453733
62.001	-0.275878851707323
62.051	-0.2758789944882306
62.101	-0.27587913679008236
62.151	-0.2758792786148549
62.201	-0.2758794199645154
62.251	-0.2758795608410219
62.301	-0.2758797012463227
62.351	-0.27587984118235725
62.401	-0.2758799806510554
62.451	-0.27588011965433806
62.501	-0.2758802581941168
62.551	-0.2758803962722944
62.601	-0.27588053389076417
62.651	-0.2758806710514108
62.701	-0.2758808077561098
62.751	-0.2758809440067279
62.801	-0.27588107980512294
62.851	-0.2758812151531439
62.901	-0.2758813500526311
62.951	-0.27588148450541605
63.001	-0.27588161851332155
63.051	-0.27588175207816196
63.101	-0.27588188520174284
63.151	-0.27588201788586125
63.201	-0.275882150132306
63.251	-0.275882281942857
63.301	-0.2758824133192863
63.351	-0.27588254426335707
63.401	-0.2758826747768245
63.451	-0.27588280486143535
63.501	-0.27588293451892826
63.551	-0.27588306375103355
63.601	-0.27588319255947347
63.651	-0.2758833209459622
63.701	-0.27588344891220573
63.751	-0.2758835764599022
63.801	-0.2758837035907416
63.851	-0.2758838303064061
63.901	-0.27588395660856996
63.951	-0.2758840824988995
64.001	-0.2758842079790534
64.051	-0.2758843330506823
64.101	-0.27588445771542935
64.151	-0.27588458197493
64.201	-0.27588470583081176
64.251	-0.27588482928469493
64.301	-0.2758849523381919
64.351	-0.2758850749929077
64.401	-0.27588519725043986
64.451	-0.27588531911237835
64.501	-0.27588544058030584
64.551	-0.27588556165579753
64.601	-0.2758856823404213
64.651	-0.2758858026357378
64.701	-0.2758859225433003
64.751	-0.27588604206465495
64.801	-0.2758861612013406
64.851	-0.27588627995488896
64.901	-0.2758863983268247
64.951	-0.2758865163186654
65.001	-0.2758866339319215
65.051	-0.2758867511680965
65.101	-0.275886868028687
65.151	-0.2758869845151825
65.201	-0.27588710062906574
65.251	-0.27588721637181246
65.301	-0.2758873317448918
65.351	-0.2758874467497658
65.401	-0.2758875613878899
65.451	-0.2758876756607129
65.501	-0.27588778956967686
65.551	-0.275887903116217
65.601	-0.2758880163017622
65.651	-0.27588812912773447
65.701	-0.27588824159554953
65.751	-0.27588835370661646
65.801	-0.27588846546233775
65.851	-0.27588857686410967
65.901	-0.2758886879133219
65.951	-0.27588879861135773
66.001	-0.27588890895959417
66.051	-0.27588901895940193
66.101	-0.27588912861214526
66.151	-0.2758892379191824
66.201	-0.27588934688186517
66.251	-0.2758894555015392
66.301	-0.27588956377954416
66.351	-0.27588967171721335
66.401	-0.2758897793158741
66.451	-0.2758898865768476
66.501	-0.2758899935014491
66.551	-0.2758901000909878
66.601	-0.27589020634676686
66.651	-0.2758903122700836
66.701	-0.2758904178622293
66.751	-0.27589052312448953
66.801	-0.2758906280581438
66.851	-0.27589073266446595
66.901	-0.275890836944724
66.951	-0.2758909409001802
67.001	-0.2758910445320909
67.051	-0.27589114784170704
67.101	-0.27589125083027366
67.151	-0.2758913534990302
67.201	-0.2758914558492106
67.251	-0.275891557882043
67.301	-0.2758916595987501
67.351	-0.2758917610005491
67.401	-0.2758918620886516
67.451	-0.2758919628642637
67.501	-0.27589206332858623
67.551	-0.2758921634828144
67.601	-0.27589226332813815
67.651	-0.2758923628657419
67.701	-0.275892462096805
67.751	-0.27589256102250115
67.801	-0.275892659643999
67.851	-0.2758927579624619
67.901	-0.2758928559790478
67.951	-0.2758929536949097
68.001	-0.2758930511111952
68.051	-0.2758931482290469
68.101	-0.2758932450496023
68.151	-0.2758933415739934
68.201	-0.27589343780334774
68.251	-0.2758935337387873
68.301	-0.27589362938142925
68.351	-0.27589372473238577
68.401	-0.27589381979276406
68.451	-0.27589391456366624
68.501	-0.2758940090461897
68.551	-0.2758941032414267
68.601	-0.27589419715046487
68.651	-0.2758942907743868
68.701	-0.27589438411427036
68.751	-0.2758944771711885
68.801	-0.27589456994620953
68.851	-0.2758946624403969
68.901	-0.2758947546548094
68.951	-0.275894846590501
69.001	-0.2758949382485212
69.051	-0.2758950296299145
69.101	-0.2758951207357212
69.151	-0.2758952115669766
69.201	-0.2758953021247116
69.251	-0.2758953924099524
69.301	-0.2758954824237209
69.351	-0.2758955721670342
69.401	-0.27589566164090507
69.451	-0.27589575084634177
69.501	-0.275895839784348
69.551	-0.27589592845592315
69.601	-0.2758960168620622
69.651	-0.27589610500375567
69.701	-0.27589619288198974
69.751	-0.2758962804977462
69.801	-0.2758963678520027
69.851	-0.27589645494573234
69.901	-0.275896541779904
69.951	-0.2758966283554825
70.001	-0.2758967146734282
70.051	-0.2758968007346973
70.101	-0.2758968865402418
70.151	-0.27589697209100955
70.201	-0.27589705738794423
70.251	-0.27589714243198543
70.301	-0.27589722722406856
70.351	-0.275897311765125
70.401	-0.27589739605608193
70.451	-0.27589748009786264
70.501	-0.2758975638913863
70.551	-0.27589764743756806
70.601	-0.27589773073731905
70.651	-0.2758978137915466
70.701	-0.2758978966011538
70.751	-0.2758979791670401
70.801	-0.2758980614901009
70.851	-0.27589814357122755
70.901	-0.27589822541130776
70.951	-0.27589830701122536
71.001	-0.2758983883718602
71.051	-0.2758984694940884
71.101	-0.2758985503787823
71.151	-0.2758986310268104
71.201	-0.2758987114390375
71.251	-0.2758987916163246
71.301	-0.2758988715595289
71.351	-0.2758989512695041
71.401	-0.2758990307471001
71.451	-0.275899109993163
71.501	-0.2758991890085355
71.551	-0.27589926779405644
71.601	-0.2758993463505612
71.651	-0.2758994246788814
71.701	-0.27589950277984526
71.751	-0.2758995806542773
71.801	-0.27589965830299856
71.851	-0.27589973572682647
71.901	-0.27589981292657506
71.951	-0.2758998899030548
72.001	-0.2758999666570726
72.051	-0.2759000431894322
72.101	-0.2759001195009334
72.151	-0.2759001955923731
72.201	-0.27590027146454443
72.251	-0.2759003471182373
72.301	-0.27590042255423813
72.351	-0.27590049777333003
72.401	-0.2759005727762929
72.451	-0.2759006475639029
72.501	-0.27590072213693345
72.551	-0.27590079649615423
72.601	-0.2759008706423318
72.651	-0.2759009445762295
72.701	-0.2759010182986072
72.751	-0.2759010918102219
72.801	-0.275901165111827
72.851	-0.275901238204173
72.901	-0.27590131108800703
72.951	-0.2759013837640731
73.001	-0.27590145623311213
73.051	-0.27590152849586175
73.101	-0.2759016005530566
73.151	-0.27590167240542823
73.201	-0.275901744053705
73.251	-0.2759018154986121
73.301	-0.27590188674087185
73.351	-0.27590195778120347
73.401	-0.2759020286203231
73.451	-0.2759020992589438
73.501	-0.27590216969777587
73.551	-0.2759022399375262
73.601	-0.27590230997889914
73.651	-0.2759023798225958
73.701	-0.2759024494693144
73.751	-0.2759025189197503
73.801	-0.27590258817459584
73.851	-0.2759026572345405
73.901	-0.2759027261002709
73.951	-0.27590279477247065
74.001	-0.2759028632518207
74.051	-0.275902931538999
74.101	-0.2759029996346806
74.151	-0.2759030675395379
74.201	-0.2759031352542405
74.251	-0.2759032027794549
74.301	-0.2759032701158452
74.351	-0.27590333726407246
74.401	-0.27590340422479515
74.451	-0.27590347099866885
74.501	-0.2759035375863465
74.551	-0.27590360398847835
74.601	-0.2759036702057118
74.651	-0.27590373623869174
74.701	-0.27590380208806026
74.751	-0.2759038677544568
74.801	-0.2759039332385182
74.851	-0.27590399854087855
74.901	-0.27590406366216946
74.951	-0.2759041286030197
75.001	-0.27590419336405575
75.051	-0.27590425794590123
75.101	-0.2759043223491773
75.151	-0.2759043865745025
75.201	-0.2759044506224928
75.251	-0.2759045144937618
75.301	-0.2759045781889203
75.351	-0.27590464170857676
75.401	-0.2759047050533371
75.451	-0.2759047682238047
75.501	-0.2759048312205805
75.551	-0.27590489404426305
75.601	-0.2759049566954482
75.651	-0.27590501917472954
75.701	-0.27590508148269816
75.751	-0.2759051436199428
75.801	-0.2759052055870497
75.851	-0.2759052673846027
75.901	-0.2759053290131833
75.951	-0.2759053904733706
76.001	-0.2759054517657412
76.051	-0.2759055128908697
76.101	-0.2759055738493279
76.151	-0.27590563464168555
76.201	-0.27590569526851
76.251	-0.2759057557303663
76.301	-0.2759058160278172
76.351	-0.2759058761614231
76.401	-0.2759059361317422
76.451	-0.27590599593933035
76.501	-0.2759060555847412
76.551	-0.2759061150685261
76.601	-0.2759061743912342
76.651	-0.2759062335534124
76.701	-0.2759062925556055
76.751	-0.2759063513983558
76.801	-0.2759064100822037
76.851	-0.27590646860768725
76.901	-0.27590652697534235
76.951	-0.27590658518570277
77.001	-0.2759066432393001
77.051	-0.2759067011366638
77.101	-0.27590675887832117
77.151	-0.2759068164647973
77.201	-0.2759068738966154
77.251	-0.27590693117429627
77.301	-0.27590698829835886
77.351	-0.2759070452693199
77.401	-0.2759071020876941
77.451	-0.2759071587539941
77.501	-0.2759072152687303
77.551	-0.2759072716324114
77.601	-0.2759073278455437
77.651	-0.2759073839086318
77.701	-0.27590743982217797
77.751	-0.2759074955866827
77.801	-0.2759075512026443
77.851	-0.27590760667055925
77.901	-0.2759076619909219
77.951	-0.2759077171642248
78.001	-0.27590777219095824
78.051	-0.27590782707161093
78.101	-0.2759078818066693
78.151	-0.27590793639661804
78.201	-0.27590799084193984
78.251	-0.2759080451431155
78.301	-0.2759080993006238
78.351	-0.2759081533149418
78.401	-0.27590820718654446
78.451	-0.27590826091590503
78.501	-0.2759083145034948
78.551	-0.27590836794978313
78.601	-0.2759084212552376
78.651	-0.27590847442032407
78.701	-0.2759085274455062
78.751	-0.27590858033124616
78.801	-0.2759086330780041
78.851	-0.27590868568623844
78.901	-0.2759087381564057
78.951	-0.2759087904889607
79.001	-0.27590884268435645
79.051	-0.27590889474304403
79.101	-0.27590894666547294
79.151	-0.2759089984520908
79.201	-0.27590905010334354
79.251	-0.27590910161967525
79.301	-0.2759091530015283
79.351	-0.27590920424934334
79.401	-0.2759092553635593
79.451	-0.27590930634461336
79.501	-0.275909357192941
79.551	-0.275909407908976
79.601	-0.27590945849315046
79.651	-0.27590950894589467
79.701	-0.2759095592676374
79.751	-0.27590960945880566
79.801	-0.2759096595198248
79.851	-0.27590970945111853
79.901	-0.27590975925310884
79.951	-0.2759098089262162
80.001	-0.27590985847085925
80.051	-0.27590990788745523
80.101	-0.27590995717641953
80.151	-0.27591000633816615
80.201	-0.27591005537310725
80.251	-0.2759101042816536
80.301	-0.2759101530642141
80.351	-0.2759102017211965
80.401	-0.27591025025300653
80.451	-0.27591029866004857
80.501	-0.27591034694272537
80.551	-0.27591039510143817
80.601	-0.2759104431365866
80.651	-0.27591049104856874
80.701	-0.2759105388377812
80.751	-0.275910586504619
80.801	-0.27591063404947574
80.851	-0.2759106814727433
80.901	-0.2759107287748122
80.951	-0.27591077595607144
81.001	-0.2759108230169085
81.051	-0.27591086995770936
81.101	-0.27591091677885854
81.151	-0.275910963480739
81.201	-0.2759110100637324
81.251	-0.27591105652821885
81.301	-0.2759111028745769
81.351	-0.2759111491031837
81.401	-0.2759111952144151
81.451	-0.2759112412086453
81.501	-0.2759112870862472
81.551	-0.2759113328475923
81.601	-0.27591137849305053
81.651	-0.2759114240229905
81.701	-0.2759114694377795
81.751	-0.2759115147377832
81.801	-0.27591155992336613
81.851	-0.2759116049948912
81.901	-0.2759116499527201
81.951	-0.27591169479721306
82.001	-0.275911739528729
82.051	-0.27591178414762535
82.101	-0.27591182865425834
82.151	-0.2759118730489828
82.201	-0.27591191733215215
82.251	-0.27591196150411845
82.301	-0.2759120055652326
82.351	-0.275912049515844
82.401	-0.2759120933563008
82.451	-0.27591213708694984
82.501	-0.27591218070813656
82.551	-0.27591222422020517
82.601	-0.27591226762349863
82.651	-0.2759123109183585
82.701	-0.27591235410512505
82.751	-0.2759123971841374
82.801	-0.2759124401557333
82.851	-0.2759124830202492
82.901	-0.27591252577802033
82.951	-0.2759125684293806
83.001	-0.2759126109746628
83.051	-0.2759126534141983
83.101	-0.27591269574831734
83.151	-0.27591273797734894
83.201	-0.27591278010162074
83.251	-0.27591282212145934
83.301	-0.27591286403718995
83.351	-0.27591290584913664
83.401	-0.27591294755762236
83.451	-0.27591298916296864
83.501	-0.275913030665496
83.551	-0.2759130720655236
83.601	-0.27591311336336966
83.651	-0.2759131545593509
83.701	-0.2759131956537831
83.751	-0.2759132366469807
83.801	-0.2759132775392571
83.851	-0.2759133183309245
83.901	-0.27591335902229386
83.951	-0.27591339961367506
84.001	-0.2759134401053768
84.051	-0.27591348049770664
84.101	-0.2759135207909711
84.151	-0.27591356098547537
84.201	-0.27591360108152363
84.251	-0.2759136410794189
84.301	-0.2759136809794631
84.351	-0.27591372078195703
84.401	-0.2759137604872004
84.451	-0.27591380009549177
84.501	-0.27591383960712856
84.551	-0.2759138790224072
84.601	-0.275913918341623
84.651	-0.27591395756507003
84.701	-0.27591399669304156
84.751	-0.2759140357258295
84.801	-0.27591407466372486
84.851	-0.27591411350701756
84.901	-0.27591415225599636
84.951	-0.2759141909109491
85.001	-0.2759142294721624
85.051	-0.2759142679399219
85.101	-0.27591430631451236
85.151	-0.2759143445962172
85.201	-0.27591438278531905
85.251	-0.2759144208820993
85.301	-0.27591445888683847
85.351	-0.27591449679981606
85.401	-0.2759145346213104
85.451	-0.2759145723515989
85.501	-0.275914609990958
85.551	-0.27591464753966305
85.601	-0.27591468499798844
85.651	-0.2759147223662076
85.701	-0.27591475964459283
85.751	-0.27591479683341563
85.801	-0.2759148339329463
85.851	-0.27591487094345435
85.901	-0.27591490786520817
85.951	-0.2759149446984753
86.001	-0.27591498144352217
86.051	-0.2759150181006144
86.101	-0.27591505467001654
86.151	-0.2759150911519922
86.201	-0.27591512754680403
86.251	-0.27591516385471376
86.301	-0.2759152000759822
86.351	-0.27591523621086916
86.401	-0.2759152722596335
86.451	-0.27591530822253324
86.501	-0.2759153440998254
86.551	-0.27591537989176596
86.601	-0.27591541559861027
86.651	-0.2759154512206125
86.701	-0.2759154867580261
86.751	-0.2759155222111033
86.801	-0.2759155575800959
86.851	-0.27591559286525436
86.901	-0.2759156280668284
86.951	-0.27591566318506694
87.001	-0.2759156982202179
87.051	-0.27591573317252827
87.101	-0.27591576804224427
87.151	-0.2759158028296112
87.201	-0.2759158375348735
87.251	-0.2759158721582746
87.301	-0.27591590670005733
87.351	-0.27591594116046336
87.401	-0.27591597553973374
87.451	-0.27591600983810843
87.501	-0.27591604405582676
87.551	-0.2759160781931271
87.601	-0.27591611225024687
87.651	-0.2759161462274229
87.701	-0.27591618012489094
87.751	-0.27591621394288607
87.801	-0.27591624768164236
87.851	-0.27591628134139323
87.901	-0.2759163149223712
87.951	-0.2759163484248079
88.001	-0.2759163818489342
88.051	-0.2759164151949802
88.101	-0.27591644846317515
88.151	-0.27591648165374744
88.201	-0.2759165147669247
88.251	-0.27591654780293373
88.301	-0.27591658076200054
88.351	-0.27591661364435044
88.401	-0.27591664645020775
88.451	-0.2759166791797961
88.501	-0.27591671183333843
88.551	-0.27591674441105674
88.601	-0.27591677691317235
88.651	-0.27591680933990576
88.701	-0.2759168416914766
88.751	-0.275916873968104
88.801	-0.275916906170006
88.851	-0.27591693829740016
88.901	-0.27591697035050305
88.951	-0.2759170023295306
89.001	-0.275917034234698
89.051	-0.2759170660662196
89.101	-0.275917097824309
89.151	-0.27591712950917924
89.201	-0.27591716112104236
89.251	-0.2759171926601098
89.301	-0.27591722412659225
89.351	-0.27591725552069973
89.401	-0.27591728684264133
89.451	-0.27591731809262565
89.501	-0.27591734927086037
89.551	-0.27591738037755253
89.601	-0.2759174114129085
89.651	-0.27591744237713384
89.701	-0.2759174732704335
89.751	-0.2759175040930116
89.801	-0.2759175348450716
89.851	-0.27591756552681623
89.901	-0.2759175961384477
89.951	-0.2759176266801672
90.001	-0.27591765715217553
90.051	-0.2759176875546726
90.101	-0.27591771788785774
90.151	-0.27591774815192943
90.201	-0.2759177783470857
90.251	-0.2759178084735237
90.301	-0.27591783853144003
90.351	-0.2759178685210305
90.401	-0.2759178984424903
90.451	-0.275917928296014
90.501	-0.2759179580817955
90.551	-0.27591798780002785
90.601	-0.27591801745090366
90.651	-0.2759180470346148
90.701	-0.2759180765513524
90.751	-0.2759181060013071
90.801	-0.27591813538466875
90.851	-0.27591816470162656
90.901	-0.27591819395236916
90.951	-0.27591822313708453
91.001	-0.2759182522559599
91.051	-0.275918281309182
91.101	-0.2759183102969368
91.151	-0.2759183392194098
91.201	-0.27591836807678566
91.251	-0.27591839686924857
91.301	-0.275918425596982
91.351	-0.2759184542601688
91.401	-0.27591848285899134
91.451	-0.27591851139363116
91.501	-0.2759185398642693
91.551	-0.27591856827108613
91.601	-0.27591859661426155
91.651	-0.2759186248939746
91.701	-0.275918653110404
91.751	-0.2759186812637276
91.801	-0.27591870935412277
91.851	-0.27591873738176637
91.901	-0.27591876534683446
91.951	-0.27591879324950264
92.001	-0.2759188210899459
92.051	-0.2759188488683387
92.101	-0.2759188765848547
92.151	-0.27591890423966714
92.201	-0.27591893183294874
92.251	-0.27591895936487143
92.301	-0.2759189868356067
92.351	-0.2759190142453255
92.401	-0.2759190415941981
92.451	-0.2759190688823942
92.501	-0.27591909611008303
92.551	-0.2759191232774332
92.601	-0.2759191503846126
92.651	-0.27591917743178884
92.701	-0.2759192044191288
92.751	-0.2759192313467988
92.801	-0.27591925821496466
92.851	-0.2759192850237916
92.901	-0.2759193117734443
92.951	-0.2759193384640869
93.001	-0.275919365095883
93.051	-0.2759193916689956
93.101	-0.2759194181835872
93.151	-0.2759194446398197
93.201	-0.27591947103785464
93.251	-0.27591949737785276
93.301	-0.2759195236599745
93.351	-0.2759195498843796
93.401	-0.2759195760512273
93.451	-0.27591960216067646
93.501	-0.2759196282128851
93.551	-0.2759196542080111
93.601	-0.27591968014621154
93.651	-0.2759197060276431
93.701	-0.2759197318524618
93.751	-0.2759197576208234
93.801	-0.2759197833328828
93.851	-0.27591980898879476
93.901	-0.2759198345887132
93.951	-0.2759198601327918
94.001	-0.2759198856211835
94.051	-0.27591991105404096
94.101	-0.2759199364315161
94.151	-0.2759199617537605
94.201	-0.2759199870209252
94.251	-0.2759200122331607
94.301	-0.2759200373906171
94.351	-0.275920062493444
94.401	-0.2759200875417903
94.451	-0.2759201125358047
94.501	-0.2759201374756352
94.551	-0.2759201623614294
94.601	-0.2759201871933345
94.651	-0.275920211971497
94.701	-0.27592023669606314
94.751	-0.27592026136717857
94.801	-0.2759202859849884
94.851	-0.2759203105496374
94.901	-0.2759203350612698
94.951	-0.27592035952002936
95.001	-0.27592038392605944
95.051	-0.27592040827950276
95.101	-0.27592043258050175
95.151	-0.2759204568291983
95.201	-0.27592048102573385
95.251	-0.27592050517024935
95.301	-0.27592052926288535
95.351	-0.27592055330378185
95.401	-0.2759205772930785
95.451	-0.27592060123091444
95.501	-0.2759206251174284
95.551	-0.27592064895275853
95.601	-0.2759206727370427
95.651	-0.2759206964704182
95.701	-0.27592072015302205
95.751	-0.2759207437849906
95.801	-0.27592076736645993
95.851	-0.27592079089756555
95.901	-0.2759208143784426
95.951	-0.2759208378092259
96.001	-0.27592086119004955
96.051	-0.2759208845210475
96.101	-0.2759209078023531
96.151	-0.27592093103409937
96.201	-0.2759209542164188
96.251	-0.2759209773494435
96.301	-0.2759210004333052
96.351	-0.2759210234681351
96.401	-0.27592104645406407
96.451	-0.2759210693912226
96.501	-0.27592109227974054
96.551	-0.2759211151197476
96.601	-0.2759211379113729
96.651	-0.2759211606547452
96.701	-0.2759211833499928
96.751	-0.27592120599724373
96.801	-0.27592122859662543
96.851	-0.275921251148265
96.901	-0.27592127365228913
96.951	-0.2759212961088242
97.001	-0.27592131851799606
97.051	-0.2759213408799302
97.101	-0.27592136319475163
97.151	-0.2759213854625852
97.201	-0.27592140768355505
97.251	-0.2759214298577852
97.301	-0.2759214519853991
97.351	-0.2759214740665198
97.401	-0.2759214961012701
97.451	-0.2759215180897723
97.501	-0.27592154003214836
97.551	-0.27592156192851974
97.601	-0.2759215837790077
97.651	-0.275921605583733
97.701	-0.275921627342816
97.751	-0.2759216490563767
97.801	-0.27592167072453483
97.851	-0.2759216923474096
97.901	-0.2759217139251198
97.951	-0.27592173545778403
98.001	-0.2759217569455204
98.051	-0.2759217783884466
98.101	-0.2759217997866801
98.151	-0.27592182114033786
98.201	-0.2759218424495365
98.251	-0.2759218637143923
98.301	-0.27592188493502123
98.351	-0.2759219061115388
98.401	-0.2759219272440601
98.451	-0.27592194833270006
98.501	-0.2759219693775731
98.551	-0.2759219903787932
98.601	-0.2759220113364743
98.651	-0.27592203225072964
98.701	-0.2759220531216723
98.751	-0.27592207394941487
98.801	-0.27592209473406976
98.851	-0.27592211547574885
98.901	-0.2759221361745638
98.951	-0.2759221568306258
99.001	-0.2759221774440459
99.051	-0.27592219801493456
99.101	-0.27592221854340204
99.151	-0.27592223902955815
99.201	-0.2759222594735125
99.251	-0.27592227987537427
99.301	-0.2759223002352523
99.351	-0.2759223205532551
99.401	-0.27592234082949085
99.451	-0.27592236106406737
99.501	-0.2759223812570922
99.551	-0.2759224014086724
99.601	-0.27592242151891494
99.651	-0.2759224415879262
99.701	-0.27592246161581246
99.751	-0.2759224816026795
99.801	-0.2759225015486329
99.851	-0.27592252145377777
99.901	-0.2759225413182189
99.951	-0.27592256114206104
500.	-0.27593543703444107