0.001	-513.1159061268786
0.051	-10.219644844462707
0.101	-5.241101083579684
0.151	-3.5600210053672137
0.201	-2.715607365659298
0.251	-2.2078575677355725
0.301	-1.8689966791109986
0.351	-1.626848040815676
0.401	-1.4452333460436932
0.451	-1.3040178993036657
0.501	-1.191104822187537
0.551	-1.0987881307732363
0.601	-1.021926240282063
0.651	-0.956957172660286
0.701	-0.9013352159815534
0.751	-0.853192620041227
0.801	-0.8111279977216894
0.851	-0.7740693204719268
0.901	-0.7411825312754078
0.951	-0.7118089863355836
1.001	-0.6854216455078053
1.051	-0.6615937678418271
1.101	-0.6399761369499648
1.151	-0.6202802224224618
1.201	-0.6022655473845441
1.251	-0.5857300854169054
1.301	-0.5705028718686711
1.351	-0.5564382558860268
1.401	-0.543411383270364
1.451	-0.5313146132739113
1.501	-0.520054651559282
1.551	-0.5095502377127639
1.601	-0.4997302660784852
1.651	-0.49053224805257806
1.701	-0.4819010455780728
1.751	-0.4737878216313522
1.801	-0.46614916553078417
1.851	-0.45894636001093086
1.901	-0.4521447639613566
1.951	-0.44571329008035965
2.001	-0.4396239608418123
2.051	-0.43385152941109484
2.101	-0.4283731546904231
2.151	-0.4231681216859011
2.201	-0.4182175999892975
2.251	-0.41350443444821877
2.301	-0.40901296312857155
2.351	-0.40472885850623086
2.401	-0.40063898850172974
2.451	-0.3967312945244066
2.501	-0.3929946841456366
2.551	-0.38941893639401737
2.601	-0.38599461797405066
2.651	-0.3827130089661364
2.701	-0.3795660367792725
2.751	-0.37654621730649546
2.801	-0.37364660238303915
2.851	-0.3708607327734621
2.901	-0.3681825960206829
2.951	-0.36560658858028
3.001	-0.36312748174027354
3.051	-0.3607403908921295
3.101	-0.35844074777474333
3.151	-0.3562242753611742
3.201	-0.3540869650991683
3.251	-0.3520250562520625
3.301	-0.35003501711736534
3.351	-0.348113527926899
3.401	-0.3462574652554481
3.451	-0.34446388778492243
3.501	-0.3427300232885181
3.551	-0.3410532567146291
3.601	-0.33943111926361746
3.651	-0.33786127836225976
3.701	-0.3363415284509782
3.751	-0.3348697825080129
3.801	-0.33344406424267875
3.851	-0.33206250089689215
3.901	-0.3307233166003951
3.951	-0.32942482623062436
4.001	-0.32816542973307916
4.051	-0.32694360686240115
4.101	-0.3257579123082579
4.151	-0.3246069711735857
4.201	-0.3234894747758319
4.251	-0.322404176744604
4.301	-0.3213498893916025
4.351	-0.32032548033093516
4.401	-0.31932986932989793
4.451	-0.3183620253721001
4.501	-0.31742096391642055
4.551	-0.3165057443367335
4.601	-0.31561546752865177
4.651	-0.3147492736707176
4.701	-0.3139063401285424
4.751	-0.3130858794913626
4.801	-0.31228713773135786
4.851	-0.31150939247687376
4.901	-0.31075195139141354
4.951	-0.3100141506509212
5.001	-0.3092953535124756
5.051	-0.30859494896806205
5.101	-0.3079123504775815
5.151	-0.3072469947757134
5.201	-0.3065983407476624
5.251	-0.3059658683691948
5.301	-0.3053490777067216
5.351	-0.3047474879734978
5.401	-0.3041606366383032
5.451	-0.3035880785832317
5.501	-0.3030293853074666
5.551	-0.3024841441741393
5.601	-0.3019519576975809
5.651	-0.3014324428684624
5.701	-0.3009252305144982
5.751	-0.3004299646945477
5.801	-0.29994630212409845
5.851	-0.29947391163025483
5.901	-0.2990124736344802
5.951	-0.29856167966146024
6.001	-0.2981212318725642
6.051	-0.2976908426224793
6.101	-0.2972702340376901
6.151	-0.2968591376155578
6.201	-0.2964572938428376
6.251	-0.29606445183254426
6.301	-0.29568036897814715
6.351	-0.29530481062413855
6.401	-0.2949375497520801
6.451	-0.2945783666812868
6.501	-0.29422704878336015
6.551	-0.2938833902098307
6.601	-0.29354719163221327
6.651	-0.2932182599938228
6.701	-0.292896408272735
6.751	-0.29258145525531376
6.801	-0.292273225319762
6.851	-0.29197154822918275
6.901	-0.2916762589336676
6.951	-0.2913871973809586
7.001	-0.2911042083352534
7.051	-0.2908271412037505
7.101	-0.2905558498705513
7.151	-0.2902901925375594
7.201	-0.2900300315720372
7.251	-0.28977523336049676
7.301	-0.2895256681686219
7.351	-0.28928121000693463
7.401	-0.2890417365019321
7.451	-0.28880712877243886
7.501	-0.2885772713109295
7.551	-0.28835205186959156
7.601	-0.2881313613509099
7.651	-0.28791509370256524
7.701	-0.2877031458164515
7.751	-0.2874954174316245
7.801	-0.2872918110410058
7.851	-0.2870922318016745
7.901	-0.28689658744858704
7.951	-0.2867047882115746
8.001	-0.2865167467354738
8.051	-0.2863323780032546
8.101	-0.286151599262016
8.151	-0.2859743299517252
8.201	-0.2858004916365842
8.251	-0.285630007938911
8.301	-0.28546280447542977
8.351	-0.2852988087958689
8.401	-0.2851379503237701
8.451	-0.28498016029941725
8.501	-0.2848253717247972
8.551	-0.2846735193105094
8.601	-0.2845245394245442
8.651	-0.28437837004285577
8.701	-0.2842349507016545
8.751	-0.2840942224513527
8.801	-0.283956127812096
8.851	-0.28382061073081766
8.901	-0.2836876165397569
8.951	-0.28355709191638195
9.001	-0.28342898484466533
9.051	-0.2833032445776565
9.101	-0.2831798216013037
9.151	-0.28305866759947623
9.201	-0.28293973542014095
9.251	-0.2828229790426504
9.301	-0.2827083535460994
9.351	-0.2825958150787102
9.401	-0.2824853208282085
9.451	-0.2823768289931526
9.501	-0.2822702987551807
9.551	-0.2821656902521428
9.601	-0.2820629645520846
9.651	-0.2819620836280525
9.701	-0.2818630103336893
9.751	-0.2817657083795937
9.801	-0.28167014231041393
9.851	-0.28157627748265135
9.901	-0.28148408004314757
9.951	-0.2813935169082313
10.001	-0.2813045557435018
10.051	-0.2812171649442266
10.101	-0.2811313136163318
10.151	-0.28104697155796493
10.201	-0.2809641092416101
10.251	-0.2808826977967368
10.301	-0.280802708992964
10.351	-0.280724115223722
10.401	-0.2806468894903951
10.451	-0.2805710053869291
10.501	-0.2804964370848877
10.551	-0.28042315931894346
10.601	-0.2803511473727877
10.651	-0.28028037706544684
10.701	-0.28021082473799075
10.751	-0.2801424672406209
10.801	-0.2800752819201255
10.851	-0.28000924660768967
10.901	-0.27994433960704984
10.951	-0.2798805396829801
11.001	-0.27981782605010114
11.051	-0.2797561783620006
11.101	-0.2796955767006549
11.151	-0.2796360015661439
11.201	-0.27957743386664785
11.251	-0.27951985490871917
11.301	-0.27946324638781905
11.351	-0.27940759037911195
11.401	-0.2793528693285089
11.451	-0.27929906604395255
11.501	-0.2792461636869367
11.551	-0.2791941457642523
11.601	-0.2791429961199537
11.651	-0.2790926989275387
11.701	-0.27904323868233494
11.751	-0.27899460019408723
11.801	-0.2789467685797396
11.851	-0.27889972925640627
11.901	-0.27885346793452553
11.951	-0.2788079706111919
12.001	-0.27876322356366046
12.051	-0.2787192133430188
12.101	-0.2786759267680215
12.151	-0.2786333509190824
12.201	-0.27859147313242055
12.251	-0.27855028099435386
12.301	-0.2785097623357386
12.351	-0.2784699052265484
12.401	-0.2784306979705896
12.451	-0.2783921291003496
12.501	-0.2783541873719731
12.551	-0.278316861760364
12.601	-0.27828014145440866
12.651	-0.278244015852317
12.701	-0.27820847455707876
12.751	-0.27817350737203084
12.801	-0.27813910429653366
12.851	-0.2781052555217527
12.901	-0.27807195142654256
12.951	-0.27803918257343097
13.001	-0.27800693970469953
13.051	-0.27797521373855905
13.101	-0.2779439957654165
13.151	-0.2779132770442315
13.201	-0.2778830489989595
13.251	-0.27785330321507923
13.301	-0.27782403143620316
13.351	-0.2777952255607675
13.401	-0.27776687763880015
13.451	-0.2777389798687646
13.501	-0.27771152459447807
13.551	-0.2776845043021007
13.601	-0.27765791161719566
13.651	-0.27763173930185703
13.701	-0.27760598025190397
13.751	-0.2775806274941398
13.801	-0.2775556741836741
13.851	-0.2775311136013059
13.901	-0.27750693915096697
13.951	-0.2774831443572232
14.001	-0.27745972286283277
14.051	-0.27743666842635956
14.101	-0.27741397491984066
14.151	-0.2773916363265062
14.201	-0.27736964673855047
14.251	-0.27734800035495283
14.301	-0.27732669147934774
14.351	-0.2773057145179415
14.401	-0.277285063977476
14.451	-0.27726473446323674
14.501	-0.27724472067710587
14.551	-0.2772250174156572
14.601	-0.27720561956829326
14.651	-0.27718652211542383
14.701	-0.2771677201266833
14.751	-0.27714920875918736
14.801	-0.27713098325582786
14.851	-0.27711303894360406
14.901	-0.27709537123199
14.951	-0.2770779756113378
15.001	-0.27706084765131433
15.051	-0.27704398299937194
15.101	-0.27702737737925204
15.151	-0.27701102658952015
15.201	-0.27699492650213237
15.251	-0.27697907306103253
15.301	-0.2769634622807786
15.351	-0.27694809024519856
15.401	-0.27693295310607396
15.451	-0.2769180470818521
15.501	-0.2769033684563843
15.551	-0.27688891357769113
15.601	-0.2768746788567532
15.651	-0.2768606607663271
15.701	-0.27684685583978597
15.751	-0.27683326066998437
15.801	-0.276819871908146
15.851	-0.2768066862627748
15.901	-0.27679370049858865
15.951	-0.27678091143547423
16.001	-0.2767683159474641
16.051	-0.27675591096173396
16.101	-0.276743693457621
16.151	-0.2767316604656618
16.201	-0.27671980906664967
16.251	-0.27670813639071157
16.301	-0.2766966396164032
16.351	-0.27668531596982227
16.401	-0.27667416272374046
16.451	-0.27666317719675143
16.501	-0.2766523567524371
16.551	-0.27664169879854994
16.601	-0.2766312007862118
16.651	-0.27662086020912846
16.701	-0.27661067460282013
16.751	-0.27660064154386677
16.801	-0.2765907586491686
16.851	-0.2765810235752213
16.901	-0.27657143401740497
16.951	-0.2765619877092877
17.001	-0.27655268242194225
17.051	-0.2765435159632765
17.101	-0.2765344861773765
17.151	-0.2765255909438632
17.201	-0.27651682817726025
17.251	-0.2765081958263756
17.301	-0.27649969187369405
17.351	-0.27649131433478197
17.401	-0.27648306125770333
17.451	-0.2764749307224471
17.501	-0.2764669208403655
17.551	-0.2764590297536231
17.601	-0.27645125563465656
17.651	-0.2764435966856445
17.701	-0.27643605113798747
17.751	-0.27642861725179824
17.801	-0.27642129331540094
17.851	-0.2764140776448405
17.901	-0.27640696858340097
17.951	-0.2763999645011331
18.001	-0.27639306379439044
18.051	-0.2763862648853749
18.101	-0.2763795662216898
18.151	-0.27637296627590263
18.201	-0.27636646354511457
18.251	-0.2763600565505391
18.301	-0.27635374383708805
18.351	-0.2763475239729653
18.401	-0.2763413955492682
18.451	-0.2763353571795961
18.501	-0.27632940749966683
18.551	-0.27632354516693897
18.601	-0.27631776886024256
18.651	-0.27631207727941565
18.701	-0.2763064691449477
18.751	-0.2763009431976297
18.801	-0.27629549819821075
18.851	-0.2762901329270605
18.901	-0.2762848461838383
18.951	-0.276279636787168
19.001	-0.27627450357431865
19.051	-0.27626944540089127
19.101	-0.27626446114051123
19.151	-0.27625954968452593
19.201	-0.27625470994170814
19.251	-0.27624994083796484
19.301	-0.276245241316051
19.351	-0.2762406103352887
19.401	-0.2762360468712912
19.451	-0.2762315499156922
19.501	-0.27622711847587944
19.551	-0.2762227515747334
19.601	-0.27621844825037106
19.651	-0.27621420755589304
19.701	-0.2762100285591367
19.751	-0.27620591034243247
19.801	-0.27620185200236513
19.851	-0.276197852649539
19.901	-0.2761939114083474
19.951	-0.2761900274167464
20.001	-0.27618619982603204
20.051	-0.2761824278006219
20.101	-0.27617871051784043
20.151	-0.27617504716770785
20.201	-0.276171436952733
20.251	-0.2761678790877096
20.301	-0.2761643727995163
20.351	-0.2761609173269198
20.401	-0.276157511920382
20.451	-0.2761541558418702
20.501	-0.27615084836467013
20.551	-0.2761475887732031
20.601	-0.27614437636284583
20.651	-0.27614121043975315
20.701	-0.2761380903206845
20.751	-0.2761350153328326
20.801	-0.27613198481365564
20.851	-0.2761289981107121
20.901	-0.2761260545814986
20.951	-0.2761231535932901
21.001	-0.27612029452298353
21.051	-0.27611747675694337
21.101	-0.27611469969085034
21.151	-0.27611196272955246
21.201	-0.2761092652869189
21.251	-0.2761066067856959
21.301	-0.27610398665736524
21.351	-0.27610140434200586
21.401	-0.2760988592881565
21.451	-0.27609635095268154
21.501	-0.27609387880063935
21.551	-0.2760914423051519
21.601	-0.2760890409472773
21.651	-0.2760866742158845
21.701	-0.2760843416075295
21.751	-0.27608204262633435
21.801	-0.27607977678386764
21.851	-0.2760775435990274
21.901	-0.27607534259792565
21.951	-0.2760731733137749
22.001	-0.27607103528677684
22.051	-0.27606892806401256
22.101	-0.2760668511993347
22.151	-0.2760648042532616
22.201	-0.27606278679287255
22.251	-0.27606079839170594
22.301	-0.2760588386296577
22.351	-0.27605690709288266
22.401	-0.27605500337369665
22.451	-0.27605312707048074
22.501	-0.27605127778758687
22.551	-0.27604945513524504
22.601	-0.2760476587294719
22.651	-0.2760458881919812
22.701	-0.2760441431500954
22.751	-0.2760424232366586
22.801	-0.27604072808995156
22.851	-0.2760390573536072
22.901	-0.2760374106765282
22.951	-0.2760357877128057
23.001	-0.2760341881216391
23.051	-0.27603261156725756
23.101	-0.27603105771884257
23.151	-0.2760295262504517
23.201	-0.2760280168409437
23.251	-0.276026529173905
23.301	-0.27602506293757695
23.351	-0.27602361782478446
23.401	-0.27602219353286617
23.451	-0.27602078976360495
23.501	-0.27601940622316024
23.551	-0.2760180426220012
23.601	-0.27601669867484074
23.651	-0.27601537410057114
23.701	-0.27601406862219996
23.751	-0.27601278196678775
23.801	-0.27601151386538625
23.851	-0.2760102640529776
23.901	-0.27600903226841506
23.951	-0.2760078182543637
24.001	-0.276006621757243
24.051	-0.27600544252716996
24.101	-0.27600428031790286
24.151	-0.2760031348867864
24.201	-0.2760020059946975
24.251	-0.27600089340599177
24.301	-0.2759997968884512
24.351	-0.2759987162132324
24.401	-0.2759976511548156
24.451	-0.275996601490955
24.501	-0.27599556700262906
24.551	-0.2759945474739923
24.601	-0.27599354269232756
24.651	-0.2759925524479988
24.701	-0.2759915765344052
24.751	-0.2759906147479355
24.801	-0.2759896668879232
24.851	-0.27598873275660246
24.901	-0.2759878121590648
24.951	-0.27598690490321637
25.001	-0.2759860107997358
25.051	-0.2759851296620329
25.101	-0.27598426130620807
25.151	-0.2759834055510118
25.201	-0.2759825622178056
25.251	-0.2759817311305229
25.301	-0.2759809121156308
25.351	-0.2759801050020927
25.401	-0.27597930962133066
25.451	-0.27597852580718946
25.501	-0.27597775339590036
25.551	-0.27597699222604577
25.601	-0.27597624213852445
25.651	-0.2759755029765173
25.701	-0.2759747745854533
25.751	-0.2759740568129766
25.801	-0.27597334950891367
25.851	-0.27597265252524106
25.901	-0.2759719657160536
25.951	-0.27597128893753337
26.001	-0.27597062204791867
26.051	-0.27596996490747394
26.101	-0.27596931737846
26.151	-0.27596867932510427
26.201	-0.2759680506135724
26.251	-0.27596743111193944
26.301	-0.27596682069016193
26.351	-0.2759662192200502
26.401	-0.2759656265752415
26.451	-0.2759650426311726
26.501	-0.27596446726505414
26.551	-0.2759639003558442
26.601	-0.27596334178422294
26.651	-0.2759627914325673
26.701	-0.2759622491849263
26.751	-0.2759617149269966
26.801	-0.2759611885460985
26.851	-0.27596066993115215
26.901	-0.27596015897265425
26.951	-0.27595965556265517
27.001	-0.2759591595947364
27.051	-0.27595867096398785
27.101	-0.27595818956698653
27.151	-0.27595771530177443
27.201	-0.2759572480678375
27.251	-0.2759567877660845
27.301	-0.2759563342988266
27.351	-0.27595588756975686
27.401	-0.2759554474839302
27.451	-0.27595501394774374
27.501	-0.27595458686891733
27.551	-0.2759541661564745
27.601	-0.2759537517207234
27.651	-0.2759533434732384
27.701	-0.27595294132684184
27.751	-0.27595254519558576
27.801	-0.27595215499473447
27.851	-0.2759517706407468
27.901	-0.27595139205125896
27.951	-0.2759510191450677
28.001	-0.2759506518421134
28.051	-0.27595029006346383
28.101	-0.27594993373129756
28.151	-0.2759495827688884
28.201	-0.27594923710058955
28.251	-0.2759488966518178
28.301	-0.2759485613490387
28.351	-0.27594823111975114
28.401	-0.2759479058924727
28.451	-0.27594758559672516
28.501	-0.27594727016301973
28.551	-0.2759469595228433
28.601	-0.27594665360864434
28.651	-0.27594635235381887
28.701	-0.27594605569269726
28.751	-0.27594576356053074
28.801	-0.2759454758934783
28.851	-0.2759451926285934
28.901	-0.27594491370381186
28.951	-0.27594463905793853
29.001	-0.2759443686306354
29.051	-0.2759441023624091
29.101	-0.2759438401945993
29.151	-0.27594358206936603
29.201	-0.27594332792967885
29.251	-0.27594307771930493
29.301	-0.2759428313827976
29.351	-0.27594258886548556
29.401	-0.27594235011346135
29.451	-0.2759421150735709
29.501	-0.2759418836934028
29.551	-0.2759416559212774
29.601	-0.275941431706237
29.651	-0.275941210998035
29.701	-0.27594099374712633
29.751	-0.27594077990465726
29.801	-0.2759405694224556
29.851	-0.2759403622530211
29.901	-0.2759401583495159
29.951	-0.27593995766575535
30.001	-0.2759397601561985
30.051	-0.27593956577593903
30.101	-0.2759393744806966
30.151	-0.2759391862268077
30.201	-0.2759390009712168
30.251	-0.2759388186714684
30.301	-0.27593863928569784
30.351	-0.27593846277262346
30.401	-0.2759382890915381
30.451	-0.2759381182023012
30.501	-0.2759379500653307
30.551	-0.2759377846415952
30.601	-0.27593762189260623
30.651	-0.2759374617804107
30.701	-0.275937304267583
30.751	-0.27593714931721824
30.801	-0.2759369968929243
30.851	-0.27593684695881493
30.901	-0.2759366994795025
30.951	-0.27593655442009135
31.001	-0.2759364117461704
31.051	-0.2759362714238066
31.101	-0.2759361334195383
31.151	-0.2759359977003686
31.201	-0.27593586423375854
31.251	-0.27593573298762114
31.301	-0.2759356039303149
31.351	-0.2759354770306373
31.401	-0.2759353522578192
31.451	-0.27593522958151806
31.501	-0.2759351089718127
31.551	-0.2759349903991971
31.601	-0.27593487383457427
31.651	-0.27593475924925115
31.701	-0.2759346466149325
31.751	-0.27593453590371564
31.801	-0.27593442708808463
31.851	-0.27593432014090535
31.901	-0.27593421503541976
31.951	-0.27593411174524074
32.001	-0.2759340102443472
32.051	-0.27593391050707855
32.101	-0.27593381250813
32.151	-0.2759337162225475
32.201	-0.27593362162572277
32.251	-0.27593352869338866
32.301	-0.27593343740161425
32.351	-0.27593334772680034
32.401	-0.27593325964567456
32.451	-0.27593317313528715
32.501	-0.2759330881730063
32.551	-0.27593300473651367
32.601	-0.2759329228038002
32.651	-0.27593284235316173
32.701	-0.2759327633631948
32.751	-0.27593268581279234
32.801	-0.27593260968113975
32.851	-0.2759325349477108
32.901	-0.27593246159226353
32.951	-0.2759323895948364
33.001	-0.2759323189357443
33.051	-0.275932249595575
33.101	-0.27593218155518484
33.151	-0.2759321147956956
33.201	-0.2759320492984905
33.251	-0.2759319850452106
33.301	-0.2759319220177512
33.351	-0.27593186019825855
33.401	-0.2759317995691261
33.451	-0.2759317401129913
33.501	-0.2759316818127321
33.551	-0.2759316246514635
33.601	-0.27593156861253465
33.651	-0.2759315136795253
33.701	-0.27593145983624273
33.751	-0.2759314070667185
33.801	-0.2759313553552055
33.851	-0.27593130468617494
33.901	-0.2759312550443131
33.951	-0.27593120641451846
34.001	-0.27593115878189894
34.051	-0.27593111213176874
34.101	-0.27593106644964577
34.151	-0.2759310217212486
34.201	-0.2759309779324939
34.251	-0.27593093506949345
34.301	-0.2759308931185518
34.351	-0.2759308520661632
34.401	-0.2759308118990095
34.451	-0.275930772603957
34.501	-0.2759307341680544
34.551	-0.2759306965785299
34.601	-0.2759306598227892
34.651	-0.27593062388841233
34.701	-0.2759305887631521
34.751	-0.2759305544349311
34.801	-0.27593052089183956
34.851	-0.27593048812213317
34.901	-0.27593045611423067
34.951	-0.27593042485671165
35.001	-0.27593039433831423
35.051	-0.27593036454793307
35.101	-0.27593033547461715
35.151	-0.2759303071075675
35.201	-0.2759302794361354
35.251	-0.27593025244982
35.301	-0.2759302261382666
35.351	-0.27593020049126443
35.401	-0.2759301754987447
35.451	-0.2759301511507787
35.501	-0.27593012743757583
35.551	-0.2759301043494819
35.601	-0.27593008187697693
35.651	-0.2759300600106735
35.701	-0.275930038741315
35.751	-0.2759300180597737
35.801	-0.2759299979570489
35.851	-0.27592997842426564
35.901	-0.27592995945267235
35.951	-0.27592994103363955
36.001	-0.27592992315865816
36.051	-0.2759299058193377
36.101	-0.27592988900740484
36.151	-0.27592987271470154
36.201	-0.2759298569331839
36.251	-0.27592984165491996
36.301	-0.27592982687208895
36.351	-0.275929812576979
36.401	-0.2759297987619862
36.451	-0.27592978541961294
36.501	-0.27592977254246626
36.551	-0.2759297601232568
36.601	-0.2759297481547971
36.651	-0.2759297366300002
36.701	-0.27592972554187856
36.751	-0.27592971488354223
36.801	-0.275929704648198
36.851	-0.27592969482914775
36.901	-0.2759296854197872
36.951	-0.2759296764136048
37.001	-0.27592966780418027
37.051	-0.2759296595851834
37.101	-0.2759296517503729
37.151	-0.275929644293595
37.201	-0.27592963720878255
37.251	-0.2759296304899536
37.301	-0.27592962413121025
37.351	-0.2759296181267375
37.401	-0.2759296124708023
37.451	-0.2759296071577522
37.501	-0.27592960218201446
37.551	-0.2759295975380946
37.601	-0.27592959322057586
37.651	-0.27592958922411764
37.701	-0.27592958554345476
37.751	-0.27592958217339636
37.801	-0.27592957910882476
37.851	-0.2759295763446947
37.901	-0.2759295738760321
37.951	-0.2759295716979333
38.001	-0.2759295698055638
38.051	-0.27592956819415787
38.101	-0.2759295668590168
38.151	-0.27592956579550887
38.201	-0.2759295649990677
38.251	-0.2759295644651918
38.301	-0.2759295641894434
38.351	-0.27592956416744796
38.401	-0.27592956439489286
38.451	-0.27592956486752684
38.501	-0.2759295655811591
38.551	-0.27592956653165834
38.601	-0.27592956771495225
38.651	-0.2759295691270264
38.701	-0.27592957076392344
38.751	-0.2759295726217428
38.801	-0.27592957469663915
38.851	-0.27592957698482234
38.901	-0.27592957948255625
38.951	-0.27592958218615815
39.001	-0.275929585091998
39.051	-0.27592958819649777
39.101	-0.2759295914961305
39.151	-0.27592959498742
39.201	-0.2759295986669397
39.251	-0.2759296025313124
39.301	-0.2759296065772092
39.351	-0.2759296108013492
39.401	-0.2759296152004986
39.451	-0.27592961977147007
39.501	-0.2759296245111223
39.551	-0.2759296294163592
39.601	-0.2759296344841292
39.651	-0.275929639711425
39.701	-0.2759296450952825
39.751	-0.27592965063278063
39.801	-0.27592965632104044
39.851	-0.27592966215722475
39.901	-0.27592966813853737
39.951	-0.2759296742622228
40.001	-0.27592968052556544
40.051	-0.27592968692588904
40.101	-0.2759296934605564
40.151	-0.27592970012696866
40.201	-0.2759297069225647
40.251	-0.2759297138448208
40.301	-0.27592972089125006
40.351	-0.2759297280594018
40.401	-0.27592973534686127
40.451	-0.27592974275124893
40.501	-0.27592975027022015
40.551	-0.2759297579014646
40.601	-0.2759297656427058
40.651	-0.27592977349170084
40.701	-0.2759297814462396
40.751	-0.2759297895041445
40.801	-0.27592979766327014
40.851	-0.2759298059215026
40.901	-0.2759298142767593
40.951	-0.2759298227269881
41.001	-0.2759298312701677
41.051	-0.27592983990430625
41.101	-0.2759298486274417
41.151	-0.27592985743764087
41.201	-0.27592986633299954
41.251	-0.2759298753116416
41.301	-0.27592988437171895
41.351	-0.275929893511411
41.401	-0.27592990272892437
41.451	-0.2759299120224923
41.501	-0.27592992139037464
41.551	-0.2759299308308572
41.601	-0.27592994034225143
41.651	-0.2759299499228942
41.701	-0.2759299595711474
41.751	-0.2759299692853974
41.801	-0.2759299790640551
41.851	-0.2759299889055551
41.901	-0.2759299988083559
41.951	-0.2759300087709391
42.001	-0.2759300187918095
42.051	-0.2759300288694944
42.101	-0.27593003900254354
42.151	-0.2759300491895286
42.201	-0.2759300594290433
42.251	-0.2759300697197024
42.301	-0.27593008006014214
42.351	-0.27593009044901945
42.401	-0.27593010088501185
42.451	-0.2759301113668172
42.501	-0.2759301218931533
42.551	-0.27593013246275777
42.601	-0.2759301430743875
42.651	-0.2759301537268188
42.701	-0.2759301644188467
42.751	-0.27593017514928503
42.801	-0.27593018591696583
42.851	-0.2759301967207396
42.901	-0.27593020755947434
42.951	-0.275930218432056
43.001	-0.27593022933738776
43.051	-0.27593024027439
43.101	-0.2759302512420001
43.151	-0.27593026223917194
43.201	-0.275930273264876
43.251	-0.2759302843180989
43.301	-0.27593029539784336
43.351	-0.2759303065031277
43.401	-0.275930317632986
43.451	-0.27593032878646745
43.501	-0.2759303399626365
43.551	-0.2759303511605726
43.601	-0.2759303623793696
43.651	-0.27593037361813616
43.701	-0.275930384875995
43.751	-0.2759303961520832
43.801	-0.2759304074455515
43.851	-0.27593041875556434
43.901	-0.27593043008129986
43.951	-0.27593044142194934
44.001	-0.27593045277671735
44.051	-0.27593046414482125
44.101	-0.27593047552549127
44.151	-0.2759304869179703
44.201	-0.2759304983215134
44.251	-0.2759305097353881
44.301	-0.2759305211588739
44.351	-0.27593053259126227
44.401	-0.2759305440318563
44.451	-0.2759305554799707
44.501	-0.2759305669349316
44.551	-0.2759305783960764
44.601	-0.27593058986275343
44.651	-0.2759306013343221
44.701	-0.27593061281015263
44.751	-0.27593062428962567
44.801	-0.2759306357721325
44.851	-0.2759306472570746
44.901	-0.27593065874386374
44.951	-0.27593067023192175
45.001	-0.27593068172068014
45.051	-0.27593069320958036
45.101	-0.27593070469807346
45.151	-0.2759307161856198
45.201	-0.27593072767168936
45.251	-0.275930739155761
45.301	-0.275930750637323
45.351	-0.2759307621158722
45.401	-0.27593077359091467
45.451	-0.27593078506196483
45.501	-0.2759307965285459
45.551	-0.27593080799018943
45.601	-0.2759308194464353
45.651	-0.2759308308968317
45.701	-0.2759308423409347
45.751	-0.2759308537783086
45.801	-0.2759308652085254
45.851	-0.2759308766311649
45.901	-0.2759308880458145
45.951	-0.27593089945206917
46.001	-0.27593091084953125
46.051	-0.27593092223781046
46.101	-0.27593093361652365
46.151	-0.27593094498529486
46.201	-0.275930956343755
46.251	-0.275930967691542
46.301	-0.27593097902830055
46.351	-0.27593099035368207
46.401	-0.27593100166734447
46.451	-0.2759310129689523
46.501	-0.2759310242581765
46.551	-0.2759310355346943
46.601	-0.2759310467981891
46.651	-0.27593105804835055
46.701	-0.27593106928487426
46.751	-0.27593108050746196
46.801	-0.27593109171582103
46.851	-0.27593110290966477
46.901	-0.2759311140887122
46.951	-0.27593112525268787
47.001	-0.2759311364013219
47.051	-0.27593114753435
47.101	-0.275931158651513
47.151	-0.27593116975255727
47.201	-0.2759311808372343
47.251	-0.27593119190530063
47.301	-0.2759312029565181
47.351	-0.2759312139906533
47.401	-0.27593122500747785
47.451	-0.2759312360067683
47.501	-0.27593124698830573
47.551	-0.27593125795187623
47.601	-0.2759312688972703
47.651	-0.27593127982428317
47.701	-0.27593129073271433
47.751	-0.2759313016223679
47.801	-0.27593131249305236
47.851	-0.2759313233445804
47.901	-0.275931334176769
47.951	-0.2759313449894393
48.001	-0.2759313557824165
48.051	-0.27593136655552997
48.101	-0.27593137730861295
48.151	-0.27593138804150263
48.201	-0.2759313987540401
48.251	-0.2759314094460702
48.301	-0.27593142011744165
48.351	-0.2759314307680068
48.401	-0.2759314413976215
48.451	-0.2759314520061454
48.501	-0.2759314625934415
48.551	-0.27593147315937644
48.601	-0.27593148370382015
48.651	-0.27593149422664603
48.701	-0.2759315047277307
48.751	-0.2759315152069542
48.801	-0.27593152566419954
48.851	-0.2759315360993531
48.901	-0.2759315465123044
48.951	-0.2759315569029459
49.001	-0.2759315672711732
49.051	-0.2759315776168847
49.101	-0.2759315879399819
49.151	-0.2759315982403692
49.201	-0.2759316085179538
49.251	-0.2759316187726456
49.301	-0.27593162900435736
49.351	-0.2759316392130045
49.401	-0.2759316493985052
49.451	-0.2759316595607801
49.501	-0.2759316696997526
49.551	-0.27593167981534855
49.601	-0.27593168990749634
49.651	-0.27593169997612677
49.701	-0.2759317100211731
49.751	-0.27593172004257105
49.801	-0.27593173004025856
49.851	-0.275931740014176
49.901	-0.27593174996426584
49.951	-0.2759317598904731
50.001	-0.2759317697927446
50.051	-0.27593177967102966
50.101	-0.27593178952527964
50.151	-0.27593179935544787
50.201	-0.27593180916148996
50.251	-0.2759318189433633
50.301	-0.27593182870102756
50.351	-0.2759318384344442
50.401	-0.2759318481435765
50.451	-0.27593185782838997
50.501	-0.27593186748885173
50.551	-0.27593187712493084
50.601	-0.27593188673659813
50.651	-0.27593189632382625
50.701	-0.2759319058865896
50.751	-0.2759319154248642
50.801	-0.27593192493862795
50.851	-0.2759319344278602
50.901	-0.27593194389254216
50.951	-0.27593195333265647
51.001	-0.27593196274818743
51.051	-0.27593197213912085
51.101	-0.27593198150544423
51.151	-0.2759319908471463
51.201	-0.27593200016421754
51.251	-0.2759320094566497
51.301	-0.275932018724436
51.351	-0.27593202796757116
51.401	-0.27593203718605114
51.451	-0.27593204637987334
51.501	-0.2759320555490365
51.551	-0.27593206469354054
51.601	-0.27593207381338686
51.651	-0.275932082908578
51.701	-0.27593209197911783
51.751	-0.2759321010250113
51.801	-0.2759321100462647
51.851	-0.27593211904288545
51.901	-0.27593212801488204
51.951	-0.2759321369622642
52.001	-0.2759321458850428
52.051	-0.2759321547832297
52.101	-0.27593216365683787
52.151	-0.2759321725058814
52.201	-0.27593218133037545
52.251	-0.27593219013033593
52.301	-0.2759321989057801
52.351	-0.27593220765672594
52.401	-0.27593221638319254
52.451	-0.2759322250851999
52.501	-0.2759322337627689
52.551	-0.2759322424159214
52.601	-0.2759322510446801
52.651	-0.2759322596490686
52.701	-0.2759322682291113
52.751	-0.2759322767848337
52.801	-0.2759322853162617
52.851	-0.27593229382342227
52.901	-0.27593230230634325
52.951	-0.2759323107650531
53.001	-0.2759323191995811
53.051	-0.2759323276099573
53.101	-0.2759323359962124
53.151	-0.275932344358378
53.201	-0.27593235269648614
53.251	-0.27593236101056984
53.301	-0.2759323693006626
53.351	-0.27593237756679867
53.401	-0.2759323858090129
53.451	-0.2759323940273409
53.501	-0.27593240222181864
53.551	-0.27593241039248306
53.601	-0.2759324185393714
53.651	-0.2759324266625216
53.701	-0.2759324347619722
53.751	-0.27593244283776236
53.801	-0.27593245088993157
53.851	-0.2759324589185201
53.901	-0.27593246692356854
53.951	-0.2759324749051182
54.001	-0.27593248286321076
54.051	-0.2759324907978884
54.101	-0.2759324987091938
54.151	-0.2759325065971701
54.201	-0.275932514461861
54.251	-0.27593252230331056
54.301	-0.27593253012156316
54.351	-0.2759325379166639
54.401	-0.275932545688658
54.451	-0.2759325534375913
54.501	-0.27593256116351
54.551	-0.27593256886646056
54.601	-0.27593257654648995
54.651	-0.2759325842036455
54.701	-0.2759325918379749
54.751	-0.2759325994495262
54.801	-0.27593260703834765
54.851	-0.275932614604488
54.901	-0.27593262214799635
54.951	-0.27593262966892196
55.001	-0.2759326371673146
55.051	-0.2759326446432241
55.101	-0.2759326520967008
55.151	-0.2759326595277952
55.201	-0.2759326669365582
55.251	-0.27593267432304086
55.301	-0.2759326816872945
55.351	-0.27593268902937074
55.401	-0.27593269634932144
55.451	-0.27593270364719874
55.501	-0.27593271092305494
55.551	-0.27593271817694265
55.601	-0.27593272540891456
55.651	-0.27593273261902374
55.701	-0.27593273980732336
55.751	-0.2759327469738668
55.801	-0.2759327541187077
55.851	-0.27593276124189986
55.901	-0.27593276834349717
55.951	-0.2759327754235538
56.001	-0.2759327824821241
56.051	-0.2759327895192625
56.101	-0.27593279653502356
56.151	-0.2759328035294622
56.201	-0.2759328105026332
56.251	-0.2759328174545917
56.301	-0.27593282438539285
56.351	-0.275932831295092
56.401	-0.2759328381837446
56.451	-0.2759328450514062
56.501	-0.2759328518981325
56.551	-0.2759328587239792
56.601	-0.2759328655290023
56.651	-0.2759328723132577
56.701	-0.27593287907680153
56.751	-0.27593288581968994
56.801	-0.27593289254197917
56.851	-0.27593289924372555
56.901	-0.2759329059249855
56.951	-0.2759329125858154
57.001	-0.2759329192262719
57.051	-0.27593292584641155
57.101	-0.275932932446291
57.151	-0.275932939025967
57.201	-0.2759329455854963
57.251	-0.2759329521249356
57.301	-0.27593295864434186
57.351	-0.2759329651437719
57.401	-0.2759329716232826
57.451	-0.27593297808293105
57.501	-0.27593298452277404
57.551	-0.2759329909428686
57.601	-0.2759329973432718
57.651	-0.2759330037240406
57.701	-0.2759330100852321
57.751	-0.2759330164269032
57.801	-0.27593302274911113
57.851	-0.2759330290519128
57.901	-0.2759330353353653
57.951	-0.27593304159952564
58.001	-0.2759330478444509
58.051	-0.275933054070198
58.101	-0.27593306027682407
58.151	-0.27593306646438603
58.201	-0.27593307263294087
58.251	-0.2759330787825455
58.301	-0.2759330849132569
58.351	-0.2759330910251319
58.401	-0.2759330971182274
58.451	-0.27593310319260017
58.501	-0.27593310924830705
58.551	-0.27593311528540476
58.601	-0.27593312130395004
58.651	-0.2759331273039995
58.701	-0.27593313328560987
58.751	-0.27593313924883756
58.801	-0.27593314519373924
58.851	-0.2759331511203713
58.901	-0.2759331570287902
58.951	-0.2759331629190522
59.001	-0.27593316879121366
59.051	-0.2759331746453308
59.101	-0.27593318048145976
59.151	-0.27593318629965674
59.201	-0.2759331920999777
59.251	-0.27593319788247855
59.301	-0.2759332036472153
59.351	-0.2759332093942437
59.401	-0.27593321512361957
59.451	-0.27593322083539845
59.501	-0.275933226529636
59.551	-0.2759332322063877
59.601	-0.27593323786570906
59.651	-0.27593324350765536
59.701	-0.2759332491322818
59.751	-0.27593325473964364
59.801	-0.2759332603297959
59.851	-0.27593326590279366
59.901	-0.2759332714586917
59.951	-0.2759332769975449
60.001	-0.2759332825194079
60.051	-0.2759332880243354
60.101	-0.2759332935123819
60.151	-0.27593329898360175
60.201	-0.27593330443804936
60.251	-0.27593330987577885
60.301	-0.27593331529684445
60.351	-0.2759333207013001
60.401	-0.2759333260891997
60.451	-0.27593333146059706
60.501	-0.2759333368155459
60.551	-0.27593334215409976
60.601	-0.27593334747631215
60.651	-0.27593335278223646
60.701	-0.27593335807192587
60.751	-0.2759333633454336
60.801	-0.27593336860281265
60.851	-0.27593337384411587
60.901	-0.27593337906939613
60.951	-0.2759333842787061
61.001	-0.27593338947209833
61.051	-0.2759333946496253
61.101	-0.27593339981133924
61.151	-0.2759334049572925
61.201	-0.2759334100875371
61.251	-0.27593341520212494
61.301	-0.275933420301108
61.351	-0.2759334253845379
61.401	-0.27593343045246627
61.451	-0.2759334355049446
61.501	-0.2759334405420242
61.551	-0.2759334455637563
61.601	-0.2759334505701921
61.651	-0.2759334555613824
61.701	-0.27593346053737816
61.751	-0.27593346549823006
61.801	-0.2759334704439887
61.851	-0.2759334753747045
61.901	-0.27593348029042786
61.951	-0.2759334851912089
62.001	-0.2759334900770977
62.051	-0.27593349494814434
62.101	-0.2759334998043984
62.151	-0.2759335046459097
62.201	-0.27593350947272777
62.251	-0.2759335142849019
62.301	-0.27593351908248154
62.351	-0.27593352386551573
62.401	-0.27593352863405346
62.451	-0.27593353338814364
62.501	-0.27593353812783505
62.551	-0.2759335428531762
62.601	-0.2759335475642156
62.651	-0.2759335522610016
62.701	-0.2759335569435824
62.751	-0.275933561612006
62.801	-0.27593356626632043
62.851	-0.27593357090657333
62.901	-0.2759335755328125
62.951	-0.27593358014508534
63.001	-0.2759335847434393
63.051	-0.27593358932792156
63.101	-0.2759335938985793
63.151	-0.27593359845545934
63.201	-0.27593360299860864
63.251	-0.27593360752807383
63.301	-0.2759336120439015
63.351	-0.27593361654613796
63.401	-0.27593362103482955
63.451	-0.27593362551002243
63.501	-0.2759336299717625
63.551	-0.2759336344200957
63.601	-0.2759336388550677
63.651	-0.27593364327672415
63.701	-0.2759336476851103
63.751	-0.27593365208027165
63.801	-0.27593365646225326
63.851	-0.2759336608311001
63.901	-0.2759336651868572
63.951	-0.2759336695295691
64.001	-0.2759336738592806
64.051	-0.275933678176036
64.101	-0.2759336824798797
64.151	-0.27593368677085583
64.201	-0.2759336910490085
64.251	-0.2759336953143816
64.301	-0.27593369956701885
64.351	-0.27593370380696386
64.401	-0.27593370803426015
64.451	-0.2759337122489511
64.501	-0.27593371645107984
64.551	-0.2759337206406895
64.601	-0.27593372481782297
64.651	-0.27593372898252305
64.701	-0.2759337331348324
64.751	-0.27593373727479353
64.801	-0.2759337414024488
64.851	-0.27593374551784045
64.901	-0.2759337496210105
64.951	-0.2759337537120011
65.001	-0.2759337577908539
65.051	-0.27593376185761065
65.101	-0.27593376591231283
65.151	-0.27593376995500196
65.201	-0.2759337739857192
65.251	-0.2759337780045058
65.301	-0.2759337820114026
65.351	-0.27593378600645063
65.401	-0.2759337899896905
65.451	-0.27593379396116274
65.501	-0.27593379792090794
65.551	-0.2759338018689663
65.601	-0.2759338058053781
65.651	-0.2759338097301833
65.701	-0.27593381364342184
65.751	-0.27593381754513346
65.801	-0.2759338214353578
65.851	-0.27593382531413435
65.901	-0.27593382918150255
65.951	-0.2759338330375015
66.001	-0.27593383688217044
66.051	-0.2759338407155482
66.101	-0.2759338445376737
66.151	-0.2759338483485856
66.201	-0.27593385214832244
66.251	-0.27593385593692266
66.301	-0.2759338597144245
66.351	-0.2759338634808663
66.401	-0.2759338672362859
66.451	-0.27593387098072125
66.501	-0.27593387471421016
66.551	-0.27593387843679024
66.601	-0.27593388214849895
66.651	-0.27593388584937373
66.701	-0.27593388953945175
66.751	-0.2759338932187702
66.801	-0.27593389688736597
66.851	-0.275933900545276
66.901	-0.27593390419253694
66.951	-0.2759339078291854
67.001	-0.2759339114552579
67.051	-0.2759339150707907
67.101	-0.27593391867582
67.151	-0.27593392227038194
67.201	-0.27593392585451243
67.251	-0.2759339294282473
67.301	-0.27593393299162217
67.351	-0.27593393654467274
67.401	-0.2759339400874344
67.451	-0.2759339436199424
67.501	-0.27593394714223196
67.551	-0.2759339506543382
67.601	-0.275933954156296
67.651	-0.27593395764814016
67.701	-0.2759339611299054
67.751	-0.27593396460162634
67.801	-0.2759339680633373
67.851	-0.2759339715150727
67.901	-0.27593397495686667
67.951	-0.2759339783887533
68.001	-0.27593398181076645
68.051	-0.2759339852229401
68.101	-0.2759339886253078
68.151	-0.27593399201790325
68.201	-0.27593399540075986
68.251	-0.27593399877391095
68.301	-0.2759340021373898
68.351	-0.2759340054912294
68.401	-0.27593400883546276
68.451	-0.2759340121701228
68.501	-0.2759340154952422
68.551	-0.2759340188108536
68.601	-0.2759340221169895
68.651	-0.2759340254136823
68.701	-0.2759340287009642
68.751	-0.2759340319788673
68.801	-0.27593403524742377
68.851	-0.2759340385066655
68.901	-0.27593404175662417
68.951	-0.27593404499733154
69.001	-0.2759340482288192
69.051	-0.2759340514511185
69.101	-0.2759340546642608
69.151	-0.2759340578682774
69.201	-0.2759340610631993
69.251	-0.27593406424905753
69.301	-0.275934067425883
69.351	-0.2759340705937064
69.401	-0.2759340737525584
69.451	-0.2759340769024695
69.501	-0.27593408004347025
69.551	-0.2759340831755908
69.601	-0.2759340862988614
69.651	-0.2759340894133122
69.701	-0.2759340925189731
69.751	-0.275934095615874
69.801	-0.2759340987040447
69.851	-0.2759341017835147
69.901	-0.2759341048543137
69.951	-0.275934107916471
70.001	-0.27593411097001597
70.051	-0.2759341140149778
70.101	-0.2759341170513856
70.151	-0.2759341200792684
70.201	-0.275934123098655
70.251	-0.2759341261095743
70.301	-0.27593412911205484
70.351	-0.2759341321061253
70.401	-0.27593413509181397
70.451	-0.2759341380691494
70.501	-0.2759341410381597
70.551	-0.2759341439988731
70.601	-0.27593414695131757
70.651	-0.2759341498955211
70.701	-0.2759341528315115
70.751	-0.27593415575931646
70.801	-0.27593415867896365
70.851	-0.27593416159048056
70.901	-0.27593416449389463
70.951	-0.27593416738923315
71.001	-0.27593417027652334
71.051	-0.27593417315579233
71.101	-0.2759341760270671
71.151	-0.27593417889037464
71.201	-0.27593418174574164
71.251	-0.27593418459319485
71.301	-0.275934187432761
71.351	-0.2759341902644664
71.401	-0.2759341930883376
71.451	-0.2759341959044009
71.501	-0.27593419871268243
71.551	-0.2759342015132084
71.601	-0.2759342043060048
71.651	-0.27593420709109756
71.701	-0.27593420986851247
71.751	-0.2759342126382753
71.801	-0.2759342154004117
71.851	-0.2759342181549471
71.901	-0.27593422090190706
71.951	-0.27593422364131687
72.001	-0.27593422637320175
72.051	-0.27593422909758697
72.101	-0.2759342318144975
72.151	-0.27593423452395827
72.201	-0.2759342372259943
72.251	-0.2759342399206302
72.301	-0.27593424260789085
72.351	-0.27593424528780064
72.401	-0.27593424796038424
72.451	-0.275934250625666
72.501	-0.2759342532836702
72.551	-0.27593425593442117
72.601	-0.27593425857794296
72.651	-0.2759342612142596
72.701	-0.2759342638433952
72.751	-0.2759342664653735
72.801	-0.2759342690802183
72.851	-0.2759342716879533
72.901	-0.2759342742886021
72.951	-0.27593427688218825
73.001	-0.2759342794687351
73.051	-0.2759342820482661
73.101	-0.2759342846208044
73.151	-0.27593428718637314
73.201	-0.2759342897449955
73.251	-0.27593429229669447
73.301	-0.27593429484149284
73.351	-0.27593429737941355
73.401	-0.27593429991047924
73.451	-0.2759343024347126
73.501	-0.2759343049521362
73.551	-0.2759343074627725
73.601	-0.2759343099666439
73.651	-0.2759343124637727
73.701	-0.2759343149541812
73.751	-0.27593431743789143
73.801	-0.2759343199149255
73.851	-0.2759343223853054
73.901	-0.275934324849053
73.951	-0.27593432730619016
74.001	-0.27593432975673854
74.051	-0.2759343322007199
74.101	-0.27593433463815564
74.151	-0.2759343370690674
74.201	-0.27593433949347657
74.251	-0.27593434191140437
74.301	-0.27593434432287217
74.351	-0.27593434672790107
74.401	-0.2759343491265122
74.451	-0.2759343515187266
74.501	-0.27593435390456506
74.551	-0.27593435628404855
74.601	-0.27593435865719784
74.651	-0.2759343610240336
74.701	-0.2759343633845765
74.751	-0.275934365738847
74.801	-0.2759343680868656
74.851	-0.2759343704286527
74.901	-0.27593437276422866
74.951	-0.2759343750936136
75.001	-0.27593437741682786
75.051	-0.27593437973389134
75.101	-0.2759343820448242
75.151	-0.27593438434964623
75.201	-0.27593438664837744
75.251	-0.2759343889410375
75.301	-0.2759343912276462
75.351	-0.27593439350822313
75.401	-0.27593439578278794
75.451	-0.27593439805136005
75.501	-0.2759344003139589
75.551	-0.27593440257060387
75.601	-0.27593440482131415
75.651	-0.27593440706610906
75.701	-0.2759344093050077
75.751	-0.27593441153802906
75.801	-0.2759344137651922
75.851	-0.275934415986516
75.901	-0.27593441820201936
75.951	-0.27593442041172106
76.001	-0.2759344226156398
76.051	-0.27593442481379415
76.101	-0.2759344270062028
76.151	-0.2759344291928842
76.201	-0.2759344313738567
76.251	-0.2759344335491388
76.301	-0.27593443571874876
76.351	-0.2759344378827047
76.401	-0.27593444004102496
76.451	-0.27593444219372754
76.501	-0.2759344443408304
76.551	-0.2759344464823516
76.601	-0.275934448618309
76.651	-0.2759344507487205
76.701	-0.2759344528736037
76.751	-0.2759344549929764
76.801	-0.27593445710685627
76.851	-0.2759344592152607
76.901	-0.2759344613182074
76.951	-0.2759344634157137
77.001	-0.27593446550779693
77.051	-0.2759344675944745
77.101	-0.27593446967576357
77.151	-0.2759344717516813
77.201	-0.2759344738222449
77.251	-0.2759344758874713
77.301	-0.2759344779473776
77.351	-0.2759344800019806
77.401	-0.2759344820512973
77.451	-0.2759344840953444
77.501	-0.2759344861341387
77.551	-0.27593448816769683
77.601	-0.2759344901960354
77.651	-0.275934492219171
77.701	-0.2759344942371201
77.751	-0.2759344962498991
77.801	-0.2759344982575244
77.851	-0.27593450026001237
77.901	-0.27593450225737914
77.951	-0.275934504249641
78.001	-0.27593450623681404
78.051	-0.2759345082189143
78.101	-0.2759345101959578
78.151	-0.27593451216796056
78.201	-0.2759345141349384
78.251	-0.2759345160969072
78.301	-0.27593451805388275
78.351	-0.2759345200058807
78.401	-0.27593452195291673
78.451	-0.2759345238950065
78.501	-0.27593452583216554
78.551	-0.2759345277644093
78.601	-0.2759345296917532
78.651	-0.27593453161421266
78.701	-0.27593453353180303
78.751	-0.2759345354445395
78.801	-0.2759345373524373
78.851	-0.2759345392555116
78.901	-0.27593454115377747
78.951	-0.27593454304725
79.001	-0.27593454493594416
79.051	-0.27593454681987484
79.101	-0.2759345486990569
79.151	-0.2759345505735053
79.201	-0.2759345524432346
79.251	-0.27593455430825975
79.301	-0.2759345561685952
79.351	-0.2759345580242557
79.401	-0.2759345598752557
79.451	-0.2759345617216098
79.501	-0.27593456356333235
79.551	-0.2759345654004378
79.601	-0.2759345672329405
79.651	-0.27593456906085473
79.701	-0.2759345708841947
79.751	-0.27593457270297467
79.801	-0.2759345745172087
79.851	-0.2759345763269109
79.901	-0.27593457813209527
79.951	-0.27593457993277587
80.001	-0.27593458172896657
80.051	-0.27593458352068123
80.101	-0.27593458530793374
80.151	-0.27593458709073787
80.201	-0.2759345888691073
80.251	-0.2759345906430558
80.301	-0.2759345924125969
80.351	-0.27593459417774424
80.401	-0.27593459593851133
80.451	-0.27593459769491163
80.501	-0.27593459944695864
80.551	-0.27593460119466573
80.601	-0.27593460293804617
80.651	-0.2759346046771133
80.701	-0.27593460641188033
80.751	-0.27593460814236054
80.801	-0.27593460986856694
80.851	-0.27593461159051275
80.901	-0.27593461330821095
80.951	-0.2759346150216746
81.001	-0.27593461673091657
81.051	-0.27593461843594985
81.101	-0.27593462013678727
81.151	-0.27593462183344164
81.201	-0.2759346235259258
81.251	-0.2759346252142524
81.301	-0.27593462689843407
81.351	-0.27593462857848355
81.401	-0.2759346302544134
81.451	-0.27593463192623613
81.501	-0.2759346335939643
81.551	-0.2759346352576103
81.601	-0.2759346369171866
81.651	-0.2759346385727055
81.701	-0.27593464022417935
81.751	-0.2759346418716204
81.801	-0.275934643515041
81.851	-0.27593464515445315
81.901	-0.2759346467898691
81.951	-0.275934648421301
82.001	-0.2759346500487608
82.051	-0.27593465167226056
82.101	-0.27593465329181227
82.151	-0.27593465490742786
82.201	-0.2759346565191192
82.251	-0.2759346581268981
82.301	-0.27593465973077647
82.351	-0.27593466133076594
82.401	-0.2759346629268783
82.451	-0.27593466451912524
82.501	-0.2759346661075183
82.551	-0.2759346676920692
82.601	-0.2759346692727895
82.651	-0.27593467084969053
82.701	-0.2759346724227839
82.751	-0.27593467399208105
82.801	-0.2759346755575933
82.851	-0.27593467711933206
82.901	-0.27593467867730864
82.951	-0.2759346802315342
83.001	-0.27593468178202013
83.051	-0.2759346833287775
83.101	-0.2759346848718175
83.151	-0.27593468641115126
83.201	-0.2759346879467898
83.251	-0.27593468947874417
83.301	-0.2759346910070254
83.351	-0.27593469253164443
83.401	-0.2759346940526121
83.451	-0.2759346955699394
83.501	-0.2759346970836371
83.551	-0.275934698593716
83.601	-0.2759347001001869
83.651	-0.2759347016030605
83.701	-0.27593470310234747
83.751	-0.27593470459805847
83.801	-0.2759347060902041
83.851	-0.27593470757879496
83.901	-0.2759347090638416
83.951	-0.27593471054535446
84.001	-0.2759347120233441
84.051	-0.2759347134978208
84.101	-0.27593471496879507
84.151	-0.2759347164362772
84.201	-0.27593471790027757
84.251	-0.27593471936080644
84.301	-0.275934720817874
84.351	-0.2759347222714905
84.401	-0.2759347237216661
84.451	-0.275934725168411
84.501	-0.2759347266117352
84.551	-0.2759347280516488
84.601	-0.2759347294881619
84.651	-0.2759347309212844
84.701	-0.27593473235102634
84.751	-0.27593473377739763
84.801	-0.2759347352004081
84.851	-0.2759347366200677
84.901	-0.27593473803638613
84.951	-0.2759347394493733
85.001	-0.27593474085903896
85.051	-0.2759347422653928
85.101	-0.2759347436684444
85.151	-0.2759347450682036
85.201	-0.2759347464646799
85.251	-0.27593474785788297
85.301	-0.27593474924782224
85.351	-0.2759347506345074
85.401	-0.27593475201794776
85.451	-0.27593475339815293
85.501	-0.27593475477513224
85.551	-0.2759347561488951
85.601	-0.27593475751945085
85.651	-0.2759347588868089
85.701	-0.2759347602509784
85.751	-0.2759347616119687
85.801	-0.2759347629697891
85.851	-0.27593476432444863
85.901	-0.2759347656759566
85.951	-0.275934767024322
86.001	-0.2759347683695541
86.051	-0.27593476971166186
86.101	-0.27593477105065434
86.151	-0.2759347723865405
86.201	-0.27593477371932945
86.251	-0.27593477504903
86.301	-0.27593477637565117
86.351	-0.2759347776992018
86.401	-0.2759347790196907
86.451	-0.2759347803371268
86.501	-0.2759347816515188
86.551	-0.2759347829628755
86.601	-0.2759347842712056
86.651	-0.27593478557651785
86.701	-0.2759347868788209
86.751	-0.2759347881781234
86.801	-0.275934789474434
86.851	-0.27593479076776123
86.901	-0.27593479205811366
86.951	-0.27593479334549986
87.001	-0.27593479462992826
87.051	-0.2759347959114074
87.101	-0.2759347971899457
87.151	-0.27593479846555147
87.201	-0.27593479973823326
87.251	-0.2759348010079993
87.301	-0.27593480227485795
87.351	-0.27593480353881755
87.401	-0.2759348047998863
87.451	-0.2759348060580725
87.501	-0.2759348073133843
87.551	-0.27593480856582997
87.601	-0.2759348098154176
87.651	-0.2759348110621554
87.701	-0.2759348123060514
87.751	-0.27593481354711363
87.801	-0.2759348147853502
87.851	-0.2759348160207692
87.901	-0.2759348172533785
87.951	-0.27593481848318613
88.001	-0.2759348197102
88.051	-0.27593482093442806
88.101	-0.27593482215587817
88.151	-0.27593482337455816
88.201	-0.27593482459047597
88.251	-0.27593482580363926
88.301	-0.2759348270140559
88.351	-0.2759348282217337
88.401	-0.27593482942668024
88.451	-0.27593483062890334
88.501	-0.2759348318284106
88.551	-0.2759348330252097
88.601	-0.2759348342193083
88.651	-0.27593483541071395
88.701	-0.27593483659943424
88.751	-0.2759348377854767
88.801	-0.27593483896884896
88.851	-0.2759348401495583
88.901	-0.2759348413276124
88.951	-0.27593484250301864
89.001	-0.2759348436757844
89.051	-0.2759348448459171
89.101	-0.27593484601342416
89.151	-0.27593484717831285
89.201	-0.27593484834059057
89.251	-0.27593484950026453
89.301	-0.2759348506573421
89.351	-0.2759348518118305
89.401	-0.2759348529637369
89.451	-0.27593485411306856
89.501	-0.27593485525983263
89.551	-0.2759348564040363
89.601	-0.2759348575456867
89.651	-0.2759348586847909
89.701	-0.275934859821356
89.751	-0.2759348609553891
89.801	-0.27593486208689716
89.851	-0.2759348632158872
89.901	-0.27593486434236636
89.951	-0.2759348654663414
90.001	-0.27593486658781935
90.051	-0.2759348677068072
90.101	-0.2759348688233117
90.151	-0.27593486993733984
90.201	-0.27593487104889847
90.251	-0.27593487215799434
90.301	-0.27593487326463434
90.351	-0.2759348743688252
90.401	-0.2759348754705737
90.451	-0.27593487656988663
90.501	-0.2759348776667706
90.551	-0.2759348787612324
90.601	-0.2759348798532787
90.651	-0.27593488094291607
90.701	-0.2759348820301512
90.751	-0.2759348831149907
90.801	-0.27593488419744117
90.851	-0.27593488527750915
90.901	-0.27593488635520114
90.951	-0.27593488743052375
91.001	-0.2759348885034834
91.051	-0.2759348895740867
91.101	-0.2759348906423399
91.151	-0.2759348917082496
91.201	-0.2759348927718222
91.251	-0.275934893833064
91.301	-0.2759348948919815
91.351	-0.27593489594858095
91.401	-0.2759348970028687
91.451	-0.2759348980548511
91.501	-0.27593489910453445
91.551	-0.27593490015192496
91.601	-0.2759349011970289
91.651	-0.27593490223985256
91.701	-0.27593490328040204
91.751	-0.27593490431868367
91.801	-0.2759349053547035
91.851	-0.27593490638846774
91.901	-0.27593490741998244
91.951	-0.27593490844925384
92.001	-0.2759349094762879
92.051	-0.27593491050109076
92.101	-0.2759349115236685
92.151	-0.2759349125440271
92.201	-0.27593491356217253
92.251	-0.27593491457811087
92.301	-0.275934915591848
92.351	-0.27593491660339
92.401	-0.27593491761274264
92.451	-0.275934918619912
92.501	-0.27593491962490385
92.551	-0.2759349206277241
92.601	-0.2759349216283786
92.651	-0.2759349226268733
92.701	-0.27593492362321387
92.751	-0.27593492461740615
92.801	-0.275934925609456
92.851	-0.2759349265993691
92.901	-0.27593492758715116
92.951	-0.275934928572808
93.001	-0.2759349295563453
93.051	-0.27593493053776874
93.101	-0.275934931517084
93.151	-0.2759349324942967
93.201	-0.2759349334694125
93.251	-0.275934934442437
93.301	-0.2759349354133759
93.351	-0.2759349363822346
93.401	-0.2759349373490188
93.451	-0.275934938313734
93.501	-0.27593493927638574
93.551	-0.2759349402369795
93.601	-0.27593494119552087
93.651	-0.2759349421520152
93.701	-0.275934943106468
93.751	-0.2759349440588847
93.801	-0.2759349450092707
93.851	-0.27593494595763146
93.901	-0.27593494690397236
93.951	-0.27593494784829875
94.001	-0.275934948790616
94.051	-0.2759349497309294
94.101	-0.27593495066924434
94.151	-0.2759349516055661
94.201	-0.2759349525398999
94.251	-0.2759349534722511
94.301	-0.27593495440262494
94.351	-0.2759349553310266
94.401	-0.27593495625746134
94.451	-0.27593495718193434
94.501	-0.27593495810445084
94.551	-0.27593495902501597
94.601	-0.2759349599436348
94.651	-0.27593496086031266
94.701	-0.2759349617750545
94.751	-0.27593496268786555
94.801	-0.2759349635987508
94.851	-0.2759349645077154
94.901	-0.27593496541476425
94.951	-0.2759349663199026
95.001	-0.2759349672231354
95.051	-0.2759349681244676
95.101	-0.27593496902390424
95.151	-0.27593496992145033
95.201	-0.27593497081711077
95.251	-0.27593497171089054
95.301	-0.2759349726027946
95.351	-0.27593497349282775
95.401	-0.275934974380995
95.451	-0.27593497526730126
95.501	-0.2759349761517513
95.551	-0.27593497703435
95.601	-0.27593497791510224
95.651	-0.27593497879401285
95.701	-0.2759349796710866
95.751	-0.27593498054632826
95.801	-0.27593498141974265
95.851	-0.27593498229133456
95.901	-0.27593498316110865
95.951	-0.27593498402906974
96.001	-0.27593498489522256
96.051	-0.2759349857595717
96.101	-0.27593498662212196
96.151	-0.275934987482878
96.201	-0.27593498834184443
96.251	-0.275934989199026
96.301	-0.2759349900544272
96.351	-0.2759349909080527
96.401	-0.27593499175990716
96.451	-0.2759349926099951
96.501	-0.2759349934583211
96.551	-0.2759349943048898
96.601	-0.2759349951497057
96.651	-0.27593499599277327
96.701	-0.2759349968340971
96.751	-0.27593499767368174
96.801	-0.2759349985115315
96.851	-0.2759349993476511
96.901	-0.27593500018204475
96.951	-0.27593500101471713
97.001	-0.2759350018456725
97.051	-0.2759350026749154
97.101	-0.27593500350245015
97.151	-0.27593500432828116
97.201	-0.27593500515241287
97.251	-0.2759350059748496
97.301	-0.27593500679559574
97.351	-0.2759350076146556
97.401	-0.2759350084320335
97.451	-0.27593500924773373
97.501	-0.2759350100617607
97.551	-0.2759350108741186
97.601	-0.27593501168481166
97.651	-0.2759350124938443
97.701	-0.2759350133012206
97.751	-0.27593501410694493
97.801	-0.2759350149110214
97.851	-0.27593501571345436
97.901	-0.27593501651424784
97.951	-0.27593501731340614
98.001	-0.27593501811093335
98.051	-0.2759350189068337
98.101	-0.2759350197011113
98.151	-0.2759350204937703
98.201	-0.2759350212848148
98.251	-0.2759350220742489
98.301	-0.2759350228620767
98.351	-0.27593502364830236
98.401	-0.27593502443292983
98.451	-0.27593502521596325
98.501	-0.2759350259974066
98.551	-0.27593502677726395
98.601	-0.27593502755553934
98.651	-0.2759350283322367
98.701	-0.2759350291073602
98.751	-0.2759350298809136
98.801	-0.27593503065290104
98.851	-0.27593503142332637
98.901	-0.2759350321921936
98.951	-0.27593503295950667
99.001	-0.27593503372526945
99.051	-0.2759350344894859
99.101	-0.27593503525215995
99.151	-0.27593503601329544
99.201	-0.27593503677289627
99.251	-0.27593503753096627
99.301	-0.27593503828750926
99.351	-0.2759350390425292
99.401	-0.27593503979602985
99.451	-0.27593504054801504
99.501	-0.27593504129848856
99.551	-0.27593504204745417
99.601	-0.27593504279491576
99.651	-0.27593504354087706
99.701	-0.27593504428534177
99.751	-0.27593504502831373
99.801	-0.2759350457697966
99.851	-0.27593504650979417
99.901	-0.2759350472483101
99.951	-0.2759350479853481
500.	-0.2759355344347426