0.001	-513.1027444202758
0.051	-10.206241910817155
0.101	-5.227460158499283
0.151	-3.5461452912466735
0.201	-2.7015000320018534
0.251	-2.193521751471671
0.301	-1.8544354849139286
0.351	-1.6120645414141674
0.401	-1.4302305825315167
0.451	-1.2887988814462643
0.501	-1.175672528725714
0.551	-1.0831455097239266
0.601	-1.0060762092362248
0.651	-0.9409026190779304
0.701	-0.8850789974839449
0.751	-0.8367375647002815
0.801	-0.7944769043465966
0.851	-0.7572249588930227
0.901	-0.7241476426253252
0.951	-0.6945862833277063
1.001	-0.6680138127120516
1.051	-0.6440034619577895
1.101	-0.6222059870774298
1.151	-0.6023328303293363
1.201	-0.5841434877722124
1.251	-0.5674359061830433
1.301	-0.5520390943675392
1.351	-0.5378073751862689
1.401	-0.5246158684103341
1.451	-0.5123569075145538
1.501	-0.500937172634587
1.551	-0.49027537807782257
1.601	-0.4803003931551674
1.651	-0.4709497044728555
1.701	-0.4621681494250103
1.751	-0.45390686667778957
1.801	-0.4461224214757308
1.851	-0.4387760727136949
1.901	-0.4318331556734311
1.951	-0.4252625596750865
2.001	-0.419036284041846
2.051	-0.4131290590136867
2.101	-0.40751802079054733
2.151	-0.40218243189724345
2.201	-0.3971034396631264
2.251	-0.3922638668901603
2.301	-0.38764802981330765
2.351	-0.38324157929014113
2.401	-0.3790313618334964
2.451	-0.37500529765360224
2.501	-0.37115227332931444
2.551	-0.36746204710132235
2.601	-0.36392516508887157
2.651	-0.3605328869878167
2.701	-0.3572771200213994
2.751	-0.35415036009378525
2.801	-0.35114563924633724
2.851	-0.34825647864287557
2.901	-0.345476846416864
2.951	-0.34280111980387806
3.001	-0.34022405105957265
3.051	-0.33774073672889005
3.101	-0.3353465898882638
3.151	-0.3330373150305911
3.201	-0.33080888530401076
3.251	-0.32865752185107777
3.301	-0.32657967502563306
3.351	-0.3245720072912496
3.401	-0.3226313776282017
3.451	-0.32075482729596505
3.501	-0.3189395668157301
3.551	-0.31718296405268287
3.601	-0.31548253329115855
3.651	-0.31383592520748865
3.701	-0.3122409176556462
3.751	-0.3106954071898492
3.801	-0.30919740125626205
3.851	-0.3077450109929831
3.901	-0.30633644458374354
3.951	-0.3049700011162657
4.001	-0.3036440649011358
4.051	-0.3023571002114013
4.101	-0.30110764640698784
4.151	-0.2998943134114882
4.201	-0.2987157775119653
4.251	-0.2975707774551759
4.301	-0.2964581108160915
4.351	-0.2953766306168139
4.401	-0.2943252421759711
4.451	-0.29330290017047095
4.501	-0.2923086058930986
4.551	-0.2913414046908966
4.601	-0.29040038357057535
4.651	-0.28948466895838415
4.701	-0.2885934246029435
4.751	-0.28772584961050585
4.801	-0.28688117660299167
4.851	-0.2860586699899419
4.901	-0.28525762434625157
4.951	-0.2844773628882069
5.001	-0.2837172360409456
5.051	-0.28297662009100577
5.101	-0.28225491591812474
5.151	-0.2815515478009032
5.201	-0.28086596229136374
5.251	-0.28019762715381175
5.301	-0.27954603036375314
5.351	-0.27891067916294016
5.401	-0.2782910991669091
5.451	-0.27768683352163803
5.501	-0.2770974421062011
5.551	-0.2765225007785166
5.601	-0.27596160066149933
5.651	-0.27541434746711124
5.701	-0.27488036085598666
5.751	-0.27435927383046455
5.801	-0.2738507321590144
5.851	-0.2733543938301761
5.901	-0.2728699285342643
5.951	-0.27239701717120324
6.001	-0.27193535138296987
6.051	-0.2714846331092195
6.101	-0.2710445741647659
6.151	-0.2706148958376716
6.201	-0.27019532850678457
6.251	-0.2697856112776337
6.301	-0.2693854916356619
6.351	-0.26899472511584255
6.401	-0.26861307498778253
6.451	-0.26824031195547204
6.501	-0.2678762138708928
6.551	-0.2675205654607438
6.601	-0.26717315806558917
6.651	-0.26683378939077473
6.701	-0.2665022632684983
6.751	-0.26617838943045535
6.801	-0.265861983290516
6.851	-0.2655528657369213
6.901	-0.26525086293351424
6.951	-0.2649558061295532
7.001	-0.2646675314776766
7.051	-0.26438587985961476
7.101	-0.264110696719268
7.151	-0.26384183190278887
7.201	-0.2635791395053293
7.251	-0.2633224777241303
7.301	-0.26307170871765073
7.351	-0.262826698470447
7.401	-0.2625873166635315
7.451	-0.26235343654995397
7.501	-0.2621249348353597
7.551	-0.26190169156329624
7.601	-0.26168359000504793
7.651	-0.2614705165537929
7.701	-0.2612623606228842
7.751	-0.2610590145480711
7.801	-0.2608603734934815
7.851	-0.260666335361199
7.901	-0.2604768007042754
7.951	-0.2602916726430273
8.001	-0.2601108567844723
8.051	-0.2599342611447699
8.101	-0.25976179607453526
8.151	-0.2595933741869049
8.201	-0.25942891028823434
8.251	-0.25926832131131783
8.301	-0.2591115262510233
8.351	-0.2589584461022407
8.401	-0.2588090038000487
8.451	-0.2586631241620057
8.501	-0.25852073383248075
8.551	-0.2583817612289376
8.601	-0.2582461364900946
8.651	-0.25811379142588403
8.701	-0.2579846594691379
8.751	-0.2578586756289319
8.801	-0.2577357764455209
8.851	-0.25761589994680384
8.901	-0.25749898560625695
8.951	-0.25738497430227864
9.001	-0.2572738082788906
9.051	-0.2571654311077434
9.101	-0.2570597876513752
9.151	-0.256956824027677
9.201	-0.2568564875755176
9.251	-0.2567587268214848
9.301	-0.2566634914477006
9.351	-0.2565707322606702
9.401	-0.25648040116112675
9.451	-0.25639245111483444
9.501	-0.25630683612431465
9.551	-0.2562235112014617
9.601	-0.2561424323410154
9.651	-0.2560635564948598
9.701	-0.25598684154711715
9.751	-0.25591224629001064
9.801	-0.255839730400466
9.851	-0.25576925441742737
9.901	-0.2557007797198621
9.951	-0.2556342685054289
10.001	-0.25556968376978806
10.051	-0.25550698928652943
10.101	-0.2554461495876986
10.151	-0.2553871299448993
10.201	-0.25532989635095227
10.251	-0.2552744155020929
10.301	-0.2552206547806878
10.351	-0.25516858223845346
10.401	-0.2551181665801605
10.451	-0.2550693771478061
10.501	-0.25502218390523995
10.551	-0.25497655742322867
10.601	-0.2549324688649435
10.651	-0.2548898899718579
10.701	-0.2548487930500419
10.751	-0.25480915095683926
10.801	-0.2547709370879163
10.851	-0.25473412536466933
10.901	-0.25469869022197983
10.951	-0.2546646065963062
11.001	-0.2546318499141008
11.051	-0.25460039608054263
11.101	-0.2545702214685757
11.151	-0.2545413029082428
11.201	-0.25451361767630587
11.251	-0.2544871434861446
11.301	-0.2544618584779237
11.351	-0.25443774120902063
11.401	-0.25441477064470697
11.451	-0.2543929261490738
11.501	-0.2543721874761956
11.551	-0.2543525347615238
11.601	-0.2543339485135041
11.651	-0.25431640960541047
11.701	-0.2542998992673891
11.751	-0.254284399078707
11.801	-0.2542698909601972
11.851	-0.25425635716689765
11.901	-0.254243780280875
11.951	-0.25423214320423027
12.001	-0.2542214291522799
12.051	-0.2542116216469071
12.101	-0.2542027045100791
12.151	-0.2541946618575254
12.201	-0.2541874780925715
12.251	-0.25418113790012525
12.301	-0.25417562624081014
12.351	-0.25417092834524185
12.401	-0.25416702970844424
12.451	-0.25416391608440014
12.501	-0.2541615734807345
12.551	-0.25415998815352425
12.601	-0.25415914660223327
12.651	-0.25415903556476804
12.701	-0.25415964201265034
12.751	-0.25416095314630466
12.801	-0.2541629563904567
12.851	-0.25416563938963976
12.901	-0.25416899000380644
12.951	-0.25417299630404255
13.001	-0.25417764656838104
13.051	-0.2541829292777119
13.101	-0.25418883311178747
13.151	-0.2541953469453185
13.201	-0.25420245984416046
13.251	-0.2542101610615861
13.301	-0.2542184400346433
13.351	-0.2542272863805947
13.401	-0.25423668989343867
13.451	-0.25424664054050733
13.501	-0.2542571284591415
13.551	-0.25426814395343983
13.601	-0.25427967749107994
13.651	-0.25429171970021014
13.701	-0.25430426136640993
13.751	-0.25431729342971726
13.801	-0.2543308069817209
13.851	-0.2543447932627165
13.901	-0.2543592436589247
13.951	-0.2543741496997693
14.001	-0.2543895030552146
14.051	-0.25440529553316
14.101	-0.25442151907689053
14.151	-0.25443816576258216
14.201	-0.2544552277968602
14.251	-0.25447269751440965
14.301	-0.25449056737563625
14.351	-0.25450882996437685
14.401	-0.2545274779856583
14.451	-0.2545465042635028
14.501	-0.25456590173877974
14.551	-0.25458566346710215
14.601	-0.2546057826167667
14.651	-0.25462625246673654
14.701	-0.25464706640466583
14.751	-0.25466821792496486
14.801	-0.25468970062690477
14.851	-0.25471150821276134
14.901	-0.25473363448599634
14.951	-0.2547560733494759
15.001	-0.25477881880372516
15.051	-0.2548018649452179
15.101	-0.2548252059647008
15.151	-0.2548488361455514
15.201	-0.25487274986216857
15.251	-0.2548969415783955
15.301	-0.2549214058459739
15.351	-0.2549461373030286
15.401	-0.2549711306725828
15.451	-0.2549963807611016
15.501	-0.25502188245706486
15.551	-0.25504763072956804
15.601	-0.25507362062694994
15.651	-0.2550998472754473
15.701	-0.25512630587787594
15.751	-0.25515299171233674
15.801	-0.2551799001309471
15.851	-0.2552070265585968
15.901	-0.25523436649172737
15.951	-0.2552619154971352
16.001	-0.2552896692107972
16.051	-0.2553176233367193
16.101	-0.255345773645806
16.151	-0.25537411597475185
16.201	-0.25540264622495396
16.251	-0.25543136036144454
16.301	-0.2554602544118436
16.351	-0.25548932446533157
16.401	-0.2555185666716405
16.451	-0.2555479772400645
16.501	-0.25557755243848834
16.551	-0.2556072885924341
16.601	-0.25563718208412534
16.651	-0.2556672293515684
16.701	-0.25569742688765074
16.751	-0.2557277712392558
16.801	-0.25575825900639365
16.851	-0.2557888868413481
16.901	-0.2558196514478386
16.951	-0.2558505495801976
17.001	-0.2558815780425631
17.051	-0.2559127336880852
17.101	-0.2559440134181472
17.151	-0.2559754141816004
17.201	-0.2560069329740131
17.251	-0.2560385668369323
17.301	-0.25607031285715925
17.351	-0.25610216816603687
17.401	-0.25613412993875095
17.451	-0.2561661953936427
17.501	-0.25619836179153394
17.551	-0.2562306264350639
17.601	-0.2562629866680377
17.651	-0.2562954398747863
17.701	-0.2563279834795373
17.751	-0.25636061494579704
17.801	-0.2563933317757432
17.851	-0.25642613150962784
17.901	-0.25645901172519103
17.951	-0.2564919700370843
18.001	-0.25652500409630374
18.051	-0.25655811158963376
18.101	-0.2565912902390992
18.151	-0.25662453780142747
18.201	-0.2566578520675196
18.251	-0.2566912308619304
18.301	-0.2567246720423574
18.351	-0.2567581734991379
18.401	-0.2567917331547556
18.451	-0.2568253489633544
18.501	-0.25685901891026075
18.551	-0.25689274101151444
18.601	-0.2569265133134064
18.651	-0.2569603338920248
18.701	-0.2569942008528085
18.751	-0.25702811233010786
18.801	-0.2570620664867529
18.851	-0.25709606151362835
18.901	-0.25713009562925604
18.951	-0.257164167079384
19.001	-0.2571982741365821
19.051	-0.25723241509984457
19.101	-0.257266588294199
19.151	-0.2573007920703214
19.201	-0.25733502480415793
19.251	-0.2573692848965523
19.301	-0.25740357077287973
19.351	-0.2574378808826863
19.401	-0.2574722136993344
19.451	-0.2575065677196539
19.501	-0.25754094146359874
19.551	-0.25757533347390904
19.601	-0.2576097423157789
19.651	-0.25764416657652894
19.701	-0.25767860486528454
19.751	-0.2577130558126591
19.801	-0.2577475180704419
19.851	-0.25778199031129156
19.901	-0.2578164712284338
19.951	-0.25785095953536424
20.001	-0.2578854539655556
20.051	-0.2579199532721699
20.101	-0.2579544562277745
20.151	-0.2579889616240637
20.201	-0.2580234682715832
20.251	-0.2580579749994601
20.301	-0.2580924806551364
20.351	-0.25812698410410706
20.401	-0.2581614842296614
20.451	-0.25819597993262955
20.501	-0.25823047013113176
20.551	-0.25826495376033237
20.601	-0.25829942977219683
20.651	-0.2583338971352532
20.701	-0.2583683548343566
20.751	-0.25840280187045783
20.801	-0.25843723726037504
20.851	-0.2584716600365692
20.901	-0.25850606924692265
20.951	-0.25854046395452146
21.001	-0.2585748432374408
21.051	-0.25860920618853317
21.101	-0.25864355191522087
21.151	-0.2586778795392903
21.201	-0.25871218819669034
21.251	-0.25874647703733344
21.301	-0.25878074522489924
21.351	-0.25881499193664204
21.401	-0.2588492163632001
21.451	-0.2588834177084086
21.501	-0.25891759518911506
21.551	-0.25895174803499726
21.601	-0.2589858754883844
21.651	-0.2590199768040803
21.701	-0.2590540512491896
21.751	-0.25908809810294664
21.801	-0.25912211665654616
21.851	-0.2591561062129774
21.901	-0.25919006608685985
21.951	-0.25922399560428194
22.001	-0.2592578941026418
22.051	-0.25929176093049033
22.101	-0.25932559544737677
22.151	-0.25935939702369637
22.201	-0.2593931650405401
22.251	-0.2594268988895469
22.301	-0.25946059797275783
22.351	-0.25949426170247236
22.401	-0.25952788950110667
22.451	-0.2595614808010541
22.501	-0.25959503504454773
22.551	-0.2596285516835244
22.601	-0.25966203017949147
22.651	-0.2596954700033947
22.701	-0.25972887063548855
22.751	-0.25976223156520806
22.801	-0.2597955522910428
22.851	-0.2598288323204122
22.901	-0.25986207116954313
22.951	-0.25989526836334886
23.001	-0.25992842343530986
23.051	-0.25996153592735644
23.101	-0.2599946053897525
23.151	-0.26002763138098184
23.201	-0.260060613467635
23.251	-0.26009355122429867
23.301	-0.26012644423344583
23.351	-0.2601592920853281
23.401	-0.26019209437786905
23.451	-0.26022485071655943
23.501	-0.2602575607143535
23.551	-0.2602902239915672
23.601	-0.2603228401757773
23.651	-0.2603554089017223
23.701	-0.26038792981120445
23.751	-0.2604204025529935
23.801	-0.2604528267827311
23.851	-0.26048520216283727
23.901	-0.2605175283624179
23.951	-0.26054980505717323
24.001	-0.26058203192930784
24.051	-0.2606142086674421
24.101	-0.26064633496652423
24.151	-0.2606784105277443
24.201	-0.2607104350584487
24.251	-0.2607424082720565
24.301	-0.2607743298879761
24.351	-0.26080619963152385
24.401	-0.2608380172338433
24.451	-0.2608697824318256
24.501	-0.26090149496803117
24.551	-0.26093315459061217
24.601	-0.2609647610532361
24.651	-0.2609963141150109
24.701	-0.2610278135404101
24.751	-0.2610592590991999
24.801	-0.2610906505663667
24.851	-0.26112198772204603
24.901	-0.2611532703514517
24.951	-0.2611844982448069
25.001	-0.26121567119727535
25.051	-0.261246789008894
25.101	-0.2612778514845061
25.151	-0.26130885843369567
25.201	-0.26133980967072246
25.251	-0.26137070501445797
25.301	-0.2614015442883223
25.351	-0.26143232732022176
25.401	-0.2614630539424874
25.451	-0.26149372399181453
25.501	-0.2615243373092024
25.551	-0.2615548937398955
25.601	-0.26158539313332524
25.651	-0.26161583534305216
25.701	-0.26164622022670947
25.751	-0.2616765476459469
25.801	-0.26170681746637536
25.851	-0.2617370295575125
25.901	-0.26176718379272895
25.951	-0.26179728004919506
26.001	-0.26182731820782845
26.051	-0.2618572981532426
26.101	-0.26188721977369533
26.151	-0.2619170829610389
26.201	-0.26194688761066987
26.251	-0.2619766336214804
26.301	-0.26200632089580944
26.351	-0.2620359493393954
26.401	-0.26206551886132856
26.451	-0.26209502937400475
26.501	-0.26212448079307943
26.551	-0.26215387303742216
26.601	-0.26218320602907197
26.651	-0.26221247969319317
26.701	-0.2622416939580319
26.751	-0.2622708487548726
26.801	-0.2622999440179963
26.851	-0.262328979684638
26.901	-0.2623579556949457
26.951	-0.26238687199193933
27.001	-0.26241572852147055
27.051	-0.2624445252321831
27.101	-0.26247326207547317
27.151	-0.26250193900545077
27.201	-0.2625305559789017
27.251	-0.2625591129552494
27.301	-0.2625876098965179
27.351	-0.2626160467672949
27.401	-0.26264442353469547
27.451	-0.26267274016832615
27.501	-0.26270099664024954
27.551	-0.2627291929249494
27.601	-0.26275732899929605
27.651	-0.2627854048425124
27.701	-0.26281342043614014
27.751	-0.2628413757640069
27.801	-0.26286927081219297
27.851	-0.26289710556899937
27.901	-0.26292488002491576
27.951	-0.2629525941725888
28.001	-0.26298024800679126
28.051	-0.26300784152439094
28.101	-0.26303537472432076
28.151	-0.2630628476075484
28.201	-0.26309026017704684
28.251	-0.2631176124377655
28.301	-0.2631449043966009
28.351	-0.2631721360623684
28.401	-0.2631993074457743
28.451	-0.2632264185593878
28.501	-0.26325346941761385
28.551	-0.2632804600366659
28.601	-0.2633073904345393
28.651	-0.26333426063098514
28.701	-0.26336107064748376
28.751	-0.26338782050721943
28.801	-0.26341451023505486
28.851	-0.2634411398575063
28.901	-0.26346770940271835
28.951	-0.2634942189004403
29.001	-0.26352066838200117
29.051	-0.26354705788028654
29.101	-0.26357338742971476
29.151	-0.2635996570662138
29.201	-0.2636258668271984
29.251	-0.2636520167515473
29.301	-0.26367810687958104
29.351	-0.26370413725303976
29.401	-0.2637301079150616
29.451	-0.26375601891016104
29.501	-0.2637818702842078
29.551	-0.26380766208440565
29.601	-0.2638333943592721
29.651	-0.26385906715861746
29.701	-0.26388468053352504
29.751	-0.2639102345363311
29.801	-0.26393572922060515
29.851	-0.2639611646411305
29.901	-0.26398654085388507
29.951	-0.2640118579160226
30.001	-0.2640371158858537
30.051	-0.26406231482282766
30.101	-0.2640874547875138
30.151	-0.2641125358415839
30.201	-0.26413755804779426
30.251	-0.2641625214699679
30.301	-0.26418742617297764
30.351	-0.26421227222272864
30.401	-0.26423705968614164
30.451	-0.26426178863113636
30.501	-0.2642864591266147
30.551	-0.26431107124244474
30.601	-0.26433562504944474
30.651	-0.2643601206193669
30.701	-0.2643845580248821
30.751	-0.26440893733956405
30.801	-0.2644332586378743
30.851	-0.26445752199514716
30.901	-0.2644817274875744
30.951	-0.2645058751921912
31.001	-0.2645299651868609
31.051	-0.2645539975502612
31.101	-0.26457797236186986
31.151	-0.2646018897019505
31.201	-0.26462574965153907
31.251	-0.26464955229243
31.301	-0.26467329770716297
31.351	-0.2646969859790094
31.401	-0.26472061719195944
31.451	-0.2647441914307089
31.501	-0.2647677087806465
31.551	-0.26479116932784147
31.601	-0.26481457315903056
31.651	-0.26483792036160625
31.701	-0.26486121102360427
31.751	-0.2648844452336916
31.801	-0.2649076230811547
31.851	-0.26493074465588784
31.901	-0.2649538100483814
31.951	-0.2649768193497106
32.001	-0.264999772651524
32.051	-0.26502267004603264
32.101	-0.2650455116259989
32.151	-0.26506829748472555
32.201	-0.26509102771604537
32.251	-0.2651137024143101
32.301	-0.26513632167438045
32.351	-0.2651588855916155
32.401	-0.26518139426186255
32.451	-0.26520384778144723
32.501	-0.2652262462471634
32.551	-0.2652485897562633
32.601	-0.26527087840644825
32.651	-0.2652931122958585
32.701	-0.2653152915230643
32.751	-0.26533741618705653
32.801	-0.26535948638723705
32.851	-0.2653815022234102
32.901	-0.2654034637957736
32.951	-0.2654253712049092
33.001	-0.2654472245517747
33.051	-0.26546902393769484
33.101	-0.2654907694643529
33.151	-0.26551246123378236
33.201	-0.26553409934835853
33.251	-0.2655556839107903
33.301	-0.26557721502411225
33.351	-0.26559869279167647
33.401	-0.26562011731714485
33.451	-0.2656414887044811
33.501	-0.2656628070579432
33.551	-0.2656840724820758
33.601	-0.2657052850817028
33.651	-0.2657264449619199
33.701	-0.26574755222808705
33.751	-0.26576860698582183
33.801	-0.26578960934099183
33.851	-0.2658105593997079
33.901	-0.26583145726831703
33.951	-0.2658523030533958
34.001	-0.2658730968617434
34.051	-0.26589383880037487
34.101	-0.265914528976515
34.151	-0.26593516749759133
34.201	-0.26595575447122805
34.251	-0.26597629000523954
34.301	-0.2659967742076242
34.351	-0.2660172071865582
34.401	-0.2660375890503897
34.451	-0.2660579199076324
34.501	-0.26607819986696
34.551	-0.26609842903720016
34.601	-0.26611860752732885
34.651	-0.26613873544646455
34.701	-0.2661588129038627
34.751	-0.2661788400089102
34.801	-0.2661988168711199
34.851	-0.26621874360012515
34.901	-0.26623862030567463
34.951	-0.26625844709762697
35.001	-0.26627822408594554
35.051	-0.2662979513806935
35.101	-0.2663176290920286
35.151	-0.2663372573301982
35.201	-0.2663568362055346
35.251	-0.26637636582844976
35.301	-0.2663958463094309
35.351	-0.2664152777590358
35.401	-0.26643466028788765
35.451	-0.2664539940066711
35.501	-0.2664732790261273
35.551	-0.2664925154570495
35.601	-0.2665117034102789
35.651	-0.2665308429967
35.701	-0.26654993432723634
35.751	-0.2665689775128464
35.801	-0.26658797266451956
35.851	-0.2666069198932714
35.901	-0.2666258193101404
35.951	-0.2666446710261834
36.001	-0.26666347515247174
36.051	-0.2666822318000876
36.101	-0.26670094108011994
36.151	-0.2667196031036607
36.201	-0.2667382179818012
36.251	-0.26675678582562834
36.301	-0.26677530674622096
36.351	-0.26679378085464645
36.401	-0.2668122082619569
36.451	-0.2668305890791859
36.501	-0.26684892341734484
36.551	-0.26686721138741987
36.601	-0.2668854531003681
36.651	-0.2669036486671148
36.701	-0.2669217981985498
36.751	-0.26693990180552435
36.801	-0.26695795959884805
36.851	-0.2669759716892857
36.901	-0.26699393818755435
36.951	-0.26701185920431997
37.001	-0.26702973485019477
37.051	-0.2670475652357341
37.101	-0.26706535047143365
37.151	-0.2670830906677265
37.201	-0.2671007859349805
37.251	-0.26711843638349514
37.301	-0.26713604212349923
37.351	-0.26715360326514787
37.401	-0.2671711199185201
37.451	-0.267188592193616
37.501	-0.2672060202003544
37.551	-0.2672234040485699
37.601	-0.267240743848011
37.651	-0.2672580397083371
37.701	-0.26727529173911635
37.751	-0.26729250004982313
37.801	-0.2673096647498358
37.851	-0.26732678594843434
37.901	-0.267343863754798
37.951	-0.2673608982780032
38.001	-0.2673778896270212
38.051	-0.2673948379107159
38.101	-0.2674117432378418
38.151	-0.26742860571704175
38.201	-0.267445425456845
38.251	-0.2674622025656652
38.301	-0.2674789371517981
38.351	-0.26749562932341986
38.401	-0.26751227918858483
38.451	-0.267528886855224
38.501	-0.2675454524311427
38.551	-0.267561976024019
38.601	-0.2675784577414017
38.651	-0.26759489769070877
38.701	-0.2676112959792252
38.751	-0.26762765271410177
38.801	-0.2676439680023527
38.851	-0.2676602419508545
38.901	-0.2676764746663441
38.951	-0.26769266625541704
39.001	-0.2677088168245262
39.051	-0.26772492647998
39.101	-0.26774099532794077
39.151	-0.26775702347442354
39.201	-0.2677730110252942
39.251	-0.2677889580862682
39.301	-0.26780486476290893
39.351	-0.26782073116062666
39.401	-0.26783655738467654
39.451	-0.2678523435401579
39.501	-0.2678680897320123
39.551	-0.2678837960650226
39.601	-0.26789946264381137
39.651	-0.2679150895728398
39.701	-0.26793067695640643
39.751	-0.2679462248986458
39.801	-0.26796173350352703
39.851	-0.2679772028748533
39.901	-0.2679926331162599
39.951	-0.2680080243312136
40.001	-0.2680233766230112
40.051	-0.2680386900947786
40.101	-0.26805396484946964
40.151	-0.2680692009898651
40.201	-0.26808439861857153
40.251	-0.26809955783802025
40.301	-0.2681146787504665
40.351	-0.2681297614579881
40.401	-0.268144806062485
40.451	-0.2681598126656776
40.501	-0.26817478136910666
40.551	-0.2681897122741317
40.601	-0.26820460548193037
40.651	-0.2682194610934977
40.701	-0.2682342792096449
40.751	-0.2682490599309989
40.801	-0.26826380335800115
40.851	-0.2682785095909072
40.901	-0.2682931787297855
40.951	-0.26830781087451694
41.001	-0.26832240612479397
41.051	-0.26833696458011985
41.101	-0.2683514863398079
41.151	-0.26836597150298075
41.201	-0.26838042016857
41.251	-0.26839483243531503
41.301	-0.2684092084017625
41.351	-0.26842354816626607
41.401	-0.26843785182698515
41.451	-0.2684521194818848
41.501	-0.26846635122873486
41.551	-0.26848054716510933
41.601	-0.2684947073883861
41.651	-0.268508831995746
41.701	-0.2685229210841725
41.751	-0.26853697475045113
41.801	-0.26855099309116887
41.851	-0.2685649762027138
41.901	-0.26857892418127455
41.951	-0.26859283712283966
42.001	-0.2686067151231973
42.051	-0.26862055827793485
42.101	-0.2686343666824383
42.151	-0.26864814043189195
42.201	-0.26866187962127785
42.251	-0.2686755843453756
42.301	-0.26868925469876176
42.351	-0.26870289077580967
42.401	-0.2687164926706888
42.451	-0.26873006047736475
42.501	-0.26874359428959865
42.551	-0.26875709420094684
42.601	-0.2687705603047607
42.651	-0.2687839926941862
42.701	-0.26879739146216364
42.751	-0.2688107567014274
42.801	-0.2688240885045056
42.851	-0.2688373869637199
42.901	-0.2688506521711852
42.951	-0.26886388421880936
43.001	-0.268877083198293
43.051	-0.2688902492011294
43.101	-0.26890338231860395
43.151	-0.2689164826417943
43.201	-0.26892955026157
43.251	-0.2689425852685922
43.301	-0.26895558775331385
43.351	-0.26896855780597895
43.401	-0.268981495516623
43.451	-0.2689944009750724
43.501	-0.2690072742709445
43.551	-0.2690201154936475
43.601	-0.26903292473238016
43.651	-0.26904570207613193
43.701	-0.2690584476136826
43.751	-0.2690711614336022
43.801	-0.2690838436242512
43.851	-0.2690964942737802
43.901	-0.2691091134701297
43.951	-0.2691217013010305
44.001	-0.2691342578540032
44.051	-0.2691467832163582
44.101	-0.2691592774751961
44.151	-0.2691717407174069
44.201	-0.26918417302967085
44.251	-0.2691965744984576
44.301	-0.2692089452100267
44.351	-0.26922128525042754
44.401	-0.2692335947054992
44.451	-0.26924587366087044
44.501	-0.2692581222019599
44.551	-0.26927034041397596
44.601	-0.26928252838191685
44.651	-0.2692946861905707
44.701	-0.26930681392451533
44.751	-0.2693189116681187
44.801	-0.26933097950553875
44.851	-0.2693430175207233
44.901	-0.26935502579741055
44.951	-0.2693670044191286
45.001	-0.26937895346919594
45.051	-0.2693908730307215
45.101	-0.2694027631866045
45.151	-0.2694146240195347
45.201	-0.2694264556119926
45.251	-0.2694382580462492
45.301	-0.26945003140436663
45.351	-0.26946177576819774
45.401	-0.2694734912193866
45.451	-0.2694851778393684
45.501	-0.2694968357093697
45.551	-0.2695084649104086
45.601	-0.26952006552329466
45.651	-0.26953163762862936
45.701	-0.269543181306806
45.751	-0.26955469663800996
45.801	-0.2695661837022189
45.851	-0.2695776425792029
45.901	-0.2695890733485245
45.951	-0.269600476089539
46.001	-0.26961185088139483
46.051	-0.26962319780303323
46.101	-0.26963451693318896
46.151	-0.26964580835039015
46.201	-0.2696570721329587
46.251	-0.26966830835901034
46.301	-0.26967951710645494
46.351	-0.2696906984529966
46.401	-0.26970185247613404
46.451	-0.2697129792531607
46.501	-0.2697240788611649
46.551	-0.26973515137703014
46.601	-0.2697461968774355
46.651	-0.2697572154388555
46.701	-0.26976820713756067
46.751	-0.2697791720496176
46.801	-0.2697901102508892
46.851	-0.2698010218170352
46.901	-0.2698119068235119
46.951	-0.269822765345573
47.001	-0.26983359745826924
47.051	-0.2698444032364493
47.101	-0.2698551827547596
47.151	-0.2698659360876448
47.201	-0.26987666330934795
47.251	-0.2698873644939107
47.301	-0.26989803971517395
47.351	-0.26990868904677756
47.401	-0.26991931256216106
47.451	-0.26992991033456387
47.501	-0.26994048243702545
47.551	-0.2699510289423857
47.601	-0.2699615499232851
47.651	-0.2699720454521653
47.701	-0.26998251560126907
47.751	-0.2699929604426409
47.801	-0.2700033800481271
47.851	-0.27001377448937613
47.901	-0.2700241438378392
47.951	-0.27003448816477
48.001	-0.2700448075412256
48.051	-0.27005510203806643
48.101	-0.2700653717259566
48.151	-0.27007561667536456
48.201	-0.2700858369565628
48.251	-0.2700960326396289
48.301	-0.2701062037944452
48.351	-0.27011635049069965
48.401	-0.27012647279788576
48.451	-0.27013657078530323
48.501	-0.27014664452205805
48.551	-0.27015669407706294
48.601	-0.27016671951903765
48.651	-0.2701767209165094
48.701	-0.2701866983378131
48.751	-0.2701966518510918
48.801	-0.27020658152429694
48.851	-0.2702164874251887
48.901	-0.2702263696213365
48.951	-0.2702362281801191
49.001	-0.27024606316872524
49.051	-0.27025587465415374
49.101	-0.27026566270321395
49.151	-0.27027542738252625
49.201	-0.2702851687585221
49.251	-0.2702948868974447
49.301	-0.27030458186534917
49.351	-0.270314253728103
49.401	-0.2703239025513865
49.451	-0.2703335284006928
49.501	-0.27034313134132865
49.551	-0.27035271143841455
49.601	-0.27036226875688524
49.651	-0.2703718033614899
49.701	-0.27038131531679277
49.751	-0.27039080468717325
49.801	-0.2704002715368265
49.851	-0.2704097159297637
49.901	-0.27041913792981237
49.951	-0.270428537600617
50.001	-0.27043791500563913
50.051	-0.2704472702081579
50.101	-0.27045660327127036
50.151	-0.27046591425789185
50.201	-0.2704752032307565
50.251	-0.27048447025241756
50.301	-0.27049371538524764
50.351	-0.27050293869143915
50.401	-0.27051214023300496
50.451	-0.2705213200717784
50.501	-0.2705304782694139
50.551	-0.2705396148873872
50.601	-0.2705487299869959
50.651	-0.27055782362935993
50.701	-0.2705668958754215
50.751	-0.27057594678594593
50.801	-0.270584976421522
50.851	-0.2705939848425622
50.901	-0.27060297210930295
50.951	-0.2706119382818056
51.001	-0.270620883419956
51.051	-0.27062980758346566
51.101	-0.2706387108318718
51.151	-0.27064759322453746
51.201	-0.2706564548206526
51.251	-0.2706652956792338
51.301	-0.27067411585912515
51.351	-0.27068291541899825
51.401	-0.270691694417353
51.451	-0.27070045291251776
51.501	-0.2707091909626497
51.551	-0.2707179086257354
51.601	-0.2707266059595912
51.651	-0.27073528302186334
51.701	-0.2707439398700288
51.751	-0.2707525765613954
51.801	-0.27076119315310215
51.851	-0.27076978970211996
51.901	-0.27077836626525176
51.951	-0.2707869228991329
52.001	-0.27079545966023194
52.051	-0.27080397660485045
52.101	-0.27081247378912393
52.151	-0.2708209512690219
52.201	-0.2708294091003484
52.251	-0.27083784733874255
52.301	-0.2708462660396787
52.351	-0.2708546652584669
52.401	-0.27086304505025344
52.451	-0.27087140547002103
52.501	-0.2708797465725895
52.551	-0.270888068412616
52.601	-0.2708963710445953
52.651	-0.2709046545228604
52.701	-0.270912918901583
52.751	-0.2709211642347736
52.801	-0.27092939057628207
52.851	-0.2709375979797983
52.901	-0.270945786498852
52.951	-0.2709539561868137
53.001	-0.270962107096895
53.051	-0.2709702392821486
53.101	-0.2709783527954692
53.151	-0.2709864476895937
53.201	-0.27099452401710145
53.251	-0.27100258183041503
53.301	-0.27101062118180025
53.351	-0.2710186421233668
53.401	-0.2710266447070685
53.451	-0.27103462898470393
53.501	-0.2710425950079166
53.551	-0.27105054282819546
53.601	-0.27105847249687526
53.651	-0.27106638406513694
53.701	-0.27107427758400815
53.751	-0.27108215310436357
53.801	-0.2710900106769251
53.851	-0.27109785035226286
53.901	-0.2711056721807948
53.951	-0.27111347621278764
54.001	-0.2711212624983572
54.051	-0.2711290310874688
54.101	-0.2711367820299372
54.151	-0.27114451537542783
54.201	-0.2711522311734565
54.251	-0.27115992947339007
54.301	-0.2711676103244469
54.351	-0.2711752737756971
54.401	-0.271182919876063
54.451	-0.2711905486743196
54.501	-0.2711981602190947
54.551	-0.2712057545588698
54.601	-0.2712133317419801
54.651	-0.2712208918166148
54.701	-0.27122843483081793
54.751	-0.27123596083248847
54.801	-0.27124346986938064
54.851	-0.27125096198910453
54.901	-0.2712584372391264
54.951	-0.27126589566676906
55.001	-0.27127333731921227
55.051	-0.2712807622434931
55.101	-0.27128817048650644
55.151	-0.2712955620950051
55.201	-0.2713029371156007
55.251	-0.27131029559476355
55.301	-0.27131763757882327
55.351	-0.2713249631139693
55.401	-0.271332272246251
55.451	-0.2713395650215783
55.501	-0.2713468414857219
55.551	-0.2713541016843138
55.601	-0.27136134566284753
55.651	-0.27136857346667875
55.701	-0.2713757851410254
55.751	-0.2713829807309683
55.801	-0.2713901602814513
55.851	-0.271397323837282
55.901	-0.2714044714431316
55.951	-0.2714116031435361
56.001	-0.2714187189828956
56.051	-0.2714258190054758
56.101	-0.2714329032554076
56.151	-0.2714399717766877
56.201	-0.27144702461317916
56.251	-0.2714540618086116
56.301	-0.2714610834065815
56.351	-0.2714680894505528
56.401	-0.27147507998385717
56.451	-0.2714820550496943
56.501	-0.27148901469113257
56.551	-0.2714959589511089
56.601	-0.2715028878724297
56.651	-0.27150980149777093
56.701	-0.2715166998696784
56.751	-0.2715235830305685
56.801	-0.2715304510227281
56.851	-0.2715373038883154
56.901	-0.27154414166935986
56.951	-0.271550964407763
57.001	-0.2715577721452983
57.051	-0.27156456492361203
57.101	-0.27157134278422324
57.151	-0.2715781057685245
57.201	-0.27158485391778187
57.251	-0.2715915872731355
57.301	-0.27159830587559997
57.351	-0.2716050097660647
57.401	-0.27161169898529425
57.451	-0.2716183735739286
57.501	-0.2716250335724836
57.551	-0.2716316790213513
57.601	-0.27163830996080063
57.651	-0.2716449264309771
57.701	-0.2716515284719037
57.751	-0.2716581161234812
57.801	-0.2716646894254882
57.851	-0.27167124841758183
57.901	-0.2716777931392979
57.951	-0.27168432363005135
58.001	-0.2716908399291366
58.051	-0.27169734207572793
58.101	-0.27170383010887966
58.151	-0.2717103040675267
58.201	-0.2717167639904849
58.251	-0.27172320991645127
58.301	-0.2717296418840044
58.351	-0.2717360599316048
58.401	-0.27174246409759545
58.451	-0.2717488544202017
58.501	-0.271755230937532
58.551	-0.27176159368757813
58.601	-0.2717679427082156
58.651	-0.2717742780372038
58.701	-0.27178059971218665
58.751	-0.27178690777069264
58.801	-0.2717932022501355
58.851	-0.2717994831878141
58.901	-0.2718057506209134
58.951	-0.27181200458650406
59.001	-0.2718182451215435
59.051	-0.27182447226287576
59.101	-0.27183068604723193
59.151	-0.2718368865112307
59.201	-0.27184307369137845
59.251	-0.27184924762406965
59.301	-0.27185540834558736
59.351	-0.27186155589210326
59.401	-0.27186769029967833
59.451	-0.27187381160426294
59.501	-0.2718799198416973
59.551	-0.2718860150477116
59.601	-0.27189209725792673
59.651	-0.27189816650785414
59.701	-0.27190422283289667
59.751	-0.27191026626834836
59.801	-0.2719162968493952
59.851	-0.2719223146111152
59.901	-0.2719283195884789
59.951	-0.2719343118163495
60.001	-0.27194029132948344
60.051	-0.27194625816253043
60.101	-0.271952212350034
60.151	-0.2719581539264317
60.201	-0.27196408292605556
60.251	-0.2719699993831322
60.301	-0.27197590333178345
60.351	-0.2719817948060263
60.401	-0.27198767383977346
60.451	-0.27199354046683377
60.501	-0.2719993947209122
60.551	-0.2720052366356105
60.601	-0.2720110662444273
60.651	-0.2720168835807584
60.701	-0.27202268867789725
60.751	-0.2720284815690353
60.801	-0.2720342622872621
60.851	-0.27204003086556566
60.901	-0.27204578733683293
60.951	-0.2720515317338499
61.001	-0.2720572640893021
61.051	-0.27206298443577476
61.101	-0.2720686928057532
61.151	-0.27207438923162314
61.201	-0.2720800737456709
61.251	-0.2720857463800839
61.301	-0.27209140716695085
61.351	-0.2720970561382619
61.401	-0.2721026933259093
61.451	-0.2721083187616874
61.501	-0.2721139324772931
61.551	-0.27211953450432613
61.601	-0.27212512487428925
61.651	-0.2721307036185887
61.701	-0.27213627076853447
61.751	-0.2721418263553405
61.801	-0.27214737041012504
61.851	-0.2721529029639109
61.901	-0.272158424047626
61.951	-0.27216393369210323
62.001	-0.2721694319280811
62.051	-0.27217491878620376
62.101	-0.2721803942970216
62.151	-0.2721858584909914
62.201	-0.2721913113984765
62.251	-0.2721967530497473
62.301	-0.27220218347498115
62.351	-0.2722076027042634
62.401	-0.2722130107675869
62.451	-0.2722184076948527
62.501	-0.2722237935158703
62.551	-0.2722291682603577
62.601	-0.2722345319579421
62.651	-0.2722398846381599
62.701	-0.272245226330457
62.751	-0.272250557064189
62.801	-0.27225587686862185
62.851	-0.2722611857729317
62.901	-0.2722664838062054
62.951	-0.2722717709974409
63.001	-0.27227704737554714
63.051	-0.2722823129693447
63.101	-0.27228756780756597
63.151	-0.27229281191885535
63.201	-0.27229804533176954
63.251	-0.2723032680747779
63.301	-0.2723084801762627
63.351	-0.2723136816645193
63.401	-0.27231887256775655
63.451	-0.272324052914097
63.501	-0.2723292227315771
63.551	-0.27233438204814775
63.601	-0.2723395308916742
63.651	-0.2723446692899364
63.701	-0.2723497972706295
63.751	-0.27235491486136415
63.801	-0.2723600220896662
63.851	-0.27236511898297766
63.901	-0.27237020556865654
63.951	-0.2723752818739772
64.001	-0.2723803479261308
64.051	-0.2723854037522253
64.101	-0.27239044937928586
64.151	-0.27239548483425513
64.201	-0.27240051014399336
64.251	-0.2724055253352789
64.301	-0.2724105304348082
64.351	-0.2724155254691963
64.401	-0.27242051046497684
64.451	-0.27242548544860257
64.501	-0.27243045044644554
64.551	-0.27243540548479717
64.601	-0.2724403505898687
64.651	-0.2724452857877914
64.701	-0.27245021110461687
64.751	-0.2724551265663172
64.801	-0.2724600321987851
64.851	-0.2724649280278346
64.901	-0.2724698140792008
64.951	-0.2724746903785404
65.001	-0.2724795569514319
65.051	-0.27248441382337574
65.101	-0.27248926101979476
65.151	-0.2724940985660343
65.201	-0.27249892648736235
65.251	-0.2725037448089701
65.301	-0.2725085535559718
65.351	-0.2725133527534055
65.401	-0.2725181424262326
65.451	-0.2725229225993389
65.501	-0.2725276932975341
65.551	-0.27253245454555264
65.601	-0.2725372063680535
65.651	-0.27254194878962074
65.701	-0.27254668183476344
65.751	-0.27255140552791635
65.801	-0.2725561198934397
65.851	-0.2725608249556198
65.901	-0.27256552073866885
65.951	-0.2725702072667258
66.001	-0.2725748845638559
66.051	-0.2725795526540514
66.101	-0.27258421156123164
66.151	-0.2725888613092432
66.201	-0.27259350192186027
66.251	-0.2725981334227848
66.301	-0.27260275583564686
66.351	-0.2726073691840046
66.401	-0.2726119734913447
66.451	-0.2726165687810826
66.501	-0.27262115507656265
66.551	-0.2726257324010583
66.601	-0.27263030077777245
66.651	-0.27263486022983763
66.701	-0.2726394107803161
66.751	-0.2726439524522003
66.801	-0.2726484852684129
66.851	-0.27265300925180713
66.901	-0.27265752442516683
66.951	-0.27266203081120693
67.001	-0.2726665284325735
67.051	-0.27267101731184396
67.101	-0.27267549747152736
67.151	-0.2726799689340646
67.201	-0.2726844317218287
67.251	-0.27268888585712486
67.301	-0.2726933313621908
67.351	-0.27269776825919695
67.401	-0.2727021965702467
67.451	-0.27270661631737647
67.501	-0.27271102752255616
67.551	-0.2727154302076891
67.601	-0.2727198243946127
67.651	-0.27272421010509784
67.701	-0.27272858736085015
67.751	-0.27273295618350935
67.801	-0.27273731659464995
67.851	-0.2727416686157811
67.901	-0.2727460122683472
67.951	-0.27275034757372785
68.001	-0.2727546745532381
68.051	-0.27275899322812863
68.101	-0.27276330361958606
68.151	-0.27276760574873304
68.201	-0.2727718996366286
68.251	-0.27277618530426817
68.301	-0.272780462772584
68.351	-0.2727847320624451
68.401	-0.2727889931946576
68.451	-0.2727932461899651
68.501	-0.2727974910690486
68.551	-0.27280172785252677
68.601	-0.2728059565609563
68.651	-0.27281017721483186
68.701	-0.2728143898345866
68.751	-0.2728185944405921
68.801	-0.27282279105315854
68.851	-0.2728269796925352
68.901	-0.27283116037891036
68.951	-0.27283533313241165
69.001	-0.2728394979731061
69.051	-0.2728436549210005
69.101	-0.2728478039960416
69.151	-0.27285194521811607
69.201	-0.27285607860705097
69.251	-0.2728602041826138
69.301	-0.2728643219645127
69.351	-0.2728684319723967
69.401	-0.2728725342258557
69.451	-0.27287662874442115
69.501	-0.27288071554756566
69.551	-0.27288479465470356
69.601	-0.27288886608519086
69.651	-0.2728929298583257
69.701	-0.2728969859933483
69.751	-0.2729010345094413
69.801	-0.27290507542572984
69.851	-0.27290910876128177
69.901	-0.27291313453510796
69.951	-0.2729171527661623
70.001	-0.2729211634733419
70.051	-0.27292516667548744
70.101	-0.27292916239138326
70.151	-0.2729331506397574
70.201	-0.2729371314392821
70.251	-0.27294110480857364
70.301	-0.2729450707661927
70.351	-0.2729490293306446
70.401	-0.2729529805203792
70.451	-0.27295692435379154
70.501	-0.27296086084922155
70.551	-0.2729647900249545
70.601	-0.27296871189922106
70.651	-0.2729726264901976
70.701	-0.2729765338160061
70.751	-0.27298043389471477
70.801	-0.2729843267443378
70.851	-0.27298821238283566
70.901	-0.27299209082811543
70.951	-0.27299596209803084
71.001	-0.2729998262103823
71.051	-0.2730036831829175
71.101	-0.2730075330333311
71.151	-0.2730113757792651
71.201	-0.27301521143830915
71.251	-0.27301904002800054
71.301	-0.2730228615658244
71.351	-0.2730266760692139
71.401	-0.2730304835555503
71.451	-0.2730342840421635
71.501	-0.2730380775463316
71.551	-0.27304186408528164
71.601	-0.2730456436761894
71.651	-0.2730494163361797
71.701	-0.2730531820823266
71.751	-0.27305694093165345
71.801	-0.2730606929011332
71.851	-0.2730644380076884
71.901	-0.2730681762681915
71.951	-0.273071907699465
72.001	-0.2730756323182814
72.051	-0.2730793501413637
72.101	-0.27308306118538533
72.151	-0.27308676546697036
72.201	-0.2730904630026937
72.251	-0.2730941538090812
72.301	-0.27309783790260983
72.351	-0.2731015152997079
72.401	-0.2731051860167551
72.451	-0.2731088500700828
72.501	-0.273112507475974
72.551	-0.2731161582506637
72.601	-0.273119802410339
72.651	-0.2731234399711392
72.701	-0.27312707094915584
72.751	-0.2731306953604332
72.801	-0.2731343132209681
72.851	-0.27313792454671026
72.901	-0.27314152935356245
72.951	-0.27314512765738036
73.001	-0.27314871947397323
73.051	-0.2731523048191036
73.101	-0.27315588370848765
73.151	-0.27315945615779524
73.201	-0.2731630221826502
73.251	-0.27316658179863046
73.301	-0.27317013502126797
73.351	-0.2731736818660491
73.401	-0.27317722234841474
73.451	-0.27318075648376045
73.501	-0.2731842842874364
73.551	-0.2731878057747478
73.601	-0.27319132096095505
73.651	-0.2731948298612735
73.701	-0.27319833249087405
73.751	-0.2732018288648831
73.801	-0.27320531899838263
73.851	-0.2732088029064104
73.901	-0.2732122806039602
73.951	-0.2732157521059818
74.001	-0.27321921742738126
74.051	-0.27322267658302096
74.101	-0.27322612958771975
74.151	-0.2732295764562533
74.201	-0.27323301720335375
74.251	-0.2732364518437104
74.301	-0.27323988039196967
74.351	-0.2732433028627349
74.401	-0.273246719270567
74.451	-0.27325012962998424
74.501	-0.27325353395546254
74.551	-0.2732569322614356
74.601	-0.27326032456229493
74.651	-0.2732637108723902
74.701	-0.27326709120602904
74.751	-0.2732704655774775
74.801	-0.27327383400096
74.851	-0.2732771964906596
74.901	-0.273280553060718
74.951	-0.2732839037252357
75.001	-0.2732872484982722
75.051	-0.27329058739384604
75.101	-0.2732939204259351
75.151	-0.27329724760847646
75.201	-0.2733005689553668
75.251	-0.2733038844804624
75.301	-0.2733071941975792
75.351	-0.27331049812049313
75.401	-0.27331379626294006
75.451	-0.27331708863861603
75.501	-0.27332037526117736
75.551	-0.27332365614424065
75.601	-0.27332693130138314
75.651	-0.27333020074614267
75.701	-0.27333346449201784
75.751	-0.2733367225524682
75.801	-0.2733399749409143
75.851	-0.27334322167073777
75.901	-0.27334646275528157
75.951	-0.27334969820785016
76.001	-0.27335292804170935
76.051	-0.2733561522700867
76.101	-0.2733593709061715
76.151	-0.273362583963115
76.201	-0.2733657914540304
76.251	-0.27336899339199305
76.301	-0.27337218979004063
76.351	-0.27337538066117306
76.401	-0.27337856601835286
76.451	-0.27338174587450526
76.501	-0.27338492024251804
76.551	-0.27338808913524204
76.601	-0.27339125256549085
76.651	-0.2733944105460414
76.701	-0.2733975630896338
76.751	-0.2734007102089713
76.801	-0.27340385191672084
76.851	-0.2734069882255128
76.901	-0.27341011914794133
76.951	-0.2734132446965643
77.001	-0.2734163648839037
77.051	-0.27341947972244524
77.101	-0.2734225892246391
77.151	-0.2734256934028995
77.201	-0.2734287922696052
77.251	-0.27343188583709943
77.301	-0.27343497411768997
77.351	-0.2734380571236494
77.401	-0.27344113486721505
77.451	-0.27344420736058933
77.501	-0.2734472746159396
77.551	-0.2734503366453985
77.601	-0.2734533934610638
77.651	-0.2734564450749989
77.701	-0.27345949149923254
77.751	-0.27346253274575916
77.801	-0.2734655688265389
77.851	-0.2734685997534977
77.901	-0.27347162553852755
77.951	-0.2734746461934865
78.001	-0.27347766173019866
78.051	-0.2734806721604545
78.101	-0.2734836774960109
78.151	-0.27348667774859114
78.201	-0.27348967292988524
78.251	-0.2734926630515498
78.301	-0.2734956481252082
78.351	-0.273498628162451
78.401	-0.2735016031748355
78.451	-0.27350457317388627
78.501	-0.27350753817109513
78.551	-0.27351049817792117
78.601	-0.27351345320579096
78.651	-0.27351640326609866
78.701	-0.27351934837020603
78.751	-0.27352228852944266
78.801	-0.2735252237551059
78.851	-0.27352815405846115
78.901	-0.27353107945074184
78.951	-0.27353399994314964
79.001	-0.27353691554685433
79.051	-0.27353982627299417
79.101	-0.273542732132676
79.151	-0.273545633136975
79.201	-0.2735485292969352
79.251	-0.2735514206235693
79.301	-0.27355430712785894
79.351	-0.2735571888207548
79.401	-0.2735600657131765
79.451	-0.2735629378160128
79.501	-0.2735658051401219
79.551	-0.2735686676963313
79.601	-0.2735715254954379
79.651	-0.2735743785482082
79.701	-0.2735772268653784
79.751	-0.27358007045765437
79.801	-0.27358290933571194
79.851	-0.2735857435101969
79.901	-0.27358857299172484
79.951	-0.2735913977908818
80.001	-0.27359421791822397
80.051	-0.27359703338427777
80.101	-0.2735998441995401
80.151	-0.27360265037447834
80.201	-0.2736054519195306
80.251	-0.2736082488451056
80.301	-0.27361104116158286
80.351	-0.2736138288793129
80.401	-0.27361661200861703
80.451	-0.2736193905597878
80.501	-0.2736221645430889
80.551	-0.2736249339687552
80.601	-0.27362769884699306
80.651	-0.2736304591879801
80.701	-0.2736332150018657
80.751	-0.2736359662987707
80.801	-0.2736387130887877
80.851	-0.27364145538198104
80.901	-0.27364419318838706
80.951	-0.2736469265180141
81.001	-0.27364965538084246
81.051	-0.27365237978682466
81.101	-0.2736550997458855
81.151	-0.273657815267922
81.201	-0.27366052636280375
81.251	-0.2736632330403728
81.301	-0.27366593531044386
81.351	-0.2736686331828041
81.401	-0.2736713266672138
81.451	-0.2736740157734057
81.501	-0.27367670051108595
81.551	-0.2736793808899333
81.601	-0.2736820569195999
81.651	-0.27368472860971105
81.701	-0.2736873959698652
81.751	-0.27369005900963433
81.801	-0.2736927177385638
81.851	-0.2736953721661725
81.901	-0.273698022301953
81.951	-0.27370066815537153
82.001	-0.27370330973586815
82.051	-0.2737059470528567
82.101	-0.27370858011572513
82.151	-0.2737112089338353
82.201	-0.27371383351652323
82.251	-0.2737164538730992
82.301	-0.2737190700128476
82.351	-0.2737216819450274
82.401	-0.27372428967887186
82.451	-0.2737268932235889
82.501	-0.2737294925883609
82.551	-0.273732087782345
82.601	-0.27373467881467317
82.651	-0.27373726569445206
82.701	-0.27373984843076343
82.751	-0.27374242703266394
82.801	-0.27374500150918535
82.851	-0.27374757186933457
82.901	-0.2737501381220938
82.951	-0.2737527002764205
83.001	-0.2737552583412476
83.051	-0.27375781232548335
83.101	-0.2737603622380118
83.151	-0.2737629080876923
83.201	-0.2737654498833603
83.251	-0.2737679876338267
83.301	-0.2737705213478784
83.351	-0.2737730510342781
83.401	-0.27377557670176483
83.451	-0.27377809835905337
83.501	-0.27378061601483483
83.551	-0.2737831296777764
83.601	-0.27378563935652184
83.651	-0.273788145059691
83.701	-0.2737906467958805
83.751	-0.2737931445736631
83.801	-0.27379563840158855
83.851	-0.27379812828818306
83.901	-0.2738006142419497
83.951	-0.2738030962713682
84.001	-0.2738055743848954
84.051	-0.2738080485909649
84.101	-0.2738105188979876
84.151	-0.2738129853143513
84.201	-0.27381544784842093
84.251	-0.273817906508539
84.301	-0.273820361303025
84.351	-0.27382281224017607
84.401	-0.2738252593282666
84.451	-0.2738277025755488
84.501	-0.2738301419902522
84.551	-0.27383257758058416
84.601	-0.2738350093547298
84.651	-0.2738374373208521
84.701	-0.27383986148709166
84.751	-0.2738422818615675
84.801	-0.2738446984523762
84.851	-0.27384711126759276
84.901	-0.27384952031527027
84.951	-0.2738519256034399
85.001	-0.27385432714011126
85.051	-0.2738567249332724
85.101	-0.27385911899088966
85.151	-0.2738615093209079
85.201	-0.27386389593125066
85.251	-0.27386627882982
85.301	-0.2738686580244968
85.351	-0.2738710335231405
85.401	-0.2738734053335896
85.451	-0.27387577346366154
85.501	-0.2738781379211524
85.551	-0.2738804987138377
85.601	-0.2738828558494717
85.651	-0.27388520933578814
85.701	-0.2738875591804997
85.751	-0.2738899053912986
85.801	-0.27389224797585626
85.851	-0.2738945869418236
85.901	-0.273896922296831
85.951	-0.27389925404848836
86.001	-0.27390158220438526
86.051	-0.2739039067720909
86.101	-0.2739062277591543
86.151	-0.2739085451731042
86.201	-0.2739108590214492
86.251	-0.27391316931167786
86.301	-0.27391547605125877
86.351	-0.27391777924764055
86.401	-0.2739200789082519
86.451	-0.27392237504050165
86.501	-0.2739246676517791
86.551	-0.2739269567494535
86.601	-0.2739292423408748
86.651	-0.2739315244333731
86.701	-0.2739338030342591
86.751	-0.2739360781508242
86.801	-0.2739383497903401
86.851	-0.2739406179600593
86.901	-0.2739428826672151
86.951	-0.27394514391902147
87.001	-0.2739474017226733
87.051	-0.27394965608534627
87.101	-0.27395190701419714
87.151	-0.2739541545163636
87.201	-0.2739563985989646
87.251	-0.27395863926909986
87.301	-0.27396087653385065
87.351	-0.2739631104002794
87.401	-0.2739653408754297
87.451	-0.27396756796632665
87.501	-0.27396979167997676
87.551	-0.27397201202336796
87.601	-0.27397422900346985
87.651	-0.2739764426272335
87.701	-0.2739786529015916
87.751	-0.2739808598334587
87.801	-0.273983063429731
87.851	-0.2739852636972866
87.901	-0.27398746064298535
87.951	-0.2739896542736692
88.001	-0.273991844596162
88.051	-0.2739940316172696
88.101	-0.27399621534378005
88.151	-0.2739983957824635
88.201	-0.2740005729400723
88.251	-0.2740027468233411
88.301	-0.2740049174389868
88.351	-0.27400708479370883
88.401	-0.2740092488941888
88.451	-0.27401140974709104
88.501	-0.2740135673590623
88.551	-0.2740157217367319
88.601	-0.27401787288671187
88.651	-0.27402002081559684
88.701	-0.27402216552996433
88.751	-0.27402430703637454
88.801	-0.27402644534137055
88.851	-0.2740285804514784
88.901	-0.274030712373207
88.951	-0.2740328411130483
89.001	-0.2740349666774774
89.051	-0.27403708907295243
89.101	-0.27403920830591466
89.151	-0.2740413243827886
89.201	-0.27404343730998215
89.251	-0.27404554709388634
89.301	-0.27404765374087564
89.351	-0.27404975725730807
89.401	-0.2740518576495249
89.451	-0.27405395492385104
89.501	-0.27405604908659503
89.551	-0.2740581401440489
89.601	-0.2740602281024885
89.651	-0.27406231296817324
89.701	-0.27406439474734645
89.751	-0.2740664734462352
89.801	-0.27406854907105044
89.851	-0.274070621627987
89.901	-0.27407269112322385
89.951	-0.27407475756292377
90.001	-0.2740768209532337
90.051	-0.27407888130028474
90.101	-0.27408093861019206
90.151	-0.2740829928890551
90.201	-0.2740850441429575
90.251	-0.27408709237796725
90.301	-0.2740891376001367
90.351	-0.2740911798155027
90.401	-0.2740932190300863
90.451	-0.2740952552498933
90.501	-0.27409728848091386
90.551	-0.27409931872912285
90.601	-0.27410134600047975
90.651	-0.2741033703009287
90.701	-0.2741053916363985
90.751	-0.274107410012803
90.801	-0.27410942543604044
90.851	-0.27411143791199427
90.901	-0.2741134474465328
90.951	-0.27411545404550924
91.001	-0.2741174577147618
91.051	-0.27411945846011376
91.101	-0.27412145628737344
91.151	-0.27412345120233444
91.201	-0.2741254432107755
91.251	-0.2741274323184604
91.301	-0.2741294185311385
91.351	-0.2741314018545442
91.401	-0.2741333822943975
91.451	-0.2741353598564037
91.501	-0.27413733454625344
91.551	-0.27413930636962314
91.601	-0.27414127533217447
91.651	-0.2741432414395548
91.701	-0.2741452046973972
91.751	-0.27414716511132037
91.801	-0.2741491226869286
91.851	-0.2741510774298121
91.901	-0.27415302934554675
91.951	-0.27415497843969433
92.001	-0.2741569247178026
92.051	-0.2741588681854051
92.101	-0.27416080884802135
92.151	-0.27416274671115703
92.201	-0.2741646817803037
92.251	-0.27416661406093906
92.301	-0.274168543558527
92.351	-0.2741704702785176
92.401	-0.27417239422634704
92.451	-0.27417431540743786
92.501	-0.27417623382719897
92.551	-0.2741781494910254
92.601	-0.2741800624042989
92.651	-0.2741819725723872
92.701	-0.2741838800006449
92.751	-0.2741857846944129
92.801	-0.27418768665901877
92.851	-0.27418958589977643
92.901	-0.27419148242198677
92.951	-0.27419337623093704
93.001	-0.2741952673319014
93.051	-0.27419715573014064
93.101	-0.2741990414309024
93.151	-0.27420092443942107
93.201	-0.274202804760918
93.251	-0.2742046824006015
93.301	-0.2742065573636665
93.351	-0.2742084296552953
93.401	-0.274210299280657
93.451	-0.27421216624490785
93.501	-0.2742140305531911
93.551	-0.2742158922106373
93.601	-0.27421775122236397
93.651	-0.2742196075934761
93.701	-0.2742214613290656
93.751	-0.27422331243421194
93.801	-0.27422516091398186
93.851	-0.2742270067734293
93.901	-0.2742288500175959
93.951	-0.2742306906515105
94.001	-0.27423252868018944
94.051	-0.27423436410863666
94.101	-0.27423619694184365
94.151	-0.2742380271847894
94.201	-0.2742398548424406
94.251	-0.27424167991975157
94.301	-0.27424350242166434
94.351	-0.2742453223531086
94.401	-0.274247139719002
94.451	-0.2742489545242498
94.501	-0.2742507667737452
94.551	-0.2742525764723693
94.601	-0.27425438362499094
94.651	-0.27425618823646714
94.701	-0.27425799031164283
94.751	-0.27425978985535093
94.801	-0.27426158687241237
94.851	-0.2742633813676362
94.901	-0.2742651733458198
94.951	-0.2742669628117484
95.001	-0.2742687497701956
95.051	-0.2742705342259232
95.101	-0.2742723161836812
95.151	-0.27427409564820804
95.201	-0.2742758726242305
95.251	-0.27427764711646346
95.301	-0.2742794191296105
95.351	-0.2742811886683636
95.401	-0.274282955737403
95.451	-0.2742847203413978
95.501	-0.2742864824850052
95.551	-0.27428824217287134
95.601	-0.27428999940963084
95.651	-0.2742917541999069
95.701	-0.27429350654831147
95.751	-0.27429525645944525
95.801	-0.2742970039378975
95.851	-0.2742987489882465
95.901	-0.27430049161505915
95.951	-0.2743022318228912
96.001	-0.2743039696162874
96.051	-0.2743057049997813
96.101	-0.2743074379778954
96.151	-0.2743091685551412
96.201	-0.27431089673601916
96.251	-0.27431262252501876
96.301	-0.2743143459266187
96.351	-0.27431606694528654
96.401	-0.2743177855854792
96.451	-0.27431950185164256
96.501	-0.27432121574821183
96.551	-0.27432292727961144
96.601	-0.27432463645025496
96.651	-0.27432634326454536
96.701	-0.27432804772687486
96.751	-0.2743297498416251
96.801	-0.2743314496131671
96.851	-0.2743331470458612
96.901	-0.27433484214405723
96.951	-0.27433653491209453
97.001	-0.2743382253543019
97.051	-0.27433991347499775
97.101	-0.27434159927848994
97.151	-0.274343282769076
97.201	-0.274344963951043
97.251	-0.2743466428286679
97.301	-0.27434831940621696
97.351	-0.27434999368794655
97.401	-0.27435166567810254
97.451	-0.27435333538092066
97.501	-0.27435500280062636
97.551	-0.2743566679414351
97.601	-0.27435833080755206
97.651	-0.27435999140317235
97.701	-0.274361649732481
97.751	-0.274363305799653
97.801	-0.2743649596088533
97.851	-0.2743666111642369
97.901	-0.27436826046994883
97.951	-0.27436990753012414
98.001	-0.274371552348888
98.051	-0.2743731949303558
98.101	-0.2743748352786329
98.151	-0.27437647339781496
98.201	-0.2743781092919878
98.251	-0.27437974296522766
98.301	-0.2743813744216007
98.351	-0.2743830036651637
98.401	-0.27438463069996355
98.451	-0.27438625553003765
98.501	-0.2743878781594137
98.551	-0.27438949859210965
98.601	-0.27439111683213424
98.651	-0.27439273288348637
98.701	-0.2743943467501555
98.751	-0.2743959584361217
98.801	-0.2743975679453555
98.851	-0.274399175281818
98.901	-0.274400780449461
98.951	-0.2744023834522267
99.001	-0.27440398429404816
99.051	-0.27440558297884904
99.101	-0.2744071795105437
99.151	-0.2744087738930373
99.201	-0.2744103661302256
99.251	-0.2744119562259954
99.301	-0.27441354418422403
99.351	-0.2744151300087798
99.401	-0.2744167137035219
99.451	-0.2744182952723003
99.501	-0.27441987471895607
99.551	-0.27442145204732105
99.601	-0.27442302726121814
99.651	-0.2744246003644612
99.701	-0.27442617136085506
99.751	-0.2744277402541957
99.801	-0.2744293070482701
99.851	-0.2744308717468564
99.901	-0.27443243435372366
99.951	-0.27443399487263237
500.	-0.2759315712592477