0.001	-513.1160243310125
0.051	-10.219764268495776
0.101	-5.241221697089871
0.151	-3.5601427783949493
0.201	-2.7157302687014186
0.251	-2.2079815717392726
0.301	-1.869121755467861
0.351	-1.6269741613557755
0.401	-1.4453604830297735
0.451	-1.30414602542539
0.501	-1.1912339105558094
0.551	-1.0989181549145934
0.601	-1.0220571741331372
0.651	-0.9570889905623367
0.701	-0.9014678926750661
0.751	-0.8533261306605812
0.801	-0.8112623177898922
0.851	-0.7742044258954126
0.901	-0.7413183983389031
0.951	-0.7119455916970359
1.001	-0.6855589661933751
1.051	-0.661731781240944
1.101	-0.6401148208104446
1.151	-0.6204195548456842
1.201	-0.6024055068206919
1.251	-0.5858706506602636
1.301	-0.5706440220529838
1.351	-0.5565799704799137
1.401	-0.5435536420727936
1.451	-0.5314573964097317
1.501	-0.5201979394748075
1.551	-0.5096940111714172
1.601	-0.49987450615649465
1.651	-0.49067693613472857
1.701	-0.4820461633535112
1.751	-0.4739333510894447
1.801	-0.4662950889570265
1.851	-0.4590926599829098
1.901	-0.4522914233447628
1.951	-0.4458602920250505
2.001	-0.43977128877792476
2.051	-0.43399916704520736
2.101	-0.428521086001766
2.151	-0.42331633092261556
2.201	-0.41836607166474077
2.251	-0.41365315333731734
2.301	-0.40916191426421994
2.351	-0.4048780271757363
2.401	-0.4007883602433018
2.451	-0.39688085512369164
2.501	-0.3931444196322962
2.551	-0.38956883303835016
2.601	-0.3861446622836572
2.651	-0.38286318768262634
2.701	-0.37971633687501405
2.751	-0.3766966259814059
2.801	-0.3737971070614165
2.851	-0.37101132110085694
2.901	-0.3683332558608105
2.951	-0.36575730801197154
3.001	-0.3632782490544664
3.051	-0.3608911945888961
3.101	-0.3585915765603579
3.151	-0.35637511814521705
3.201	-0.3542378109916675
3.251	-0.35217589456067144
3.301	-0.3501858373445775
3.351	-0.34826431976729744
3.401	-0.34640821859299126
3.451	-0.34461459269026384
3.501	-0.342880670016361
3.551	-0.3412038357011154
3.601	-0.33958162112374957
3.651	-0.33801169388735636
3.701	-0.336491848606162
3.751	-0.3350199984297317
3.801	-0.3335941672362575
3.851	-0.33221248243411755
3.901	-0.3308731683171309
3.951	-0.32957453992445707
4.001	-0.32831499736099534
4.051	-0.3270930205384936
4.101	-0.32590716430146244
4.151	-0.3247560539054466
4.201	-0.32363838081829666
4.251	-0.32255289881784666
4.301	-0.32149842036187537
4.351	-0.3204738132084481
4.401	-0.3194779972667255
4.451	-0.3185099416601158
4.501	-0.3175686619852581
4.551	-0.31665321775177463
4.601	-0.31576270998903994
4.651	-0.3148962790073981
4.701	-0.31405310230232786
4.751	-0.31323239259102365
4.801	-0.3124333959717389
4.851	-0.31165539019703337
4.901	-0.31089768305278903
4.951	-0.3101596108355175
5.001	-0.309440536921078
5.051	-0.3087398504184717
5.101	-0.30805696490287476
5.151	-0.30739131722252416
5.201	-0.30674236637448626
5.251	-0.30610959244471614
5.301	-0.3054924956081625
5.351	-0.3048905951849889
5.401	-0.3043034287492757
5.451	-0.3037305512868311
5.501	-0.3031715343989866
5.551	-0.3026259655494774
5.601	-0.3020934473517136
5.651	-0.30157359689394114
5.701	-0.3010660450999651
5.751	-0.3005704361232704
5.801	-0.30008642677252556
5.851	-0.29961368596658955
5.901	-0.2991518942172732
5.951	-0.2987007431382217
6.001	-0.29825993497839365
6.051	-0.29782918217871435
6.101	-0.2974082069505726
6.151	-0.29699674087491823
6.201	-0.29659452452079693
6.251	-0.29620130708223336
6.301	-0.2958168460324428
6.351	-0.29544090679441704
6.401	-0.295073262426987
6.451	-0.29471369332552366
6.501	-0.29436198693648735
6.551	-0.29401793748508614
6.601	-0.29368134571534754
6.651	-0.2933520186419494
6.701	-0.29302976931319646
6.751	-0.292714416584563
6.801	-0.29240578490225877
6.851	-0.29210370409630493
6.901	-0.29180800918263733
6.951	-0.29151854017378287
7.001	-0.29123514189767924
7.051	-0.2909576638242338
7.101	-0.2906859598992404
7.151	-0.2904198883852919
7.201	-0.2901593117093507
7.251	-0.289904096316653
7.301	-0.2896541125306442
7.351	-0.2894092344186585
7.401	-0.28916933966306896
7.451	-0.28893430943765236
7.501	-0.2887040282889245
7.551	-0.2884783840222158
7.601	-0.2882572675922677
7.651	-0.2880405729981438
7.701	-0.2878281971822588
7.751	-0.2876200399333393
7.801	-0.28741600379313914
7.851	-0.28721599396674313
7.901	-0.2870199182362981
7.951	-0.2868276868780213
8.001	-0.28663921258234265
8.051	-0.2864544103770435
8.101	-0.28627319755326297
8.151	-0.2860954935942482
8.201	-0.28592122010673104
8.251	-0.28575030075482016
8.301	-0.2855826611963014
8.351	-0.2854182290212457
8.401	-0.28525693369282873
8.451	-0.2850987064902692
8.501	-0.2849434804537998
8.551	-0.2847911903315861
8.601	-0.28464177252851514
8.651	-0.28449516505677663
8.701	-0.2843513074881658
8.751	-0.28421014090803753
8.801	-0.28407160787084706
8.851	-0.2839356523572133
8.901	-0.2838022197324458
8.951	-0.2836712567064768
9.001	-0.2835427112951448
9.051	-0.2834165327827759
9.101	-0.2832926716860141
9.151	-0.2831710797188514
9.201	-0.28305170975881316
9.251	-0.2829345158142537
9.301	-0.28281945299272115
9.351	-0.28270647747035044
9.401	-0.2825955464622469
9.451	-0.2824866181938232
9.501	-0.2823796518730543
9.551	-0.28227460766361656
9.601	-0.28217144665887917
9.651	-0.2820701308567163
9.701	-0.2819706231351103
9.751	-0.2818728872285177
9.801	-0.2817768877049704
9.851	-0.2816825899438857
9.901	-0.28158996011456056
9.951	-0.2814989651553251
10.001	-0.2814095727533324
10.051	-0.2813217513249632
10.101	-0.2812354699968222
10.151	-0.28115069858730773
10.201	-0.2810674075887329
10.251	-0.28098556814998077
10.301	-0.28090515205967426
10.351	-0.28082613172984455
10.401	-0.2807484801800792
10.451	-0.28067217102213593
10.501	-0.28059717844500476
10.551	-0.28052347720040427
10.601	-0.2804510425886978
10.651	-0.280379850445215
10.701	-0.28030987712696587
10.751	-0.2802410994997341
10.801	-0.28017349492553756
10.851	-0.2801070412504444
10.901	-0.2800417167927316
10.951	-0.2799775003313777
11.001	-0.2799143710948757
11.051	-0.2798523087503591
11.101	-0.27979129339302855
11.151	-0.27973130553587133
11.201	-0.27967232609966314
11.251	-0.2796143364032446
11.301	-0.2795573181540628
11.351	-0.27950125343896987
11.401	-0.2794461247152714
11.451	-0.279391914802016
11.501	-0.2793386068715186
11.551	-0.2792861844411118
11.601	-0.2792346313651157
11.651	-0.2791839318270227
11.701	-0.2791340703318877
11.751	-0.2790850316989198
11.801	-0.27903680105426865
11.851	-0.27898936382399897
11.901	-0.27894270572724916
11.951	-0.27889681276956646
12.001	-0.2788516712364161
12.051	-0.2788072676868562
12.101	-0.2787635889473769
12.151	-0.27872062210589593
12.201	-0.27867835450590783
12.251	-0.2786367737407822
12.301	-0.278595867648206
12.351	-0.2785556243047662
12.401	-0.27851603202066905
12.451	-0.27847707933459126
12.501	-0.27843875500866017
12.551	-0.27840104802355875
12.601	-0.27836394757375205
12.651	-0.27832744306283175
12.701	-0.2782915240989755
12.751	-0.2782561804905177
12.801	-0.27822140224162856
12.851	-0.278187179548099
12.901	-0.27815350279322776
12.951	-0.27812036254380823
13.001	-0.2780877495462123
13.051	-0.27805565472256855
13.101	-0.2780240691670322
13.151	-0.27799298414214413
13.201	-0.2779623910752772
13.251	-0.2779322815551663
13.301	-0.27790264732852155
13.351	-0.27787348029672093
13.401	-0.2778447725125809
13.451	-0.2778165161772031
13.501	-0.2777887036368946
13.551	-0.2777613273801603
13.601	-0.2777343800347649
13.651	-0.2777078543648635
13.701	-0.2776817432681984
13.751	-0.27765603977336023
13.801	-0.2776307370371126
13.851	-0.2776058283417777
13.901	-0.27758130709268175
13.951	-0.27755716681565856
14.001	-0.2775334011546102
14.051	-0.2775100038691225
14.101	-0.2774869688321346
14.151	-0.27746429002766104
14.201	-0.277441961548565
14.251	-0.2774199775943814
14.301	-0.27739833246918866
14.351	-0.27737702057952784
14.401	-0.27735603643236795
14.451	-0.27733537463311664
14.501	-0.2773150298836742
14.551	-0.2772949969805313
14.601	-0.27727527081290776
14.651	-0.27725584636093253
14.701	-0.27723671869386335
14.751	-0.27721788296834515
14.801	-0.2771993344267064
14.851	-0.2771810683952924
14.901	-0.2771630802828343
14.951	-0.2771453655788542
15.001	-0.2771279198521033
15.051	-0.27711073874903436
15.101	-0.2770938179923069
15.151	-0.27707715337932404
15.201	-0.27706074078080034
15.251	-0.2770445761393605
15.301	-0.27702865546816746
15.351	-0.27701297484957954
15.401	-0.276997530433836
15.451	-0.27698231843777005
15.501	-0.276967335143549
15.551	-0.2769525768974407
15.601	-0.2769380401086058
15.651	-0.2769237212479153
15.701	-0.2769096168467923
15.751	-0.2768957234960778
15.801	-0.27688203784492044
15.851	-0.27686855659968884
15.901	-0.27685527652290587
15.951	-0.2768421944322057
16.001	-0.2768293071993114
16.051	-0.27681661174903405
16.101	-0.27680410505829167
16.151	-0.27679178415514877
16.201	-0.27677964611787476
16.251	-0.2767676880740219
16.301	-0.2767559071995217
16.351	-0.2767443007177993
16.401	-0.27673286589890633
16.451	-0.27672160005867025
16.501	-0.2767105005578616
16.551	-0.2766995648013774
16.601	-0.27668879023744086
16.651	-0.2766781743568172
16.701	-0.27666771469204493
16.751	-0.2766574088166824
16.801	-0.27664725434456916
16.851	-0.2766372489291019
16.901	-0.276627390262525
16.951	-0.2766176760752341
17.001	-0.2766081041350946
17.051	-0.27659867224677265
17.101	-0.2765893782510789
17.151	-0.27658022002432614
17.201	-0.2765711954776986
17.251	-0.2765623025566335
17.301	-0.2765535392402151
17.351	-0.27654490354057976
17.401	-0.2765363935023332
17.451	-0.27652800720197845
17.501	-0.2765197427473549
17.551	-0.27651159827708843
17.601	-0.2765035719600515
17.651	-0.276495661994834
17.701	-0.2764878666092241
17.751	-0.2764801840596988
17.801	-0.2764726126309245
17.851	-0.27646515063526633
17.901	-0.2764577964123079
17.951	-0.27645054832837884
18.001	-0.2764434047760923
18.051	-0.2764363641738906
18.101	-0.2764294249655994
18.151	-0.27642258561999045
18.201	-0.2764158446303524
18.251	-0.27640920051406986
18.301	-0.27640265181220963
18.351	-0.27639619708911556
18.401	-0.2763898349320102
18.451	-0.27638356395060415
18.501	-0.2763773827767127
18.551	-0.2763712900638794
18.601	-0.27636528448700637
18.651	-0.2763593647419922
18.701	-0.2763535295453754
18.751	-0.27634777763398527
18.801	-0.27634210776459883
18.851	-0.276336518713604
18.901	-0.2763310092766689
18.951	-0.2763255782684175
19.001	-0.2763202245221107
19.051	-0.2763149468893332
19.101	-0.2763097442396869
19.151	-0.2763046154604886
19.201	-0.2762995594564743
19.251	-0.27629457514950767
19.301	-0.2762896614782951
19.351	-0.27628481739810473
19.401	-0.27628004188049116
19.451	-0.27627533391302483
19.501	-0.27627069249902647
19.551	-0.276266116657306
19.601	-0.27626160542190625
19.651	-0.27625715784185134
19.701	-0.2762527729808994
19.751	-0.2762484499172995
19.801	-0.2762441877435536
19.851	-0.2762399855661815
19.901	-0.27623584250549127
19.951	-0.2762317576953528
20.001	-0.27622773028297576
20.051	-0.27622375942869126
20.101	-0.2762198443057376
20.151	-0.27621598410004944
20.201	-0.27621217801005105
20.251	-0.2762084252464527
20.301	-0.2762047250320512
20.351	-0.2762010766015332
20.401	-0.27619747920128274
20.451	-0.2761939320891914
20.501	-0.2761904345344721
20.551	-0.27618698581747625
20.601	-0.2761835852295137
20.651	-0.27618023207267606
20.701	-0.2761769256596632
20.751	-0.2761736653136121
20.801	-0.27617045036792964
20.851	-0.27616728016612735
20.901	-0.2761641540616595
20.951	-0.2761610714177638
21.001	-0.2761580316073048
21.051	-0.27615503401262026
21.101	-0.27615207802536956
21.151	-0.2761491630463853
21.201	-0.27614628848552714
21.251	-0.2761434537615379
21.301	-0.2761406583019029
21.351	-0.27613790154271034
21.401	-0.27613518292851563
21.451	-0.27613250191220684
21.501	-0.2761298579548727
21.551	-0.2761272505256734
21.601	-0.2761246791017124
21.651	-0.2761221431679119
21.701	-0.2761196422168889
21.751	-0.2761171757488345
21.801	-0.2761147432713945
21.851	-0.2761123442995526
21.901	-0.2761099783555147
21.951	-0.2761076449685961
22.001	-0.27610534367510986
22.051	-0.27610307401825745
22.101	-0.27610083554802095
22.151	-0.2760986278210572
22.201	-0.2760964504005936
22.251	-0.27609430285632586
22.301	-0.27609218476431685
22.351	-0.2760900957068981
22.401	-0.2760880352725719
22.451	-0.2760860030559159
22.501	-0.2760839986574884
22.551	-0.276082021683736
22.601	-0.27608007174690247
22.651	-0.27607814846493867
22.701	-0.2760762514614149
22.751	-0.27607438036543375
22.801	-0.27607253481154476
22.851	-0.27607071443966086
22.901	-0.27606891889497537
22.951	-0.27606714782788094
23.001	-0.2760654008938897
23.051	-0.2760636777535545
23.101	-0.27606197807239186
23.151	-0.2760603015208056
23.201	-0.27605864777401207
23.251	-0.2760570165119667
23.301	-0.2760554074192913
23.351	-0.2760538201852031
23.401	-0.2760522545034442
23.451	-0.2760507100722132
23.501	-0.2760491865940966
23.551	-0.27604768377600264
23.601	-0.27604620132909524
23.651	-0.2760447389687294
23.701	-0.2760432964143877
23.751	-0.2760418733896176
23.801	-0.27604046962196976
23.851	-0.27603908484293777
23.901	-0.2760377187878979
23.951	-0.2760363711960512
24.001	-0.27603504181036487
24.051	-0.27603373037751616
24.101	-0.27603243664783605
24.151	-0.27603116037525427
24.201	-0.27602990131724514
24.251	-0.2760286592347743
24.301	-0.2760274338922461
24.351	-0.27602622505745217
24.401	-0.27602503250152044
24.451	-0.2760238559988651
24.501	-0.27602269532713747
24.551	-0.27602155026717756
24.601	-0.27602042060296633
24.651	-0.27601930612157854
24.701	-0.276018206613137
24.751	-0.2760171218707666
24.801	-0.27601605169055
24.851	-0.2760149958714831
24.901	-0.2760139542154321
24.951	-0.27601292652709053
25.001	-0.2760119126139372
25.051	-0.27601091228619506
25.101	-0.27600992535679025
25.151	-0.2760089516413122
25.201	-0.2760079909579738
25.251	-0.276007043127573
25.301	-0.2760061079734543
25.351	-0.27600518532147117
25.401	-0.27600427499994884
25.451	-0.27600337683964793
25.501	-0.27600249067372856
25.551	-0.2760016163377148
25.601	-0.27600075366946003
25.651	-0.27599990250911244
25.701	-0.2759990626990814
25.751	-0.27599823408400437
25.801	-0.2759974165107137
25.851	-0.2759966098282048
25.901	-0.2759958138876043
25.951	-0.2759950285421388
26.001	-0.27599425364710417
26.051	-0.27599348905983495
26.101	-0.27599273463967494
26.151	-0.27599199024794757
26.201	-0.27599125574792704
26.251	-0.2759905310048098
26.301	-0.2759898158856866
26.351	-0.2759891102595147
26.401	-0.2759884139970909
26.451	-0.27598772697102447
26.501	-0.27598704905571103
26.551	-0.2759863801273065
26.601	-0.2759857200637013
26.651	-0.2759850687444956
26.701	-0.27598442605097406
26.751	-0.27598379186608163
26.801	-0.27598316607439943
26.851	-0.2759825485621212
26.901	-0.2759819392170295
26.951	-0.27598133792847335
27.001	-0.27598074458734506
27.051	-0.2759801590860582
27.101	-0.2759795813185256
27.151	-0.27597901118013773
27.201	-0.2759784485677412
27.251	-0.2759778933796179
27.301	-0.27597734551546454
27.351	-0.27597680487637194
27.401	-0.2759762713648051
27.451	-0.27597574488458354
27.501	-0.2759752253408617
27.551	-0.2759747126401099
27.601	-0.2759742066900953
27.651	-0.27597370739986343
27.701	-0.2759732146797198
27.751	-0.27597272844121185
27.801	-0.2759722485971112
27.851	-0.27597177506139625
27.901	-0.2759713077492346
27.951	-0.27597084657696636
28.001	-0.2759703914620873
28.051	-0.27596994232323224
28.101	-0.275969499080159
28.151	-0.2759690616537323
28.201	-0.275968629965908
28.251	-0.27596820393971744
28.301	-0.2759677834992523
28.351	-0.2759673685696494
28.401	-0.27596695907707597
28.451	-0.27596655494871486
28.501	-0.2759661561127502
28.551	-0.2759657624983532
28.601	-0.27596537403566807
28.651	-0.2759649906557983
28.701	-0.2759646122907931
28.751	-0.27596423887363375
28.801	-0.27596387033822084
28.851	-0.2759635066193609
28.901	-0.2759631476527538
28.951	-0.27596279337497986
29.001	-0.2759624437234879
29.051	-0.2759620986365823
29.101	-0.27596175805341167
29.151	-0.27596142191395645
29.201	-0.27596109015901715
29.251	-0.2759607627302033
29.301	-0.27596043956992145
29.351	-0.2759601206213643
29.401	-0.27595980582849977
29.451	-0.2759594951360596
29.501	-0.27595918848952916
29.551	-0.2759588858351365
29.601	-0.27595858711984217
29.651	-0.27595829229132873
29.701	-0.27595800129799086
29.751	-0.27595771408892517
29.801	-0.2759574306139204
29.851	-0.275957150823448
29.901	-0.2759568746686521
29.951	-0.27595660210134054
30.001	-0.2759563330739753
30.051	-0.27595606753966356
30.101	-0.27595580545214865
30.151	-0.275955546765801
30.201	-0.27595529143560954
30.251	-0.27595503941717314
30.301	-0.27595479066669204
30.351	-0.27595454514095935
30.401	-0.2759543027973529
30.451	-0.27595406359382724
30.501	-0.27595382748890535
30.551	-0.27595359444167095
30.601	-0.27595336441176055
30.651	-0.27595313735935595
30.701	-0.2759529132451765
30.751	-0.2759526920304717
30.801	-0.27595247367701387
30.851	-0.27595225814709096
30.901	-0.27595204540349916
30.951	-0.2759518354095362
31.001	-0.27595162812899415
31.051	-0.2759514235261527
31.101	-0.2759512215657724
31.151	-0.27595102221308787
31.201	-0.27595082543380156
31.251	-0.27595063119407687
31.301	-0.27595043946053227
31.351	-0.2759502502002346
31.401	-0.27595006338069306
31.451	-0.2759498789698532
31.501	-0.2759496969360906
31.551	-0.2759495172482054
31.601	-0.27594933987541603
31.651	-0.2759491647873537
31.701	-0.27594899195405664
31.751	-0.2759488213459645
31.801	-0.2759486529339128
31.851	-0.2759484866891277
31.901	-0.27594832258322016
31.951	-0.27594816058818133
32.001	-0.2759480006763767
32.051	-0.27594784282054136
32.101	-0.2759476869937747
32.151	-0.2759475331695357
32.201	-0.27594738132163765
32.251	-0.27594723142424354
32.301	-0.27594708345186125
32.351	-0.27594693737933873
32.401	-0.27594679318185944
32.451	-0.27594665083493775
32.501	-0.2759465103144143
32.551	-0.2759463715964518
32.601	-0.2759462346575304
32.651	-0.2759460994744433
32.701	-0.2759459660242929
32.751	-0.2759458342844861
32.801	-0.2759457042327303
32.851	-0.27594557584702956
32.901	-0.2759454491056801
32.951	-0.2759453239872668
33.001	-0.2759452004706589
33.051	-0.27594507853500627
33.101	-0.27594495815973574
33.151	-0.27594483932454705
33.201	-0.27594472200940934
33.251	-0.2759446061945574
33.301	-0.2759444918604882
33.351	-0.2759443789879571
33.401	-0.2759442675579746
33.451	-0.2759441575518026
33.501	-0.27594404895095137
33.551	-0.2759439417371757
33.601	-0.27594383589247207
33.651	-0.275943731399075
33.701	-0.2759436282394541
33.751	-0.27594352639631076
33.801	-0.2759434258525749
33.851	-0.2759433265914022
33.901	-0.27594322859617065
33.951	-0.2759431318504779
34.001	-0.2759430363381382
34.051	-0.2759429420431792
34.101	-0.27594284894983956
34.151	-0.27594275704256555
34.201	-0.2759426663060088
34.251	-0.2759425767250231
34.301	-0.2759424882846619
34.351	-0.2759424009701756
34.401	-0.27594231476700876
34.451	-0.27594222966079773
34.501	-0.27594214563736774
34.551	-0.27594206268273075
34.601	-0.27594198078308263
34.651	-0.2759418999248008
34.701	-0.27594182009444174
34.751	-0.2759417412787387
34.801	-0.27594166346459925
34.851	-0.2759415866391029
34.901	-0.2759415107894989
34.951	-0.27594143590320386
35.001	-0.2759413619677995
35.051	-0.2759412889710306
35.101	-0.2759412169008026
35.151	-0.2759411457451796
35.201	-0.2759410754923821
35.251	-0.27594100613078515
35.301	-0.275940937648916
35.351	-0.2759408700354521
35.401	-0.27594080327921944
35.451	-0.27594073736919
35.501	-0.2759406722944804
35.551	-0.27594060804434933
35.601	-0.2759405446081963
35.651	-0.2759404819755592
35.701	-0.275940420136113
35.751	-0.27594035907966724
35.801	-0.27594029879616494
35.851	-0.27594023927568034
35.901	-0.2759401805084174
35.951	-0.2759401224847079
36.001	-0.27594006519500985
36.051	-0.2759400086299058
36.101	-0.27593995278010114
36.151	-0.2759398976364225
36.201	-0.27593984318981607
36.251	-0.27593978943134617
36.301	-0.2759397363521935
36.351	-0.27593968394365365
36.401	-0.2759396321971356
36.451	-0.2759395811041603
36.501	-0.2759395306563589
36.551	-0.2759394808454717
36.601	-0.2759394316633463
36.651	-0.27593938310193644
36.701	-0.27593933515330044
36.751	-0.2759392878096
36.801	-0.27593924106309853
36.851	-0.27593919490616015
36.901	-0.27593914933124813
36.951	-0.27593910433092356
37.001	-0.2759390598978443
37.051	-0.2759390160247633
37.101	-0.2759389727045278
37.151	-0.2759389299300776
37.201	-0.27593888769444447
37.251	-0.2759388459907502
37.301	-0.2759388048122059
37.351	-0.27593876415211066
37.401	-0.2759387240038505
37.451	-0.275938684360897
37.501	-0.27593864521680656
37.551	-0.2759386065652186
37.601	-0.2759385683998553
37.651	-0.27593853071451996
37.701	-0.275938493503096
37.751	-0.2759384567595461
37.801	-0.27593842047791095
37.851	-0.2759383846523083
37.901	-0.27593834927693206
37.951	-0.275938314346051
38.001	-0.2759382798540082
38.051	-0.2759382457952196
38.101	-0.27593821216417336
38.151	-0.27593817895542894
38.201	-0.2759381461636158
38.251	-0.27593811378343286
38.301	-0.2759380818096475
38.351	-0.2759380502370945
38.401	-0.27593801906067533
38.451	-0.27593798827535715
38.501	-0.27593795787617215
38.551	-0.2759379278582163
38.601	-0.2759378982166491
38.651	-0.27593786894669214
38.701	-0.27593784004362865
38.751	-0.27593781150280267
38.801	-0.27593778331961805
38.851	-0.275937755489538
38.901	-0.2759377280080839
38.951	-0.27593770087083497
39.001	-0.2759376740734271
39.051	-0.27593764761155243
39.101	-0.27593762148095846
39.151	-0.27593759567744736
39.201	-0.2759375701968752
39.251	-0.27593754503515144
39.301	-0.2759375201882379
39.351	-0.2759374956521484
39.401	-0.27593747142294794
39.451	-0.275937447496752
39.501	-0.2759374238697259
39.551	-0.27593740053808424
39.601	-0.27593737749809016
39.651	-0.27593735474605474
39.701	-0.2759373322783363
39.751	-0.2759373100913399
39.801	-0.2759372881815168
39.851	-0.27593726654536355
39.901	-0.2759372451794217
39.951	-0.27593722408027704
40.001	-0.2759372032445593
40.051	-0.275937182668941
40.101	-0.2759371623501376
40.151	-0.27593714228490646
40.201	-0.2759371224700464
40.251	-0.27593710290239737
40.301	-0.2759370835788395
40.351	-0.27593706449629296
40.401	-0.2759370456517174
40.451	-0.27593702704211115
40.501	-0.275937008664511
40.551	-0.27593699051599163
40.601	-0.275936972593665
40.651	-0.2759369548946801
40.701	-0.2759369374162222
40.751	-0.2759369201555127
40.801	-0.2759369031098082
40.851	-0.2759368862764005
40.901	-0.27593686965261593
40.951	-0.27593685323581496
41.001	-0.27593683702339167
41.051	-0.27593682101277345
41.101	-0.27593680520142033
41.151	-0.275936789586825
41.201	-0.2759367741665118
41.251	-0.2759367589380368
41.301	-0.27593674389898726
41.351	-0.275936729046981
41.401	-0.2759367143796664
41.451	-0.27593669989472147
41.501	-0.27593668558985407
41.551	-0.2759366714628012
41.601	-0.27593665751132845
41.651	-0.2759366437332301
41.701	-0.2759366301263284
41.751	-0.2759366166884732
41.801	-0.2759366034175418
41.851	-0.2759365903114384
41.901	-0.275936577368094
41.951	-0.2759365645854658
42.001	-0.2759365519615368
42.051	-0.275936539494316
42.101	-0.27593652718183737
42.151	-0.2759365150221599
42.201	-0.27593650301336736
42.251	-0.2759364911535677
42.301	-0.275936479440893
42.351	-0.275936467873499
42.401	-0.2759364564495648
42.451	-0.2759364451672927
42.501	-0.27593643402490764
42.551	-0.2759364230206573
42.601	-0.2759364121528113
42.651	-0.27593640141966147
42.701	-0.2759363908195211
42.751	-0.2759363803507249
42.801	-0.27593637001162874
42.851	-0.27593635980060927
42.901	-0.2759363497160637
42.951	-0.2759363397564095
43.001	-0.27593632992008427
43.051	-0.2759363202055453
43.101	-0.2759363106112695
43.151	-0.2759363011357529
43.201	-0.2759362917775107
43.251	-0.2759362825350769
43.301	-0.2759362734070039
43.351	-0.2759362643918624
43.401	-0.2759362554882414
43.451	-0.27593624669474753
43.501	-0.2759362380100051
43.551	-0.2759362294326558
43.601	-0.2759362209613584
43.651	-0.27593621259478873
43.701	-0.2759362043316393
43.751	-0.27593619617061915
43.801	-0.27593618811045356
43.851	-0.27593618014988397
43.901	-0.2759361722876677
43.951	-0.2759361645225777
44.001	-0.2759361568534024
44.051	-0.27593614927894555
44.101	-0.275936141798026
44.151	-0.2759361344094775
44.201	-0.27593612711214843
44.251	-0.27593611990490174
44.301	-0.2759361127866148
44.351	-0.2759361057561789
44.401	-0.2759360988124995
44.451	-0.2759360919544958
44.501	-0.27593608518110063
44.551	-0.2759360784912601
44.601	-0.27593607188393393
44.651	-0.2759360653580945
44.701	-0.27593605891272754
44.751	-0.27593605254683123
44.801	-0.2759360462594166
44.851	-0.27593604004950684
44.901	-0.27593603391613775
44.951	-0.2759360278583571
45.001	-0.2759360218752245
45.051	-0.27593601596581163
45.101	-0.2759360101292017
45.151	-0.2759360043644895
45.201	-0.27593599867078117
45.251	-0.2759359930471941
45.301	-0.27593598749285664
45.351	-0.27593598200690833
45.401	-0.27593597658849933
45.451	-0.27593597123679053
45.501	-0.2759359659509534
45.551	-0.2759359607301697
45.601	-0.27593595557363154
45.651	-0.27593595048054126
45.701	-0.27593594545011096
45.751	-0.27593594048156284
45.801	-0.27593593557412877
45.851	-0.27593593072705025
45.901	-0.2759359259395784
45.951	-0.2759359212109735
46.001	-0.27593591654050537
46.051	-0.2759359119274528
46.101	-0.2759359073711037
46.151	-0.27593590287075487
46.201	-0.27593589842571187
46.251	-0.2759358940352891
46.301	-0.27593588969880944
46.351	-0.27593588541560427
46.401	-0.27593588118501333
46.451	-0.2759358770063846
46.501	-0.2759358728790744
46.551	-0.2759358688024468
46.601	-0.2759358647758742
46.651	-0.2759358607987364
46.701	-0.2759358568704214
46.751	-0.2759358529903246
46.801	-0.27593584915784897
46.851	-0.27593584537240506
46.901	-0.27593584163341073
46.951	-0.27593583794029114
47.001	-0.27593583429247853
47.051	-0.27593583068941235
47.101	-0.27593582713053905
47.151	-0.27593582361531194
47.201	-0.2759358201431912
47.251	-0.2759358167136437
47.301	-0.27593581332614303
47.351	-0.27593580998016937
47.401	-0.2759358066752093
47.451	-0.2759358034107558
47.501	-0.27593580018630837
47.551	-0.2759357970013725
47.601	-0.27593579385546
47.651	-0.27593579074808877
47.701	-0.2759357876787827
47.751	-0.2759357846470716
47.801	-0.2759357816524911
47.851	-0.27593577869458275
47.901	-0.2759357757728937
47.951	-0.2759357728869768
48.001	-0.27593577003639047
48.051	-0.2759357672206986
48.101	-0.27593576443947054
48.151	-0.27593576169228107
48.201	-0.27593575897871003
48.251	-0.2759357562983428
48.301	-0.2759357536507698
48.351	-0.27593575103558643
48.401	-0.27593574845239327
48.451	-0.27593574590079584
48.501	-0.2759357433804046
48.551	-0.2759357408908348
48.601	-0.27593573843170643
48.651	-0.2759357360026443
48.701	-0.27593573360327794
48.751	-0.2759357312332414
48.801	-0.2759357288921732
48.851	-0.2759357265797165
48.901	-0.2759357242955188
48.951	-0.27593572203923217
49.001	-0.2759357198105127
49.051	-0.2759357176090209
49.101	-0.2759357154344217
49.151	-0.2759357132863838
49.201	-0.2759357111645803
49.251	-0.27593570906868836
49.301	-0.27593570699838893
49.351	-0.27593570495336717
49.401	-0.275935702933312
49.451	-0.2759357009379162
49.501	-0.27593569896687653
49.551	-0.27593569701989323
49.601	-0.2759356950966706
49.651	-0.27593569319691624
49.701	-0.27593569132034174
49.751	-0.275935689466662
49.801	-0.2759356876355956
49.851	-0.2759356858268645
49.901	-0.27593568404019425
49.951	-0.2759356822753137
50.001	-0.275935680531955
50.051	-0.2759356788098538
50.101	-0.27593567710874894
50.151	-0.2759356754283825
50.201	-0.2759356737684996
50.251	-0.2759356721288488
50.301	-0.2759356705091816
50.351	-0.27593566890925264
50.401	-0.2759356673288195
50.451	-0.27593566576764295
50.501	-0.27593566422548654
50.551	-0.2759356627021168
50.601	-0.2759356611973032
50.651	-0.27593565971081796
50.701	-0.27593565824243627
50.751	-0.275935656791936
50.801	-0.27593565535909775
50.851	-0.27593565394370495
50.901	-0.2759356525455436
50.951	-0.27593565116440233
51.001	-0.27593564980007246
51.051	-0.27593564845234786
51.101	-0.275935647121025
51.151	-0.2759356458059027
51.201	-0.2759356445067825
51.251	-0.27593564322346825
51.301	-0.2759356419557662
51.351	-0.27593564070348514
51.401	-0.275935639466436
51.451	-0.2759356382444323
51.501	-0.2759356370372897
51.551	-0.27593563584482605
51.601	-0.2759356346668618
51.651	-0.27593563350321915
51.701	-0.27593563235372287
51.751	-0.27593563121819975
51.801	-0.27593563009647876
51.851	-0.2759356289883908
51.901	-0.2759356278937692
51.951	-0.275935626812449
52.001	-0.27593562574426744
52.051	-0.27593562468906385
52.101	-0.27593562364667934
52.151	-0.27593562261695714
52.201	-0.2759356215997424
52.251	-0.275935620594882
52.301	-0.27593561960222496
52.351	-0.275935618621622
52.401	-0.27593561765292574
52.451	-0.2759356166959906
52.501	-0.2759356157506728
52.551	-0.2759356148168303
52.601	-0.2759356138943229
52.651	-0.27593561298301206
52.701	-0.27593561208276085
52.751	-0.27593561119343424
52.801	-0.27593561031489866
52.851	-0.2759356094470224
52.901	-0.2759356085896751
52.951	-0.27593560774272824
53.001	-0.27593560690605484
53.051	-0.2759356060795293
53.101	-0.2759356052630278
53.151	-0.27593560445642795
53.201	-0.27593560365960884
53.251	-0.27593560287245106
53.301	-0.27593560209483664
53.351	-0.27593560132664924
53.401	-0.27593560056777366
53.451	-0.27593559981809634
53.501	-0.27593559907750503
53.551	-0.2759355983458889
53.601	-0.27593559762313835
53.651	-0.2759355969091454
53.701	-0.2759355962038031
53.751	-0.275935595507006
53.801	-0.2759355948186499
53.851	-0.27593559413863183
53.901	-0.27593559346685015
53.951	-0.27593559280320445
54.001	-0.27593559214759555
54.051	-0.2759355914999255
54.101	-0.2759355908600975
54.151	-0.275935590228016
54.201	-0.2759355896035866
54.251	-0.27593558898671605
54.301	-0.27593558837731225
54.351	-0.27593558777528426
54.401	-0.27593558718054223
54.451	-0.2759355865929974
54.501	-0.2759355860125621
54.551	-0.27593558543914976
54.601	-0.27593558487267483
54.651	-0.2759355843130529
54.701	-0.2759355837602005
54.751	-0.2759355832140352
54.801	-0.2759355826744757
54.851	-0.2759355821414415
54.901	-0.27593558161485315
54.951	-0.2759355810946323
55.001	-0.2759355805807014
55.051	-0.2759355800729839
55.101	-0.27593557957140435
55.151	-0.2759355790758879
55.201	-0.2759355785863609
55.251	-0.2759355781027505
55.301	-0.2759355776249847
55.351	-0.27593557715299244
55.401	-0.27593557668670354
55.451	-0.2759355762260486
55.501	-0.2759355757709592
55.551	-0.2759355753213676
55.601	-0.275935574877207
55.651	-0.2759355744384114
55.701	-0.2759355740049156
55.751	-0.27593557357665516
55.801	-0.2759355731535665
55.851	-0.2759355727355868
55.901	-0.27593557232265387
55.951	-0.2759355719147065
56.001	-0.2759355715116842
56.051	-0.275935571113527
56.101	-0.27593557072017594
56.151	-0.2759355703315725
56.201	-0.27593556994765917
56.251	-0.27593556956837895
56.301	-0.27593556919367557
56.351	-0.2759355688234935
56.401	-0.27593556845777784
56.451	-0.27593556809647435
56.501	-0.27593556773952954
56.551	-0.27593556738689046
56.601	-0.27593556703850486
56.651	-0.2759355666943212
56.701	-0.2759355663542884
56.751	-0.27593556601835617
56.801	-0.27593556568647476
56.851	-0.275935565358595
56.901	-0.2759355650346683
56.951	-0.27593556471464686
57.001	-0.2759355643984832
57.051	-0.2759355640861307
57.101	-0.2759355637775429
57.151	-0.2759355634726744
57.201	-0.27593556317147994
57.251	-0.2759355628739151
57.301	-0.2759355625799358
57.351	-0.2759355622894986
57.401	-0.2759355620025606
57.451	-0.2759355617190794
57.501	-0.2759355614390131
57.551	-0.2759355611623203
57.601	-0.2759355608889602
57.651	-0.27593556061889235
57.701	-0.2759355603520769
57.751	-0.2759355600884745
57.801	-0.27593555982804613
57.851	-0.27593555957075344
57.901	-0.27593555931655844
57.951	-0.2759355590654236
58.001	-0.2759355588173119
58.051	-0.27593555857218677
58.101	-0.27593555833001193
58.151	-0.2759355580907518
58.201	-0.275935557854371
58.251	-0.2759355576208348
58.301	-0.27593555739010867
58.351	-0.2759355571621587
58.401	-0.27593555693695115
58.451	-0.27593555671445297
58.501	-0.27593555649463136
58.551	-0.2759355562774539
58.601	-0.27593555606288866
58.651	-0.275935555850904
58.701	-0.27593555564146877
58.751	-0.27593555543455206
58.801	-0.2759355552301234
58.851	-0.27593555502815287
58.901	-0.27593555482861054
58.951	-0.27593555463146724
59.001	-0.2759355544366938
59.051	-0.2759355542442617
59.101	-0.2759355540541426
59.151	-0.2759355538663085
59.201	-0.27593555368073186
59.251	-0.27593555349738536
59.301	-0.2759355533162421
59.351	-0.27593555313727536
59.401	-0.2759355529604589
59.451	-0.2759355527857668
59.501	-0.2759355526131733
59.551	-0.27593555244265316
59.601	-0.2759355522741812
59.651	-0.27593555210773285
59.701	-0.2759355519432835
59.751	-0.27593555178080914
59.801	-0.2759355516202859
59.851	-0.2759355514616902
59.901	-0.27593555130499875
59.951	-0.27593555115018864
60.001	-0.27593555099723704
60.051	-0.27593555084612165
60.101	-0.2759355506968202
60.151	-0.27593555054931085
60.201	-0.27593555040357204
60.251	-0.2759355502595823
60.301	-0.2759355501173205
60.351	-0.27593554997676595
60.401	-0.2759355498378979
60.451	-0.2759355497006961
60.501	-0.27593554956514044
60.551	-0.275935549431211
60.601	-0.2759355492988883
60.651	-0.2759355491681528
60.701	-0.2759355490389855
60.751	-0.2759355489113674
60.801	-0.27593554878527987
60.851	-0.2759355486607044
60.901	-0.27593554853762287
60.951	-0.2759355484160172
61.001	-0.2759355482958696
61.051	-0.2759355481771625
61.101	-0.2759355480598785
61.151	-0.2759355479440006
61.201	-0.2759355478295117
61.251	-0.2759355477163951
61.301	-0.27593554760463435
61.351	-0.275935547494213
61.401	-0.27593554738511494
61.451	-0.27593554727732433
61.501	-0.2759355471708253
61.551	-0.27593554706560236
61.601	-0.27593554696164013
61.651	-0.2759355468589234
61.701	-0.27593554675743726
61.751	-0.2759355466571668
61.801	-0.2759355465580974
61.851	-0.2759355464602146
61.901	-0.27593554636350415
61.951	-0.27593554626795197
62.001	-0.275935546173544
62.051	-0.27593554608026655
62.101	-0.27593554598810605
62.151	-0.27593554589704894
62.201	-0.27593554580708207
62.251	-0.27593554571819223
62.301	-0.27593554563036654
62.351	-0.2759355455435921
62.401	-0.27593554545785637
62.451	-0.2759355453731468
62.501	-0.275935545289451
62.551	-0.2759355452067569
62.601	-0.27593554512505236
62.651	-0.2759355450443255
62.701	-0.27593554496456457
62.751	-0.27593554488575794
62.801	-0.2759355448078942
62.851	-0.2759355447309619
62.901	-0.2759355446549499
62.951	-0.2759355445798472
63.001	-0.2759355445056428
63.051	-0.2759355444323259
63.101	-0.2759355443598858
63.151	-0.2759355442883121
63.201	-0.27593554421759425
63.251	-0.27593554414772203
63.301	-0.27593554407868526
63.351	-0.27593554401047393
63.401	-0.27593554394307807
63.451	-0.27593554387648794
63.501	-0.27593554381069385
63.551	-0.27593554374568624
63.601	-0.2759355436814556
63.651	-0.27593554361799266
63.701	-0.2759355435552882
63.751	-0.27593554349333316
63.801	-0.2759355434321184
63.851	-0.2759355433716352
63.901	-0.27593554331187464
63.951	-0.2759355432528281
64.001	-0.275935543194487
64.051	-0.2759355431368429
64.101	-0.2759355430798874
64.151	-0.27593554302361223
64.201	-0.27593554296800926
64.251	-0.27593554291307043
64.301	-0.27593554285878774
64.351	-0.2759355428051533
64.401	-0.27593554275215937
64.451	-0.27593554269979825
64.501	-0.27593554264806236
64.551	-0.2759355425969442
64.601	-0.2759355425464363
64.651	-0.27593554249653146
64.701	-0.27593554244722235
64.751	-0.2759355423985018
64.801	-0.2759355423503629
64.851	-0.2759355423027985
64.901	-0.27593554225580186
64.951	-0.27593554220936606
65.001	-0.2759355421634844
65.051	-0.2759355421181503
65.101	-0.27593554207335713
65.151	-0.2759355420290985
65.201	-0.27593554198536785
65.251	-0.27593554194215897
65.301	-0.2759355418994655
65.351	-0.2759355418572814
65.401	-0.27593554181560054
65.451	-0.2759355417744168
65.501	-0.27593554173372425
65.551	-0.2759355416935171
65.601	-0.2759355416537894
65.651	-0.2759355416145355
65.701	-0.2759355415757497
65.751	-0.27593554153742633
65.801	-0.27593554149955996
65.851	-0.27593554146214505
65.901	-0.27593554142517623
65.951	-0.2759355413886481
66.001	-0.2759355413525555
66.051	-0.2759355413168931
66.101	-0.2759355412816557
66.151	-0.2759355412468384
66.201	-0.275935541212436
66.251	-0.27593554117844366
66.301	-0.27593554114485636
66.351	-0.27593554111166935
66.401	-0.27593554107887774
66.451	-0.2759355410464769
66.501	-0.27593554101446205
66.551	-0.2759355409828287
66.601	-0.27593554095157213
66.651	-0.27593554092068795
66.701	-0.27593554089017164
66.751	-0.27593554086001887
66.801	-0.2759355408302252
66.851	-0.2759355408007864
66.901	-0.27593554077169824
66.951	-0.27593554074295645
67.001	-0.27593554071455695
67.051	-0.2759355406864956
67.101	-0.2759355406587684
67.151	-0.2759355406313713
67.201	-0.2759355406043004
67.251	-0.2759355405775519
67.301	-0.2759355405511217
67.351	-0.27593554052500613
67.401	-0.2759355404992015
67.451	-0.27593554047370394
67.501	-0.27593554044850993
67.551	-0.27593554042361573
67.601	-0.2759355403990178
67.651	-0.27593554037471263
67.701	-0.2759355403506967
67.751	-0.27593554032696643
67.801	-0.27593554030351863
67.851	-0.2759355402803498
67.901	-0.27593554025745654
67.951	-0.2759355402348357
68.001	-0.27593554021248395
68.051	-0.2759355401903981
68.101	-0.27593554016857497
68.151	-0.2759355401470114
68.201	-0.27593554012570426
68.251	-0.2759355401046506
68.301	-0.2759355400838473
68.351	-0.27593554006329135
68.401	-0.2759355400429799
68.451	-0.27593554002290993
68.501	-0.2759355400030786
68.551	-0.27593553998348314
68.601	-0.27593553996412057
68.651	-0.2759355399449882
68.701	-0.2759355399260833
68.751	-0.2759355399074031
68.801	-0.275935539888945
68.851	-0.27593553987070624
68.901	-0.27593553985268426
68.951	-0.2759355398348765
69.001	-0.27593553981728036
69.051	-0.2759355397998933
69.101	-0.2759355397827129
69.151	-0.27593553976573665
69.201	-0.2759355397489621
69.251	-0.2759355397323869
69.301	-0.27593553971600854
69.351	-0.2759355396998248
69.401	-0.27593553968383333
69.451	-0.27593553966803186
69.501	-0.275935539652418
69.551	-0.2759355396369897
69.601	-0.2759355396217446
69.651	-0.2759355396066806
69.701	-0.27593553959179545
69.751	-0.2759355395770871
69.801	-0.27593553956255346
69.851	-0.27593553954819233
69.901	-0.27593553953400174
69.951	-0.2759355395199797
70.001	-0.2759355395061241
70.051	-0.275935539492433
70.101	-0.2759355394789044
70.151	-0.27593553946553645
70.201	-0.2759355394523272
70.251	-0.27593553943927474
70.301	-0.27593553942637716
70.351	-0.2759355394136327
70.401	-0.2759355394010395
70.451	-0.2759355393885958
70.501	-0.27593553937629967
70.551	-0.2759355393641495
70.601	-0.27593553935214354
70.651	-0.27593553934028003
70.701	-0.27593553932855724
70.751	-0.27593553931697357
70.801	-0.27593553930552733
70.851	-0.2759355392942169
70.901	-0.2759355392830406
70.951	-0.27593553927199693
71.001	-0.2759355392610842
71.051	-0.27593553925030095
71.101	-0.2759355392396456
71.151	-0.2759355392291166
71.201	-0.2759355392187125
71.251	-0.2759355392084317
71.301	-0.27593553919827296
71.351	-0.2759355391882346
71.401	-0.27593553917831526
71.451	-0.27593553916851354
71.501	-0.27593553915882807
71.551	-0.2759355391492574
71.601	-0.2759355391398002
71.651	-0.2759355391304551
71.701	-0.27593553912122076
71.751	-0.27593553911209595
71.801	-0.2759355391030792
71.851	-0.2759355390941694
71.901	-0.2759355390853652
71.951	-0.27593553907666535
72.001	-0.27593553906806856
72.051	-0.2759355390595737
72.101	-0.27593553905117946
72.151	-0.2759355390428847
72.201	-0.2759355390346882
72.251	-0.27593553902658885
72.301	-0.2759355390185855
72.351	-0.27593553901067686
72.401	-0.275935539002862
72.451	-0.2759355389951397
72.501	-0.27593553898750883
72.551	-0.27593553897996836
72.601	-0.27593553897251727
72.651	-0.2759355389651544
72.701	-0.2759355389578787
72.751	-0.27593553895068923
72.801	-0.27593553894358486
72.851	-0.27593553893656464
72.901	-0.2759355389296275
72.951	-0.27593553892277256
73.001	-0.27593553891599876
73.051	-0.27593553890930517
73.101	-0.27593553890269085
73.151	-0.2759355388961548
73.201	-0.27593553888969613
73.251	-0.27593553888331396
73.301	-0.27593553887700734
73.351	-0.2759355388707753
73.401	-0.2759355388646171
73.451	-0.2759355388585317
73.501	-0.2759355388525184
73.551	-0.2759355388465763
73.601	-0.27593553884070443
73.651	-0.2759355388349021
73.701	-0.27593553882916844
73.751	-0.2759355388235026
73.801	-0.27593553881790384
73.851	-0.27593553881237126
73.901	-0.2759355388069042
73.951	-0.2759355388015018
74.001	-0.2759355387961633
74.051	-0.27593553879088795
74.101	-0.275935538785675
74.151	-0.27593553878052374
74.201	-0.27593553877543336
74.251	-0.2759355387704032
74.301	-0.2759355387654326
74.351	-0.27593553876052074
74.401	-0.275935538755667
74.451	-0.2759355387508706
74.501	-0.27593553874613097
74.551	-0.2759355387414474
74.601	-0.2759355387368192
74.651	-0.2759355387322457
74.701	-0.27593553872772625
74.751	-0.27593553872326027
74.801	-0.2759355387188471
74.851	-0.27593553871448606
74.901	-0.2759355387101766
74.951	-0.2759355387059181
75.001	-0.27593553870170995
75.051	-0.2759355386975515
75.101	-0.2759355386934422
75.151	-0.2759355386893815
75.201	-0.27593553868536874
75.251	-0.27593553868140347
75.301	-0.275935538677485
75.351	-0.27593553867361287
75.401	-0.2759355386697865
75.451	-0.27593553866600534
75.501	-0.27593553866226883
75.551	-0.27593553865857645
75.601	-0.27593553865492776
75.651	-0.27593553865132214
75.701	-0.2759355386477591
75.751	-0.2759355386442382
75.801	-0.27593553864075887
75.851	-0.2759355386373206
75.901	-0.275935538633923
75.951	-0.2759355386305655
76.001	-0.2759355386272477
76.051	-0.275935538623969
76.101	-0.2759355386207291
76.151	-0.2759355386175274
76.201	-0.27593553861436354
76.251	-0.27593553861123704
76.301	-0.27593553860814746
76.351	-0.27593553860509434
76.401	-0.2759355386020773
76.451	-0.27593553859909586
76.501	-0.27593553859614967
76.551	-0.2759355385932382
76.601	-0.27593553859036113
76.651	-0.275935538587518
76.701	-0.27593553858470843
76.751	-0.27593553858193204
76.801	-0.27593553857918846
76.851	-0.2759355385764772
76.901	-0.27593553857379793
76.951	-0.27593553857115033
77.001	-0.275935538568534
77.051	-0.2759355385659485
77.101	-0.2759355385633935
77.151	-0.27593553856086867
77.201	-0.2759355385583736
77.251	-0.275935538555908
77.301	-0.27593553855347147
77.351	-0.27593553855106373
77.401	-0.27593553854868436
77.451	-0.27593553854633307
77.501	-0.27593553854400954
77.551	-0.2759355385417134
77.601	-0.2759355385394443
77.651	-0.27593553853720204
77.701	-0.2759355385349862
77.751	-0.27593553853279645
77.801	-0.2759355385306326
77.851	-0.27593553852849423
77.901	-0.2759355385263811
77.951	-0.27593553852429287
78.001	-0.2759355385222293
78.051	-0.27593553852019
78.101	-0.27593553851817476
78.151	-0.27593553851618335
78.201	-0.2759355385142154
78.251	-0.2759355385122706
78.301	-0.27593553851034874
78.351	-0.27593553850844954
78.401	-0.27593553850657276
78.451	-0.2759355385047181
78.501	-0.27593553850288527
78.551	-0.27593553850107405
78.601	-0.2759355384992842
78.651	-0.27593553849751545
78.701	-0.2759355384957675
78.751	-0.27593553849404023
78.801	-0.27593553849233327
78.851	-0.2759355384906464
78.901	-0.27593553848897945
78.951	-0.27593553848733215
79.001	-0.27593553848570423
79.051	-0.2759355384840955
79.101	-0.27593553848250574
79.151	-0.2759355384809347
79.201	-0.2759355384793822
79.251	-0.2759355384778479
79.301	-0.2759355384763318
79.351	-0.2759355384748335
79.401	-0.27593553847335284
79.451	-0.2759355384718896
79.501	-0.2759355384704436
79.551	-0.2759355384690147
79.601	-0.27593553846760255
79.651	-0.2759355384662071
79.701	-0.27593553846482805
79.751	-0.27593553846346525
79.801	-0.2759355384621185
79.851	-0.2759355384607876
79.901	-0.2759355384594724
79.951	-0.27593553845817265
80.001	-0.27593553845688823
80.051	-0.2759355384556189
80.101	-0.2759355384543645
80.151	-0.27593553845312496
80.201	-0.27593553845189994
80.251	-0.27593553845068935
80.301	-0.27593553844949303
80.351	-0.2759355384483108
80.401	-0.27593553844714247
80.451	-0.2759355384459879
80.501	-0.2759355384448469
80.551	-0.2759355384437193
80.601	-0.27593553844260504
80.651	-0.27593553844150387
80.701	-0.2759355384404157
80.751	-0.27593553843934027
80.801	-0.2759355384382775
80.851	-0.2759355384372273
80.901	-0.2759355384361894
80.951	-0.2759355384351637
81.001	-0.27593553843415014
81.051	-0.27593553843314844
81.101	-0.27593553843215857
81.151	-0.27593553843118035
81.201	-0.27593553843021357
81.251	-0.2759355384292582
81.301	-0.2759355384283141
81.351	-0.2759355384273811
81.401	-0.27593553842645907
81.451	-0.27593553842554785
81.501	-0.27593553842464735
81.551	-0.2759355384237575
81.601	-0.27593553842287805
81.651	-0.275935538422009
81.701	-0.27593553842115015
81.751	-0.2759355384203014
81.801	-0.2759355384194626
81.851	-0.2759355384186337
81.901	-0.27593553841781454
81.951	-0.275935538417005
82.001	-0.275935538416205
82.051	-0.2759355384154144
82.101	-0.2759355384146331
82.151	-0.275935538413861
82.201	-0.2759355384130979
82.251	-0.2759355384123438
82.301	-0.2759355384115986
82.351	-0.27593553841086216
82.401	-0.27593553841013435
82.451	-0.27593553840941515
82.501	-0.27593553840870433
82.551	-0.27593553840800195
82.601	-0.2759355384073077
82.651	-0.2759355384066217
82.701	-0.27593553840594376
82.751	-0.2759355384052738
82.801	-0.2759355384046117
82.851	-0.27593553840395735
82.901	-0.2759355384033107
82.951	-0.27593553840267165
83.001	-0.27593553840204016
83.051	-0.27593553840141605
83.101	-0.27593553840079926
83.151	-0.2759355384001897
83.201	-0.27593553839958734
83.251	-0.27593553839899204
83.301	-0.27593553839840373
83.351	-0.27593553839782237
83.401	-0.27593553839724777
83.451	-0.27593553839667995
83.501	-0.27593553839611884
83.551	-0.2759355383955643
83.601	-0.2759355383950162
83.651	-0.27593553839447466
83.701	-0.2759355383939394
83.751	-0.27593553839341045
83.801	-0.2759355383928877
83.851	-0.2759355383923711
83.901	-0.2759355383918606
83.951	-0.27593553839135604
84.001	-0.2759355383908574
84.051	-0.27593553839036467
84.101	-0.27593553838987767
84.151	-0.2759355383893964
84.201	-0.2759355383889208
84.251	-0.27593553838845075
84.301	-0.2759355383879863
84.351	-0.2759355383875272
84.401	-0.2759355383870736
84.451	-0.2759355383866252
84.501	-0.2759355383861821
84.551	-0.27593553838574425
84.601	-0.27593553838531154
84.651	-0.2759355383848839
84.701	-0.2759355383844612
84.751	-0.27593553838404355
84.801	-0.2759355383836308
84.851	-0.2759355383832229
84.901	-0.2759355383828197
84.951	-0.2759355383824213
85.001	-0.27593553838202756
85.051	-0.2759355383816385
85.101	-0.2759355383812539
85.151	-0.27593553838087387
85.201	-0.2759355383804983
85.251	-0.27593553838012713
85.301	-0.2759355383797603
85.351	-0.2759355383793978
85.401	-0.27593553837903956
85.451	-0.2759355383786855
85.501	-0.27593553837833557
85.551	-0.2759355383779898
85.601	-0.27593553837764806
85.651	-0.27593553837731033
85.701	-0.27593553837697654
85.751	-0.2759355383766467
85.801	-0.2759355383763207
85.851	-0.27593553837599855
85.901	-0.27593553837568013
85.951	-0.2759355383753655
86.001	-0.2759355383750545
86.051	-0.2759355383747472
86.101	-0.2759355383744435
86.151	-0.27593553837414336
86.201	-0.2759355383738467
86.251	-0.27593553837355356
86.301	-0.27593553837326384
86.351	-0.2759355383729775
86.401	-0.2759355383726946
86.451	-0.2759355383724149
86.501	-0.2759355383721386
86.551	-0.27593553837186546
86.601	-0.2759355383715955
86.651	-0.2759355383713288
86.701	-0.2759355383710651
86.751	-0.2759355383708046
86.801	-0.2759355383705471
86.851	-0.2759355383702926
86.901	-0.27593553837004114
86.951	-0.2759355383697926
87.001	-0.275935538369547
87.051	-0.27593553836930423
87.101	-0.2759355383690643
87.151	-0.2759355383688272
87.201	-0.2759355383685929
87.251	-0.2759355383683614
87.301	-0.2759355383681325
87.351	-0.2759355383679063
87.401	-0.2759355383676828
87.451	-0.2759355383674619
87.501	-0.2759355383672436
87.551	-0.27593553836702783
87.601	-0.2759355383668146
87.651	-0.2759355383666039
87.701	-0.2759355383663956
87.751	-0.2759355383661898
87.801	-0.2759355383659864
87.851	-0.2759355383657853
87.901	-0.27593553836558665
87.951	-0.2759355383653903
88.001	-0.2759355383651963
88.051	-0.2759355383650045
88.101	-0.275935538364815
88.151	-0.27593553836462764
88.201	-0.27593553836444257
88.251	-0.2759355383642596
88.301	-0.2759355383640788
88.351	-0.2759355383639001
88.401	-0.27593553836372353
88.451	-0.275935538363549
88.501	-0.27593553836337653
88.551	-0.27593553836320606
88.601	-0.2759355383630376
88.651	-0.2759355383628711
88.701	-0.27593553836270657
88.751	-0.2759355383625439
88.801	-0.2759355383623832
88.851	-0.2759355383622244
88.901	-0.2759355383620674
88.951	-0.27593553836191226
89.001	-0.27593553836175894
89.051	-0.27593553836160745
89.101	-0.2759355383614577
89.151	-0.2759355383613097
89.201	-0.2759355383611634
89.251	-0.27593553836101886
89.301	-0.275935538360876
89.351	-0.2759355383607348
89.401	-0.27593553836059526
89.451	-0.27593553836045737
89.501	-0.2759355383603211
89.551	-0.27593553836018636
89.601	-0.27593553836005325
89.651	-0.2759355383599217
89.701	-0.2759355383597917
89.751	-0.27593553835966317
89.801	-0.27593553835953616
89.851	-0.27593553835941065
89.901	-0.27593553835928664
89.951	-0.275935538359164
90.001	-0.2759355383590429
90.051	-0.27593553835892315
90.101	-0.2759355383588048
90.151	-0.27593553835868784
90.201	-0.27593553835857226
90.251	-0.275935538358458
90.301	-0.2759355383583451
90.351	-0.27593553835823353
90.401	-0.27593553835812323
90.451	-0.27593553835801427
90.501	-0.2759355383579066
90.551	-0.2759355383578001
90.601	-0.2759355383576949
90.651	-0.27593553835759094
90.701	-0.2759355383574882
90.751	-0.27593553835738666
90.801	-0.2759355383572863
90.851	-0.2759355383571871
90.901	-0.27593553835708906
90.951	-0.27593553835699214
91.001	-0.2759355383568964
91.051	-0.27593553835680174
91.101	-0.27593553835670825
91.151	-0.2759355383566158
91.201	-0.27593553835652446
91.251	-0.27593553835643414
91.301	-0.27593553835634493
91.351	-0.2759355383562567
91.401	-0.2759355383561696
91.451	-0.2759355383560834
91.501	-0.2759355383559983
91.551	-0.27593553835591417
91.601	-0.275935538355831
91.651	-0.27593553835574886
91.701	-0.27593553835566764
91.751	-0.2759355383555874
91.801	-0.275935538355508
91.851	-0.2759355383554296
91.901	-0.2759355383553521
91.951	-0.2759355383552755
92.001	-0.27593553835519985
92.051	-0.275935538355125
92.101	-0.27593553835505114
92.151	-0.275935538354978
92.201	-0.27593553835490586
92.251	-0.2759355383548345
92.301	-0.2759355383547639
92.351	-0.2759355383546942
92.401	-0.2759355383546253
92.451	-0.27593553835455725
92.501	-0.2759355383544899
92.551	-0.2759355383544234
92.601	-0.2759355383543577
92.651	-0.27593553835429274
92.701	-0.2759355383542285
92.751	-0.27593553835416507
92.801	-0.27593553835410234
92.851	-0.2759355383540404
92.901	-0.2759355383539791
92.951	-0.2759355383539186
93.001	-0.27593553835385876
93.051	-0.27593553835379964
93.101	-0.2759355383537412
93.151	-0.2759355383536834
93.201	-0.27593553835362633
93.251	-0.2759355383535699
93.301	-0.27593553835351414
93.351	-0.275935538353459
93.401	-0.27593553835340456
93.451	-0.2759355383533507
93.501	-0.27593553835329754
93.551	-0.2759355383532449
93.601	-0.27593553835319296
93.651	-0.2759355383531416
93.701	-0.27593553835309087
93.751	-0.2759355383530407
93.801	-0.2759355383529911
93.851	-0.2759355383529421
93.901	-0.27593553835289364
93.951	-0.2759355383528458
94.001	-0.2759355383527985
94.051	-0.27593553835275175
94.101	-0.2759355383527055
94.151	-0.2759355383526598
94.201	-0.2759355383526147
94.251	-0.2759355383525701
94.301	-0.275935538352526
94.351	-0.2759355383524824
94.401	-0.2759355383524394
94.451	-0.2759355383523968
94.501	-0.27593553835235474
94.551	-0.27593553835231316
94.601	-0.2759355383522721
94.651	-0.27593553835223145
94.701	-0.2759355383521913
94.751	-0.2759355383521517
94.801	-0.27593553835211243
94.851	-0.2759355383520737
94.901	-0.2759355383520354
94.951	-0.2759355383519976
95.001	-0.27593553835196016
95.051	-0.2759355383519232
95.101	-0.2759355383518866
95.151	-0.27593553835185053
95.201	-0.27593553835181484
95.251	-0.27593553835177953
95.301	-0.27593553835174467
95.351	-0.27593553835171025
95.401	-0.27593553835167617
95.451	-0.27593553835164253
95.501	-0.2759355383516093
95.551	-0.27593553835157636
95.601	-0.2759355383515439
95.651	-0.27593553835151174
95.701	-0.27593553835148005
95.751	-0.27593553835144863
95.801	-0.27593553835141765
95.851	-0.275935538351387
95.901	-0.2759355383513567
95.951	-0.2759355383513268
96.001	-0.2759355383512972
96.051	-0.27593553835126794
96.101	-0.2759355383512391
96.151	-0.2759355383512105
96.201	-0.2759355383511823
96.251	-0.27593553835115436
96.301	-0.27593553835112683
96.351	-0.2759355383510996
96.401	-0.2759355383510726
96.451	-0.275935538351046
96.501	-0.2759355383510197
96.551	-0.2759355383509937
96.601	-0.275935538350968
96.651	-0.2759355383509426
96.701	-0.2759355383509175
96.751	-0.2759355383508927
96.801	-0.27593553835086815
96.851	-0.27593553835084395
96.901	-0.27593553835081996
96.951	-0.2759355383507963
97.001	-0.2759355383507729
97.051	-0.27593553835074974
97.101	-0.2759355383507269
97.151	-0.27593553835070433
97.201	-0.275935538350682
97.251	-0.2759355383506599
97.301	-0.2759355383506381
97.351	-0.27593553835061657
97.401	-0.27593553835059526
97.451	-0.2759355383505742
97.501	-0.2759355383505534
97.551	-0.2759355383505328
97.601	-0.2759355383505125
97.651	-0.2759355383504924
97.701	-0.2759355383504726
97.751	-0.2759355383504529
97.801	-0.27593553835043355
97.851	-0.27593553835041434
97.901	-0.2759355383503954
97.951	-0.2759355383503767
98.001	-0.27593553835035817
98.051	-0.2759355383503399
98.101	-0.2759355383503218
98.151	-0.27593553835030393
98.201	-0.2759355383502863
98.251	-0.2759355383502688
98.301	-0.2759355383502516
98.351	-0.27593553835023454
98.401	-0.27593553835021767
98.451	-0.275935538350201
98.501	-0.27593553835018453
98.551	-0.27593553835016826
98.601	-0.2759355383501522
98.651	-0.2759355383501363
98.701	-0.2759355383501206
98.751	-0.2759355383501051
98.801	-0.2759355383500897
98.851	-0.27593553835007456
98.901	-0.2759355383500596
98.951	-0.27593553835004475
99.001	-0.2759355383500301
99.051	-0.27593553835001566
99.101	-0.27593553835000134
99.151	-0.2759355383499872
99.201	-0.27593553834997325
99.251	-0.27593553834995943
99.301	-0.2759355383499458
99.351	-0.2759355383499323
99.401	-0.27593553834991896
99.451	-0.27593553834990575
99.501	-0.27593553834989276
99.551	-0.2759355383498799
99.601	-0.27593553834986717
99.651	-0.27593553834985457
99.701	-0.27593553834984214
99.751	-0.27593553834982987
99.801	-0.2759355383498177
99.851	-0.2759355383498057
99.901	-0.27593553834979384
99.951	-0.27593553834978213
500.	-0.27593553834878504