0.001	-513.1140834108093
0.051	-10.217802215787618
0.101	-5.239239007092577
0.151	-3.558139939140303
0.201	-2.713707761127951
0.251	-2.2059398697820067
0.301	-1.8670613261469886
0.351	-1.6248954648642808
0.401	-1.443263972820013
0.451	-1.3020321482946442
0.501	-1.1891031067308133
0.551	-1.0967708581350624
0.601	-1.0198938117342964
0.651	-0.9549099835564677
0.701	-0.8992736558320805
0.751	-0.8511170725876328
0.801	-0.8090388410100399
0.851	-0.7719669269253431
0.901	-0.7390672677657255
0.951	-0.7096812142541594
1.001	-0.6832817208354786
1.051	-0.6594420412180491
1.101	-0.6378129537411024
1.151	-0.6181059227892867
1.201	-0.6000804663489164
1.251	-0.5835345529276614
1.301	-0.5682972128667236
1.351	-0.5542227903686868
1.401	-0.5411864263548944
1.451	-0.5290804752603198
1.501	-0.5178116379923627
1.551	-0.5072986494433954
1.601	-0.49747039932419573
1.651	-0.48826439445738334
1.701	-0.47962549227159745
1.751	-0.47150485128724184
1.801	-0.4638590564244162
1.851	-0.4566493860764323
1.901	-0.44984119484793755
1.951	-0.4434033912079691
2.001	-0.4373079934561253
2.051	-0.4315297506378376
2.101	-0.4260458175890449
2.151	-0.4208354753025996
2.201	-0.41587988940940507
2.251	-0.4111619008479578
2.301	-0.4066658438261853
2.351	-0.40237738701249776
2.401	-0.39828339456986744
2.451	-0.39437180419937384
2.501	-0.390631519812839
2.551	-0.3870523168274247
2.601	-0.3836247583837316
2.651	-0.38034012104521864
2.701	-0.37719032875033376
2.751	-0.3741678939673928
2.801	-0.3712658651521828
2.851	-0.3684777797345399
2.901	-0.3657976219668424
2.951	-0.3632197850577744
3.001	-0.3607390370915768
3.051	-0.358350490298528
3.101	-0.35604957329840947
3.151	-0.35383200598672815
3.201	-0.35169377677473396
3.251	-0.349631121929823
3.301	-0.3476405067936247
3.351	-0.34571860868165516
3.401	-0.34386230129148326
3.451	-0.34206864046641605
3.501	-0.3403348511791884
3.551	-0.33865831561540843
3.601	-0.3370365622498669
3.651	-0.3354672558205286
3.701	-0.3339481881153132
3.751	-0.33247726949582285
3.801	-0.3310525210901595
3.851	-0.32967206759401724
3.901	-0.328334130625477
3.951	-0.32703702258445116
4.001	-0.3257791409726324
4.051	-0.3245589631341582
4.101	-0.3233750413810861
4.151	-0.3222259984712301
4.201	-0.32111052340900414
4.251	-0.320027367542675
4.301	-0.3189753409339049
4.351	-0.3179533089776788
4.401	-0.31696018925270447
4.451	-0.31599494858415966
4.501	-0.3150566003022763
4.551	-0.314144201681697
4.601	-0.31325685154785493
4.651	-0.3123936880378043
4.701	-0.31155388650400495
4.751	-0.3107366575505261
4.801	-0.30994124519201793
4.851	-0.3091669251265908
4.901	-0.3084130031144676
4.951	-0.3076788134549319
5.001	-0.30696371755469093
5.051	-0.3062671025813192
5.101	-0.30558838019594464
5.151	-0.3049269853597923
5.201	-0.30428237520961376
5.251	-0.3036540279974127
5.301	-0.30304144209021844
5.351	-0.30244413502598133
5.401	-0.3018616426219513
5.451	-0.3012935181321702
5.501	-0.3007393314509523
5.551	-0.3001986683594527
5.601	-0.2996711298126313
5.651	-0.29915633126410934
5.701	-0.29865390202659253
5.751	-0.2981634846656946
5.801	-0.29768473442514753
5.851	-0.2972173186815189
5.901	-0.2967609164266867
5.951	-0.29631521777643854
6.001	-0.2958799235036713
6.051	-0.29545474459476795
6.101	-0.2950394018278213
6.151	-0.29463362537146187
6.201	-0.2942371544031258
6.251	-0.2938497367456749
6.301	-0.2934711285213478
6.351	-0.2931010938220889
6.401	-0.29273940439535645
6.451	-0.292385839344573
6.501	-0.29204018484342614
6.551	-0.29170223386328215
6.601	-0.2913717859130152
6.651	-0.2910486467905994
6.701	-0.2907326283458484
6.751	-0.29042354825372496
6.801	-0.2901212297976759
6.851	-0.28982550166247983
6.901	-0.2895361977361256
6.951	-0.28925315692026565
7.001	-0.28897622294881614
7.051	-0.28870524421429844
7.101	-0.28844007360154106
7.151	-0.28818056832838074
7.201	-0.2879265897930226
7.251	-0.28767800342773814
7.301	-0.2874346785585957
7.351	-0.2871964882709382
7.401	-0.28696330928033315
7.451	-0.28673502180874105
7.501	-0.2865115094656553
7.551	-0.28629265913398516
7.601	-0.2860783608604626
7.651	-0.2858685077503651
7.701	-0.28566299586635907
7.751	-0.28546172413127724
7.801	-0.2852645942346531
7.851	-0.2850715105428455
7.901	-0.2848823800125928
7.951	-0.2846971121078469
8.001	-0.28451561871974246
8.051	-0.28433781408956593
8.101	-0.284163614734593
8.151	-0.28399293937667264
8.201	-0.28382570887343955
8.251	-0.28366184615204376
8.301	-0.28350127614529086
8.351	-0.28334392573009143
8.401	-0.28318972366812417
8.451	-0.2830386005486197
8.501	-0.2828904887331787
8.551	-0.28274532230254024
8.601	-0.282603037005221
8.651	-0.28246357020794977
8.701	-0.2823268608478244
8.751	-0.28219284938612277
8.801	-0.28206147776370133
8.851	-0.2819326893579186
8.901	-0.2818064289410235
8.951	-0.2816826426399508
9.001	-0.28156127789746954
9.051	-0.2814422834346313
9.101	-0.28132560921446814
9.151	-0.2812112064068934
9.201	-0.2810990273547579
9.251	-0.28098902554101873
9.301	-0.28088115555697873
9.351	-0.28077537307155576
9.401	-0.2806716348015438
9.451	-0.2805698984828291
9.501	-0.28047012284252576
9.551	-0.2803722675719971
9.601	-0.28027629330073056
9.651	-0.2801821615710348
9.701	-0.28008983481352956
9.751	-0.27999927632339927
9.801	-0.2799104502373836
9.851	-0.27982332151147815
9.901	-0.2797378558993205
9.951	-0.2796540199312368
10.001	-0.2795717808939269
10.051	-0.27949110681076417
10.101	-0.2794119664226895
10.151	-0.27933432916967915
10.201	-0.27925816517276586
10.251	-0.2791834452165949
10.301	-0.2791101407324963
10.351	-0.27903822378205634
10.401	-0.27896766704117104
10.451	-0.27889844378456485
10.501	-0.27883052787076046
10.551	-0.278763893727483
10.601	-0.27869851633748544
10.651	-0.27863437122478085
10.701	-0.27857143444126753
10.751	-0.27850968255373565
10.801	-0.27844909263124107
10.851	-0.27838964223283613
10.901	-0.27833130939564477
10.951	-0.2782740726232713
11.001	-0.27821791087453235
11.051	-0.2781628035525009
11.101	-0.27810873049385376
11.151	-0.27805567195851166
11.201	-0.27800360861956347
11.251	-0.2779525215534653
11.301	-0.27790239223050617
11.351	-0.2778532025055319
11.401	-0.27780493460891914
11.451	-0.2777575711377916
11.501	-0.27771109504747155
11.551	-0.27766548964315935
11.601	-0.27762073857183356
11.651	-0.2775768258143654
11.701	-0.2775337356778408
11.751	-0.2774914527880845
11.801	-0.27744996208237893
11.851	-0.27740924880237333
11.901	-0.2773692984871763
11.951	-0.2773300969666275
12.001	-0.2772916303547426
12.051	-0.2772538850433257
12.101	-0.2772168476957465
12.151	-0.2771805052408744
12.201	-0.27714484486716784
12.251	-0.2771098540169126
12.301	-0.2770755203806053
12.351	-0.277041831891478
12.401	-0.2770087767201603
12.451	-0.2769763432694734
12.501	-0.276944520169355
12.551	-0.27691329627190886
12.601	-0.2768826606465766
12.651	-0.2768526025754289
12.701	-0.2768231115485714
12.751	-0.2767941772596635
12.801	-0.27676578960154535
12.851	-0.27673793866197194
12.901	-0.2767106147194498
12.951	-0.276683808239174
13.001	-0.2766575098690631
13.051	-0.2766317104358889
13.101	-0.27660640094149846
13.151	-0.2765815725591259
13.201	-0.27655721662979227
13.251	-0.2765333246587898
13.301	-0.2765098883122494
13.351	-0.27648689941378857
13.401	-0.27646434994123814
13.451	-0.276442232023445
13.501	-0.2764205379371495
13.551	-0.27639926010393523
13.601	-0.27637839108724943
13.651	-0.27635792358949185
13.701	-0.27633785044917064
13.751	-0.2763181646381237
13.801	-0.27629885925880315
13.851	-0.27627992754162184
13.901	-0.2762613628423599
13.951	-0.2762431586396306
14.001	-0.27622530853240274
14.051	-0.27620780623757923
14.101	-0.2761906455876299
14.151	-0.27617382052827744
14.201	-0.2761573251162348
14.251	-0.2761411535169931
14.301	-0.27612530000265845
14.351	-0.2761097589498369
14.401	-0.276094524837566
14.451	-0.27607959224529166
14.501	-0.2760649558508897
14.551	-0.2760506104287306
14.601	-0.2760365508477864
14.651	-0.27602277206977904
14.701	-0.27600926914736873
14.751	-0.2759960372223815
14.801	-0.27598307152407503
14.851	-0.2759703673674423
14.901	-0.27595792015155085
14.951	-0.27594572535791834
15.001	-0.27593377854892237
15.051	-0.2759220753662445
15.101	-0.27591061152934726
15.151	-0.2758993828339831
15.201	-0.2758883851507356
15.251	-0.2758776144235909
15.301	-0.27586706666853916
15.351	-0.2758567379722059
15.401	-0.2758466244905113
15.451	-0.27583672244735813
15.501	-0.2758270281333467
15.551	-0.27581753790451646
15.601	-0.2758082481811141
15.651	-0.2757991554463864
15.701	-0.2757902562453988
15.751	-0.2757815471838779
15.801	-0.2757730249270775
15.851	-0.27576468619866845
15.901	-0.27575652777965076
15.951	-0.27574854650728786
16.001	-0.275740739274063
16.051	-0.2757331030266563
16.101	-0.27572563476494305
16.151	-0.2757183315410114
16.201	-0.2757111904582011
16.251	-0.27570420867016043
16.301	-0.2756973833799227
16.351	-0.2756907118390011
16.401	-0.2756841913465015
16.451	-0.27567781924825313
16.501	-0.27567159293595644
16.551	-0.2756655098463479
16.601	-0.2756595674603816
16.651	-0.2756537633024263
16.701	-0.27564809493947934
16.751	-0.27564255998039505
16.801	-0.2756371560751292
16.851	-0.2756318809139974
16.901	-0.2756267322269487
16.951	-0.27562170778285305
17.001	-0.2756168053888026
17.051	-0.2756120228894268
17.101	-0.2756073581662206
17.151	-0.2756028091368856
17.201	-0.27559837375468443
17.251	-0.2755940500078067
17.301	-0.2755898359187481
17.351	-0.2755857295437007
17.401	-0.2755817289719554
17.451	-0.2755778323253155
17.501	-0.2755740377575218
17.551	-0.27557034345368836
17.601	-0.275566747629749
17.651	-0.2755632485319145
17.701	-0.2755598444361402
17.751	-0.2755565336476032
17.801	-0.27555331450018977
17.851	-0.2755501853559925
17.901	-0.2755471446048167
17.951	-0.275544190663696
18.001	-0.2755413219764174
18.051	-0.27553853701305475
18.101	-0.27553583426951145
18.151	-0.2755332122670711
18.201	-0.275530669551957
18.251	-0.2755282046948997
18.301	-0.27552581629071216
18.351	-0.2755235029578737
18.401	-0.27552126333812055
18.451	-0.2755190960960448
18.501	-0.27551699991870016
18.551	-0.2755149735152155
18.601	-0.27551301561641506
18.651	-0.2755111249744457
18.701	-0.2755093003624111
18.751	-0.27550754057401283
18.801	-0.27550584442319725
18.851	-0.2755042107438096
18.901	-0.275502638389254
18.951	-0.27550112623215983
19.001	-0.2754996731640538
19.051	-0.27549827809503846
19.101	-0.2754969399534759
19.151	-0.27549565768567774
19.201	-0.27549443025560044
19.251	-0.275493256644546
19.301	-0.2754921358508681
19.351	-0.2754910668896838
19.401	-0.27549004879258976
19.451	-0.27548908060738414
19.501	-0.27548816139779336
19.551	-0.2754872902432033
19.601	-0.2754864662383956
19.651	-0.27548568849328897
19.701	-0.2754849561326844
19.751	-0.2754842682960153
19.801	-0.2754836241371021
19.851	-0.2754830228239109
19.901	-0.27548246353831674
19.951	-0.2754819454758706
20.001	-0.27548146784557115
20.051	-0.2754810298696395
20.101	-0.275480630783299
20.151	-0.2754802698345582
20.201	-0.2754799462839979
20.251	-0.2754796594045617
20.301	-0.2754794084813503
20.351	-0.2754791928114196
20.401	-0.27547901170358197
20.451	-0.2754788644782111
20.501	-0.27547875046705056
20.551	-0.2754786690130248
20.601	-0.2754786194700546
20.651	-0.2754786012028747
20.701	-0.2754786135868552
20.751	-0.27547865600782573
20.801	-0.27547872786190275
20.851	-0.27547882855531985
20.901	-0.275478957504261
20.951	-0.27547911413469633
21.001	-0.27547929788222125
21.051	-0.2754795081918979
21.101	-0.2754797445180996
21.151	-0.2754800063243576
21.201	-0.2754802930832109
21.251	-0.2754806042760583
21.301	-0.27548093939301305
21.351	-0.2754812979327599
21.401	-0.27548167940241475
21.451	-0.27548208331738666
21.501	-0.275482509201242
21.551	-0.275482956585571
21.601	-0.2754834250098566
21.651	-0.27548391402134564
21.701	-0.2754844231749219
21.751	-0.27548495203298135
21.801	-0.2754855001653099
21.851	-0.27548606714896273
21.901	-0.27548665256814575
21.951	-0.2754872560140993
22.001	-0.27548787708498335
22.051	-0.2754885153857652
22.101	-0.2754891705281085
22.151	-0.2754898421302645
22.201	-0.2754905298169649
22.251	-0.2754912332193166
22.301	-0.2754919519746982
22.351	-0.2754926857266582
22.401	-0.27549343412481464
22.451	-0.2754941968247571
22.501	-0.2754949734879495
22.551	-0.275495763781635
22.601	-0.27549656737874245
22.651	-0.2754973839577941
22.701	-0.27549821320281537
22.751	-0.27549905480324527
22.801	-0.2754999084538492
22.851	-0.2755007738546328
22.901	-0.27550165071075683
22.951	-0.2755025387324543
23.001	-0.275503437634948
23.051	-0.2755043471383704
23.101	-0.27550526696768385
23.151	-0.2755061968526028
23.201	-0.2755071365275171
23.251	-0.2755080857314166
23.301	-0.2755090442078165
23.351	-0.2755100117046848
23.401	-0.2755109879743701
23.451	-0.27551197277353134
23.501	-0.2755129658630678
23.551	-0.27551396700805103
23.601	-0.2755149759776575
23.651	-0.27551599254510256
23.701	-0.275517016487575
23.751	-0.2755180475861733
23.801	-0.27551908562584265
23.851	-0.2755201303953127
23.901	-0.2755211816870369
23.951	-0.2755222392971321
24.001	-0.27552330302532
24.051	-0.27552437267486884
24.101	-0.2755254480525362
24.151	-0.2755265289685128
24.201	-0.2755276152363676
24.251	-0.2755287066729926
24.301	-0.27552980309855024
24.351	-0.27553090433641986
24.401	-0.2755320102131466
24.451	-0.27553312055838985
24.501	-0.2755342352048734
24.551	-0.275535353988336
24.601	-0.2755364767474828
24.651	-0.2755376033239373
24.701	-0.2755387335621949
24.751	-0.27553986730957597
24.801	-0.27554100441618073
24.851	-0.2755421447348443
24.901	-0.2755432881210925
24.951	-0.27554443443309895
25.001	-0.27554558353164155
25.051	-0.27554673528006124
25.101	-0.27554788954422027
25.151	-0.27554904619246157
25.201	-0.27555020509556866
25.251	-0.2755513661267264
25.301	-0.2755525291614823
25.351	-0.27555369407770797
25.401	-0.27555486075556185
25.451	-0.27555602907745225
25.501	-0.27555719892800107
25.551	-0.27555837019400775
25.601	-0.2755595427644142
25.651	-0.27556071653027014
25.701	-0.2755618913846991
25.751	-0.2755630672228646
25.801	-0.2755642439419373
25.851	-0.2755654214410624
25.901	-0.2755665996213276
25.951	-0.2755677783857318
26.001	-0.2755689576391539
26.051	-0.27557013728832236
26.101	-0.27557131724178513
26.151	-0.2755724974098802
26.201	-0.2755736777047064
26.251	-0.27557485804009496
26.301	-0.275576038331581
26.351	-0.2755772184963762
26.401	-0.2755783984533411
26.451	-0.27557957812295863
26.501	-0.27558075742730737
26.551	-0.27558193629003574
26.601	-0.2755831146363361
26.651	-0.27558429239292
26.701	-0.2755854694879928
26.751	-0.27558664585122966
26.801	-0.2755878214137514
26.851	-0.2755889961081007
26.901	-0.27559016986821916
26.951	-0.2755913426294237
27.001	-0.2755925143283849
27.051	-0.2755936849031039
27.101	-0.2755948542928912
27.151	-0.2755960224383448
27.201	-0.27559718928132915
27.251	-0.2755983547649542
27.301	-0.275599518833555
27.351	-0.2756006814326713
27.401	-0.2756018425090279
27.451	-0.27560300201051496
27.501	-0.27560415988616876
27.551	-0.2756053160861527
27.601	-0.2756064705617386
27.651	-0.27560762326528837
27.701	-0.2756087741502361
27.751	-0.2756099231710699
27.801	-0.2756110702833146
27.851	-0.2756122154435145
27.901	-0.27561335860921626
27.951	-0.2756144997389524
28.001	-0.2756156387922246
28.051	-0.27561677572948773
28.101	-0.2756179105121335
28.151	-0.27561904310247554
28.201	-0.27562017346373296
28.251	-0.275621301560016
28.301	-0.2756224273563106
28.351	-0.27562355081846374
28.401	-0.27562467191316903
28.451	-0.27562579060795234
28.501	-0.2756269068711577
28.551	-0.2756280206719337
28.601	-0.2756291319802196
28.651	-0.27563024076673204
28.701	-0.2756313470029519
28.751	-0.27563245066111114
28.801	-0.27563355171418025
28.851	-0.2756346501358555
28.901	-0.27563574590054646
28.951	-0.27563683898336405
29.001	-0.27563792936010845
29.051	-0.27563901700725707
29.101	-0.2756401019019532
29.151	-0.2756411840219945
29.201	-0.2756422633458216
29.251	-0.275643339852507
29.301	-0.2756444135217444
29.351	-0.2756454843338377
29.401	-0.27564655226969037
29.451	-0.27564761731079535
29.501	-0.27564867943922455
29.551	-0.2756497386376187
29.601	-0.27565079488917765
29.651	-0.27565184817765037
29.701	-0.27565289848732544
29.751	-0.2756539458030216
29.801	-0.27565499011007827
29.851	-0.2756560313943466
29.901	-0.2756570696421802
29.951	-0.27565810484042635
30.001	-0.2756591369764173
30.051	-0.27566016603796156
30.101	-0.27566119201333544
30.151	-0.27566221489127474
30.201	-0.2756632346609664
30.251	-0.27566425131204075
30.301	-0.27566526483456305
30.351	-0.27566627521902604
30.401	-0.2756672824563421
30.451	-0.27566828653783554
30.501	-0.2756692874552354
30.551	-0.27567028520066783
30.601	-0.27567127976664907
30.651	-0.275672271146078
30.701	-0.2756732593322296
30.751	-0.27567424431874754
30.801	-0.27567522609963785
30.851	-0.2756762046692618
30.901	-0.2756771800223297
30.951	-0.27567815215389424
31.001	-0.275679121059344
31.051	-0.2756800867343974
31.101	-0.27568104917509656
31.151	-0.2756820083778008
31.201	-0.2756829643391812
31.251	-0.27568391705621437
31.301	-0.2756848665261768
31.351	-0.27568581274663906
31.401	-0.27568675571546025
31.451	-0.2756876954307826
31.501	-0.27568863189102566
31.551	-0.2756895650948815
31.601	-0.27569049504130894
31.651	-0.27569142172952865
31.701	-0.275692345159018
31.751	-0.275693265329506
31.801	-0.2756941822409685
31.851	-0.275695095893623
31.901	-0.27569600628792434
31.951	-0.2756969134245597
32.001	-0.27569781730444404
32.051	-0.2756987179287154
32.101	-0.2756996152987308
32.151	-0.2757005094160614
32.201	-0.27570140028248846
32.251	-0.275702287899999
32.301	-0.27570317227078145
32.351	-0.2757040533972217
32.401	-0.27570493128189905
32.451	-0.27570580592758204
32.501	-0.2757066773372246
32.551	-0.27570754551396226
32.601	-0.2757084104611083
32.651	-0.2757092721821498
32.701	-0.27571013068074435
32.751	-0.27571098596071597
32.801	-0.27571183802605204
32.851	-0.2757126868808993
32.901	-0.27571353252956066
32.951	-0.2757143749764918
33.001	-0.2757152142262978
33.051	-0.2757160502837298
33.101	-0.2757168831536819
33.151	-0.27571771284118773
33.201	-0.2757185393514176
33.251	-0.27571936268967523
33.301	-0.27572018286139477
33.351	-0.27572099987213805
33.401	-0.2757218137275912
33.451	-0.27572262443356205
33.501	-0.2757234319959774
33.551	-0.27572423642087995
33.601	-0.27572503771442586
33.651	-0.27572583588288174
33.701	-0.27572663093262223
33.751	-0.2757274228701273
33.801	-0.2757282117019797
33.851	-0.27572899743486257
33.901	-0.2757297800755566
33.951	-0.27573055963093807
34.001	-0.2757313361079761
34.051	-0.2757321095137304
34.101	-0.2757328798553489
34.151	-0.2757336471400657
34.201	-0.2757344113751985
34.251	-0.27573517256814667
34.301	-0.27573593072638886
34.351	-0.275736685857481
34.401	-0.2757374379690543
34.451	-0.27573818706881303
34.501	-0.2757389331645324
34.551	-0.2757396762640569
34.601	-0.275740416375298
34.651	-0.27574115350623263
34.701	-0.27574188766490076
34.751	-0.275742618859404
34.801	-0.2757433470979036
34.851	-0.2757440723886187
34.901	-0.27574479473982433
34.951	-0.27574551415985016
35.001	-0.27574623065707826
35.051	-0.2757469442399419
35.101	-0.2757476549169235
35.151	-0.2757483626965533
35.201	-0.2757490675874077
35.251	-0.2757497695981076
35.301	-0.27575046873731696
35.351	-0.2757511650137413
35.401	-0.27575185843612615
35.451	-0.2757525490132557
35.501	-0.2757532367539513
35.551	-0.27575392166706997
35.601	-0.2757546037615033
35.651	-0.2757552830461757
35.701	-0.27575595953004345
35.751	-0.2757566332220932
35.801	-0.27575730413134064
35.851	-0.2757579722668294
35.901	-0.27575863763762976
35.951	-0.27575930025283724
36.001	-0.27575996012157167
36.051	-0.275760617252976
36.101	-0.275761271656215
36.151	-0.2757619233404741
36.201	-0.27576257231495854
36.251	-0.275763218588892
36.301	-0.2757638621715158
36.351	-0.27576450307208744
36.401	-0.2757651412998801
36.451	-0.27576577686418124
36.501	-0.27576640977429173
36.551	-0.2757670400395249
36.601	-0.2757676676692056
36.651	-0.27576829267266906
36.701	-0.27576891505926027
36.751	-0.275769534838333
36.801	-0.27577015201924865
36.851	-0.2757707666113758
36.901	-0.2757713786240889
36.951	-0.27577198806676795
37.001	-0.2757725949487972
37.051	-0.2757731992795646
37.101	-0.275773801068461
37.151	-0.27577440032487927
37.201	-0.2757749970582137
37.251	-0.27577559127785906
37.301	-0.27577618299321005
37.351	-0.2757767722136604
37.401	-0.2757773589486025
37.451	-0.27577794320742627
37.501	-0.27577852499951877
37.551	-0.2757791043342635
37.601	-0.27577968122103974
37.651	-0.2757802556692219
37.701	-0.27578082768817874
37.751	-0.27578139728727324
37.801	-0.27578196447586145
37.851	-0.2757825292632922
37.901	-0.2757830916589065
37.951	-0.275783651672037
38.001	-0.27578420931200726
38.051	-0.27578476458813145
38.101	-0.27578531750971363
38.151	-0.2757858680860475
38.201	-0.27578641632641554
38.251	-0.2757869622400888
38.301	-0.2757875058363263
38.351	-0.27578804712437444
38.401	-0.27578858611346696
38.451	-0.275789122812824
38.501	-0.27578965723165183
38.551	-0.27579018937914257
38.601	-0.2757907192644736
38.651	-0.2757912468968072
38.701	-0.27579177228529
38.751	-0.2757922954390529
38.801	-0.2757928163672106
38.851	-0.2757933350788607
38.901	-0.2757938515830843
38.951	-0.2757943658889447
39.001	-0.2757948780054875
39.051	-0.2757953879417405
39.101	-0.2757958957067128
39.151	-0.2757964013093948
39.201	-0.2757969047587578
39.251	-0.2757974060637538
39.301	-0.27579790523331504
39.351	-0.2757984022763539
39.401	-0.2757988972017622
39.451	-0.2757993900184115
39.501	-0.27579988073515244
39.551	-0.27580036936081453
39.601	-0.2758008559042059
39.651	-0.2758013403741131
39.701	-0.2758018227793008
39.751	-0.2758023031285116
39.801	-0.2758027814304658
39.851	-0.2758032576938611
39.901	-0.2758037319273723
39.951	-0.2758042041396514
40.001	-0.27580467433932704
40.051	-0.2758051425350045
40.101	-0.27580560873526544
40.151	-0.27580607294866777
40.201	-0.27580653518374537
40.251	-0.2758069954490079
40.301	-0.2758074537529407
40.351	-0.2758079101040047
40.401	-0.2758083645106359
40.451	-0.27580881698124576
40.501	-0.2758092675242206
40.551	-0.2758097161479215
40.601	-0.2758101628606844
40.651	-0.2758106076708197
40.701	-0.27581105058661237
40.751	-0.27581149161632157
40.801	-0.2758119307681806
40.851	-0.27581236805039694
40.901	-0.27581280347115195
40.951	-0.2758132370386008
41.001	-0.2758136687608723
41.051	-0.27581409864606915
41.101	-0.2758145267022672
41.151	-0.275814952937516
41.201	-0.27581537735983824
41.251	-0.27581579997722994
41.301	-0.2758162207976602
41.351	-0.27581663982907134
41.401	-0.27581705707937854
41.451	-0.2758174725564698
41.501	-0.27581788626820625
41.551	-0.27581829822242154
41.601	-0.27581870842692224
41.651	-0.27581911688948735
41.701	-0.27581952361786877
41.751	-0.2758199286197906
41.801	-0.2758203319029498
41.851	-0.2758207334750155
41.901	-0.2758211333436294
41.951	-0.2758215315164055
42.001	-0.2758219280009301
42.051	-0.2758223228047619
42.101	-0.27582271593543173
42.151	-0.27582310740044286
42.201	-0.2758234972072705
42.251	-0.2758238853633623
42.301	-0.27582427187613784
42.351	-0.27582465675298906
42.401	-0.2758250400012799
42.451	-0.27582542162834633
42.501	-0.27582580164149667
42.551	-0.2758261800480112
42.601	-0.27582655685514224
42.651	-0.2758269320701142
42.701	-0.2758273057001237
42.751	-0.2758276777523393
42.801	-0.2758280482339018
42.851	-0.27582841715192385
42.901	-0.27582878451349047
42.951	-0.27582915032565863
43.001	-0.2758295145954574
43.051	-0.2758298773298881
43.101	-0.2758302385359241
43.151	-0.2758305982205109
43.201	-0.2758309563905664
43.251	-0.2758313130529803
43.301	-0.27583166821461497
43.351	-0.2758320218823047
43.401	-0.27583237406285627
43.451	-0.27583272476304854
43.501	-0.27583307398963297
43.551	-0.27583342174933306
43.601	-0.275833768048845
43.651	-0.2758341128948373
43.701	-0.27583445629395076
43.751	-0.27583479825279894
43.801	-0.2758351387779678
43.851	-0.27583547787601587
43.901	-0.2758358155534743
43.951	-0.275836151816847
44.001	-0.2758364866726104
44.051	-0.27583682012721383
44.101	-0.2758371521870794
44.151	-0.2758374828586019
44.201	-0.2758378121481492
44.251	-0.275838140062062
44.301	-0.27583846660665395
44.351	-0.2758387917882119
44.401	-0.2758391156129957
44.451	-0.27583943808723826
44.501	-0.2758397592171458
44.551	-0.27584007900889784
44.601	-0.2758403974686471
44.651	-0.2758407146025197
44.701	-0.2758410304166152
44.751	-0.2758413449170067
44.801	-0.2758416581097408
44.851	-0.27584197000083777
44.901	-0.2758422805962914
44.951	-0.2758425899020695
45.001	-0.27584289792411343
45.051	-0.27584320466833845
45.101	-0.27584351014063396
45.151	-0.2758438143468631
45.201	-0.2758441172928633
45.251	-0.27584441898444595
45.301	-0.27584471942739675
45.351	-0.2758450186274756
45.401	-0.2758453165904169
45.451	-0.2758456133219293
45.501	-0.27584590882769594
45.551	-0.2758462031133747
45.601	-0.27584649618459783
45.651	-0.27584678804697255
45.701	-0.2758470787060806
45.751	-0.27584736816747885
45.801	-0.27584765643669884
45.851	-0.2758479435192473
45.901	-0.2758482294206059
45.951	-0.2758485141462315
46.001	-0.27584879770155635
46.051	-0.2758490800919877
46.101	-0.27584936132290855
46.151	-0.275849641399677
46.201	-0.27584992032762695
46.251	-0.2758501981120678
46.301	-0.27585047475828467
46.351	-0.27585075027153855
46.401	-0.2758510246570661
46.451	-0.27585129792008006
46.501	-0.2758515700657692
46.551	-0.2758518410992983
46.601	-0.2758521110258083
46.651	-0.2758523798504166
46.701	-0.27585264757821665
46.751	-0.2758529142142786
46.801	-0.27585317976364887
46.851	-0.27585344423135066
46.901	-0.2758537076223837
46.951	-0.2758539699417246
47.001	-0.27585423119432667
47.051	-0.27585449138512025
47.101	-0.27585475051901265
47.151	-0.2758550086008882
47.201	-0.27585526563560847
47.251	-0.27585552162801225
47.301	-0.2758557765829157
47.351	-0.27585603050511237
47.401	-0.27585628339937335
47.451	-0.27585653527044723
47.501	-0.2758567861230604
47.551	-0.2758570359619169
47.601	-0.27585728479169863
47.651	-0.2758575326170655
47.701	-0.2758577794426553
47.751	-0.2758580252730841
47.801	-0.2758582701129459
47.851	-0.27585851396681316
47.901	-0.27585875683923655
47.951	-0.27585899873474534
48.001	-0.2758592396578472
48.051	-0.2758594796130285
48.101	-0.27585971860475406
48.151	-0.27585995663746776
48.201	-0.27586019371559223
48.251	-0.27586042984352893
48.301	-0.2758606650256586
48.351	-0.2758608992663409
48.401	-0.2758611325699146
48.451	-0.2758613649406981
48.501	-0.27586159638298874
48.551	-0.2758618269010637
48.601	-0.2758620564991794
48.651	-0.275862285181572
48.701	-0.27586251295245745
48.751	-0.2758627398160314
48.801	-0.27586296577646924
48.851	-0.2758631908379266
48.901	-0.2758634150045389
48.951	-0.27586363828042193
49.001	-0.27586386066967145
49.051	-0.2758640821763636
49.101	-0.27586430280455493
49.151	-0.2758645225582825
49.201	-0.27586474144156375
49.251	-0.27586495945839695
49.301	-0.27586517661276094
49.351	-0.27586539290861534
49.401	-0.27586560834990076
49.451	-0.2758658229405387
49.501	-0.2758660366844317
49.551	-0.27586624958546346
49.601	-0.27586646164749884
49.651	-0.27586667287438404
49.701	-0.27586688326994663
49.751	-0.27586709283799554
49.801	-0.2758673015823214
49.851	-0.27586750950669636
49.901	-0.2758677166148742
49.951	-0.27586792291059065
50.001	-0.27586812839756314
50.051	-0.27586833307949116
50.101	-0.27586853696005614
50.151	-0.27586874004292167
50.201	-0.2758689423317335
50.251	-0.2758691438301197
50.301	-0.27586934454169054
50.351	-0.27586954447003886
50.401	-0.27586974361873995
50.451	-0.27586994199135173
50.501	-0.27587013959141465
50.551	-0.275870336422452
50.601	-0.27587053248796994
50.651	-0.2758707277914575
50.701	-0.27587092233638655
50.751	-0.2758711161262121
50.801	-0.27587130916437247
50.851	-0.27587150145428896
50.901	-0.27587169299936615
50.951	-0.2758718838029922
51.001	-0.2758720738685385
51.051	-0.2758722631993601
51.101	-0.27587245179879555
51.151	-0.2758726396701671
51.201	-0.2758728268167808
51.251	-0.2758730132419265
51.301	-0.27587319894887785
51.351	-0.2758733839408926
51.401	-0.27587356822121256
51.451	-0.2758737517930636
51.501	-0.2758739346596558
51.551	-0.27587411682418356
51.601	-0.2758742982898255
51.651	-0.2758744790597449
51.701	-0.2758746591370892
51.751	-0.2758748385249908
51.801	-0.27587501722656643
51.851	-0.27587519524491777
51.901	-0.27587537258313105
51.951	-0.27587554924427754
52.001	-0.27587572523141346
52.051	-0.2758759005475799
52.101	-0.27587607519580304
52.151	-0.2758762491790944
52.201	-0.2758764225004505
52.251	-0.27587659516285334
52.301	-0.2758767671692701
52.351	-0.2758769385226535
52.401	-0.2758771092259417
52.451	-0.27587727928205863
52.501	-0.27587744869391356
52.551	-0.27587761746440165
52.601	-0.27587778559640386
52.651	-0.2758779530927869
52.701	-0.27587811995640354
52.751	-0.27587828619009236
52.801	-0.27587845179667814
52.851	-0.27587861677897174
52.901	-0.27587878113977027
52.951	-0.2758789448818569
53.001	-0.2758791080080013
53.051	-0.2758792705209596
53.101	-0.2758794324234742
53.151	-0.2758795937182741
53.201	-0.27587975440807494
53.251	-0.275879914495579
53.301	-0.27588007398347525
53.351	-0.27588023287443947
53.401	-0.2758803911711343
53.451	-0.2758805488762093
53.501	-0.2758807059923009
53.551	-0.2758808625220328
53.601	-0.27588101846801566
53.651	-0.2758811738328473
53.701	-0.27588132861911296
53.751	-0.2758814828293849
53.801	-0.275881636466223
53.851	-0.27588178953217435
53.901	-0.2758819420297738
53.951	-0.2758820939615434
54.001	-0.27588224532999317
54.051	-0.2758823961376206
54.101	-0.27588254638691095
54.151	-0.2758826960803373
54.201	-0.2758828452203605
54.251	-0.27588299380942954
54.301	-0.27588314184998114
54.351	-0.27588328934444023
54.401	-0.2758834362952197
54.451	-0.2758835827047208
54.501	-0.2758837285753328
54.551	-0.27588387390943325
54.601	-0.2758840187093883
54.651	-0.27588416297755214
54.701	-0.2758843067162676
54.751	-0.2758844499278661
54.801	-0.27588459261466747
54.851	-0.27588473477898023
54.901	-0.27588487642310155
54.951	-0.2758850175493174
55.001	-0.2758851581599025
55.051	-0.2758852982571205
55.101	-0.27588543784322384
55.151	-0.27588557692045396
55.201	-0.27588571549104146
55.251	-0.2758858535572058
55.301	-0.27588599112115575
55.351	-0.2758861281850891
55.401	-0.2758862647511931
55.451	-0.2758864008216442
55.501	-0.275886536398608
55.551	-0.2758866714842398
55.601	-0.27588680608068417
55.651	-0.27588694019007537
55.701	-0.2758870738145371
55.751	-0.2758872069561826
55.801	-0.27588733961711487
55.851	-0.27588747179942674
55.901	-0.2758876035052007
55.951	-0.275887734736509
56.001	-0.27588786549541394
56.051	-0.27588799578396755
56.101	-0.2758881256042121
56.151	-0.27588825495817965
56.201	-0.2758883838478924
56.251	-0.2758885122753628
56.301	-0.2758886402425934
56.351	-0.275888767751577
56.401	-0.2758888948042966
56.451	-0.2758890214027257
56.501	-0.27588914754882804
56.551	-0.27588927324455786
56.601	-0.2758893984918599
56.651	-0.2758895232926693
56.701	-0.275889647648912
56.751	-0.2758897715625044
56.801	-0.27588989503535355
56.851	-0.27589001806935737
56.901	-0.2758901406664044
56.951	-0.27589026282837414
57.001	-0.27589038455713677
57.051	-0.2758905058545536
57.101	-0.2758906267224768
57.151	-0.27589074716274936
57.201	-0.2758908671772057
57.251	-0.27589098676767093
57.301	-0.27589110593596167
57.351	-0.27589122468388544
57.401	-0.27589134301324114
57.451	-0.2758914609258189
57.501	-0.2758915784234002
57.551	-0.27589169550775783
57.601	-0.27589181218065606
57.651	-0.2758919284438506
57.701	-0.2758920442990886
57.751	-0.27589215974810877
57.801	-0.27589227479264156
57.851	-0.27589238943440875
57.901	-0.2758925036751241
57.951	-0.27589261751649286
58.001	-0.2758927309602121
58.051	-0.2758928440079708
58.101	-0.27589295666144964
58.151	-0.27589306892232124
58.201	-0.2758931807922501
58.251	-0.27589329227289283
58.301	-0.27589340336589785
58.351	-0.2758935140729058
58.401	-0.27589362439554926
58.451	-0.2758937343354531
58.501	-0.2758938438942342
58.551	-0.2758939530735018
58.601	-0.27589406187485727
58.651	-0.2758941702998943
58.701	-0.2758942783501991
58.751	-0.2758943860273499
58.801	-0.27589449333291755
58.851	-0.27589460026846546
58.901	-0.27589470683554923
58.951	-0.2758948130357173
59.001	-0.27589491887051043
59.051	-0.2758950243414621
59.101	-0.2758951294500985
59.151	-0.27589523419793827
59.201	-0.275895338586493
59.251	-0.27589544261726695
59.301	-0.2758955462917571
59.351	-0.2758956496114534
59.401	-0.2758957525778386
59.451	-0.2758958551923883
59.501	-0.2758959574565711
59.551	-0.2758960593718486
59.601	-0.2758961609396753
59.651	-0.2758962621614989
59.701	-0.2758963630387601
59.751	-0.27589646357289266
59.801	-0.2758965637653237
59.851	-0.2758966636174733
59.901	-0.27589676313075484
59.951	-0.27589686230657506
60.001	-0.27589696114633383
60.051	-0.2758970596514245
60.101	-0.27589715782323376
60.151	-0.2758972556631416
60.201	-0.2758973531725215
60.251	-0.2758974503527405
60.301	-0.27589754720515886
60.351	-0.27589764373113074
60.401	-0.2758977399320036
60.451	-0.2758978358091187
60.501	-0.2758979313638107
60.551	-0.2758980265974081
60.601	-0.27589812151123305
60.651	-0.27589821610660137
60.701	-0.2758983103848228
60.751	-0.27589840434720075
60.801	-0.27589849799503247
60.851	-0.2758985913296091
60.901	-0.2758986843522156
60.951	-0.275898777064131
61.001	-0.2758988694666281
61.051	-0.2758989615609738
61.101	-0.27589905334842907
61.151	-0.27589914483024874
61.201	-0.27589923600768185
61.251	-0.2758993268819716
61.301	-0.27589941745435514
61.351	-0.275899507726064
61.401	-0.2758995976983237
61.451	-0.27589968737235415
61.501	-0.27589977674936944
61.551	-0.275899865830578
61.601	-0.2758999546171826
61.651	-0.27590004311038013
61.701	-0.2759001313113622
61.751	-0.2759002192213145
61.801	-0.2759003068414174
61.851	-0.2759003941728456
61.901	-0.2759004812167684
61.951	-0.2759005679743494
62.001	-0.27590065444674694
62.051	-0.2759007406351139
62.101	-0.2759008265405977
62.151	-0.27590091216434054
62.201	-0.275900997507479
62.251	-0.27590108257114465
62.301	-0.27590116735646353
62.351	-0.2759012518645566
62.401	-0.27590133609653944
62.451	-0.2759014200535226
62.501	-0.2759015037366112
62.551	-0.27590158714690544
62.601	-0.2759016702855003
62.651	-0.27590175315348553
62.701	-0.2759018357519461
62.751	-0.2759019180819617
62.801	-0.275902000144607
62.851	-0.2759020819409518
62.901	-0.27590216347206087
62.951	-0.27590224473899394
63.001	-0.275902325742806
63.051	-0.27590240648454695
63.101	-0.275902486965262
63.151	-0.2759025671859914
63.201	-0.2759026471477706
63.251	-0.2759027268516302
63.301	-0.27590280629859615
63.351	-0.2759028854896896
63.401	-0.275902964425927
63.451	-0.27590304310832
63.501	-0.2759031215378756
63.551	-0.2759031997155963
63.601	-0.2759032776424798
63.651	-0.27590335531951926
63.701	-0.2759034327477033
63.751	-0.2759035099280159
63.801	-0.2759035868614365
63.851	-0.2759036635489402
63.901	-0.27590373999149737
63.951	-0.2759038161900741
64.001	-0.27590389214563193
64.051	-0.275903967859128
64.101	-0.2759040433315152
64.151	-0.27590411856374175
64.201	-0.2759041935567518
64.251	-0.275904268311485
64.301	-0.27590434282887677
64.351	-0.27590441710985825
64.401	-0.2759044911553562
64.451	-0.2759045649662933
64.501	-0.2759046385435879
64.551	-0.2759047118881542
64.601	-0.27590478500090215
64.651	-0.27590485788273766
64.701	-0.2759049305345624
64.751	-0.275905002957274
64.801	-0.2759050751517659
64.851	-0.27590514711892755
64.901	-0.27590521885964436
64.951	-0.27590529037479766
65.001	-0.27590536166526475
65.051	-0.2759054327319189
65.101	-0.27590550357562965
65.151	-0.27590557419726225
65.201	-0.2759056445976783
65.251	-0.27590571477773523
65.301	-0.27590578473828686
65.351	-0.27590585448018295
65.401	-0.2759059240042694
65.451	-0.2759059933113884
65.501	-0.27590606240237825
65.551	-0.2759061312780734
65.601	-0.27590619993930465
65.651	-0.27590626838689897
65.701	-0.27590633662167957
65.751	-0.27590640464446603
65.801	-0.27590647245607414
65.851	-0.2759065400573161
65.901	-0.27590660744900025
65.951	-0.27590667463193164
66.001	-0.2759067416069113
66.051	-0.2759068083747369
66.101	-0.27590687493620253
66.151	-0.27590694129209853
66.201	-0.27590700744321184
66.251	-0.27590707339032583
66.301	-0.27590713913422027
66.351	-0.2759072046756716
66.401	-0.2759072700154526
66.451	-0.27590733515433274
66.501	-0.2759074000930779
66.551	-0.27590746483245066
66.601	-0.27590752937321
66.651	-0.27590759371611173
66.701	-0.2759076578619082
66.751	-0.2759077218113483
66.801	-0.2759077855651777
66.851	-0.2759078491241387
66.901	-0.2759079124889702
66.951	-0.275907975660408
67.001	-0.2759080386391844
67.051	-0.2759081014260287
67.101	-0.2759081640216666
67.151	-0.27590822642682095
67.201	-0.27590828864221106
67.251	-0.27590835066855335
67.301	-0.2759084125065608
67.351	-0.2759084741569433
67.401	-0.2759085356204077
67.451	-0.27590859689765757
67.501	-0.2759086579893934
67.551	-0.27590871889631263
67.601	-0.27590877961910965
67.651	-0.2759088401584756
67.701	-0.2759089005150987
67.751	-0.27590896068966414
67.801	-0.27590902068285406
67.851	-0.27590908049534746
67.901	-0.2759091401278206
67.951	-0.2759091995809465
68.001	-0.27590925885539536
68.051	-0.2759093179518345
68.101	-0.27590937687092804
68.151	-0.2759094356133374
68.201	-0.27590949417972105
68.251	-0.2759095525707345
68.301	-0.2759096107870305
68.351	-0.2759096688292588
68.401	-0.2759097266980664
68.451	-0.27590978439409736
68.501	-0.27590984191799306
68.551	-0.2759098992703919
68.601	-0.2759099564519296
68.651	-0.2759100134632391
68.701	-0.27591007030495057
68.751	-0.27591012697769135
68.801	-0.27591018348208607
68.851	-0.27591023981875673
68.901	-0.2759102959883225
68.951	-0.27591035199139985
69.001	-0.2759104078286027
69.051	-0.27591046350054216
69.101	-0.27591051900782665
69.151	-0.2759105743510621
69.201	-0.2759106295308517
69.251	-0.27591068454779605
69.301	-0.2759107394024931
69.351	-0.2759107940955382
69.401	-0.27591084862752424
69.451	-0.2759109029990414
69.501	-0.2759109572106774
69.551	-0.2759110112630173
69.601	-0.2759110651566437
69.651	-0.27591111889213676
69.701	-0.27591117247007396
69.751	-0.27591122589103045
69.801	-0.2759112791555787
69.851	-0.275911332264289
69.901	-0.27591138521772884
69.951	-0.27591143801646356
70.001	-0.27591149066105586
70.051	-0.2759115431520662
70.101	-0.27591159549005234
70.151	-0.27591164767556997
70.201	-0.27591169970917223
70.251	-0.27591175159140985
70.301	-0.27591180332283133
70.351	-0.2759118549039826
70.401	-0.2759119063354075
70.451	-0.27591195761764736
70.501	-0.2759120087512413
70.551	-0.27591205973672606
70.601	-0.27591211057463605
70.651	-0.27591216126550355
70.701	-0.2759122118098584
70.751	-0.2759122622082283
70.801	-0.27591231246113856
70.851	-0.27591236256911245
70.901	-0.2759124125326708
70.951	-0.2759124623523323
71.001	-0.2759125120286135
71.051	-0.2759125615620287
71.101	-0.27591261095309
71.151	-0.27591266020230726
71.201	-0.2759127093101883
71.251	-0.27591275827723877
71.301	-0.2759128071039621
71.351	-0.27591285579085956
71.401	-0.2759129043384304
71.451	-0.27591295274717176
71.501	-0.27591300101757854
71.551	-0.27591304915014364
71.601	-0.27591309714535794
71.651	-0.2759131450037101
71.701	-0.2759131927256868
71.751	-0.27591324031177267
71.801	-0.2759132877624503
71.851	-0.27591333507820015
71.901	-0.2759133822595008
71.951	-0.2759134293068287
72.001	-0.27591347622065837
72.051	-0.2759135230014623
72.101	-0.27591356964971103
72.151	-0.275913616165873
72.201	-0.27591366255041483
72.251	-0.27591370880380117
72.301	-0.27591375492649456
72.351	-0.27591380091895584
72.401	-0.2759138467816437
72.451	-0.27591389251501514
72.501	-0.27591393811952497
72.551	-0.2759139835956263
72.601	-0.2759140289437703
72.651	-0.2759140741644063
72.701	-0.2759141192579816
72.751	-0.2759141642249418
72.801	-0.27591420906573055
72.851	-0.2759142537807897
72.901	-0.27591429837055925
72.951	-0.2759143428354773
73.001	-0.27591438717598027
73.051	-0.2759144313925026
73.101	-0.2759144754854771
73.151	-0.27591451945533463
73.201	-0.2759145633025043
73.251	-0.27591460702741355
73.301	-0.2759146506304879
73.351	-0.2759146941121512
73.401	-0.27591473747282547
73.451	-0.2759147807129311
73.501	-0.2759148238328866
73.551	-0.2759148668331089
73.601	-0.2759149097140131
73.651	-0.2759149524760126
73.701	-0.2759149951195191
73.751	-0.2759150376449427
73.801	-0.27591508005269166
73.851	-0.2759151223431726
73.901	-0.2759151645167906
73.951	-0.27591520657394886
74.001	-0.2759152485150491
74.051	-0.2759152903404913
74.101	-0.2759153320506738
74.151	-0.2759153736459934
74.201	-0.2759154151268451
74.251	-0.2759154564936224
74.301	-0.27591549774671725
74.351	-0.2759155388865198
74.401	-0.27591557991341886
74.451	-0.2759156208278014
74.501	-0.27591566163005293
74.551	-0.2759157023205574
74.601	-0.27591574289969717
74.651	-0.27591578336785305
74.701	-0.2759158237254043
74.751	-0.27591586397272855
74.801	-0.27591590411020206
74.851	-0.2759159441381994
74.901	-0.2759159840570937
74.951	-0.2759160238672566
75.001	-0.2759160635690581
75.051	-0.2759161031628669
75.101	-0.27591614264905
75.151	-0.2759161820279731
75.201	-0.27591622130000015
75.251	-0.27591626046549395
75.301	-0.27591629952481567
75.351	-0.275916338478325
75.401	-0.2759163773263802
75.451	-0.2759164160693381
75.501	-0.27591645470755405
75.551	-0.27591649324138207
75.601	-0.2759165316711746
75.651	-0.2759165699972828
75.701	-0.2759166082200563
75.751	-0.2759166463398435
75.801	-0.2759166843569911
75.851	-0.27591672227184477
75.901	-0.2759167600847484
75.951	-0.27591679779604494
76.001	-0.27591683540607553
76.051	-0.27591687291518024
76.101	-0.27591691032369764
76.151	-0.27591694763196506
76.201	-0.2759169848403183
76.251	-0.27591702194909196
76.301	-0.2759170589586193
76.351	-0.2759170958692322
76.401	-0.27591713268126117
76.451	-0.27591716939503547
76.501	-0.2759172060108831
76.551	-0.27591724252913064
76.601	-0.27591727895010343
76.651	-0.2759173152741255
76.701	-0.2759173515015196
76.751	-0.27591738763260715
76.801	-0.27591742366770833
76.851	-0.2759174596071421
76.901	-0.2759174954512261
76.951	-0.2759175312002767
77.001	-0.275917566854609
77.051	-0.27591760241453694
77.101	-0.2759176378803731
77.151	-0.27591767325242894
77.201	-0.2759177085310146
77.251	-0.275917743716439
77.301	-0.2759177788090099
77.351	-0.27591781380903385
77.401	-0.27591784871681607
77.451	-0.2759178835326607
77.501	-0.2759179182568707
77.551	-0.27591795288974763
77.601	-0.2759179874315921
77.651	-0.2759180218827035
77.701	-0.27591805624337984
77.751	-0.27591809051391825
77.801	-0.2759181246946145
77.851	-0.2759181587857633
77.901	-0.27591819278765806
77.951	-0.27591822670059124
78.001	-0.27591826052485396
78.051	-0.2759182942607364
78.101	-0.2759183279085274
78.151	-0.2759183614685148
78.201	-0.2759183949409853
78.251	-0.2759184283262245
78.301	-0.2759184616245167
78.351	-0.27591849483614544
78.401	-0.2759185279613929
78.451	-0.2759185610005401
78.501	-0.2759185939538672
78.551	-0.27591862682165313
78.601	-0.2759186596041757
78.651	-0.27591869230171184
78.701	-0.2759187249145371
78.751	-0.27591875744292627
78.801	-0.2759187898871528
78.851	-0.2759188222474893
78.901	-0.27591885452420717
78.951	-0.2759188867175769
79.001	-0.2759189188278678
79.051	-0.2759189508553482
79.101	-0.2759189828002853
79.151	-0.27591901466294555
79.201	-0.27591904644359405
79.251	-0.275919078142495
79.301	-0.27591910975991163
79.351	-0.27591914129610606
79.401	-0.2759191727513395
79.451	-0.27591920412587206
79.501	-0.27591923541996294
79.551	-0.2759192666338703
79.601	-0.2759192977678513
79.651	-0.2759193288221621
79.701	-0.27591935979705784
79.751	-0.27591939069279287
79.801	-0.27591942150962034
79.851	-0.2759194522477926
79.901	-0.27591948290756085
79.951	-0.27591951348917554
80.001	-0.275919543992886
80.051	-0.27591957441894066
80.101	-0.2759196047675871
80.151	-0.27591963503907174
80.201	-0.27591966523364025
80.251	-0.2759196953515373
80.301	-0.27591972539300663
80.351	-0.27591975535829105
80.401	-0.2759197852476324
80.451	-0.27591981506127167
80.501	-0.2759198447994489
80.551	-0.2759198744624033
80.601	-0.275919904050373
80.651	-0.27591993356359534
80.701	-0.27591996300230676
80.751	-0.2759199923667428
80.801	-0.27592002165713814
80.851	-0.27592005087372645
80.901	-0.2759200800167406
80.951	-0.2759201090864126
81.001	-0.2759201380829736
81.051	-0.27592016700665384
81.101	-0.27592019585768257
81.151	-0.2759202246362884
81.201	-0.27592025334269893
81.251	-0.27592028197714097
81.301	-0.2759203105398404
81.351	-0.27592033903102237
81.401	-0.2759203674509111
81.451	-0.27592039579972993
81.501	-0.27592042407770145
81.551	-0.2759204522850474
81.601	-0.27592048042198863
81.651	-0.27592050848874516
81.701	-0.2759205364855363
81.751	-0.2759205644125805
81.801	-0.27592059227009524
81.851	-0.2759206200582974
81.901	-0.2759206477774028
81.951	-0.2759206754276268
82.001	-0.27592070300918364
82.051	-0.27592073052228694
82.101	-0.27592075796714943
82.151	-0.2759207853439831
82.201	-0.27592081265299917
82.251	-0.27592083989440797
82.301	-0.2759208670684191
82.351	-0.2759208941752415
82.401	-0.27592092121508316
82.451	-0.2759209481881514
82.501	-0.27592097509465263
82.551	-0.2759210019347928
82.601	-0.2759210287087767
82.651	-0.2759210554168087
82.701	-0.27592108205909227
82.751	-0.2759211086358301
82.801	-0.27592113514722405
82.851	-0.2759211615934755
82.901	-0.27592118797478493
82.951	-0.275921214291352
83.001	-0.27592124054337575
83.051	-0.2759212667310545
83.101	-0.2759212928545857
83.151	-0.27592131891416627
83.201	-0.2759213449099922
83.251	-0.27592137084225893
83.301	-0.27592139671116106
83.351	-0.27592142251689256
83.401	-0.27592144825964665
83.451	-0.27592147393961586
83.501	-0.275921499556992
83.551	-0.27592152511196616
83.601	-0.2759215506047287
83.651	-0.2759215760354694
83.701	-0.27592160140437727
83.751	-0.2759216267116406
83.801	-0.2759216519574471
83.851	-0.2759216771419836
83.901	-0.2759217022654365
83.951	-0.27592172732799125
84.001	-0.2759217523298329
84.051	-0.2759217772711456
84.101	-0.275921802152113
84.151	-0.2759218269729179
84.201	-0.27592185173374256
84.251	-0.2759218764347686
84.301	-0.2759219010761769
84.351	-0.27592192565814777
84.401	-0.27592195018086074
84.451	-0.2759219746444948
84.501	-0.27592199904922826
84.551	-0.27592202339523875
84.601	-0.2759220476827033
84.651	-0.2759220719117983
84.701	-0.2759220960826994
84.751	-0.2759221201955818
84.801	-0.27592214425062
84.851	-0.27592216824798776
84.901	-0.2759221921878583
84.951	-0.2759222160704042
85.001	-0.27592223989579745
85.051	-0.27592226366420936
85.101	-0.27592228737581076
85.151	-0.27592231103077164
85.201	-0.27592233462926163
85.251	-0.2759223581714495
85.301	-0.27592238165750366
85.351	-0.2759224050875917
85.401	-0.2759224284618807
85.451	-0.27592245178053726
85.501	-0.2759224750437272
85.551	-0.27592249825161574
85.601	-0.2759225214043677
85.651	-0.27592254450214715
85.701	-0.2759225675451176
85.751	-0.27592259053344204
85.801	-0.2759226134672828
85.851	-0.2759226363468017
85.901	-0.2759226591721599
85.951	-0.2759226819435181
86.001	-0.27592270466103624
86.051	-0.27592272732487394
86.101	-0.27592274993519006
86.151	-0.275922772492143
86.201	-0.2759227949958905
86.251	-0.27592281744658986
86.301	-0.2759228398443977
86.351	-0.27592286218947015
86.401	-0.27592288448196284
86.451	-0.2759229067220307
86.501	-0.2759229289098283
86.551	-0.27592295104550946
86.601	-0.27592297312922764
86.651	-0.2759229951611356
86.701	-0.27592301714138573
86.751	-0.2759230390701297
86.801	-0.27592306094751884
86.851	-0.27592308277370375
86.901	-0.2759231045488346
86.951	-0.2759231262730611
87.001	-0.2759231479465322
87.051	-0.27592316956939666
87.101	-0.2759231911418024
87.151	-0.2759232126638971
87.201	-0.2759232341358276
87.251	-0.2759232555577405
87.301	-0.27592327692978175
87.351	-0.27592329825209694
87.401	-0.2759233195248309
87.451	-0.2759233407481282
87.501	-0.2759233619221327
87.551	-0.2759233830469879
87.601	-0.2759234041228367
87.651	-0.27592342514982166
87.701	-0.27592344612808467
87.751	-0.27592346705776716
87.801	-0.2759234879390101
87.851	-0.27592350877195404
87.901	-0.2759235295567389
87.951	-0.2759235502935041
88.001	-0.27592357098238884
88.051	-0.27592359162353153
88.101	-0.2759236122170702
88.151	-0.27592363276314247
88.201	-0.27592365326188534
88.251	-0.27592367371343557
88.301	-0.27592369411792916
88.351	-0.2759237144755019
88.401	-0.2759237347862889
88.451	-0.2759237550504249
88.501	-0.2759237752680442
88.551	-0.2759237954392806
88.601	-0.27592381556426737
88.651	-0.27592383564313744
88.701	-0.2759238556760233
88.751	-0.27592387566305676
88.801	-0.2759238956043694
88.851	-0.2759239155000923
88.901	-0.2759239353503561
88.951	-0.2759239551552908
89.001	-0.27592397491502624
89.051	-0.27592399462969164
89.101	-0.27592401429941577
89.151	-0.2759240339243271
89.201	-0.27592405350455346
89.251	-0.27592407304022243
89.301	-0.275924092531461
89.351	-0.27592411197839584
89.401	-0.27592413138115307
89.451	-0.27592415073985854
89.501	-0.2759241700546375
89.551	-0.27592418932561485
89.601	-0.2759242085529151
89.651	-0.2759242277366623
89.701	-0.27592424687698003
89.751	-0.2759242659739915
89.801	-0.2759242850278195
89.851	-0.2759243040385864
89.901	-0.2759243230064141
89.951	-0.27592434193142423
90.001	-0.27592436081373783
90.051	-0.2759243796534756
90.101	-0.2759243984507579
90.151	-0.27592441720570454
90.201	-0.275924435918435
90.251	-0.2759244545890684
90.301	-0.27592447321772345
90.351	-0.27592449180451833
90.401	-0.27592451034957094
90.451	-0.27592452885299873
90.501	-0.27592454731491883
90.551	-0.2759245657354479
90.601	-0.27592458411470216
90.651	-0.2759246024527976
90.701	-0.27592462074984964
90.751	-0.2759246390059734
90.801	-0.2759246572212837
90.851	-0.2759246753958947
90.901	-0.2759246935299205
90.951	-0.2759247116234746
91.001	-0.27592472967667014
91.051	-0.27592474768962005
91.101	-0.2759247656624367
91.151	-0.27592478359523204
91.201	-0.2759248014881179
91.251	-0.27592481934120544
91.301	-0.2759248371546057
91.351	-0.2759248549284291
91.401	-0.275924872662786
91.451	-0.27592489035778606
91.501	-0.2759249080135388
91.551	-0.2759249256301533
91.601	-0.27592494320773825
91.651	-0.275924960746402
91.701	-0.27592497824625256
91.751	-0.2759249957073976
91.801	-0.2759250131299443
91.851	-0.27592503051399964
91.901	-0.2759250478596702
91.951	-0.2759250651670621
92.001	-0.2759250824362813
92.051	-0.2759250996674332
92.101	-0.275925116860623
92.151	-0.27592513401595553
92.201	-0.27592515113353516
92.251	-0.2759251682134661
92.301	-0.275925185255852
92.351	-0.27592520226079637
92.401	-0.27592521922840224
92.451	-0.27592523615877235
92.501	-0.2759252530520091
92.551	-0.2759252699082146
92.601	-0.27592528672749045
92.651	-0.2759253035099381
92.701	-0.2759253202556586
92.751	-0.27592533696475263
92.801	-0.2759253536373206
92.851	-0.27592537027346264
92.901	-0.27592538687327833
92.951	-0.27592540343686717
93.001	-0.2759254199643281
93.051	-0.27592543645576006
93.101	-0.2759254529112613
93.151	-0.27592546933093
93.201	-0.27592548571486386
93.251	-0.2759255020631604
93.301	-0.2759255183759168
93.351	-0.2759255346532297
93.401	-0.2759255508951957
93.451	-0.2759255671019111
93.501	-0.27592558327347155
93.551	-0.2759255994099727
93.601	-0.2759256155115098
93.651	-0.2759256315781778
93.701	-0.27592564761007127
93.751	-0.27592566360728454
93.801	-0.27592567956991165
93.851	-0.27592569549804624
93.901	-0.2759257113917817
93.951	-0.2759257272512112
94.001	-0.2759257430764274
94.051	-0.2759257588675229
94.101	-0.27592577462458984
94.151	-0.2759257903477201
94.201	-0.2759258060370053
94.251	-0.2759258216925366
94.301	-0.2759258373144052
94.351	-0.2759258529027016
94.401	-0.2759258684575163
94.451	-0.2759258839789394
94.501	-0.27592589946706075
94.551	-0.27592591492196983
94.601	-0.27592593034375595
94.651	-0.27592594573250795
94.701	-0.2759259610883146
94.751	-0.27592597641126415
94.801	-0.27592599170144483
94.851	-0.27592600695894437
94.901	-0.2759260221838504
94.951	-0.27592603737625
95.001	-0.2759260525362302
95.051	-0.2759260676638777
95.101	-0.275926082759279
95.151	-0.2759260978225201
95.201	-0.27592611285368684
95.251	-0.27592612785286486
95.301	-0.27592614282013944
95.351	-0.27592615775559565
95.401	-0.2759261726593181
95.451	-0.2759261875313915
95.501	-0.2759262023718999
95.551	-0.27592621718092725
95.601	-0.2759262319585573
95.651	-0.27592624670487337
95.701	-0.2759262614199587
95.751	-0.2759262761038961
95.801	-0.27592629075676817
95.851	-0.2759263053786573
95.901	-0.27592631996964556
95.951	-0.2759263345298148
96.001	-0.2759263490592465
96.051	-0.2759263635580221
96.101	-0.2759263780262225
96.151	-0.2759263924639286
96.201	-0.2759264068712209
96.251	-0.2759264212481796
96.301	-0.27592643559488483
96.351	-0.2759264499114163
96.401	-0.27592646419785355
96.451	-0.2759264784542758
96.501	-0.27592649268076214
96.551	-0.27592650687739123
96.601	-0.27592652104424165
96.651	-0.27592653518139165
96.701	-0.27592654928891924
96.751	-0.2759265633669022
96.801	-0.275926577415418
96.851	-0.275926591434544
96.901	-0.2759266054243572
96.951	-0.2759266193849344
97.001	-0.2759266333163522
97.051	-0.2759266472186868
97.101	-0.27592666109201436
97.151	-0.27592667493641065
97.201	-0.2759266887519513
97.251	-0.27592670253871165
97.301	-0.27592671629676685
97.351	-0.2759267300261918
97.401	-0.275926743727061
97.451	-0.27592675739944905
97.501	-0.27592677104343005
97.551	-0.27592678465907794
97.601	-0.27592679824646643
97.651	-0.2759268118056691
97.701	-0.27592682533675905
97.751	-0.2759268388398094
97.801	-0.27592685231489295
97.851	-0.2759268657620823
97.901	-0.2759268791814497
97.951	-0.2759268925730674
98.001	-0.2759269059370072
98.051	-0.27592691927334073
98.101	-0.2759269325821396
98.151	-0.2759269458634749
98.201	-0.27592695911741766
98.251	-0.2759269723440387
98.301	-0.2759269855434085
98.351	-0.27592699871559756
98.401	-0.27592701186067586
98.451	-0.27592702497871335
98.501	-0.27592703806977975
98.551	-0.27592705113394456
98.601	-0.27592706417127694
98.651	-0.27592707718184606
98.701	-0.27592709016572065
98.751	-0.27592710312296936
98.801	-0.27592711605366066
98.851	-0.27592712895786264
98.901	-0.2759271418356434
98.951	-0.27592715468707063
99.001	-0.2759271675122119
99.051	-0.2759271803111346
99.101	-0.2759271930839059
99.151	-0.2759272058305927
99.201	-0.27592721855126173
99.251	-0.2759272312459796
99.301	-0.2759272439148126
99.351	-0.2759272565578268
99.401	-0.27592726917508814
99.451	-0.2759272817666624
99.501	-0.2759272943326151
99.551	-0.2759273068730115
99.601	-0.2759273193879167
99.651	-0.27592733187739565
99.701	-0.27592734434151306
99.751	-0.2759273567803335
99.801	-0.27592736919392125
99.851	-0.2759273815823404
99.901	-0.2759273939456549
99.951	-0.2759274062839286
500.	-0.2759354742856157