0.001	-513.1155491391802
0.051	-10.219284121307998
0.101	-5.240736716641675
0.151	-3.55965308494203
0.201	-2.7152359806841573
0.251	-2.2074828058065687
0.301	-1.8686186265006675
0.351	-1.6264667824903456
0.401	-1.4448489656806185
0.451	-1.303630479307956
0.501	-1.190714443708873
0.551	-1.0983948737223794
0.601	-1.0215301833471648
0.651	-0.9565583933229944
0.701	-0.9009337905329202
0.751	-0.8527886235974198
0.801	-0.8107215042395094
0.851	-0.7736604027641347
0.901	-0.7407712610258608
0.951	-0.7113954341141843
1.001	-0.6850058807852668
1.051	-0.661175859004255
1.101	-0.6395561513132589
1.151	-0.6198582262465389
1.201	-0.6018416058873848
1.251	-0.5853042627884274
1.301	-0.5700752312844297
1.351	-0.5560088595207459
1.401	-0.5429802923112983
1.451	-0.530881887934044
1.501	-0.5196203510903574
1.551	-0.5091144204181581
1.601	-0.49929298932591765
1.651	-0.49009356828666334
1.701	-0.4814610183327177
1.751	-0.4733465015419976
1.801	-0.4657066063464946
1.851	-0.4585026146063332
1.901	-0.4516998843484301
1.951	-0.4452673274200787
2.001	-0.4391769654556436
2.051	-0.4334035507923515
2.101	-0.4279242415154763
2.151	-0.42271832182525204
2.201	-0.41776696051851014
2.251	-0.41305300165871667
2.301	-0.40856078253829864
2.351	-0.404275974870179
2.401	-0.4001854458223344
2.451	-0.3962771360618119
2.501	-0.39253995242783185
2.551	-0.3889636732268459
2.601	-0.3855388644510931
2.651	-0.38225680547846996
2.701	-0.3791094230251072
2.751	-0.37608923230068914
2.801	-0.3731892844664929
2.851	-0.3704031196223969
2.901	-0.3677247246557999
2.951	-0.3651484953758049
3.001	-0.3626692024328867
3.051	-0.3602819605897838
3.101	-0.35798220096537015
3.151	-0.35576564592127957
3.201	-0.35362828630232057
3.251	-0.3515663607772719
3.301	-0.3495763370573582
3.351	-0.34765489479628675
3.401	-0.34579890999879276
3.451	-0.34400544078469975
3.501	-0.34227171437297965
3.551	-0.3405951151655648
3.601	-0.3389731738240188
3.651	-0.33740355724388654
3.701	-0.33588405934182786
3.751	-0.3344125925796958
3.801	-0.33298718015769885
3.851	-0.3316059488158351
3.901	-0.33026712218902476
3.951	-0.3289690146668883
4.001	-0.3277100257140256
4.051	-0.3264886346110062
4.101	-0.32530339558016685
4.151	-0.32415293326376715
4.201	-0.323035938525147
4.251	-0.32195116454629136
4.301	-0.32089742319768055
4.351	-0.3198735816585214
4.401	-0.3188785592674479
4.451	-0.31791132458556576
4.501	-0.3169708926553297
4.551	-0.31605632244019083
4.601	-0.31516671443126276
4.651	-0.31430120840843623
4.701	-0.3134589813444433
4.751	-0.31263924544133864
4.801	-0.31184124628974463
4.851	-0.311064261142001
4.901	-0.3103075972910848
4.951	-0.30957059054782304
5.001	-0.3088526038095163
5.051	-0.30815302571364134
5.101	-0.30747126937079194
5.151	-0.3068067711714747
5.201	-0.30615898966178823
5.251	-0.30552740448339455
5.301	-0.30491151537353656
5.351	-0.30431084122117363
5.401	-0.3037249191755985
5.451	-0.3031533038041642
5.501	-0.30259556629599726
5.551	-0.30205129370879547
5.601	-0.3015200882560188
5.651	-0.30100156663197036
5.701	-0.30049535937244076
5.751	-0.3000011102487514
5.801	-0.29951847569318046
5.851	-0.2990471242538945
5.901	-0.29858673607763475
5.951	-0.2981370024185251
6.001	-0.29769762517147846
6.051	-0.29726831642877743
6.101	-0.29684879805850006
6.151	-0.2964388013035466
6.201	-0.29603806640010466
6.251	-0.2956463422144638
6.301	-0.29526338589715917
6.351	-0.2948889625534903
6.401	-0.2945228449295175
6.451	-0.29416481311269743
6.501	-0.29381465424636766
6.551	-0.2934721622573416
6.601	-0.2931371375959166
6.651	-0.29280938698764325
6.701	-0.2924887231962401
6.751	-0.29217496479707583
6.801	-0.29186793596067506
6.851	-0.2915674662457354
6.901	-0.29127339040117184
6.951	-0.290985548176736
7.001	-0.2907037841417783
7.051	-0.290427947511751
7.101	-0.29015789198206904
7.151	-0.28989347556896816
7.201	-0.28963456045702074
7.251	-0.28938101285298684
7.301	-0.28913270284569687
7.351	-0.28888950427167853
7.401	-0.2886512945862557
7.451	-0.2884179547398624
7.501	-0.2881893690593279
7.551	-0.2879654251339023
7.601	-0.2877460137058043
7.651	-0.28753102856508406
7.701	-0.2873203664486039
7.751	-0.2871139269429524
7.801	-0.28691161239111296
7.851	-0.28671332780272146
7.901	-0.28651898076775195
7.951	-0.2863284813734805
8.001	-0.2861417421245825
8.051	-0.2859586778662285
8.101	-0.28577920571004667
8.151	-0.28560324496283107
8.201	-0.2854307170578758
8.251	-0.2852615454888257
8.301	-0.28509565574593565
8.351	-0.2849329752546381
8.401	-0.28477343331632265
8.451	-0.28461696105123474
8.501	-0.28446349134340776
8.551	-0.2843129587875435
8.601	-0.2841652996377625
8.651	-0.2840204517581481
8.701	-0.28387835457501176
8.751	-0.2837389490308111
8.801	-0.2836021775396541
8.851	-0.2834679839443271
8.901	-0.2833363134747863
8.951	-0.2832071127080554
9.001	-0.28308032952947426
9.051	-0.2829559130952472
9.101	-0.28283381379623906
9.151	-0.28271398322297286
9.201	-0.28259637413178235
9.251	-0.2824809404120755
9.301	-0.28236763705466733
9.351	-0.2822564201211421
9.401	-0.2821472467142055
9.451	-0.2820400749489911
9.501	-0.2819348639252853
9.551	-0.2818315737006366
9.601	-0.2817301652643176
9.651	-0.28163060051210814
9.701	-0.2815328422218699
9.751	-0.2814368540298841
9.801	-0.2813426004079248
9.851	-0.2812500466410415
9.901	-0.28115915880602577
9.951	-0.2810699037505384
10.001	-0.2809822490728727
10.051	-0.2808961631023326
10.101	-0.2808116148802037
10.151	-0.28072857414129665
10.201	-0.28064701129604425
10.251	-0.28056689741313084
10.301	-0.28048820420263826
10.351	-0.2804109039996898
10.401	-0.28033496974857464
10.451	-0.28026037498733775
10.501	-0.28018709383281915
10.551	-0.2801151009661271
10.601	-0.28004437161853146
10.651	-0.2799748815577631
10.701	-0.2799066070747058
10.751	-0.2798395249704678
10.801	-0.2797736125438208
10.851	-0.27970884757899483
10.901	-0.27964520833381606
10.951	-0.2795826735281783
11.001	-0.2795212223328363
11.051	-0.27946083435851116
11.101	-0.2794014896452972
11.151	-0.27934316865236175
11.201	-0.27928585224792796
11.251	-0.2792295216995318
11.301	-0.279174158664545
11.351	-0.279119745180955
11.401	-0.27906626365839504
11.451	-0.27901369686941546
11.501	-0.2789620279409895
11.551	-0.2789112403462465
11.601	-0.27886131789642493
11.651	-0.27881224473303934
11.701	-0.27876400532025436
11.751	-0.27871658443745934
11.801	-0.27866996717203796
11.851	-0.27862413891232696
11.901	-0.27857908534075826
11.951	-0.27853479242717877
12.001	-0.2784912464223433
12.051	-0.2784484338515748
12.101	-0.27840634150858745
12.151	-0.27836495644946774
12.201	-0.27832426598680887
12.251	-0.2782842576839941
12.301	-0.278244919349625
12.351	-0.2782062390320896
12.401	-0.27816820501426753
12.451	-0.27813080580836785
12.501	-0.278094030150895
12.551	-0.27805786699774077
12.601	-0.27802230551939705
12.651	-0.2779873350962877
12.701	-0.27795294531421455
12.751	-0.2779191259599156
12.801	-0.2778858670167316
12.851	-0.27785315866037846
12.901	-0.27782099125482185
12.951	-0.27778935534825233
13.001	-0.277758241669157
13.051	-0.2777276411224862
13.101	-0.2776975447859116
13.151	-0.2776679439061738
13.201	-0.27763882989551747
13.251	-0.27761019432821044
13.301	-0.2775820289371455
13.351	-0.27755432561052257
13.401	-0.2775270763886084
13.451	-0.2775002734605729
13.501	-0.2774739091613988
13.551	-0.27744797596886406
13.601	-0.2774224665005936
13.651	-0.2773973735111799
13.701	-0.2773726898893699
13.751	-0.27734840865531685
13.801	-0.2773245229578947
13.851	-0.27730102607207496
13.901	-0.27727791139636243
13.951	-0.27725517245028974
14.001	-0.27723280287196894
14.051	-0.2772107964156981
14.101	-0.2771891469496221
14.151	-0.27716784845344594
14.201	-0.2771468950161996
14.251	-0.27712628083405255
14.301	-0.2771060002081773
14.351	-0.27708604754266036
14.401	-0.27706641734245924
14.451	-0.27704710421140544
14.501	-0.2770281028502507
14.551	-0.2770094080547565
14.601	-0.2769910147138256
14.651	-0.2769729178076745
14.701	-0.2769551124060454
14.751	-0.2769375936664576
14.801	-0.27692035683249633
14.851	-0.27690339723213914
14.901	-0.27688671027611805
14.951	-0.27687029145631714
15.001	-0.2768541363442046
15.051	-0.2768382405892981
15.101	-0.27682259991766345
15.151	-0.2768072101304447
15.201	-0.27679206710242604
15.251	-0.27677716678062375
15.301	-0.2767625051829081
15.351	-0.27674807839665455
15.401	-0.276733882577423
15.451	-0.2767199139476648
15.501	-0.27670616879545734
15.551	-0.2766926434732644
15.601	-0.2766793343967227
15.651	-0.27666623804345386
15.701	-0.2766533509519004
15.751	-0.27664066972018664
15.801	-0.27662819100500236
15.851	-0.27661591152051
15.901	-0.2766038280372741
15.951	-0.2765919373812126
16.001	-0.27658023643256974
16.051	-0.27656872212490996
16.101	-0.27655739144413205
16.151	-0.2765462414275036
16.201	-0.276535269162715
16.251	-0.2765244717869521
16.301	-0.2765138464859884
16.351	-0.276503390493295
16.401	-0.276493101089168
16.451	-0.2764829755998748
16.501	-0.27647301139681557
16.551	-0.27646320589570333
16.601	-0.27645355655575893
16.651	-0.27644406087892287
16.701	-0.2764347164090823
16.751	-0.27642552073131355
16.801	-0.27641647147113957
16.851	-0.2764075662938019
16.901	-0.2763988029035471
16.951	-0.27639017904292723
17.001	-0.2763816924921134
17.051	-0.27637334106822403
17.101	-0.2763651226246647
17.151	-0.2763570350504821
17.201	-0.27634907626972954
17.251	-0.27634124424084555
17.301	-0.2763335369560441
17.351	-0.27632595244071656
17.401	-0.27631848875284537
17.451	-0.27631114398242873
17.501	-0.2763039162509167
17.551	-0.27629680371065785
17.601	-0.2762898045443564
17.651	-0.27628291696454
17.701	-0.27627613921303734
17.751	-0.27626946956046605
17.801	-0.27626290630572986
17.851	-0.2762564477755258
17.901	-0.2762500923238603
17.951	-0.27624383833157434
18.001	-0.2762376842058783
18.051	-0.2762316283798945
18.101	-0.2762256693122091
18.151	-0.2762198054864321
18.201	-0.27621403541076556
18.251	-0.2762083576175799
18.301	-0.27620277066299803
18.351	-0.2761972731264876
18.401	-0.27619186361046005
18.451	-0.2761865407398778
18.501	-0.27618130316186856
18.551	-0.27617614954534625
18.601	-0.2761710785806397
18.651	-0.27616608897912764
18.701	-0.2761611794728804
18.751	-0.2761563488143084
18.801	-0.27615159577581716
18.851	-0.27614691914946826
18.901	-0.2761423177466466
18.951	-0.27613779039773395
19.001	-0.27613333595178835
19.051	-0.27612895327622883
19.101	-0.2761246412565268
19.151	-0.2761203987959021
19.201	-0.27611622481502524
19.251	-0.2761121182517242
19.301	-0.27610807806069765
19.351	-0.2761041032132322
19.401	-0.27610019269692543
19.451	-0.2760963455154136
19.501	-0.2760925606881042
19.551	-0.2760888372499137
19.601	-0.27608517425100904
19.651	-0.27608157075655504
19.701	-0.27607802584646507
19.751	-0.2760745386151569
19.801	-0.27607110817131253
19.851	-0.2760677336376426
19.901	-0.27606441415065436
19.951	-0.27606114886042454
20.001	-0.2760579369303756
20.051	-0.2760547775370561
20.101	-0.276051669869925
20.151	-0.27604861313113976
20.201	-0.27604560653534793
20.251	-0.27604264930948275
20.301	-0.2760397406925618
20.351	-0.27603687993549
20.401	-0.27603406630086474
20.451	-0.27603129906278606
20.501	-0.2760285775066685
20.551	-0.2760259009290574
20.601	-0.2760232686374477
20.651	-0.2760206799501063
20.701	-0.2760181341958972
20.751	-0.2760156307141096
20.801	-0.27601316885428945
20.851	-0.2760107479760733
20.901	-0.27600836744902524
20.951	-0.27600602665247703
21.001	-0.27600372497537007
21.051	-0.27600146181610113
21.101	-0.2759992365823697
21.151	-0.27599704869102876
21.201	-0.2759948975679378
21.251	-0.27599278264781807
21.301	-0.2759907033741107
21.351	-0.275988659198837
21.401	-0.2759866495824613
21.451	-0.27598467399375576
21.501	-0.27598273190966793
21.551	-0.2759808228151903
21.601	-0.275978946203232
21.651	-0.27597710157449273
21.701	-0.27597528843733893
21.751	-0.27597350630768175
21.801	-0.2759717547088574
21.851	-0.2759700331715092
21.901	-0.275968341233472
21.951	-0.27596667843965794
22.001	-0.2759650443419447
22.051	-0.2759634384990653
22.101	-0.2759618604764998
22.151	-0.2759603098463688
22.201	-0.2759587861873289
22.251	-0.2759572890844695
22.301	-0.2759558181292115
22.351	-0.27595437291920805
22.401	-0.2759529530582462
22.451	-0.2759515581561509
22.501	-0.27595018782869013
22.551	-0.2759488416974816
22.601	-0.27594751938990136
22.651	-0.27594622053899354
22.701	-0.2759449447833818
22.751	-0.275943691767182
22.801	-0.27594246113991644
22.851	-0.2759412525564299
22.901	-0.2759400656768059
22.951	-0.27593890016628597
23.001	-0.27593775569518864
23.051	-0.27593663193883095
23.101	-0.27593552857745046
23.151	-0.27593444529612904
23.201	-0.2759333817847175
23.251	-0.2759323377377619
23.301	-0.2759313128544304
23.351	-0.2759303068384422
23.401	-0.27592931939799664
23.451	-0.2759283502457041
23.501	-0.2759273990985181
23.551	-0.27592646567766776
23.601	-0.2759255497085922
23.651	-0.2759246509208755
23.701	-0.2759237690481828
23.751	-0.2759229038281975
23.801	-0.2759220550025595
23.851	-0.2759212223168043
23.901	-0.27592040552030306
23.951	-0.2759196043662038
24.001	-0.2759188186113734
24.051	-0.2759180480163407
24.101	-0.27591729234524004
24.151	-0.2759165513657565
24.201	-0.2759158248490711
24.251	-0.2759151125698078
24.301	-0.2759144143059803
24.351	-0.27591372983894075
24.401	-0.2759130589533286
24.451	-0.27591240143702045
24.501	-0.2759117570810805
24.551	-0.27591112567971227
24.601	-0.2759105070302107
24.651	-0.27590990093291495
24.701	-0.2759093071911623
24.751	-0.2759087256112424
24.801	-0.27590815600235247
24.851	-0.27590759817655314
24.901	-0.2759070519487251
24.951	-0.27590651713652614
25.001	-0.2759059935603491
25.051	-0.2759054810432806
25.101	-0.27590497941105996
25.151	-0.27590448849203936
25.201	-0.27590400811714394
25.251	-0.27590353811983337
25.301	-0.2759030783360632
25.351	-0.2759026286042472
25.401	-0.27590218876522044
25.451	-0.2759017586622025
25.501	-0.2759013381407619
25.551	-0.2759009270487802
25.601	-0.27590052523641756
25.651	-0.27590013255607826
25.701	-0.27589974886237695
25.751	-0.2758993740121054
25.801	-0.27589900786419985
25.851	-0.2758986502797085
25.901	-0.27589830112176034
25.951	-0.2758979602555333
26.001	-0.27589762754822394
26.051	-0.2758973028690169
26.101	-0.2758969860890553
26.151	-0.27589667708141125
26.201	-0.275896375721057
26.251	-0.2758960818848366
26.301	-0.2758957954514377
26.351	-0.2758955163013641
26.401	-0.27589524431690854
26.451	-0.2758949793821259
26.501	-0.27589472138280724
26.551	-0.2758944702064532
26.601	-0.2758942257422492
26.651	-0.27589398788103975
26.701	-0.27589375651530407
26.751	-0.27589353153913154
26.801	-0.2758933128481977
26.851	-0.2758931003397407
26.901	-0.2758928939125379
26.951	-0.2758926934668833
27.001	-0.27589249890456435
27.051	-0.27589231012884047
27.101	-0.2758921270444205
27.151	-0.2758919495574417
27.201	-0.2758917775754481
27.251	-0.2758916110073698
27.301	-0.27589144976350255
27.351	-0.27589129375548704
27.401	-0.2758911428962894
27.451	-0.27589099710018133
27.501	-0.27589085628272064
27.551	-0.2758907203607324
27.601	-0.27589058925229004
27.651	-0.2758904628766969
27.701	-0.27589034115446787
27.751	-0.2758902240073118
27.801	-0.27589011135811337
27.851	-0.2758900031309161
27.901	-0.27588989925090496
27.951	-0.2758897996443896
28.001	-0.2758897042387876
28.051	-0.2758896129626084
28.101	-0.2758895257454366
28.151	-0.27588944251791686
28.201	-0.2758893632117375
28.251	-0.2758892877596155
28.301	-0.2758892160952813
28.351	-0.2758891481534636
28.401	-0.275889083869875
28.451	-0.27588902318119723
28.501	-0.27588896602506685
28.551	-0.27588891234006135
28.601	-0.2758888620656851
28.651	-0.27588881514235575
28.701	-0.27588877151139096
28.751	-0.27588873111499485
28.801	-0.27588869389624504
28.851	-0.27588865979907995
28.901	-0.2758886287682859
28.951	-0.27588860074948485
29.001	-0.27588857568912184
29.051	-0.27588855353445313
29.101	-0.2758885342335342
29.151	-0.2758885177352079
29.201	-0.275888503989093
29.251	-0.2758884929455726
29.301	-0.27588848455578324
29.351	-0.27588847877160333
29.401	-0.2758884755456428
29.451	-0.2758884748312318
29.501	-0.2758884765824106
29.551	-0.2758884807539189
29.601	-0.27588848730118565
29.651	-0.27588849618031874
29.701	-0.2758885073480954
29.751	-0.27588852076195197
29.801	-0.2758885363799745
29.851	-0.27588855416088914
29.901	-0.27588857406405265
29.951	-0.2758885960494434
30.001	-0.27588862007765186
30.051	-0.27588864610987196
30.101	-0.2758886741078921
30.151	-0.27588870403408644
30.201	-0.2758887358514063
30.251	-0.2758887695233717
30.301	-0.27588880501406304
30.351	-0.27588884228811283
30.401	-0.2758888813106977
30.451	-0.27588892204753024
30.501	-0.2758889644648514
30.551	-0.27588900852942244
30.601	-0.27588905420851756
30.651	-0.27588910146991624
30.701	-0.2758891502818958
30.751	-0.2758892006132243
30.801	-0.2758892524331531
30.851	-0.27588930571140996
30.901	-0.2758893604181919
30.951	-0.27588941652415844
31.001	-0.27588947400042474
31.051	-0.27588953281855516
31.101	-0.27588959295055615
31.151	-0.27588965436887036
31.201	-0.27588971704636983
31.251	-0.27588978095634986
31.301	-0.2758898460725228
31.351	-0.275889912369012
31.401	-0.2758899798203455
31.451	-0.2758900484014505
31.501	-0.27589011808764713
31.551	-0.275890188854643
31.601	-0.2758902606785273
31.651	-0.2758903335357652
31.701	-0.2758904074031926
31.751	-0.2758904822580103
31.801	-0.2758905580777789
31.851	-0.27589063484041354
31.901	-0.27589071252417857
31.951	-0.27589079110768244
32.001	-0.27589087056987266
32.051	-0.27589095089003096
32.101	-0.27589103204776816
32.151	-0.27589111402301947
32.201	-0.2758911967960397
32.251	-0.2758912803473985
32.301	-0.2758913646579759
32.351	-0.2758914497089576
32.401	-0.2758915354818305
32.451	-0.27589162195837824
32.501	-0.275891709120677
32.551	-0.27589179695109106
32.601	-0.27589188543226856
32.651	-0.27589197454713726
32.701	-0.27589206427890073
32.751	-0.2758921546110339
32.801	-0.27589224552727926
32.851	-0.275892337011643
32.901	-0.27589242904839095
32.951	-0.27589252162204486
33.001	-0.27589261471737864
33.051	-0.27589270831941454
33.101	-0.2758928024134195
33.151	-0.2758928969849018
33.201	-0.2758929920196071
33.251	-0.2758930875035152
33.301	-0.2758931834228366
33.351	-0.2758932797640088
33.401	-0.27589337651369344
33.451	-0.2758934736587725
33.501	-0.2758935711863452
33.551	-0.2758936690837252
33.601	-0.2758937673384366
33.651	-0.27589386593821164
33.701	-0.27589396487098716
33.751	-0.27589406412490164
33.801	-0.27589416368829234
33.851	-0.2758942635496922
33.901	-0.27589436369782716
33.951	-0.275894464121613
34.001	-0.2758945648101528
34.051	-0.2758946657527339
34.101	-0.2758947669388255
34.151	-0.27589486835807564
34.201	-0.27589497000030866
34.251	-0.27589507185552264
34.301	-0.27589517391388685
34.351	-0.27589527616573895
34.401	-0.27589537860158275
34.451	-0.2758954812120857
34.501	-0.2758955839880763
34.551	-0.2758956869205418
34.601	-0.27589579000062586
34.651	-0.27589589321962626
34.701	-0.27589599656899244
34.751	-0.27589610004032333
34.801	-0.2758962036253651
34.851	-0.275896307316009
34.901	-0.27589641110428914
34.951	-0.27589651498238044
35.001	-0.27589661894259637
35.051	-0.27589672297738693
35.101	-0.27589682707933677
35.151	-0.27589693124116293
35.201	-0.2758970354557129
35.251	-0.27589713971596297
35.301	-0.2758972440150157
35.351	-0.27589734834609864
35.401	-0.27589745270256205
35.451	-0.27589755707787716
35.501	-0.27589766146563444
35.551	-0.27589776585954173
35.601	-0.2758978702534224
35.651	-0.27589797464121363
35.701	-0.27589807901696495
35.751	-0.2758981833748362
35.801	-0.27589828770909586
35.851	-0.2758983920141197
35.901	-0.27589849628438906
35.951	-0.27589860051448895
36.001	-0.27589870469910693
36.051	-0.2758988088330312
36.101	-0.2758989129111492
36.151	-0.27589901692844615
36.201	-0.2758991208800036
36.251	-0.27589922476099776
36.301	-0.27589932856669813
36.351	-0.2758994322924663
36.401	-0.2758995359337542
36.451	-0.2758996394861031
36.501	-0.2758997429451417
36.551	-0.2758998463065855
36.601	-0.27589994956623476
36.651	-0.2759000527199738
36.701	-0.2759001557637693
36.751	-0.2759002586936692
36.801	-0.2759003615058015
36.851	-0.2759004641963728
36.901	-0.2759005667616675
36.951	-0.2759006691980461
37.001	-0.2759007715019444
37.051	-0.2759008736698722
37.101	-0.2759009756984121
37.151	-0.27590107758421856
37.201	-0.27590117932401653
37.251	-0.2759012809146006
37.301	-0.27590138235283374
37.351	-0.27590148363564637
37.401	-0.2759015847600351
37.451	-0.2759016857230621
37.501	-0.27590178652185354
37.551	-0.27590188715359915
37.601	-0.2759019876155506
37.651	-0.2759020879050213
37.701	-0.27590218801938465
37.751	-0.2759022879560737
37.801	-0.27590238771257974
37.851	-0.2759024872864519
37.901	-0.2759025866752957
37.951	-0.2759026858767726
38.001	-0.2759027848885988
38.051	-0.2759028837085446
38.101	-0.27590298233443333
38.151	-0.27590308076414083
38.201	-0.2759031789955942
38.251	-0.2759032770267713
38.301	-0.2759033748556999
38.351	-0.27590347248045666
38.401	-0.2759035698991667
38.451	-0.2759036671100026
38.501	-0.27590376411118345
38.551	-0.2759038609009747
38.601	-0.2759039574776868
38.651	-0.2759040538396748
38.701	-0.2759041499853376
38.751	-0.275904245913117
38.801	-0.2759043416214976
38.851	-0.27590443710900525
38.901	-0.2759045323742072
38.951	-0.27590462741571087
39.001	-0.2759047222321635
39.051	-0.2759048168222513
39.101	-0.2759049111846991
39.151	-0.27590500531826934
39.201	-0.27590509922176165
39.251	-0.2759051928940124
39.301	-0.2759052863338937
39.351	-0.2759053795403133
39.401	-0.27590547251221353
39.451	-0.27590556524857107
39.501	-0.27590565774839615
39.551	-0.2759057500107322
39.601	-0.27590584203465507
39.651	-0.27590593381927275
39.701	-0.2759060253637246
39.751	-0.2759061166671809
39.801	-0.2759062077288425
39.851	-0.2759062985479399
39.901	-0.27590638912373333
39.951	-0.2759064794555117
40.001	-0.27590656954259235
40.051	-0.2759066593843207
40.101	-0.27590674898006945
40.151	-0.27590683832923846
40.201	-0.27590692743125406
40.251	-0.2759070162855686
40.301	-0.27590710489166015
40.351	-0.2759071932490319
40.401	-0.27590728135721193
40.451	-0.2759073692157525
40.501	-0.27590745682422985
40.551	-0.2759075441822437
40.601	-0.27590763128941687
40.651	-0.2759077181453949
40.701	-0.27590780474984544
40.751	-0.2759078911024583
40.801	-0.2759079772029445
40.851	-0.2759080630510365
40.901	-0.2759081486464873
40.951	-0.2759082339890703
41.001	-0.275908319078579
41.051	-0.27590840391482657
41.101	-0.2759084884976454
41.151	-0.2759085728268869
41.201	-0.27590865690242117
41.251	-0.27590874072413646
41.301	-0.27590882429193914
41.351	-0.275908907605753
41.401	-0.2759089906655193
41.451	-0.2759090734711963
41.501	-0.27590915602275884
41.551	-0.2759092383201982
41.601	-0.27590932036352167
41.651	-0.2759094021527523
41.701	-0.2759094836879287
41.751	-0.2759095649691047
41.801	-0.2759096459963488
41.851	-0.2759097267697444
41.901	-0.2759098072893891
41.951	-0.2759098875553945
42.001	-0.27590996756788605
42.051	-0.27591004732700297
42.101	-0.2759101268328974
42.151	-0.27591020608573474
42.201	-0.27591028508569304
42.251	-0.27591036383296297
42.301	-0.27591044232774736
42.351	-0.27591052057026116
42.401	-0.27591059856073114
42.451	-0.2759106762993955
42.501	-0.27591075378650387
42.551	-0.27591083102231706
42.601	-0.2759109080071066
42.651	-0.27591098474115483
42.701	-0.2759110612247544
42.751	-0.2759111374582083
42.801	-0.2759112134418295
42.851	-0.2759112891759408
42.901	-0.2759113646608746
42.951	-0.2759114398969728
43.001	-0.2759115148845863
43.051	-0.2759115896240753
43.101	-0.2759116641158086
43.151	-0.2759117383601638
43.201	-0.2759118123575268
43.251	-0.275911886108292
43.301	-0.2759119596128617
43.351	-0.2759120328716462
43.401	-0.27591210588506343
43.451	-0.2759121786535391
43.501	-0.27591225117750623
43.551	-0.275912323457405
43.601	-0.2759123954936828
43.651	-0.27591246728679375
43.701	-0.27591253883719896
43.751	-0.27591261014536594
43.801	-0.2759126812117688
43.851	-0.2759127520368878
43.901	-0.2759128226212095
43.951	-0.2759128929652263
44.001	-0.2759129630694366
44.051	-0.2759130329343443
44.101	-0.2759131025604593
44.151	-0.27591317194829645
44.201	-0.27591324109837617
44.251	-0.27591331001122404
44.301	-0.2759133786873706
44.351	-0.2759134471273514
44.401	-0.2759135153317066
44.451	-0.2759135833009812
44.501	-0.27591365103572474
44.551	-0.275913718536491
44.601	-0.27591378580383824
44.651	-0.27591385283832875
44.701	-0.275913919640529
44.751	-0.2759139862110095
44.801	-0.2759140525503443
44.851	-0.2759141186591114
44.901	-0.2759141845378925
44.951	-0.27591425018727256
45.001	-0.27591431560784024
45.051	-0.27591438080018726
45.101	-0.2759144457649087
45.151	-0.27591451050260274
45.201	-0.2759145750138706
45.251	-0.2759146392993163
45.301	-0.27591470335954676
45.351	-0.2759147671951717
45.401	-0.2759148308068034
45.451	-0.27591489419505666
45.501	-0.27591495736054883
45.551	-0.27591502030389964
45.601	-0.275915083025731
45.651	-0.2759151455266671
45.701	-0.27591520780733436
45.751	-0.27591526986836107
45.801	-0.2759153317103775
45.851	-0.27591539333401605
45.901	-0.2759154547399105
45.951	-0.27591551592869684
46.001	-0.27591557690101237
46.051	-0.2759156376574961
46.101	-0.2759156981987886
46.151	-0.27591575852553185
46.201	-0.2759158186383691
46.251	-0.27591587853794514
46.301	-0.27591593822490573
46.351	-0.27591599769989805
46.401	-0.27591605696357024
46.451	-0.2759161160165715
46.501	-0.27591617485955205
46.551	-0.275916233493163
46.601	-0.27591629191805644
46.651	-0.27591635013488514
46.701	-0.2759164081443025
46.751	-0.27591646594696295
46.801	-0.27591652354352125
46.851	-0.27591658093463284
46.901	-0.2759166381209537
46.951	-0.27591669510314026
47.001	-0.2759167518818494
47.051	-0.27591680845773825
47.101	-0.2759168648314645
47.151	-0.27591692100368576
47.201	-0.2759169769750602
47.251	-0.2759170327462459
47.301	-0.27591708831790124
47.351	-0.2759171436906846
47.401	-0.27591719886525434
47.451	-0.275917253842269
47.501	-0.2759173086223868
47.551	-0.2759173632062661
47.601	-0.27591741759456495
47.651	-0.2759174717879413
47.701	-0.27591752578705286
47.751	-0.2759175795925572
47.801	-0.27591763320511137
47.851	-0.2759176866253722
47.901	-0.2759177398539962
47.951	-0.27591779289163937
48.001	-0.27591784573895733
48.051	-0.2759178983966052
48.101	-0.2759179508652375
48.151	-0.27591800314550846
48.201	-0.2759180552380714
48.251	-0.2759181071435792
48.301	-0.27591815886268417
48.351	-0.27591821039603776
48.401	-0.2759182617442908
48.451	-0.2759183129080934
48.501	-0.2759183638880949
48.551	-0.27591841468494377
48.601	-0.2759184652992878
48.651	-0.27591851573177384
48.701	-0.27591856598304776
48.751	-0.2759186160537548
48.801	-0.27591866594453895
48.851	-0.27591871565604353
48.901	-0.2759187651889106
48.951	-0.2759188145437816
49.001	-0.2759188637212965
49.051	-0.27591891272209446
49.101	-0.2759189615468136
49.151	-0.2759190101960909
49.201	-0.27591905867056216
49.251	-0.2759191069708621
49.301	-0.2759191550976242
49.351	-0.27591920305148093
49.401	-0.2759192508330634
49.451	-0.27591929844300156
49.501	-0.2759193458819242
49.551	-0.2759193931504587
49.601	-0.27591944024923126
49.651	-0.2759194871788668
49.701	-0.27591953393998886
49.751	-0.2759195805332198
49.801	-0.2759196269591804
49.851	-0.2759196732184903
49.901	-0.27591971931176773
49.951	-0.2759197652396294
50.001	-0.2759198110026908
50.051	-0.2759198566015658
50.101	-0.2759199020368671
50.151	-0.27591994730920566
50.201	-0.27591999241919124
50.251	-0.2759200373674319
50.301	-0.27592008215453445
50.351	-0.275920126781104
50.401	-0.27592017124774426
50.451	-0.2759202155550574
50.501	-0.2759202597036441
50.551	-0.2759203036941034
50.601	-0.2759203475270328
50.651	-0.2759203912030284
50.701	-0.2759204347226845
50.751	-0.2759204780865939
50.801	-0.27592052129534794
50.851	-0.2759205643495362
50.901	-0.27592060724974665
50.951	-0.2759206499965657
51.001	-0.2759206925905781
51.051	-0.2759207350323671
51.101	-0.27592077732251397
51.151	-0.27592081946159874
51.201	-0.2759208614501995
51.251	-0.2759209032888928
51.301	-0.2759209449782534
51.351	-0.2759209865188546
51.401	-0.2759210279112677
51.451	-0.2759210691560626
51.501	-0.2759211102538074
51.551	-0.2759211512050683
51.601	-0.2759211920104102
51.651	-0.2759212326703959
51.701	-0.27592127318558674
51.751	-0.2759213135565422
51.801	-0.27592135378382
51.851	-0.27592139386797626
51.901	-0.2759214338095653
51.951	-0.27592147360913966
52.001	-0.27592151326725023
52.051	-0.275921552784446
52.101	-0.2759215921612744
52.151	-0.2759216313982809
52.201	-0.2759216704960094
52.251	-0.275921709455002
52.301	-0.2759217482757989
52.351	-0.27592178695893865
52.401	-0.27592182550495803
52.451	-0.275921863914392
52.501	-0.2759219021877738
52.551	-0.2759219403256349
52.601	-0.2759219783285049
52.651	-0.27592201619691176
52.701	-0.2759220539313816
52.751	-0.27592209153243863
52.801	-0.27592212900060553
52.851	-0.27592216633640304
52.901	-0.27592220354035013
52.951	-0.27592224061296394
53.001	-0.27592227755476
53.051	-0.27592231436625186
53.101	-0.27592235104795143
53.151	-0.2759223876003687
53.201	-0.275922424024012
53.251	-0.27592246031938783
53.301	-0.27592249648700085
53.351	-0.27592253252735405
53.401	-0.2759225684409485
53.451	-0.27592260422828363
53.501	-0.27592263988985694
53.551	-0.2759226754261643
53.601	-0.27592271083769965
53.651	-0.27592274612495526
53.701	-0.27592278128842157
53.751	-0.2759228163285873
53.801	-0.2759228512459393
53.851	-0.27592288604096266
53.901	-0.2759229207141409
53.951	-0.2759229552659554
54.001	-0.27592298969688606
54.051	-0.2759230240074109
54.101	-0.2759230581980063
54.151	-0.27592309226914663
54.201	-0.2759231262213047
54.251	-0.2759231600549515
54.301	-0.2759231937705563
54.351	-0.2759232273685865
54.401	-0.2759232608495079
54.451	-0.2759232942137844
54.501	-0.27592332746187825
54.551	-0.27592336059425
54.601	-0.2759233936113583
54.651	-0.2759234265136602
54.701	-0.2759234593016109
54.751	-0.27592349197566396
54.801	-0.27592352453627117
54.851	-0.2759235569838826
54.901	-0.27592358931894656
54.951	-0.27592362154190975
55.001	-0.27592365365321697
55.051	-0.2759236856533115
55.101	-0.27592371754263467
55.151	-0.2759237493216264
55.201	-0.27592378099072457
55.251	-0.2759238125503657
55.301	-0.27592384400098435
55.351	-0.27592387534301355
55.401	-0.2759239065768844
55.451	-0.2759239377030267
55.501	-0.27592396872186825
55.551	-0.27592399963383524
55.601	-0.2759240304393522
55.651	-0.275924061138842
55.701	-0.27592409173272586
55.751	-0.2759241222214234
55.801	-0.2759241526053523
55.851	-0.27592418288492887
55.901	-0.2759242130605677
55.951	-0.27592424313268166
56.001	-0.27592427310168205
56.051	-0.2759243029679785
56.101	-0.2759243327319789
56.151	-0.27592436239408974
56.201	-0.27592439195471574
56.251	-0.27592442141425993
56.301	-0.27592445077312383
56.351	-0.27592448003170733
56.401	-0.2759245091904087
56.451	-0.27592453824962454
56.501	-0.27592456720975
56.551	-0.2759245960711785
56.601	-0.27592462483430186
56.651	-0.27592465349951045
56.701	-0.2759246820671929
56.751	-0.2759247105377363
56.801	-0.2759247389115263
56.851	-0.27592476718894676
56.901	-0.2759247953703802
56.951	-0.2759248234562074
57.001	-0.2759248514468077
57.051	-0.2759248793425587
57.101	-0.27592490714383683
57.151	-0.27592493485101655
57.201	-0.27592496246447107
57.251	-0.275924989984572
57.301	-0.2759250174116893
57.351	-0.2759250447461916
57.401	-0.27592507198844585
57.451	-0.27592509913881763
57.501	-0.27592512619767096
57.551	-0.2759251531653682
57.601	-0.2759251800422705
57.651	-0.2759252068287373
57.701	-0.27592523352512655
57.751	-0.2759252601317949
57.801	-0.2759252866490974
57.851	-0.27592531307738755
57.901	-0.2759253394170175
57.951	-0.275925365668338
58.001	-0.27592539183169806
58.051	-0.27592541790744557
58.101	-0.27592544389592677
58.151	-0.27592546979748644
58.201	-0.2759254956124681
58.251	-0.2759255213412137
58.301	-0.2759255469840637
58.351	-0.27592557254135724
58.401	-0.27592559801343214
58.451	-0.2759256234006246
58.501	-0.27592564870326947
58.551	-0.2759256739217003
58.601	-0.27592569905624914
58.651	-0.27592572410724664
58.701	-0.27592574907502215
58.751	-0.27592577395990353
58.801	-0.2759257987622173
58.851	-0.27592582348228867
58.901	-0.27592584812044146
58.951	-0.275925872676998
59.001	-0.2759258971522794
59.051	-0.2759259215466054
59.101	-0.2759259458602943
59.151	-0.27592597009366315
59.201	-0.2759259942470277
59.251	-0.2759260183207022
59.301	-0.2759260423149997
59.351	-0.2759260662302319
59.401	-0.2759260900667092
59.451	-0.27592611382474064
59.501	-0.2759261375046339
59.551	-0.2759261611066956
59.601	-0.27592618463123075
59.651	-0.2759262080785433
59.701	-0.27592623144893574
59.751	-0.2759262547427094
59.801	-0.2759262779601642
59.851	-0.275926301101599
59.901	-0.2759263241673112
59.951	-0.275926347157597
60.001	-0.2759263700727514
60.051	-0.275926392913068
60.101	-0.2759264156788392
60.151	-0.2759264383703563
60.201	-0.2759264609879092
60.251	-0.2759264835317866
60.301	-0.27592650600227603
60.351	-0.2759265283996637
60.401	-0.2759265507242347
60.451	-0.2759265729762728
60.501	-0.2759265951560607
60.551	-0.2759266172638798
60.601	-0.2759266393000102
60.651	-0.275926661264731
60.701	-0.27592668315832003
60.751	-0.27592670498105387
60.801	-0.27592672673320806
60.851	-0.2759267484150568
60.901	-0.2759267700268732
60.951	-0.2759267915689293
61.001	-0.27592681304149574
61.051	-0.27592683444484223
61.101	-0.2759268557792372
61.151	-0.275926877044948
61.201	-0.27592689824224076
61.251	-0.2759269193713806
61.301	-0.2759269404326313
61.351	-0.2759269614262557
61.401	-0.2759269823525155
61.451	-0.27592700321167113
61.501	-0.27592702400398206
61.551	-0.2759270447297066
61.601	-0.2759270653891019
61.651	-0.2759270859824241
61.701	-0.2759271065099282
61.751	-0.27592712697186805
61.801	-0.27592714736849655
61.851	-0.27592716770006537
61.901	-0.2759271879668252
61.951	-0.2759272081690256
62.001	-0.2759272283069151
62.051	-0.2759272483807411
62.101	-0.2759272683907501
62.151	-0.2759272883371874
62.201	-0.27592730822029715
62.251	-0.2759273280403227
62.301	-0.2759273477975062
62.351	-0.27592736749208885
62.401	-0.27592738712431075
62.451	-0.27592740669441096
62.501	-0.27592742620262756
62.551	-0.2759274456491976
62.601	-0.2759274650343571
62.651	-0.2759274843583411
62.701	-0.2759275036213835
62.751	-0.27592752282371746
62.801	-0.2759275419655749
62.851	-0.27592756104718685
62.901	-0.2759275800687833
62.951	-0.2759275990305934
63.001	-0.27592761793284504
63.051	-0.2759276367757654
63.101	-0.27592765555958054
63.151	-0.27592767428451564
63.201	-0.2759276929507948
63.251	-0.27592771155864126
63.301	-0.2759277301082773
63.351	-0.2759277485999242
63.401	-0.27592776703380234
63.451	-0.275927785410131
63.501	-0.27592780372912884
63.551	-0.27592782199101323
63.601	-0.27592784019600086
63.651	-0.2759278583443074
63.701	-0.2759278764361476
63.751	-0.27592789447173516
63.801	-0.2759279124512832
63.851	-0.2759279303750035
63.901	-0.27592794824310735
63.951	-0.2759279660558049
64.001	-0.27592798381330536
64.051	-0.27592800151581715
64.101	-0.27592801916354787
64.151	-0.275928036756704
64.201	-0.27592805429549133
64.251	-0.2759280717801148
64.301	-0.2759280892107782
64.351	-0.27592810658768485
64.401	-0.2759281239110368
64.451	-0.27592814118103554
64.501	-0.27592815839788154
64.551	-0.27592817556177446
64.601	-0.27592819267291313
64.651	-0.27592820973149546
64.701	-0.27592822673771855
64.751	-0.2759282436917787
64.801	-0.2759282605938714
64.851	-0.27592827744419113
64.901	-0.27592829424293164
64.951	-0.27592831099028603
65.001	-0.27592832768644626
65.051	-0.2759283443316037
65.101	-0.27592836092594875
65.151	-0.2759283774696712
65.201	-0.2759283939629598
65.251	-0.2759284104060027
65.301	-0.27592842679898705
65.351	-0.27592844314209936
65.401	-0.2759284594355253
65.451	-0.2759284756794498
65.501	-0.27592849187405677
65.551	-0.2759285080195297
65.601	-0.27592852411605095
65.651	-0.2759285401638024
65.701	-0.27592855616296497
65.751	-0.2759285721137188
65.801	-0.2759285880162434
65.851	-0.2759286038707175
65.901	-0.27592861967731885
65.951	-0.27592863543622476
66.001	-0.27592865114761156
66.051	-0.27592866681165495
66.101	-0.2759286824285298
66.151	-0.2759286979984103
66.201	-0.2759287135214699
66.251	-0.2759287289978813
66.301	-0.2759287444278164
66.351	-0.2759287598114465
66.401	-0.2759287751489421
66.451	-0.2759287904404729
66.501	-0.27592880568620815
66.551	-0.27592882088631604
66.601	-0.2759288360409643
66.651	-0.27592885115031984
66.701	-0.2759288662145489
66.751	-0.2759288812338169
66.801	-0.2759288962082888
66.851	-0.2759289111381287
66.901	-0.27592892602349994
66.951	-0.2759289408645654
67.001	-0.27592895566148695
67.051	-0.27592897041442616
67.101	-0.2759289851235436
67.151	-0.2759289997889993
67.201	-0.2759290144109527
67.251	-0.2759290289895623
67.301	-0.2759290435249862
67.351	-0.2759290580173817
67.401	-0.2759290724669055
67.451	-0.2759290868737136
67.501	-0.2759291012379613
67.551	-0.27592911555980343
67.601	-0.27592912983939394
67.651	-0.2759291440768862
67.701	-0.27592915827243303
67.751	-0.27592917242618653
67.801	-0.27592918653829823
67.851	-0.27592920060891885
67.901	-0.27592921463819875
67.951	-0.2759292286262873
68.001	-0.2759292425733337
68.051	-0.27592925647948613
68.101	-0.2759292703448923
68.151	-0.27592928416969925
68.201	-0.2759292979540536
68.251	-0.2759293116981011
68.301	-0.27592932540198695
68.351	-0.2759293390658559
68.401	-0.27592935268985197
68.451	-0.2759293662741185
68.501	-0.2759293798187984
68.551	-0.2759293933240339
68.601	-0.2759294067899666
68.651	-0.2759294202167376
68.701	-0.2759294336044873
68.751	-0.27592944695335564
68.801	-0.2759294602634819
68.851	-0.2759294735350048
68.901	-0.2759294867680624
68.951	-0.27592949996279237
69.001	-0.2759295131193316
69.051	-0.2759295262378166
69.101	-0.2759295393183831
69.151	-0.27592955236116645
69.201	-0.2759295653663014
69.251	-0.2759295783339221
69.301	-0.27592959126416217
69.351	-0.2759296041571546
69.401	-0.2759296170130319
69.451	-0.2759296298319261
69.501	-0.2759296426139685
69.551	-0.27592965535929004
69.601	-0.27592966806802094
69.651	-0.2759296807402911
69.701	-0.27592969337622963
69.751	-0.27592970597596533
69.801	-0.2759297185396264
69.851	-0.2759297310673403
69.901	-0.27592974355923433
69.951	-0.275929756015435
70.001	-0.2759297684360684
70.051	-0.27592978082126013
70.101	-0.2759297931711351
70.151	-0.27592980548581786
70.201	-0.27592981776543246
70.251	-0.27592983001010235
70.301	-0.27592984221995054
70.351	-0.2759298543950994
70.401	-0.2759298665356711
70.451	-0.275929878641787
70.501	-0.27592989071356794
70.551	-0.2759299027511346
70.601	-0.2759299147546069
70.651	-0.2759299267241042
70.701	-0.2759299386597457
70.751	-0.27592995056164976
70.801	-0.2759299624299344
70.851	-0.27592997426471727
70.901	-0.2759299860661153
70.951	-0.2759299978342451
71.001	-0.27593000956922287
71.051	-0.27593002127116406
71.101	-0.275930032940184
71.151	-0.2759300445763972
71.201	-0.275930056179918
71.251	-0.2759300677508601
71.301	-0.2759300792893368
71.351	-0.2759300907954609
71.401	-0.2759301022693447
71.451	-0.27593011371110027
71.501	-0.27593012512083887
71.551	-0.2759301364986716
71.601	-0.275930147844709
71.651	-0.27593015915906105
71.701	-0.27593017044183754
71.751	-0.2759301816931476
71.801	-0.27593019291309995
71.851	-0.2759302041018029
71.901	-0.27593021525936445
71.951	-0.2759302263858919
72.001	-0.27593023748149226
72.051	-0.2759302485462722
72.101	-0.2759302595803377
72.151	-0.27593027058379455
72.201	-0.27593028155674804
72.251	-0.275930292499303
72.301	-0.2759303034115638
72.351	-0.27593031429363457
72.401	-0.27593032514561877
72.451	-0.2759303359676197
72.501	-0.27593034675973993
72.551	-0.2759303575220819
72.601	-0.27593036825474754
72.651	-0.27593037895783834
72.701	-0.2759303896314554
72.751	-0.27593040027569943
72.801	-0.27593041089067066
72.851	-0.27593042147646907
72.901	-0.2759304320331941
72.951	-0.27593044256094484
73.001	-0.27593045305981995
73.051	-0.27593046352991774
73.101	-0.27593047397133613
73.151	-0.2759304843841726
73.201	-0.27593049476852427
73.251	-0.27593050512448786
73.301	-0.27593051545215974
73.351	-0.2759305257516358
73.401	-0.27593053602301165
73.451	-0.27593054626638247
73.501	-0.27593055648184306
73.551	-0.27593056666948784
73.601	-0.27593057682941086
73.651	-0.2759305869617058
73.701	-0.27593059706646594
73.751	-0.27593060714378426
73.801	-0.2759306171937533
73.851	-0.2759306272164652
73.901	-0.27593063721201183
73.951	-0.27593064718048466
74.001	-0.2759306571219748
74.051	-0.2759306670365729
74.101	-0.27593067692436934
74.151	-0.27593068678545424
74.201	-0.27593069661991715
74.251	-0.2759307064278474
74.301	-0.2759307162093339
74.351	-0.27593072596446533
74.401	-0.2759307356933299
74.451	-0.2759307453960155
74.501	-0.2759307550726096
74.551	-0.2759307647231995
74.601	-0.27593077434787205
74.651	-0.27593078394671366
74.701	-0.27593079351981065
74.751	-0.2759308030672487
74.801	-0.27593081258911345
74.851	-0.2759308220854899
74.901	-0.27593083155646303
74.951	-0.2759308410021172
75.001	-0.2759308504225366
75.051	-0.2759308598178051
75.101	-0.2759308691880061
75.151	-0.27593087853322285
75.201	-0.27593088785353814
75.251	-0.27593089714903446
75.301	-0.27593090641979406
75.351	-0.2759309156658988
75.401	-0.2759309248874302
75.451	-0.2759309340844695
75.501	-0.27593094325709755
75.551	-0.275930952405395
75.601	-0.2759309615294422
75.651	-0.27593097062931893
75.701	-0.275930979705105
75.751	-0.27593098875687966
75.801	-0.27593099778472197
75.851	-0.27593100678871063
75.901	-0.27593101576892415
75.951	-0.2759310247254405
76.001	-0.27593103365833754
76.051	-0.2759310425676928
76.101	-0.27593105145358343
76.151	-0.2759310603160864
76.201	-0.27593106915527826
76.251	-0.2759310779712353
76.301	-0.27593108676403355
76.351	-0.2759310955337488
76.401	-0.2759311042804563
76.451	-0.2759311130042313
76.501	-0.2759311217051486
76.551	-0.2759311303832827
76.601	-0.275931139038708
76.651	-0.2759311476714983
76.701	-0.27593115628172743
76.751	-0.27593116486946867
76.801	-0.2759311734347952
76.851	-0.2759311819777798
76.901	-0.2759311904984951
76.951	-0.27593119899701335
77.001	-0.2759312074734065
77.051	-0.27593121592774633
77.101	-0.2759312243601042
77.151	-0.27593123277055137
77.201	-0.2759312411591587
77.251	-0.27593124952599674
77.301	-0.2759312578711359
77.351	-0.2759312661946463
77.401	-0.27593127449659766
77.451	-0.27593128277705964
77.501	-0.27593129103610137
77.551	-0.275931299273792
77.601	-0.2759313074902002
77.651	-0.2759313156853944
77.701	-0.27593132385944297
77.751	-0.2759313320124137
77.801	-0.2759313401443745
77.851	-0.2759313482553926
77.901	-0.2759313563455353
77.951	-0.27593136441486954
78.001	-0.27593137246346194
78.051	-0.27593138049137894
78.101	-0.2759313884986867
78.151	-0.2759313964854511
78.201	-0.2759314044517379
78.251	-0.2759314123976125
78.301	-0.27593142032314
78.351	-0.27593142822838534
78.401	-0.2759314361134132
78.451	-0.275931443978288
78.501	-0.275931451823074
78.551	-0.275931459647835
78.601	-0.2759314674526348
78.651	-0.2759314752375368
78.701	-0.2759314830026043
78.751	-0.27593149074790013
78.801	-0.2759314984734872
78.851	-0.2759315061794279
78.901	-0.2759315138657846
78.951	-0.2759315215326192
79.001	-0.27593152917999353
79.051	-0.2759315368079692
79.101	-0.2759315444166076
79.151	-0.2759315520059697
79.201	-0.2759315595761165
79.251	-0.2759315671271085
79.301	-0.27593157465900625
79.351	-0.27593158217186986
79.401	-0.2759315896657593
79.451	-0.27593159714073434
79.501	-0.2759316045968545
79.551	-0.27593161203417904
79.601	-0.27593161945276706
79.651	-0.27593162685267736
79.701	-0.2759316342339686
79.751	-0.2759316415966992
79.801	-0.27593164894092737
79.851	-0.275931656266711
79.901	-0.27593166357410787
79.951	-0.2759316708631756
80.001	-0.27593167813397146
80.051	-0.27593168538655255
80.101	-0.2759316926209758
80.151	-0.2759316998372978
80.201	-0.2759317070355752
80.251	-0.27593171421586415
80.301	-0.27593172137822075
80.351	-0.2759317285227008
80.401	-0.27593173564936
80.451	-0.2759317427582538
80.501	-0.27593174984943736
80.551	-0.27593175692296573
80.601	-0.2759317639788938
80.651	-0.27593177101727606
80.701	-0.27593177803816704
80.751	-0.2759317850416209
80.801	-0.2759317920276917
80.851	-0.2759317989964332
80.901	-0.27593180594789907
80.951	-0.2759318128821427
81.001	-0.2759318197992173
81.051	-0.27593182669917593
81.101	-0.2759318335820714
81.151	-0.2759318404479563
81.201	-0.2759318472968832
81.251	-0.27593185412890425
81.301	-0.2759318609440715
81.351	-0.2759318677424369
81.401	-0.275931874524052
81.451	-0.2759318812889684
81.501	-0.27593188803723734
81.551	-0.27593189476890995
81.601	-0.2759319014840372
81.651	-0.27593190818266966
81.701	-0.2759319148648581
81.751	-0.2759319215306527
81.801	-0.2759319281801038
81.851	-0.2759319348132613
81.901	-0.275931941430175
81.951	-0.2759319480308946
82.001	-0.2759319546154695
82.051	-0.27593196118394897
82.101	-0.2759319677363822
82.151	-0.27593197427281796
82.201	-0.2759319807933051
82.251	-0.2759319872978921
82.301	-0.2759319937866274
82.351	-0.2759320002595592
82.401	-0.2759320067167355
82.451	-0.27593201315820415
82.501	-0.27593201958401287
82.551	-0.2759320259942092
82.601	-0.2759320323888404
82.651	-0.2759320387679537
82.701	-0.275932045131596
82.751	-0.27593205147981426
82.801	-0.27593205781265506
82.851	-0.2759320641301649
82.901	-0.2759320704323901
82.951	-0.2759320767193768
83.001	-0.27593208299117106
83.051	-0.2759320892478186
83.101	-0.27593209548936515
83.151	-0.27593210171585614
83.201	-0.27593210792733697
83.251	-0.27593211412385277
83.301	-0.2759321203054485
83.351	-0.2759321264721691
83.401	-0.27593213262405913
83.451	-0.27593213876116324
83.501	-0.2759321448835257
83.551	-0.2759321509911907
83.601	-0.2759321570842024
83.651	-0.2759321631626045
83.701	-0.27593216922644087
83.751	-0.27593217527575503
83.801	-0.27593218131059044
83.851	-0.27593218733099034
83.901	-0.2759321933369978
83.951	-0.2759321993286558
84.001	-0.27593220530600715
84.051	-0.27593221126909445
84.101	-0.27593221721796024
84.151	-0.27593222315264687
84.201	-0.27593222907319653
84.251	-0.2759322349796512
84.301	-0.27593224087205287
84.351	-0.2759322467504432
84.401	-0.2759322526148638
84.451	-0.2759322584653562
84.501	-0.2759322643019616
84.551	-0.2759322701247212
84.601	-0.27593227593367603
84.651	-0.2759322817288669
84.701	-0.2759322875103346
84.751	-0.27593229327811963
84.801	-0.27593229903226246
84.851	-0.27593230477280334
84.901	-0.2759323104997825
84.951	-0.2759323162132399
85.001	-0.2759323219132154
85.051	-0.2759323275997487
85.101	-0.2759323332728794
85.151	-0.27593233893264696
85.201	-0.27593234457909066
85.251	-0.2759323502122497
85.301	-0.27593235583216313
85.351	-0.2759323614388698
85.401	-0.2759323670324084
85.451	-0.27593237261281767
85.501	-0.27593237818013605
85.551	-0.2759323837344019
85.601	-0.27593238927565333
85.651	-0.27593239480392856
85.701	-0.27593240031926547
85.751	-0.2759324058217019
85.801	-0.27593241131127555
85.851	-0.27593241678802394
85.901	-0.27593242225198444
85.951	-0.2759324277031945
86.001	-0.2759324331416911
86.051	-0.2759324385675113
86.101	-0.2759324439806921
86.151	-0.2759324493812702
86.201	-0.27593245476928224
86.251	-0.27593246014476475
86.301	-0.27593246550775413
86.351	-0.27593247085828665
86.401	-0.27593247619639844
86.451	-0.2759324815221255
86.501	-0.2759324868355037
86.551	-0.27593249213656884
86.601	-0.2759324974253566
86.651	-0.27593250270190234
86.701	-0.2759325079662416
86.751	-0.27593251321840956
86.801	-0.2759325184584414
86.851	-0.2759325236863722
86.901	-0.2759325289022368
86.951	-0.27593253410607
87.001	-0.27593253929790645
87.051	-0.2759325444777807
87.101	-0.2759325496457272
87.151	-0.2759325548017803
87.201	-0.2759325599459741
87.251	-0.2759325650783427
87.301	-0.27593257019892
87.351	-0.27593257530773996
87.401	-0.2759325804048362
87.451	-0.2759325854902424
87.501	-0.275932590563992
87.551	-0.2759325956261184
87.601	-0.2759326006766548
87.651	-0.27593260571563444
87.701	-0.2759326107430903
87.751	-0.2759326157590553
87.801	-0.2759326207635623
87.851	-0.2759326257566439
87.901	-0.27593263073833274
87.951	-0.27593263570866133
88.001	-0.275932640667662
88.051	-0.27593264561536696
88.101	-0.2759326505518084
88.151	-0.27593265547701834
88.201	-0.2759326603910287
88.251	-0.27593266529387134
88.301	-0.2759326701855779
88.351	-0.27593267506617997
88.401	-0.2759326799357091
88.451	-0.2759326847941966
88.501	-0.27593268964167383
88.551	-0.2759326944781719
88.601	-0.27593269930372194
88.651	-0.27593270411835485
88.701	-0.27593270892210153
88.751	-0.27593271371499273
88.801	-0.275932718497059
88.851	-0.275932723268331
88.901	-0.27593272802883917
88.951	-0.27593273277861374
89.001	-0.27593273751768504
89.051	-0.2759327422460832
89.101	-0.27593274696383824
89.151	-0.27593275167098
89.201	-0.27593275636753845
89.251	-0.27593276105354325
89.301	-0.27593276572902403
89.351	-0.2759327703940103
89.401	-0.2759327750485316
89.451	-0.2759327796926171
89.501	-0.27593278432629614
89.551	-0.27593278894959783
89.601	-0.2759327935625512
89.651	-0.2759327981651851
89.701	-0.2759328027575286
89.751	-0.27593280733961023
89.801	-0.27593281191145874
89.851	-0.2759328164731027
89.901	-0.27593282102457045
89.951	-0.2759328255658905
90.001	-0.2759328300970911
90.051	-0.2759328346182003
90.101	-0.27593283912924627
90.151	-0.275932843630257
90.201	-0.2759328481212604
90.251	-0.2759328526022842
90.301	-0.2759328570733562
90.351	-0.2759328615345039
90.401	-0.27593286598575495
90.451	-0.27593287042713666
90.501	-0.2759328748586765
90.551	-0.2759328792804016
90.601	-0.27593288369233926
90.651	-0.27593288809451644
90.701	-0.2759328924869601
90.751	-0.27593289686969724
90.801	-0.27593290124275455
90.851	-0.2759329056061588
90.901	-0.27593290995993663
90.951	-0.2759329143041146
91.001	-0.27593291863871905
91.051	-0.2759329229637765
91.101	-0.27593292727931307
91.151	-0.275932931585355
91.201	-0.2759329358819284
91.251	-0.27593294016905934
91.301	-0.27593294444677374
91.351	-0.2759329487150973
91.401	-0.275932952974056
91.451	-0.27593295722367533
91.501	-0.275932961463981
91.551	-0.2759329656949985
91.601	-0.2759329699167532
91.651	-0.2759329741292704
91.701	-0.2759329783325755
91.751	-0.2759329825266936
91.801	-0.27593298671164984
91.851	-0.2759329908874691
91.901	-0.2759329950541764
91.951	-0.27593299921179665
92.001	-0.2759330033603545
92.051	-0.27593300749987465
92.101	-0.2759330116303817
92.151	-0.27593301575190027
92.201	-0.27593301986445473
92.251	-0.2759330239680694
92.301	-0.27593302806276865
92.351	-0.2759330321485767
92.401	-0.27593303622551757
92.451	-0.2759330402936154
92.501	-0.27593304435289406
92.551	-0.27593304840337757
92.601	-0.27593305244508964
92.651	-0.27593305647805405
92.701	-0.2759330605022945
92.751	-0.2759330645178345
92.801	-0.2759330685246976
92.851	-0.2759330725229072
92.901	-0.2759330765124867
92.951	-0.2759330804934594
93.001	-0.2759330844658484
93.051	-0.2759330884296769
93.101	-0.275933092384968
93.151	-0.27593309633174457
93.201	-0.27593310027002954
93.251	-0.2759331041998458
93.301	-0.2759331081212161
93.351	-0.2759331120341631
93.401	-0.2759331159387094
93.451	-0.27593311983487756
93.501	-0.27593312372269
93.551	-0.27593312760216926
93.601	-0.2759331314733375
93.651	-0.275933135336217
93.701	-0.27593313919083
93.751	-0.2759331430371986
93.801	-0.2759331468753448
93.851	-0.2759331507052906
93.901	-0.27593315452705786
93.951	-0.27593315834066845
94.001	-0.2759331621461441
94.051	-0.2759331659435065
94.101	-0.27593316973277726
94.151	-0.27593317351397795
94.201	-0.27593317728713
94.251	-0.2759331810522549
94.301	-0.2759331848093739
94.351	-0.27593318855850835
94.401	-0.27593319229967944
94.451	-0.27593319603290833
94.501	-0.27593319975821606
94.551	-0.2759332034756236
94.601	-0.27593320718515196
94.651	-0.275933210886822
94.701	-0.27593321458065445
94.751	-0.2759332182666701
94.801	-0.2759332219448897
94.851	-0.27593322561533373
94.901	-0.27593322927802283
94.951	-0.2759332329329774
95.001	-0.2759332365802179
95.051	-0.27593324021976473
95.101	-0.27593324385163803
95.151	-0.2759332474758582
95.201	-0.2759332510924452
95.251	-0.2759332547014193
95.301	-0.27593325830280035
95.351	-0.2759332618966085
95.401	-0.27593326548286357
95.451	-0.2759332690615854
95.501	-0.2759332726327937
95.551	-0.2759332761965083
95.601	-0.27593327975274884
95.651	-0.2759332833015349
95.701	-0.2759332868428859
95.751	-0.27593329037682146
95.801	-0.27593329390336085
95.851	-0.27593329742252354
95.901	-0.2759333009343288
95.951	-0.27593330443879577
96.001	-0.2759333079359437
96.051	-0.27593331142579164
96.101	-0.27593331490835865
96.151	-0.27593331838366375
96.201	-0.2759333218517258
96.251	-0.27593332531256376
96.301	-0.2759333287661963
96.351	-0.2759333322126423
96.401	-0.27593333565192046
96.451	-0.27593333908404927
96.501	-0.27593334250904744
96.551	-0.2759333459269334
96.601	-0.27593334933772573
96.651	-0.27593335274144265
96.701	-0.27593335613810266
96.751	-0.27593335952772396
96.801	-0.27593336291032483
96.851	-0.27593336628592346
96.901	-0.2759333696545379
96.951	-0.2759333730161862
97.001	-0.2759333763708865
97.051	-0.27593337971865656
97.101	-0.2759333830595144
97.151	-0.27593338639347786
97.201	-0.2759333897205647
97.251	-0.2759333930407926
97.301	-0.27593339635417935
97.351	-0.27593339966074243
97.401	-0.27593340296049945
97.451	-0.27593340625346796
97.501	-0.2759334095396654
97.551	-0.27593341281910916
97.601	-0.2759334160918166
97.651	-0.275933419357805
97.701	-0.27593342261709164
97.751	-0.27593342586969366
97.801	-0.2759334291156282
97.851	-0.27593343235491236
97.901	-0.27593343558756317
97.951	-0.2759334388135976
98.001	-0.2759334420330326
98.051	-0.27593344524588503
98.101	-0.2759334484521717
98.151	-0.2759334516519094
98.201	-0.2759334548451149
98.251	-0.2759334580318047
98.301	-0.2759334612119956
98.351	-0.27593346438570404
98.401	-0.2759334675529466
98.451	-0.2759334707137398
98.501	-0.2759334738680999
98.551	-0.2759334770160434
98.601	-0.2759334801575866
98.651	-0.2759334832927457
98.701	-0.2759334864215369
98.751	-0.2759334895439765
98.801	-0.2759334926600805
98.851	-0.27593349576986503
98.901	-0.27593349887334606
98.951	-0.27593350197053956
99.001	-0.27593350506146147
99.051	-0.2759335081461277
99.101	-0.275933511224554
99.151	-0.2759335142967562
99.201	-0.27593351736275007
99.251	-0.2759335204225512
99.301	-0.2759335234761753
99.351	-0.2759335265236379
99.401	-0.27593352956495454
99.451	-0.27593353260014075
99.501	-0.27593353562921197
99.551	-0.27593353865218356
99.601	-0.2759335416690709
99.651	-0.27593354467988934
99.701	-0.27593354768465406
99.751	-0.2759335506833803
99.801	-0.2759335536760833
99.851	-0.27593355666277813
99.901	-0.2759335596434798
99.951	-0.27593356261820345
500.	-0.27593552261715465