0.	0.
0.05	0.008499650969406435
0.1	0.016998254081600078
0.15	0.02549478272826501
0.2	0.033988233183016525
0.25	0.042477624204842225
0.3	0.05096199666349555
0.35	0.059440413170414
0.4	0.06791195771509557
0.45	0.07637573530685793
0.5	0.08483087162190549
0.55	0.09327651265563121
0.6	0.10171182438008006
0.65	0.11013599240650308
0.7	0.11854822165293065
0.75	0.126947736016696
0.8	0.1353337780518396
0.85	0.14370560865132662
0.9	0.15206250673401084
0.95	0.16040376893627845
1.	0.16872870930830672
1.05	0.17703665901487337
1.1	0.18532696604065269
1.15	0.1935989948999364
1.2	0.20185212635071698
1.25	0.21008575711307242
1.3	0.2182992995917928
1.35	0.22649218160318876
1.4	0.23466384610602353
1.45	0.24281375093651095
1.5	0.2509413685473218
1.55	0.25904618575054317
1.6	0.26712770346453457
1.65	0.27518543646462623
1.7	0.28321891313760617
1.75	0.2912276752399417
1.8	0.2992112776596836
1.85	0.30716928818200073
1.9	0.31510128725829456
1.95	0.3230068677788417
2.	0.3308856348489162
2.05	0.3387372055683417
2.1	0.346561208814425
2.15	0.35435728502822306
2.2	0.3621250860040974
2.25	0.36986427468250693
2.3	0.37757452494599664
2.35	0.3852555214183337
2.4	0.39290695926674785
2.45	0.4005285440072326
2.5	0.4081199913128618
2.55	0.4156810268250809
2.6	0.4232113859679287
2.65	0.4307108137651487
2.7	0.43817906466014983
2.75	0.4456159023387732
2.8	0.4530210995548284
2.85	0.4603944379583565
2.9	0.4677357079265827
2.95	0.4750447083975202
3.	0.4823212467061858
3.05	0.4895651384233916
3.1	0.4967762071970748
3.15	0.5039542845961293
3.2	0.5110992099567041
3.25	0.5182108302309307
3.3	0.5252889998380484
3.35	0.532333580517889
3.4	0.5393444411866891
3.45	0.5463214577951964
3.5	0.5532645131890361
3.55	0.5601734969713064
3.6	0.567048305367367
3.65	0.5738888410917945
3.7	0.5806950132174692
3.75	0.5874667370467631
3.8	0.5942039339848
3.85	0.6009065314147567
3.9	0.6075744625751751
3.95	0.6142076664392583
4.	0.6208060875961174
4.05	0.6273696761339469
4.1	0.6338983875250939
4.15	0.6403921825129991
4.2	0.646851027000978
4.25	0.6532748919428183
4.3	0.6596637532351666
4.35	0.6660175916116754
4.4	0.672336392538889
4.45	0.6786201461138391
4.5	0.6848688469633273
4.55	0.6910824941448682
4.6	0.6972610910492704
4.65	0.7034046453048293
4.7	0.7095131686831089
4.75	0.7155866770062904
4.8	0.7216251900560627
4.85	0.7276287314840315
4.9	0.7335973287236279
4.95	0.7395310129034898
5.	0.7454298187622985
5.05	0.7512937845650465
5.1	0.7571229520207143
5.15	0.7629173662013393
5.2	0.7686770754624511
5.25	0.7744021313648572
5.3	0.7800925885977561
5.35	0.785748504903159
5.4	0.791369941001601
5.45	0.7969569605191216
5.5	0.8025096299154968
5.55	0.8080280184137022
5.6	0.8135121979305903
5.65	0.8189622430087635
5.7	0.8243782307496235
5.75	0.8297602407475816
5.8	0.8351083550254106
5.85	0.8404226579707216
5.9	0.8457032362735496
5.95	0.8509501788650294
6.	0.8561635768571474
6.05	0.8613435234835515
6.1	0.8664901140414029
6.15	0.871603445834256
6.2	0.8766836181159479
6.25	0.8817307320354851
6.3	0.8867448905829095
6.35	0.8917261985361308
6.4	0.8966747624087094
6.45	0.901590690398576
6.5	0.9064740923376732
6.55	0.9113250796425048
6.6	0.9161437652655794
6.65	0.9209302636477339
6.7	0.9256846906713242
6.75	0.930407163614269
6.8	0.9350978011049343
6.85	0.9397567230778444
6.9	0.9443840507302087
6.95	0.9489799064792486
7.	0.9535444139203161
7.05	0.958077697785788
7.1	0.962579883904726
7.15	0.9670510991632902
7.2	0.9714914714658933
7.25	0.9759011296970866
7.3	0.9802802036841627
7.35	0.9846288241604666
7.4	0.9889471227294037
7.45	0.9932352318291311
7.5	0.9974932846979268
7.55	1.0017214153402194
7.6	1.0059197584932742
7.65	1.0100884495945217
7.7	1.014227624749518
7.75	1.018337420700531
7.8	1.0224179747957365
7.85	1.0264694249590216
7.9	1.0304919096603795
7.95	1.0344855678868887
8.	1.03845053911427
8.05	1.0423869632790062
8.1	1.0462949807510216
8.15	1.0501747323069077
8.2	1.0540263591036902
8.25	1.0578500026531243
8.3	1.0616458047965138
8.35	1.0654139076800435
8.4	1.0691544537306177
8.45	1.0728675856321943
8.5	1.0765534463026103
8.55	1.0802121788708865
8.6	1.083843926655008
8.65	1.0874488331401684
8.7	1.091027041957474
8.75	1.094578696863097
8.8	1.0981039417178742
8.85	1.1016029204673394
8.9	1.1050757771221877
8.95	1.1085226557391583
9.	1.1119437004023363
9.05	1.1153390552048583
9.1	1.1187088642310232
9.15	1.1220532715387965
9.2	1.125372421142701
9.25	1.1286664569970926
9.3	1.1319355229798085
9.35	1.135179762876187
9.4	1.138399320363449
9.45	1.1415943389954357
9.5	1.1447649621877003
9.55	1.1479113332029407
9.6	1.1510335951367747
9.65	1.1541318909038474
9.7	1.157206363224266
9.75	1.1602571546103588
9.8	1.163284407353749
9.85	1.1662882635127405
9.9	1.1692688649000118
9.95	1.1722263530706072
10.	1.1751608693102282
10.05	1.1780725546238116
10.1	1.1809615497243957
10.15	1.1838279950222668
10.2	1.1866720306143812
10.25	1.1894937962740593
10.3	1.192293431440945
10.35	1.1950710752112277
10.4	1.197826866328122
10.45	1.200560943172598
10.5	1.2032734437543646
10.55	1.2059645057030906
10.6	1.2086342662598697
10.65	1.2112828622689216
10.7	1.2139104301695205
10.75	1.2165171059881545
10.8	1.2191030253309065
10.85	1.2216683233760541
10.9	1.224213134866886
10.95	1.2267375941047287
11.	1.2292418349421814
11.05	1.2317259907765539
11.1	1.2341901945435068
11.15	1.2366345787108854
11.2	1.2390592752727496
11.25	1.2414644157435903
11.3	1.243850131152735
11.35	1.2462165520389326
11.4	1.2485638084451207
11.45	1.2508920299133663
11.5	1.253201345479982
11.55	1.2554918836708076
11.6	1.2577637724966628
11.65	1.2600171394489599
11.7	1.262252111495477
11.75	1.264468815076291
11.8	1.2666673760998612
11.85	1.268847919939266
11.9	1.2710105714285895
11.95	1.2731554548594508
12.	1.275282693977678
12.05	1.2773924119801223
12.1	1.2794847315116087
12.15	1.2815597746620222
12.2	1.2836176629635256
12.25	1.2856585173879078
12.3	1.2876824583440574
12.35	1.2896896056755631
12.4	1.2916800786584357
12.45	1.293653995998947
12.5	1.2956114758315915
12.55	1.2975526357171572
12.6	1.2994775926409137
12.65	1.3013864630109087
12.7	1.3032793626563726
12.75	1.3051564068262302
12.8	1.3070177101877158
12.85	1.3088633868250892
12.9	1.3106935502384536
12.95	1.3125083133426687
13.	1.3143077884663616
13.05	1.3160920873510302
13.1	1.3178613211502375
13.15	1.3196156004288981
13.2	1.3213550351626506
13.25	1.3230797347373162
13.3	1.3247898079484435
13.35	1.3264853630009321
13.4	1.3281665075087414
13.45	1.3298333484946738
13.5	1.3314859923902387
13.55	1.33312454503559
13.6	1.3347491116795376
13.65	1.336359796979633
13.7	1.3379567050023229
13.75	1.339539939223173
13.8	1.341109602527161
13.85	1.3426657972090323
13.9	1.3442086249737233
13.95	1.3457381869368454
14.	1.3472545836252325
14.05	1.3487579149775477
14.1	1.3502482803449478
14.15	1.3517257784918082
14.2	1.3531905075964998
14.25	1.3546425652522247
14.3	1.3560820484679017
14.35	1.3575090536691072
14.4	1.3589236766990638
14.45	1.360326012819681
14.5	1.3617161567126437
14.55	1.3630942024805466
14.6	1.3644602436480764
14.65	1.3658143731632382
14.7	1.3671566833986248
14.75	1.3684872661527305
14.8	1.3698062126513042
14.85	1.3711136135487447
14.9	1.3724095589295344
14.95	1.3736941383097123
15.	1.3749674406383827
15.05	1.3762295542992622
15.1	1.3774805671122599
15.15	1.3787205663350943
15.2	1.379949638664942
15.25	1.3811678702401178
15.3	1.3823753466417903
15.35	1.3835721528957237
15.4	1.3847583734740516
15.45	1.3859340922970802
15.5	1.3870993927351172
15.55	1.3882543576103308
15.6	1.3893990691986324
15.65	1.390533609231587
15.7	1.3916580588983467
15.75	1.3927724988476093
15.8	1.393877009189599
15.85	1.3949716694980707
15.9	1.3960565588123357
15.95	1.3971317556393077
16.	1.3981973379555699
16.05	1.3992533832094605
16.1	1.4002999683231794
16.15	1.4013371696949104
16.2	1.4023650632009623
16.25	1.4033837241979275
16.3	1.404393227524855
16.35	1.4053936475054412
16.4	1.4063850579502342
16.45	1.4073675321588532
16.5	1.4083411429222212
16.55	1.409305962524812
16.6	1.4102620627469082
16.65	1.4112095148668737
16.7	1.4121483896634353
16.75	1.4130787574179768
16.8	1.4140006879168439
16.85	1.4149142504536578
16.9	1.4158195138316394
16.95	1.4167165463659424
17.	1.4176054158859943
17.05	1.4184861897378462
17.1	1.4193589347865299
17.15	1.4202237174184218
17.2	1.4210806035436145
17.25	1.4219296585982928
17.3	1.4227709475471182
17.35	1.4236045348856163
17.4	1.4244304846425702
17.45	1.4252488603824194
17.5	1.4260597252076606
17.55	1.4268631417612552
17.6	1.4276591722290375
17.65	1.4284478783421284
17.7	1.4292293213793494
17.75	1.4300035621696412
17.8	1.430770661094482
17.85	1.4315306780903103
17.9	1.4322836726509462
17.95	1.4330297038300155
18.	1.4337688302433733
18.05	1.4345011100715295
18.1	1.4352266010620724
18.15	1.4359453605320942
18.2	1.4366574453706138
18.25	1.4373629120410003
18.3	1.4380618165833952
18.35	1.4387542146171324
18.4	1.4394401613431578
18.45	1.4401197115464457
18.5	1.4407929195984146
18.55	1.4414598394593383
18.6	1.4421205246807574
18.65	1.4427750284078849
18.7	1.4434234033820112
18.75	1.444065701942904
18.8	1.4447019760312052
18.85	1.4453322771908248
18.9	1.4459566565713293
18.95	1.4465751649303273
19.	1.4471878526358501
19.05	1.447794769668728
19.1	1.448395965624961
19.15	1.4489914897180853
19.2	1.4495813907815351
19.25	1.4501657172709985
19.3	1.4507445172667666
19.35	1.4513178384760799
19.4	1.4518857282354665
19.45	1.452448233513075
19.5	1.4530054009110016
19.55	1.4535572766676106
19.6	1.4541039066598482
19.65	1.4546453364055507
19.7	1.4551816110657452
19.75	1.4557127754469428
19.8	1.4562388740034267
19.85	1.4567599508395317
19.9	1.457276049711917
19.95	1.4577872140318318
20.	1.4582934868673725
20.05	1.4587949109457339
20.1	1.4592915286554513
20.15	1.4597833820486361
20.2	1.4602705128432019
20.25	1.460752962425084
20.3	1.4612307718504505
20.35	1.4617039818479047
20.4	1.4621726328206799
20.45	1.4626367648488252
20.5	1.4630964176913839
20.55	1.4635516307885614
20.6	1.4640024432638872
20.65	1.4644488939263658
20.7	1.4648910212726205
20.75	1.4653288634890276
20.8	1.4657624584538413
20.85	1.4661918437393113
20.9	1.466617056613789
20.95	1.4670381340438274
21.	1.4674551126962694
21.05	1.4678680289403274
21.1	1.468276918849656
21.15	1.4686818182044123
21.2	1.4690827624933078
21.25	1.4694797869156528
21.3	1.469872926383388
21.35	1.4702622155231104
21.4	1.4706476886780862
21.45	1.471029379910256
21.5	1.4714073230022318
21.55	1.47178155145928
21.6	1.4721520985113
21.65	1.4725189971147887
21.7	1.4728822799547987
21.75	1.4732419794468843
21.8	1.473598127739039
21.85	1.4739507567136234
21.9	1.474299897989282
21.95	1.474645582922852
22.	1.47498784261126
22.05	1.4753267078934116
22.1	1.4756622093520686
22.15	1.4759943773157176
22.2	1.4763232418604295
22.25	1.476648832811706
22.3	1.4769711797463208
22.35	1.477290311994146
22.4	1.4776062586399727
22.45	1.4779190485253193
22.5	1.4782287102502298
22.55	1.478535272175064
22.6	1.4788387624222759
22.65	1.479139208878183
22.7	1.4794366391947258
22.75	1.4797310807912165
22.8	1.4800225608560795
22.85	1.4803111063485792
22.9	1.4805967440005412
22.95	1.480879500318061
23.	1.4811594015832041
23.05	1.4814364738556955
23.1	1.4817107429746004
23.15	1.4819822345599931
23.2	1.4822509740146184
23.25	1.4825169865255416
23.3	1.4827802970657893
23.35	1.4830409303959795
23.4	1.483298911065943
23.45	1.483554263416335
23.5	1.483807011580236
23.55	1.4840571794847432
23.6	1.484304790852554
23.65	1.4845498692035357
23.7	1.4847924378562904
23.75	1.4850325199297074
23.8	1.4852701383445053
23.85	1.4855053158247669
23.9	1.4857380748994624
23.95	1.4859684379039653
24.	1.4861964269815555
24.05	1.486422064084916
24.1	1.4866453709776184
24.15	1.4868663692355994
24.2	1.4870850802486277
24.25	1.4873015252217625
24.3	1.4875157251767999
24.35	1.487727700953714
24.4	1.4879374732120845
24.45	1.4881450624325188
24.5	1.488350488918061
24.55	1.4885537727955953
24.6	1.4887549340172381
24.65	1.488953992361721
24.7	1.4891509674357652
24.75	1.4893458786754474
24.8	1.4895387453475548
24.85	1.4897295865509326
24.9	1.489918421217822
24.95	1.4901052681151896
25.	1.4902901458460471
25.05	1.4904730728507627
25.1	1.490654067408363
25.15	1.4908331476378278
25.2	1.4910103314993732
25.25	1.4911856367957288
25.3	1.4913590811734039
25.35	1.4915306821239473
25.4	1.4917004569851962
25.45	1.4918684229425176
25.5	1.492034597030042
25.55	1.492198996131886
25.6	1.4923616369833692
25.65	1.492522536172221
25.7	1.4926817101397791
25.75	1.4928391751821808
25.8	1.492994947451544
25.85	1.4931490429571415
25.9	1.493301477566566
25.95	1.4934522670068886
26.	1.4936014268658062
26.05	1.4937489725927833
26.1	1.4938949195001847
26.15	1.4940392827644002
26.2	1.4941820774269614
26.25	1.4943233183956497
26.3	1.4944630204455982
26.35	1.494601198220383
26.4	1.4947378662331101
26.45	1.4948730388674902
26.5	1.49500673037891
26.55	1.4951389548954928
26.6	1.4952697264191521
26.65	1.4953990588266388
26.7	1.4955269658705785
26.75	1.4956534611805037
26.8	1.4957785582638758
26.85	1.4959022705071026
26.9	1.4960246111765447
26.95	1.4961455934195191
27.	1.49626523026529
27.05	1.496383534626057
27.1	1.4965005192979335
27.15	1.4966161969619183
27.2	1.4967305801848598
27.25	1.4968436814204136
27.3	1.4969555130099927
27.35	1.4970660871837103
27.4	1.4971754160613155
27.45	1.4972835116531233
27.5	1.4973903858609352
27.55	1.4974960504789547
27.6	1.497600517194696
27.65	1.4977037975898846
27.7	1.4978059031413518
27.75	1.4979068452219224
27.8	1.4980066351012957
27.85	1.49810528394692
27.9	1.498202802824859
27.95	1.4982992027006543
28.	1.4983944944401788
28.05	1.4984886888104847
28.1	1.4985817964806443
28.15	1.4986738280225862
28.2	1.4987647939119224
28.25	1.498854704528771
28.3	1.4989435701585718
28.35	1.4990314009928953
28.4	1.499118207130247
28.45	1.4992039985768628
28.5	1.4992887852475008
28.55	1.4993725769662256
28.6	1.499455383467187
28.65	1.499537214395392
28.7	1.4996180793074712
28.75	1.4996979876724397
28.8	1.4997769488724513
28.85	1.4998549722035468
28.9	1.4999320668763976
28.95	1.5000082420170406
29.	1.500083506667612
29.05	1.5001578697870692
29.1	1.5002313402519143
29.15	1.500303926856904
29.2	1.500375638315761
29.25	1.5004464832618742
29.3	1.5005164702489981
29.35	1.5005856077519422
29.4	1.500653904167258
29.45	1.500721367813919
29.5	1.5007880069339972
29.55	1.500853829693331
29.6	1.5009188441821906
29.65	1.5009830584159367
29.7	1.5010464803356751
29.75	1.5011091178089038
29.8	1.5011709786301572
29.85	1.5012320705216449
29.9	1.5012924011338826
29.95	1.501351978046323
30.	1.5014108087679754
30.05	1.5014689007380264
30.1	1.5015262613264506
30.15	1.5015828978346197
30.2	1.5016388174959052
30.25	1.5016940274762758
30.3	1.501748534874891
30.35	1.50180234672469
30.4	1.5018554699929743
30.45	1.5019079115819869
30.5	1.501959678329487
30.55	1.502010777009318
30.6	1.5020612143319736
30.65	1.5021109969451572
30.7	1.5021601314343371
30.75	1.5022086243232986
30.8	1.5022564820746895
30.85	1.5023037110905622
30.9	1.502350317712911
30.95	1.5023963082242062
31.	1.502441688847921
31.05	1.5024864657490575
31.1	1.5025306450346658
31.15	1.5025742327543594
31.2	1.5026172349008273
31.25	1.5026596574103408
31.3	1.5027015061632563
31.35	1.502742786984514
31.4	1.5027835056441337
31.45	1.502823667857703
31.5	1.5028632792868661
31.55	1.5029023455398045
31.6	1.5029408721717166
31.65	1.5029788646852904
31.7	1.5030163285311757
31.75	1.5030532691084495
31.8	1.5030896917650787
31.85	1.5031256017983785
31.9	1.503161004455468
31.95	1.50319590493372
32.	1.50323030838121
32.05	1.503264219897157
32.1	1.503297644532366
32.15	1.5033305872896618
32.2	1.503363053124323
32.25	1.5033950469445088
32.3	1.503426573611686
32.35	1.5034576379410496
32.4	1.5034882447019398
32.45	1.5035183986182576
32.5	1.5035481043688754
32.55	1.5035773665880436
32.6	1.5036061898657955
32.65	1.503634578748347
32.7	1.5036625377384933
32.75	1.5036900712960042
32.8	1.5037171838380126
32.85	1.503743879739402
32.9	1.5037701633331908
32.95	1.503796038910912
33.	1.5038215107229906
33.05	1.5038465829791174
33.1	1.5038712598486197
33.15	1.5038955454608292
33.2	1.5039194439054455
33.25	1.5039429592328983
33.3	1.5039660954547056
33.35	1.5039888565438273
33.4	1.504011246435019
33.45	1.5040332690251799
33.5	1.504054928173699
33.55	1.5040762277027984
33.6	1.504097171397873
33.65	1.5041177630078277
33.7	1.5041380062454117
33.75	1.504157904787549
33.8	1.5041774622756685
33.85	1.5041966823160275
33.9	1.5042155684800365
33.95	1.5042341243045771
34.	1.504252353292321
34.05	1.5042702589120436
34.1	1.5042878445989352
34.15	1.5043051137549108
34.2	1.5043220697489164
34.25	1.5043387159172317
34.3	1.504355055563772
34.35	1.5043710919603863
34.4	1.5043868283471529
34.45	1.5044022679326723
34.5	1.5044174138943587
34.55	1.5044322693787269
34.6	1.5044468375016786
34.65	1.504461121348785
34.7	1.5044751239755683
34.75	1.504488848407778
34.8	1.5045022976416684
34.85	1.5045154746442706
34.9	1.5045283823536637
34.95	1.5045410236792438
35.	1.5045534015019888
35.05	1.5045655186747235
35.1	1.5045773780223801
35.15	1.504588982342258
35.2	1.5046003344042795
35.25	1.5046114369512456
35.3	1.504622292699088
35.35	1.5046329043371185
35.4	1.5046432745282774
35.45	1.5046534059093795
35.5	1.5046633010913568
35.55	1.5046729626595001
35.6	1.5046823931736988
35.65	1.504691595168677
35.7	1.5047005711542294
35.75	1.5047093236154536
35.8	1.5047178550129807
35.85	1.504726167783205
35.9	1.5047342643385095
35.95	1.5047421470674918
36.	1.504749818335186
36.05	1.5047572804832836
36.1	1.504764535830352
36.15	1.5047715866720526
36.2	1.5047784352813534
36.25	1.5047850839087438
36.3	1.5047915347824452
36.35	1.5047977901086194
36.4	1.5048038520715772
36.45	1.504809722833982
36.5	1.5048154045370556
36.55	1.5048208993007781
36.6	1.5048262092240885
36.65	1.5048313363850827
36.7	1.5048362828412107
36.75	1.50484105062947
36.8	1.5048456417665992
36.85	1.5048500582492688
36.9	1.5048543020542704
36.95	1.5048583751387052
37.	1.5048622794401694
37.05	1.5048660168769379
37.1	1.5048695893481487
37.15	1.5048729987339822
37.2	1.5048762468958414
37.25	1.5048793356765293
37.3	1.5048822669004256
37.35	1.5048850423736606
37.4	1.5048876638842885
37.45	1.504890133202459
37.5	1.5048924520805864
37.55	1.504894622253519
37.6	1.5048966454387054
37.65	1.504898523336359
37.7	1.5049002576296229
37.75	1.504901849984732
37.8	1.5049033020511728
37.85	1.5049046154618446
37.9	1.5049057918332152
37.95	1.5049068327654793
38.	1.5049077398427124
38.05	1.5049085146330248
38.1	1.5049091586887133
38.15	1.5049096735464136
38.2	1.5049100607272474
38.25	1.5049103217369728
38.3	1.5049104580661292
38.35	1.504910471190184
38.4	1.5049103625696758
38.45	1.5049101336503579
38.5	1.5049097858633391
38.55	1.5049093206252242
38.6	1.504908739338253
38.65	1.5049080433904374
38.7	1.504907234155698
38.75	1.5049063129939992
38.8	1.5049052812514838
38.85	1.5049041402606036
38.9	1.504902891340253
38.95	1.5049015357958977
39.	1.5049000749197048
39.05	1.5048985099906698
39.1	1.504896842274743
39.15	1.5048950730249562
39.2	1.5048932034815459
39.25	1.5048912348720767
39.3	1.5048891684115633
39.35	1.5048870053025922
39.4	1.5048847467354403
39.45	1.5048823938881941
39.5	1.5048799479268673
39.55	1.5048774100055173
39.6	1.5048747812663608
39.65	1.5048720628398875
39.7	1.5048692558449746
39.75	1.504866361388997
39.8	1.504863380567941
39.85	1.504860314466513
39.9	1.5048571641582482
39.95	1.5048539307056201
40.	1.5048506151601466
40.05	1.5048472185624973
40.1	1.5048437419425966
40.15	1.5048401863197303
40.2	1.504836552702647
40.25	1.5048328420896613
40.3	1.5048290554687545
40.35	1.5048251938176758
40.4	1.5048212581040403
40.45	1.5048172492854297
40.5	1.5048131683094872
40.55	1.5048090161140162
40.6	1.5048047936270756
40.65	1.504800501767074
40.7	1.5047961414428646
40.75	1.5047917135538371
40.8	1.5047872189900113
40.85	1.5047826586321282
40.9	1.5047780333517395
40.95	1.5047733440112983
41.	1.5047685914642472
41.05	1.5047637765551076
41.1	1.5047589001195654
41.15	1.5047539629845577
41.2	1.5047489659683593
41.25	1.5047439098806663
41.3	1.5047387955226805
41.35	1.504733623687193
41.4	1.5047283951586659
41.45	1.504723110713314
41.5	1.5047177711191864
41.55	1.5047123771362454
41.6	1.5047069295164468
41.65	1.504701429003818
41.7	1.5046958763345364
41.75	1.5046902722370057
41.8	1.5046846174319328
41.85	1.5046789126324034
41.9	1.504673158543957
41.95	1.5046673558646608
42.	1.504661505285184
42.05	1.5046556074888695
42.1	1.5046496631518074
42.15	1.5046436729429054
42.2	1.5046376375239605
42.25	1.504631557549728
42.3	1.5046254336679923
42.35	1.5046192665196347
42.4	1.5046130567387022
42.45	1.5046068049524741
42.5	1.5046005117815304
42.55	1.5045941778398169
42.6	1.504587803734711
42.65	1.5045813900670866
42.7	1.504574937431379
42.75	1.5045684464156486
42.8	1.5045619176016432
42.85	1.5045553515648618
42.9	1.5045487488746154
42.95	1.5045421100940897
43.	1.5045354357804044
43.05	1.5045287264846743
43.1	1.5045219827520693
43.15	1.5045152051218726
43.2	1.50450839412754
43.25	1.5045015502967567
43.3	1.5044946741514962
43.35	1.5044877662080762
43.4	1.5044808269772152
43.45	1.5044738569640883
43.5	1.504466856668382
43.55	1.50445982658435
43.6	1.5044527672008665
43.65	1.5044456790014795
43.7	1.5044385624644652
43.75	1.5044314180628797
43.8	1.504424246264612
43.85	1.5044170475324343
43.9	1.5044098223240547
43.95	1.504402571092167
44.	1.5043952942845007
44.05	1.5043879923438714
44.1	1.50438066570823
44.15	1.5043733148107101
44.2	1.5043659400796787
44.25	1.5043585419387817
44.3	1.5043511208069924
44.35	1.5043436770986587
44.4	1.5043362112235485
44.45	1.504328723586897
44.5	1.504321214589451
44.55	1.5043136846275147
44.6	1.5043061340929946
44.65	1.5042985633734436
44.7	1.5042909728521043
44.75	1.5042833629079533
44.8	1.5042757339157438
44.85	1.5042680862460476
44.9	1.5042604202652983
44.95	1.5042527363358327
45.	1.504245034815932
45.05	1.5042373160598626
45.1	1.5042295804179173
45.15	1.5042218282364548
45.2	1.5042140598579399
45.25	1.5042062756209833
45.3	1.5041984758603792
45.35	1.5041906609071456
45.4	1.5041828310885619
45.45	1.5041749867282064
45.5	1.5041671281459943
45.55	1.504159255658215
45.6	1.504151369577569
45.65	1.504143470213203
45.7	1.5041355578707485
45.75	1.5041276328523547
45.8	1.5041196954567269
45.85	1.5041117459791582
45.9	1.5041037847115677
45.95	1.5040958119425323
46.	1.504087827957322
46.05	1.504079833037933
46.1	1.5040718274631217
46.15	1.5040638115084375
46.2	1.5040557854462553
46.25	1.5040477495458078
46.3	1.504039704073219
46.35	1.5040316492915338
46.4	1.504023585460751
46.45	1.504015512837855
46.5	1.5040074316768446
46.55	1.5039993422287652
46.6	1.503991244741739
46.65	1.5039831394609942
46.7	1.5039750266288952
46.75	1.503966906484972
46.8	1.50395877926595
46.85	1.5039506452057765
46.9	1.5039425045356525
46.95	1.503934357484058
47.	1.503926204276782
47.05	1.5039180451369496
47.1	1.503909880285049
47.15	1.503901709938959
47.2	1.5038935343139763
47.25	1.5038853536228416
47.3	1.5038771680757663
47.35	1.5038689778804584
47.4	1.5038607832421484
47.45	1.5038525843636155
47.5	1.5038443814452116
47.55	1.503836174684888
47.6	1.5038279642782197
47.65	1.5038197504184292
47.7	1.503811533296412
47.75	1.5038033131007602
47.8	1.5037950900177868
47.85	1.5037868642315488
47.9	1.503778635923871
47.95	1.5037704052743688
48.	1.5037621724604724
48.05	1.503753937657448
48.1	1.503745701038421
48.15	1.5037374627743985
48.2	1.5037292230342911
48.25	1.503720981984935
48.3	1.5037127397911134
48.35	1.5037044966155781
48.4	1.503696252619071
48.45	1.5036880079603436
48.5	1.5036797627961807
48.55	1.503671517281418
48.6	1.5036632715689642
48.65	1.5036550258098211
48.7	1.5036467801531033
48.75	1.5036385347460572
48.8	1.5036302897340825
48.85	1.5036220452607496
48.9	1.5036138014678204
48.95	1.5036055584952663
49.	1.5035973164812875
49.05	1.5035890755623316
49.1	1.5035808358731115
49.15	1.5035725975466252
49.2	1.5035643607141718
49.25	1.5035561255053713
49.3	1.5035478920481813
49.35	1.5035396604689146
49.4	1.5035314308922574
49.45	1.5035232034412849
49.5	1.5035149782374804
49.55	1.5035067554007508
49.6	1.5034985350494434
49.65	1.503490317300363
49.7	1.5034821022687879
49.75	1.503473890068486
49.8	1.5034656808117317
49.85	1.5034574746093203
49.9	1.5034492715705847
49.95	1.5034410718033826
50.	1.5034328754145927
50.05	1.503424682495834
50.1	1.5034164931846499
50.15	1.5034083075444498
50.2	1.5034001256860312
50.25	1.5033919476943436
50.3	1.5033837737005844
50.35	1.5033756037999608
50.4	1.503367438084613
50.45	1.503359276670119
50.5	1.5033511196434595
50.55	1.5033429670720762
50.6	1.5033348190603366
50.65	1.5033266756660804
50.7	1.503318536998681
50.75	1.5033104031348854
50.8	1.503302274146796
50.85	1.5032941501621746
50.9	1.5032860312237797
50.95	1.5032779174148767
51.	1.5032698088525094
51.05	1.503261705577846
51.1	1.5032536076933463
51.15	1.5032455153052169
51.2	1.5032374285045376
51.25	1.5032293473107294
51.3	1.503221271823247
51.35	1.5032132020974405
51.4	1.5032051381814306
51.45	1.503197080153983
51.5	1.5031890280770248
51.55	1.5031809820334692
51.6	1.5031729421099
51.65	1.5031649083908287
51.7	1.5031568809337612
51.75	1.5031488597765934
51.8	1.5031408449822614
51.85	1.5031328366039882
51.9	1.5031248347037338
51.95	1.5031168393659728
52.	1.503108850651984
52.05	1.5031008686913059
52.1	1.5030928934801624
52.15	1.503084925070705
52.2	1.5030769635073127
52.25	1.503069008880789
52.3	1.5030610612194053
52.35	1.503053120559307
52.4	1.5030451869369426
52.45	1.5030372604365854
52.5	1.5030293410791804
52.55	1.5030214289548378
52.6	1.5030135241042977
52.65	1.5030056265757503
52.7	1.502997736406355
52.75	1.502989853650192
52.8	1.5029819784091354
52.85	1.502974110708551
52.9	1.5029662505831711
52.95	1.5029583980586616
53.	1.5029505531621243
53.05	1.5029427159360715
53.1	1.5029348864286363
53.15	1.5029270646881197
53.2	1.502919250768143
53.25	1.50291144475677
53.3	1.5029036465638745
53.35	1.5028958563085113
53.4	1.502888074040389
53.45	1.5028802997865915
53.5	1.5028725335572688
53.55	1.502864775388342
53.6	1.5028570253340487
53.65	1.5028492834656404
53.7	1.5028415497650953
53.75	1.502833824280211
53.8	1.5028261070706175
53.85	1.502818398139749
53.9	1.5028106975622264
53.95	1.502803005339562
54.	1.5027953214775214
54.05	1.5027876460314384
54.1	1.5027799790121703
54.15	1.5027723204409282
54.2	1.5027646703250073
54.25	1.5027570287440777
54.3	1.5027493957033304
54.35	1.502741771221676
54.4	1.5027341553597822
54.45	1.5027265481924879
54.5	1.502718949657639
54.55	1.502711359776698
54.6	1.5027037785447426
54.65	1.50269620604399
54.7	1.5026886422808123
54.75	1.5026810873141903
54.8	1.5026735411488858
54.85	1.5026660038346449
54.9	1.502658475348798
54.95	1.5026509557021859
55.	1.5026434449324715
55.05	1.502635943025771
55.1	1.5026284500014082
55.15	1.502620965911068
55.2	1.5026134907511381
55.25	1.5026060245922106
55.3	1.5025985674185158
55.35	1.5025911192496137
55.4	1.5025836801338106
55.45	1.5025762499670028
55.5	1.5025688288748364
55.55	1.5025614168955588
55.6	1.5025540140373188
55.65	1.5025466202650917
55.7	1.5025392355957965
55.75	1.502531860007265
55.8	1.5025244935354207
55.85	1.5025171362059517
55.9	1.5025097880145961
55.95	1.5025024489784768
56.	1.502495119132325
56.05	1.5024877985129264
56.1	1.5024804871304491
56.15	1.5024731849923554
56.2	1.502465892081588
56.25	1.5024586083747395
56.3	1.5024513338737226
56.35	1.5024440685974256
56.4	1.5024368125928127
56.45	1.5024295659044975
56.5	1.502422328549601
56.55	1.5024151004513329
56.6	1.5024078816087119
56.65	1.502400672105336
56.7	1.502393471942593
56.75	1.502386281092066
56.8	1.5023790995613473
56.85	1.5023719273352942
56.9	1.502364764436426
56.95	1.5023576108900716
57.	1.5023504666710945
57.05	1.5023433317685695
57.1	1.5023362062164758
57.15	1.5023290900139985
57.2	1.5023219831876131
57.25	1.5023148858582083
57.3	1.5023077978822603
57.35	1.5023007192632307
57.4	1.5022936499982151
57.45	1.50228659008097
57.5	1.502279539515646
57.55	1.5022724983696754
57.6	1.5022654666197996
57.65	1.5022584442633526
57.7	1.5022514312948418
57.75	1.502244427727413
57.8	1.502237433575252
57.85	1.5022304488162426
57.9	1.5022234734399167
57.95	1.50221650743042
58.	1.5022095507513427
58.05	1.50220260346511
58.1	1.502195665629793
58.15	1.5021887372476819
58.2	1.5021818182657238
58.25	1.502174908669069
58.3	1.5021680084706321
58.35	1.5021611176627552
58.4	1.5021542361988784
58.45	1.502147364127295
58.5	1.502140501493573
58.55	1.5021336482641745
58.6	1.5021268043713372
58.65	1.502119969824053
58.7	1.5021131446525353
58.75	1.5021063288842644
58.8	1.5020995224941152
58.85	1.5020927254123053
58.9	1.5020859377407096
58.95	1.5020791594740335
59.	1.502072390591598
59.05	1.5020656309878124
59.1	1.5020588807121498
59.15	1.5020521397707502
59.2	1.5020454081521768
59.25	1.5020386858874863
59.3	1.5020319729098146
59.35	1.5020252692542373
59.4	1.5020185749250705
59.45	1.50201188995801
59.5	1.5020052143328158
59.55	1.5019985480393128
59.6	1.5019918910631043
59.65	1.5019852433978638
59.7	1.5019786049535118
59.75	1.501971975743019
59.8	1.5019653557776436
59.85	1.5019587450975747
59.9	1.5019521436957517
59.95	1.5019455515786497
60.	1.501938968750816
60.05	1.5019323952048125
60.1	1.5019258308925445
60.15	1.5019192757860766
60.2	1.5019127298835948
60.25	1.501906193231394
60.3	1.5018996657057841
60.35	1.5018931473712256
60.4	1.5018866382319338
60.45	1.501880138303745
60.5	1.5018736475621834
60.55	1.5018671660157856
60.6	1.5018606936460035
60.65	1.5018542303992128
60.7	1.5018477763335734
60.75	1.5018413313974524
60.8	1.501834895562534
60.85	1.5018284688658188
60.9	1.5018220512554692
60.95	1.5018156427472371
61.	1.501809243224727
61.05	1.5018028527408542
61.1	1.5017964713387166
61.15	1.5017900990658277
61.2	1.5017837358658959
61.25	1.501777381764819
61.3	1.501771036707827
61.35	1.5017647007044133
61.4	1.5017583737236897
61.45	1.5017520557531459
61.5	1.5017457466994586
61.55	1.5017394465201652
61.6	1.5017331553471391
61.65	1.5017268732206452
61.7	1.5017206000996595
61.75	1.5017143359263336
61.8	1.5017080806730614
61.85	1.50170183433484
61.9	1.5016955969046857
61.95	1.5016893684137005
62.	1.501683148762598
62.05	1.5016769380343127
62.1	1.501670736229442
62.15	1.501664543251559
62.2	1.5016583590801091
62.25	1.5016521838016668
62.3	1.5016460173451724
62.35	1.5016398597022227
62.4	1.5016337108614743
62.45	1.5016275708400817
62.5	1.501621439583114
62.55	1.501615317119614
62.6	1.5016092034084683
62.65	1.5016030984480024
62.7	1.5015970021926737
62.75	1.5015909146379622
62.8	1.5015848358407737
62.85	1.5015787657687742
62.9	1.5015727043836926
62.95	1.5015666516455561
63.	1.501560607541357
63.05	1.501554572103019
63.1	1.501548545305364
63.15	1.5015425271382947
63.2	1.5015365176421616
63.25	1.5015305168163966
63.3	1.5015245246434878
63.35	1.5015185410694447
63.4	1.5015125660975333
63.45	1.5015065996078796
63.5	1.5015006416539447
63.55	1.5014946922383199
63.6	1.5014887513870314
63.65	1.5014828190904657
63.7	1.5014768952430348
63.75	1.5014709797822479
63.8	1.5014650727901868
63.85	1.5014591743214252
63.9	1.501453284385273
63.95	1.5014474028120195
64.	1.5014415296574481
64.05	1.5014356649324272
64.1	1.5014298086119735
64.15	1.5014239607373447
64.2	1.5014181213077937
64.25	1.501412290261753
64.3	1.5014064675746481
64.35	1.5014006532075082
64.4	1.5013948470898841
64.45	1.5013890493040813
64.5	1.5013832598292016
64.55	1.501377478648861
64.6	1.5013717057822766
64.65	1.5013659412168647
64.7	1.501360184741465
64.75	1.50135443647697
64.8	1.501348696463841
64.85	1.5013429646751133
64.9	1.5013372410943155
64.95	1.5013315257324704
65.	1.5013258185959006
65.05	1.501320119630954
65.1	1.5013144288464568
65.15	1.5013087462057673
65.2	1.5013030717179532
65.25	1.5012974053635992
65.3	1.5012917470955072
65.35	1.5012860969049031
65.4	1.501280454777896
65.45	1.501274820709648
65.5	1.5012691947268266
65.55	1.5012635767949671
65.6	1.501257966828159
65.65	1.501252364828201
65.7	1.501246770754552
65.75	1.50124118461499
65.8	1.5012356064695753
65.85	1.5012300363401296
65.9	1.501224474171221
65.95	1.501218919891869
66.	1.5012133734945472
66.05	1.5012078350244633
66.1	1.501202304471357
66.15	1.5011967818493082
66.2	1.501191267131435
66.25	1.5011857603030048
66.3	1.5011802612932639
66.35	1.5011747700976663
66.4	1.501169286647983
66.45	1.5011638110327545
66.5	1.5011583431770807
66.55	1.5011528830175855
66.6	1.5011474305894252
66.65	1.5011419859204356
66.7	1.5011365489584274
66.75	1.5011311197439563
66.8	1.5011256983066412
66.85	1.5011202846131706
66.9	1.5011148785930852
66.95	1.5011094802292093
67.	1.5011040895315542
67.05	1.501098706495879
67.1	1.5010933310739625
67.15	1.5010879632725036
67.2	1.501082603057341
67.25	1.5010772504682628
67.3	1.5010719054699644
67.35	1.5010665680166646
67.4	1.5010612380749926
67.45	1.5010559156591181
67.5	1.5010506007177753
67.55	1.5010452932739715
67.6	1.5010399933409728
67.65	1.501034700855531
67.7	1.5010294158564514
67.75	1.5010241383441612
67.8	1.5010188682694643
67.85	1.501013605572242
67.9	1.5010083502568448
67.95	1.5010031023553931
68.	1.5009978619117414
68.05	1.5009926288575257
68.1	1.5009874031634962
68.15	1.5009821848620772
68.2	1.5009769738910739
68.25	1.5009717702062693
68.3	1.500966573764418
68.35	1.5009613846015322
68.4	1.5009562027580416
68.45	1.5009510281945284
68.5	1.5009458609511035
68.55	1.5009407010261726
68.6	1.5009355483428015
68.65	1.5009304028441401
68.7	1.5009252645376303
68.75	1.5009201334296989
68.8	1.5009150094813197
68.85	1.5009098926689592
68.9	1.5009047830664355
68.95	1.5008996806466604
69.	1.5008945854009867
69.05	1.5008894972851494
69.1	1.500884416235183
69.15	1.5008793422684246
69.2	1.500874275416239
69.25	1.500869215631447
69.3	1.500864162846026
69.35	1.5008591170629988
69.4	1.500854078271502
69.45	1.5008490465554098
69.5	1.5008440218646428
69.55	1.5008390042051978
69.6	1.5008339935312873
69.65	1.5008289897489124
69.7	1.5008239928655278
69.75	1.5008190029515474
69.8	1.5008140198623952
69.85	1.5008090436508668
69.9	1.5008040743401572
69.95	1.5007991119076736
70.	1.5007941564355667
70.05	1.500789207893496
70.1	1.5007842662434114
70.15	1.5007793314500584
70.2	1.5007744035200765
70.25	1.5007694824827051
70.3	1.5007645682463566
70.35	1.500759660753918
70.4	1.500754759995238
70.45	1.5007498659563598
70.5	1.5007449786058176
70.55	1.500740097994529
70.6	1.5007352240658736
70.65	1.5007303569224835
70.7	1.5007254965410526
70.75	1.5007206429350548
70.8	1.50071579591005
70.85	1.500710955585764
70.9	1.500706121921736
70.95	1.500701294861619
71.	1.500696474373213
71.05	1.5006916604993878
71.1	1.5006868532439932
71.15	1.500682052582689
71.2	1.5006772585515262
71.25	1.500672471155656
71.3	1.5006676903099407
71.35	1.5006629160195153
71.4	1.5006581482749723
71.45	1.5006533870500758
71.5	1.5006486322590935
71.55	1.5006438839404612
71.6	1.5006391421106875
71.65	1.5006344067994395
71.7	1.5006296779449644
71.75	1.5006249554710653
71.8	1.5006202393666874
71.85	1.500615529663115
71.9	1.500610826395096
71.95	1.5006061295075988
72.	1.500601439077041
72.05	1.500596755006712
72.1	1.5005920772746366
72.15	1.5005874059089184
72.2	1.5005827409023407
72.25	1.5005780822251316
72.3	1.5005734299253009
72.35	1.5005687839614144
72.4	1.5005641442925688
72.45	1.5005595109379266
72.5	1.5005548838507652
72.55	1.5005502629042948
72.6	1.5005456481661916
72.65	1.5005410396919117
72.7	1.5005364374698125
72.75	1.5005318414862359
72.8	1.500527251742246
72.85	1.5005226680953343
72.9	1.5005180906348672
72.95	1.5005135193258565
73.	1.500508954138712
73.05	1.5005043951722465
73.1	1.5004998423714317
73.15	1.5004952956889506
73.2	1.5004907551011135
73.25	1.5004862205958296
73.3	1.5004816921461814
73.35	1.500477169770567
73.4	1.5004726534649027
73.45	1.5004681432399503
73.5	1.5004636390662898
73.55	1.5004591408631782
73.6	1.5004546486520969
73.65	1.500450162443411
73.7	1.500445682259064
73.75	1.500441208057213
73.8	1.5004367398509226
73.85	1.5004322776196946
73.9	1.5004278213503146
73.95	1.5004233710054211
74.	1.5004189265347132
74.05	1.5004144879601364
74.1	1.5004100552772481
74.15	1.5004056284477434
74.2	1.5004012073844306
74.25	1.5003967921633954
74.3	1.5003923828417678
74.35	1.5003879794285042
74.4	1.5003835819186082
74.45	1.5003791903600874
74.5	1.500374804650993
74.55	1.5003704247447645
74.6	1.5003660505982581
74.65	1.500361682244574
74.7	1.5003573196178008
74.75	1.5003529626989724
74.8	1.500348611554511
74.85	1.5003442661682433
74.9	1.5003399265915565
74.95	1.500335592766947
75.	1.5003312647073934
75.05	1.5003269424708927
75.1	1.500322625810487
75.15	1.5003183147263257
75.2	1.5003140092283396
75.25	1.5003097093497721
75.3	1.5003054151095818
75.35	1.500301126488191
75.4	1.5002968434900026
75.45	1.500292566141967
75.5	1.5002882944185925
75.55	1.5002840283156043
75.6	1.5002797678346016
75.65	1.5002755129341883
75.7	1.500271263651895
75.75	1.5002670199427992
75.8	1.5002627817791163
75.85	1.50025854916857
75.9	1.5002543219727484
75.95	1.5002501002154576
76.	1.5002458839364086
76.05	1.5002416732333184
76.1	1.5002374680899884
76.15	1.5002332683628128
76.2	1.5002290741127862
76.25	1.5002248853395104
76.3	1.500220701928897
76.35	1.5002165238746756
76.4	1.5002123513139076
76.45	1.5002081841867925
76.5	1.500204022392952
76.55	1.5001998659726385
76.6	1.5001957149263911
76.65	1.5001915692388128
76.7	1.5001874289621657
76.75	1.5001832940537745
76.8	1.5001791644597322
76.85	1.5001750402049476
76.9	1.5001709212915941
76.95	1.5001668077366772
77.	1.5001626995240966
77.05	1.5001585965578252
77.1	1.5001544988177475
77.15	1.5001504063620625
77.2	1.5001463191815583
77.25	1.500142237197873
77.3	1.5001381604810717
77.35	1.500134089008656
77.4	1.50013002272816
77.45	1.500125961652621
77.5	1.5001219058275417
77.55	1.5001178552618115
77.6	1.5001138098168507
77.65	1.500109769537413
77.7	1.5001057344624156
77.75	1.500101704528983
77.8	1.5000976796878238
77.85	1.5000936599509382
77.9	1.5000896452975105
77.95	1.5000856357620178
78.	1.5000816313773981
78.05	1.5000776321680358
78.1	1.5000736380553767
78.15	1.5000696490122856
78.2	1.5000656650421766
78.25	1.5000616861253666
78.3	1.50005771226345
78.35	1.5000537434867247
78.4	1.5000497797274477
78.45	1.5000458209499106
78.5	1.5000418671672513
78.55	1.500037918411968
78.6	1.5000339745912474
78.65	1.5000300357323666
78.7	1.5000261018382968
78.75	1.500022172926163
78.8	1.500018249011595
78.85	1.5000143300535178
78.9	1.5000104161320709
78.95	1.5000065071800033
79.	1.5000026031276077
79.05	1.4999987040014924
79.1	1.4999948097675289
79.15	1.499990920470134
79.2	1.499987036072866
79.25	1.4999831565061201
79.3	1.4999792817055668
79.35	1.4999754117058015
79.4	1.4999715465629717
79.45	1.4999676862489884
79.5	1.4999638307563472
79.55	1.4999599800896104
79.6	1.4999561342593963
79.65	1.4999522932380092
79.7	1.4999484570842285
79.75	1.4999446257374294
79.8	1.499940799183396
79.85	1.499936977480397
79.9	1.4999331605631907
79.95	1.499929348360051
80.	1.499925540853766
80.05	1.499921737974245
80.1	1.4999179398296143
80.15	1.499914146438566
80.2	1.4999103578074569
80.25	1.4999065739725226
80.3	1.499902794839375
80.35	1.4998990203180944
80.4	1.4998952504726988
80.45	1.4998914852967622
80.5	1.4998877247438611
80.55	1.499883968780182
80.6	1.4998802174034775
80.65	1.4998764706554186
80.7	1.499872728573084
80.75	1.499868991161745
80.8	1.4998652583818213
80.85	1.4998615302469531
80.9	1.4998578066621666
80.95	1.4998540877129616
81.	1.49985037333671
81.05	1.4998466634590044
81.1	1.4998429582065262
81.15	1.4998392575157928
81.2	1.4998355613966907
81.25	1.4998318698264037
81.3	1.4998281827098099
81.35	1.4998245000878416
81.4	1.4998208220296643
81.45	1.4998171484686886
81.5	1.4998134794098363
81.55	1.4998098148815031
81.6	1.4998061548603827
81.65	1.4998024992600527
81.7	1.4997988480946762
81.75	1.499795201383387
81.8	1.4997915590974025
81.85	1.4997879212391623
81.9	1.4997842878152203
81.95	1.4997806588410718
82.	1.4997770342389969
82.05	1.4997734140488101
82.1	1.499769798266565
82.15	1.4997661868623982
82.2	1.4997625798364624
82.25	1.4997589772216233
82.3	1.4997553790268654
82.35	1.499751785144209
82.4	1.4997481956348928
82.45	1.4997446105191645
82.5	1.4997410297020204
82.55	1.4997374532001655
82.6	1.4997338810009824
82.65	1.4997303131463746
82.7	1.4997267495989788
82.75	1.4997231903606678
82.8	1.4997196354542444
82.85	1.4997160848478308
82.9	1.4997125384854049
82.95	1.4997089963298424
83.	1.4997054583551976
83.05	1.499701924664326
83.1	1.4996983952336325
83.15	1.4996948700308403
83.2	1.4996913490788741
83.25	1.499687832255676
83.3	1.499684319642319
83.35	1.4996808112729043
83.4	1.4996773071221041
83.45	1.4996738071865612
83.5	1.4996703114876724
83.55	1.499666819972444
83.6	1.499663332614285
83.65	1.4996598494737934
83.7	1.499656370494663
83.75	1.4996528956648167
83.8	1.4996494249772452
83.85	1.499645958473216
83.9	1.4996424960743457
83.95	1.4996390377705904
84.	1.4996355835911896
84.05	1.4996321335709477
84.1	1.4996286876596518
84.15	1.499625245626585
84.2	1.4996218076432133
84.25	1.4996183737739768
84.3	1.4996149439869975
84.35	1.4996115182840275
84.4	1.499608096643997
84.45	1.499604679077561
84.5	1.4996012655988205
84.55	1.4995978561042822
84.6	1.4995944505919372
84.65	1.4995910490359352
84.7	1.499587651492992
84.75	1.4995842579949135
84.8	1.499580868566841
84.85	1.499577483127164
84.9	1.4995741016655177
84.95	1.4995707241748586
85.	1.499567350682104
85.05	1.4995639811531893
85.1	1.4995606156329877
85.15	1.499557254087176
85.2	1.499553896447547
85.25	1.4995505427228837
85.3	1.4995471929004747
85.35	1.499543846947064
85.4	1.4995405048510955
85.45	1.4995371666703299
85.5	1.4995338324164738
85.55	1.4995305020666032
85.6	1.4995271756354758
85.65	1.4995238531566955
85.7	1.4995205346240614
85.75	1.499517219968001
85.8	1.4995139091712968
85.85	1.499510602270199
85.9	1.4995072990823384
85.95	1.4995039996213761
86.	1.4995007039934958
86.05	1.4994974122230185
86.1	1.499494124333648
86.15	1.4994908402982787
86.2	1.499487560092908
86.25	1.4994842837053985
86.3	1.4994810111520924
86.35	1.499477742453238
86.4	1.4994744775650766
86.45	1.4994712164027355
86.5	1.4994679589618323
86.55	1.4994647053187815
86.6	1.499461455449317
86.65	1.4994582092849262
86.7	1.4994549667602817
86.75	1.4994517279395574
86.8	1.49944849287655
86.85	1.4994452614809528
86.9	1.4994420337665628
86.95	1.4994388097643967
87.	1.4994355894314932
87.05	1.4994323728145762
87.1	1.49942915989772
87.15	1.499425950674571
87.2	1.4994227451831366
87.25	1.4994195434508482
87.3	1.4994163454307041
87.35	1.4994131510613071
87.4	1.4994099602852244
87.45	1.4994067731973586
87.5	1.4994035897694697
87.55	1.4994004099553206
87.6	1.4993972337584245
87.65	1.4993940611862888
87.7	1.4993908922246093
87.75	1.499387726887299
87.8	1.4993845651650477
87.85	1.4993814069763456
87.9	1.4993782523983046
87.95	1.4993751013757413
88.	1.4993719539185766
88.05	1.4993688101016938
88.1	1.4993656698689326
88.15	1.4993625332147713
88.2	1.4993594001067476
88.25	1.4993562705239032
88.3	1.4993531445015091
88.35	1.4993500220586764
88.4	1.4993469031503044
88.45	1.499343787753919
88.5	1.499340675982166
88.55	1.4993375677113336
88.6	1.4993344628507665
88.65	1.4993313615342836
88.7	1.4993282636764411
88.75	1.499325169301516
88.8	1.4993220783282615
88.85	1.4993189907774136
88.9	1.4993159067485646
88.95	1.4993128262350166
89.	1.499309749250039
89.05	1.4993066757258418
89.1	1.4993036056050606
89.15	1.4993005389561949
89.2	1.4992974757394255
89.25	1.4992944159059525
89.3	1.4992913595162043
89.35	1.499288306570032
89.4	1.4992852570618986
89.45	1.4992822109125206
89.5	1.4992791682037854
89.55	1.4992761288965544
89.6	1.499273093004279
89.65	1.4992700605342415
89.7	1.499267031487658
89.75	1.49926400584024
89.8	1.4992609835135484
89.85	1.4992579645463788
89.9	1.4992549489522655
89.95	1.49925193673132
90.	1.499248927843901
90.05	1.4992459222688592
90.1	1.4992429200455284
90.15	1.499239921118807
90.2	1.4992369254774862
90.25	1.4992339331939926
90.3	1.4992309442689784
90.35	1.499227958678927
90.4	1.4992249763518295
90.45	1.4992219973301313
90.5	1.4992190215742003
90.55	1.4992160490813813
90.6	1.499213079866039
90.65	1.4992101139297023
90.7	1.49920715126244
90.75	1.4992041918336454
90.8	1.4992012356028066
90.85	1.4991982826785049
90.9	1.4991953330152548
90.95	1.4991923865963466
91.	1.4991894434256354
91.05	1.4991865034705076
91.1	1.499183566792402
91.15	1.4991806333483952
91.2	1.4991777030708335
91.25	1.4991747759665919
91.3	1.4991718521126869
91.35	1.4991689315133376
91.4	1.4991660141288157
91.45	1.4991630999653722
91.5	1.4991601889724386
91.55	1.499157281179043
91.6	1.4991543765738693
91.65	1.4991514751792354
91.7	1.499148576968729
91.75	1.4991456818817488
91.8	1.4991427898107577
91.85	1.4991399008903725
91.9	1.4991370151530543
91.95	1.499134132585199
92.	1.4991312531333547
92.05	1.4991283768598314
92.1	1.4991255037187505
92.15	1.4991226336880992
92.2	1.499119766814125
92.25	1.4991169030983882
92.3	1.4991140424229152
92.35	1.4991111847554686
92.4	1.499108330172843
92.45	1.4991054787268405
92.5	1.4991026303827701
92.55	1.49909978515015
92.6	1.4990969429744065
92.65	1.4990941038195094
92.7	1.4990912677570516
92.75	1.4990884348032796
92.8	1.4990856049863717
92.85	1.4990827782614067
92.9	1.4990799545967577
92.95	1.499077133897915
93.	1.4990743160397846
93.05	1.4990715011507632
93.1	1.4990686892807217
93.15	1.499065880446997
93.2	1.4990630746858906
93.25	1.499060271999449
93.3	1.4990574723194157
93.35	1.49905467559772
93.4	1.4990518818817078
93.45	1.4990490911689667
93.5	1.4990463034355133
93.55	1.4990435186591764
93.6	1.4990407369115382
93.65	1.4990379581914224
93.7	1.499035182443383
93.75	1.4990324097001502
93.8	1.499029639947015
93.85	1.499026873180474
93.9	1.499024109321594
93.95	1.4990213483938475
94.	1.4990185904299786
94.05	1.499015835382994
94.1	1.499013083179332
94.15	1.4990103338837726
94.2	1.4990075875099318
94.25	1.4990048440004464
94.3	1.4990021033795502
94.35	1.4989993656736686
94.4	1.4989966309002423
94.45	1.498993899142968
94.5	1.4989911703481318
94.55	1.4989884444763353
94.6	1.4989857215202067
94.65	1.4989830014473282
94.7	1.4989802841997806
94.75	1.4989775697088754
94.8	1.4989748579946818
94.85	1.498972149129687
94.9	1.498969443161779
94.95	1.498966740045215
95.	1.498964039732172
95.05	1.4989613422789079
95.1	1.4989586477353616
95.15	1.4989559560663106
95.2	1.498953267235297
95.25	1.4989505812880677
95.3	1.4989478981243618
95.35	1.4989452177913356
95.4	1.4989425403518648
95.45	1.4989398657436896
95.5	1.498937193914954
95.55	1.4989345248646073
95.6	1.4989318585625573
95.65	1.4989291949895471
95.7	1.4989265341830076
95.75	1.4989238761557557
95.8	1.4989212209098997
95.85	1.4989185684613437
95.9	1.4989159186422032
95.95	1.4989132715598037
96.	1.4989106272640504
96.05	1.4989079857283805
96.1	1.4989053469221605
96.15	1.4989027109194466
96.2	1.4989000776834267
96.25	1.4988974471752838
96.3	1.4988948194184522
96.35	1.4988921943814768
96.4	1.4988895720466175
96.45	1.4988869524183897
96.5	1.4988843355365222
96.55	1.4988817214114016
96.6	1.4988791100267322
96.65	1.4988765013745695
96.7	1.4988738954108416
96.75	1.4988712921647778
96.8	1.4988686916293092
96.85	1.4988660937794813
96.9	1.498863498552947
96.95	1.4988609060196396
97.	1.4988583162061226
97.05	1.4988557290568334
97.1	1.4988531444882025
97.15	1.4988505625924289
97.2	1.4988479833730173
97.25	1.4988454067883215
97.3	1.4988428328718537
97.35	1.4988402616306264
97.4	1.4988376930905436
97.45	1.4988351272282
97.5	1.4988325639979596
97.55	1.4988300033301352
97.6	1.4988274453189625
97.65	1.4988248899006507
97.7	1.49882233698383
97.75	1.4988197867207038
97.8	1.498817239126007
97.85	1.4988146941482465
97.9	1.498812151750274
97.95	1.498809611904165
98.	1.4988070745699722
98.05	1.4988045398090761
98.1	1.4988020076852828
98.15	1.498799478188052
98.2	1.4987969512720656
98.25	1.498794426976404
98.3	1.4987919053023666
98.35	1.4987893861785704
98.4	1.4987868695796869
98.45	1.498784355571046
98.5	1.4987818441416725
98.55	1.4987793352847254
98.6	1.4987768288828192
98.65	1.4987743249774943
98.7	1.498771823645337
98.75	1.4987693249135465
98.8	1.4987668287718834
98.85	1.4987643351641764
98.9	1.49876184409987
98.95	1.4987593555540046
99.	1.4987568695382247
99.05	1.4987543860631658
99.1	1.4987519051238285
99.15	1.4987494266991976
99.2	1.4987469507498017
99.25	1.498744477187083
99.3	1.4987420060845862
99.35	1.4987395374626624
99.4	1.498737071287485
99.45	1.498734607555061
99.5	1.4987321463064958
99.55	1.4987296875337845
99.6	1.4987272312560964
99.65	1.498724777447843
99.7	1.49872232613013
99.75	1.4987198772649177
99.8	1.498717430821123
99.85	1.4987149868766148
99.9	1.4987125454304093
99.95	1.4987101064003217
100.	1.498707669779415