0.	0.
0.05	0.008499682346911005
0.1	0.016998501620020125
0.15	0.025495606687503017
0.2	0.03399015933719953
0.25	0.042481334132728255
0.3	0.05096831827672702
0.35	0.05945031147534413
0.4	0.06792652580397235
0.45	0.07639618557421497
0.5	0.08485852720207385
0.55	0.09331279907734906
0.6	0.10175826143423984
0.65	0.11019418622313719
0.7	0.11861985698359745
0.75	0.12703456871848767
0.8	0.1354376277692922
0.85	0.14382835169257127
0.9	0.15220606913756177
0.95	0.16057011972491006
1.	0.16891985392652825
1.05	0.17725463294656352
1.1	0.18557382860347177
1.15	0.19387682321318583
1.2	0.20216300947336935
1.25	0.21043179034874684
1.3	0.21868257895750107
1.35	0.22691479845872858
1.4	0.23512788194094456
1.45	0.2433212723116281
1.5	0.25149442218779877
1.55	0.25964679378761624
1.6	0.2677778588229941
1.65	0.2758870983932189
1.7	0.28397400287956653
1.75	0.292038071840907
1.8	0.3000788139102893
1.85	0.308095746692498
1.9	0.3160883966625739
1.95	0.3240562990652892
2.	0.3319989978155705
2.05	0.33991604539986087
2.1	0.3478070027784126
2.15	0.3556714392885036
2.2	0.3635089325485692
2.25	0.3713190683632408
2.3	0.379101440629285
2.35	0.38685565124243443
2.4	0.39458131000510277
2.45	0.4022780345349773
2.5	0.40994545017447986
2.55	0.41758318990109095
2.6	0.4251908942385272
2.65	0.43276821116876635
2.7	0.44031479604491286
2.75	0.44783031150489494
2.8	0.4553144273859885
2.85	0.4627668206401585
2.9	0.47018717525021236
2.95	0.47757518214675754
3.	0.4849305391259565
3.05	0.49225295076807296
3.1	0.49954212835680123
3.15	0.5067977897993727
3.2	0.5140196595474337
3.25	0.5212074685186852
3.3	0.5283609540192818
3.35	0.53547985966698
3.4	0.5425639353150298
3.45	0.5496129369768065
3.5	0.5566266267511707
3.55	0.5636047727485561
3.6	0.5705471490177738
3.65	0.5774535354735294
3.7	0.5843237178246475
3.75	0.5911574875029952
3.8	0.5979546415930999
3.85	0.6047149827624544
3.9	0.6114383191925059
3.95	0.618124464510319
4.	0.6247732377209094
4.05	0.6313844631402429
4.1	0.6379579703288918
4.15	0.6444935940263444
4.2	0.6509911740859619
4.25	0.6574505554105762
4.3	0.663871587888724
4.35	0.6702541263315112
4.4	0.676598030410101
4.45	0.6829031645938228
4.5	0.6891693980888939
4.55	0.6953966047777499
4.6	0.7015846631589784
4.65	0.7077334562878501
4.7	0.7138428717174431
4.75	0.7199128014403537
4.8	0.7259431418309906
4.85	0.7319337935884447
4.9	0.7378846616799318
4.95	0.7437956552848024
5.	0.7496666877391126
5.05	0.7554976764807528
5.1	0.7612885429951277
5.15	0.7670392127613844
5.2	0.7727496151991818
5.25	0.7784196836159981
5.3	0.7840493551549715
5.35	0.7896385707432678
5.4	0.7951872750409726
5.45	0.8006954163905008
5.5	0.8061629467665221
5.55	0.8115898217263945
5.6	0.8169760003611028
5.65	0.8223214452466996
5.7	0.827626122396239
5.75	0.8328900012122055
5.8	0.8381130544394275
5.85	0.8432952581184753
5.9	0.8484365915395369
5.95	0.853537037196768
6.	0.8585965807431132
6.05	0.8636152109455916
6.1	0.8685929196410453
6.15	0.8735297016923448
6.2	0.8784255549450476
6.25	0.8832804801845073
6.3	0.8880944810934274
6.35	0.8928675642098555
6.4	0.897599738885617
6.45	0.9022910172451802
6.5	0.9069414141449527
6.55	0.9115509471330013
6.6	0.9161196364091964
6.65	0.9206475047857721
6.7	0.925134577648302
6.75	0.9295808829170845
6.8	0.9339864510089362
6.85	0.9383513147993866
6.9	0.9426755095852744
6.95	0.9469590730477369
7.	0.9512020452155949
7.05	0.9554044684291239
7.1	0.9595663873042104
7.15	0.9636878486968922
7.2	0.9677689016682736
7.25	0.971809597449818
7.3	0.9758099894090106
7.35	0.9797701330153891
7.4	0.9836900858069391
7.45	0.9875699073568502
7.5	0.9914096592406317
7.55	0.9952094050035808
7.6	0.9989692101286031
7.65	1.002689142004382
7.7	1.0063692698938917
7.75	1.010009664903254
7.8	1.0136103999509303
7.85	1.0171715497372535
7.9	1.02069319071429
7.95	1.0241754010560293
8.	1.0276182606289046
8.05	1.0310218509626332
8.1	1.034386255221377
8.15	1.037711558175224
8.2	1.0409978461719802
8.25	1.0442452071092752
8.3	1.0474537304069762
8.35	1.050623506979908
8.4	1.0537546292108748
8.45	1.0568471909239836
8.5	1.059901287358265
8.55	1.062917015141586
8.6	1.0658944722648591
8.65	1.068833758056536
8.7	1.0717349731573909
8.75	1.074598219495586
8.8	1.0774236002620197
8.85	1.0802112198859495
8.9	1.0829611840108966
8.95	1.0856735994708182
9.	1.0883485742665544
9.05	1.0909862175425409
9.1	1.0935866395637883
9.15	1.096149951693125
9.2	1.0986762663687
9.25	1.1011656970817443
9.3	1.1036183583545875
9.35	1.1060343657189293
9.4	1.1084138356943596
9.45	1.1107568857671297
9.5	1.113063634369168
9.55	1.1153342008573401
9.6	1.1175687054929513
9.65	1.1197672694214869
9.7	1.1219300146525906
9.75	1.1240570640402776
9.8	1.1261485412633798
9.85	1.1282045708062218
9.9	1.1302252779395245
9.95	1.1322107887015356
10.	1.1341612298793822
10.05	1.1360767289906468
10.1	1.1379574142651618
10.15	1.1398034146270222
10.2	1.141614859676812
10.25	1.1433918796740465
10.3	1.145134605519823
10.35	1.1468431687396823
10.4	1.148517701466678
10.45	1.1501583364246482
10.5	1.1517652069116935
10.55	1.1533384467838546
10.6	1.1548781904389889
10.65	1.1563845728008457
10.7	1.1578577293033356
10.75	1.1592977958749937
10.8	1.1607049089236352
10.85	1.1620792053212
10.9	1.1634208223887845
10.95	1.1647298978818625
11.	1.1660065699756865
11.05	1.1672509772508732
11.1	1.1684632586791714
11.15	1.1696435536094052
11.2	1.1707920017535978
11.25	1.1719087431732687
11.3	1.1729939182659046
11.35	1.1740476677516043
11.4	1.175070132659891
11.45	1.176061454316695
11.5	1.177021774331504
11.55	1.177951234584676
11.6	1.1788499772149195
11.65	1.179718144606932
11.7	1.180555879379202
11.75	1.1813633243719681
11.8	1.1821406226353361
11.85	1.182887917417551
11.9	1.1836053521534249
11.95	1.1842930704529144
12.	1.1849512160898534
12.05	1.1855799329908308
12.1	1.1861793652242199
12.15	1.1867496569893525
12.2	1.1872909526058393
12.25	1.1878033965030321
12.3	1.1882871332096305
12.35	1.188742307343428
12.4	1.1891690636011973
12.45	1.1895675467487143
12.5	1.1899379016109188
12.55	1.1902802730622093
12.6	1.1905948060168718
12.65	1.1908816454196434
12.7	1.191140936236402
12.75	1.191372823444992
12.8	1.1915774520261728
12.85	1.1917549669546985
12.9	1.1919055131905203
12.95	1.1920292356701165
13.	1.1921262792979428
13.05	1.192196788938007
13.1	1.1922409094055626
13.15	1.1922587854589233
13.2	1.192250561791395
13.25	1.192216383023325
13.3	1.1921563936942667
13.35	1.19207073825526
13.4	1.191959561061224
13.45	1.191823006363462
13.5	1.1916612183022792
13.55	1.191474340899708
13.6	1.191262518052343
13.65	1.1910258935242857
13.7	1.1907646109401924
13.75	1.1904788137784288
13.8	1.1901686453643305
13.85	1.189834248863565
13.9	1.1894757672755951
13.95	1.189093343427246
14.	1.18868711996637
14.05	1.1882572393556112
14.1	1.1878038438662681
14.15	1.1873270755722527
14.2	1.1868270763441457
14.25	1.1863039878433461
14.3	1.185757951516315
14.35	1.1851891085889121
14.4	1.1845976000608243
14.45	1.1839835667000838
14.5	1.1833471490376786
14.55	1.1826884873622485
14.6	1.1820077217148721
14.65	1.1813049918839396
14.7	1.18058043740011
14.75	1.1798341975313573
14.8	1.1790664112780962
14.85	1.178277217368395
14.9	1.1774667542532693
14.95	1.1766351601020555
15.	1.1757825727978688
15.05	1.174909129933137
15.1	1.1740149688052155
15.15	1.1731002264120796
15.2	1.1721650394480934
15.25	1.171209544299856
15.3	1.1702338770421221
15.35	1.169238173433798
15.4	1.1682225689140107
15.45	1.1671871985982507
15.5	1.1661321972745862
15.55	1.165057699399949
15.6	1.163963839096491
15.65	1.16285075014801
15.7	1.161718565996446
15.75	1.1605674197384424
15.8	1.159397444121979
15.85	1.1582087715430682
15.9	1.157001534042519
15.95	1.1557758633027648
16.	1.154531890644757
16.05	1.1532697470249222
16.1	1.1519895630321808
16.15	1.1506914688850298
16.2	1.1493755944286859
16.25	1.1480420691322906
16.3	1.146691022086174
16.35	1.1453225819991797
16.4	1.1439368771960468
16.45	1.1425340356148515
16.5	1.1411141848045052
16.55	1.13967745192231
16.6	1.1382239637315699
16.65	1.136753846599257
16.7	1.1352672264937342
16.75	1.13376422898253
16.8	1.1322449792301688
16.85	1.1307096019960514
16.9	1.129158221632392
16.95	1.1275909620822024
17.	1.12600794687733
17.05	1.124409299136546
17.1	1.1227951415636819
17.15	1.1211655964458178
17.2	1.1195207856515166
17.25	1.1178608306291087
17.3	1.1161858524050225
17.35	1.1144959715821636
17.4	1.1127913083383378
17.45	1.1110719824247228
17.5	1.1093381131643834
17.55	1.1075898194508318
17.6	1.1058272197466321
17.65	1.1040504320820494
17.7	1.1022595740537393
17.75	1.1004547628234842
17.8	1.0986361151169672
17.85	1.0968037472225907
17.9	1.0949577749903352
17.95	1.093098313830657
18.	1.091225478713429
18.05	1.0893393841669183
18.1	1.0874401442768042
18.15	1.0855278726852342
18.2	1.0836026825899179
18.25	1.0816646867432598
18.3	1.0797139974515275
18.35	1.0777507265740576
18.4	1.0757749855224967
18.45	1.07378688526008
18.5	1.0717865363009427
18.55	1.0697740487094685
18.6	1.067749532099671
18.65	1.0657130956346095
18.7	1.0636648480258375
18.75	1.0616048975328867
18.8	1.0595333519627799
18.85	1.0574503186695787
18.9	1.0553559045539638
18.95	1.0532502160628416
19.	1.0511333591889895
19.05	1.049005439470724
19.1	1.0468665619916042
19.15	1.044716831380163
19.2	1.042556351809667
19.25	1.0403852269979073
19.3	1.0382035602070165
19.35	1.0360114542433165
19.4	1.033809011457191
19.45	1.0315963337429874
19.5	1.0293735225389464
19.55	1.027140678827156
19.6	1.0248979031335332
19.65	1.0226452955278318
19.7	1.0203829556236743
19.75	1.0181109825786114
19.8	1.0158294750942038
19.85	1.0135385314161305
19.9	1.0112382493343197
19.95	1.0089287261831048
20.	1.0066100588414033
20.05	1.0042823437329187
20.1	1.0019456768263657
20.15	0.9996001536357174
20.2	0.9972458692204746
20.25	0.9948829181859581
20.3	0.9925113946836205
20.35	0.9901313924113816
20.4	0.9877430046139825
20.45	0.9853463240833615
20.5	0.9829414431590506
20.55	0.980528453728591
20.6	0.9781074472279686
20.65	0.9756785146420697
20.7	0.9732417465051543
20.75	0.9707972329013499
20.8	0.9683450634651625
20.85	0.9658853273820067
20.9	0.9634181133887535
20.95	0.9609435097742947
21.	0.9584616043801273
21.05	0.9559724846009526
21.1	0.9534762373852931
21.15	0.9509729492361265
21.2	0.9484627062115345
21.25	0.9459455939253698
21.3	0.9434216975479376
21.35	0.9408911018066926
21.4	0.938353890986952
21.45	0.9358101489326227
21.5	0.9332599590469448
21.55	0.9307034042932482
21.6	0.9281405671957238
21.65	0.9255715298402101
21.7	0.9229963738749913
21.75	0.9204151805116119
21.8	0.9178280305257022
21.85	0.9152350042578183
21.9	0.9126361816142954
21.95	0.9100316420681115
22.	0.9074214646597674
22.05	0.9048057279981755
22.1	0.9021845102615624
22.15	0.8995578891983835
22.2	0.8969259421282476
22.25	0.8942887459428552
22.3	0.8916463771069467
22.35	0.8889989116592613
22.4	0.8863464252135081
22.45	0.8836889929593461
22.5	0.8810266896633762
22.55	0.8783595896701424
22.6	0.8756877669031434
22.65	0.8730112948658544
22.7	0.8703302466427572
22.75	0.8676446949003818
22.8	0.8649547118883556
22.85	0.8622603694404625
22.9	0.8595617389757106
22.95	0.8568588914994085
23.	0.8541518976042511
23.05	0.8514408274714125
23.1	0.8487257508716477
23.15	0.8460067371664026
23.2	0.843283855308931
23.25	0.8405571738454211
23.3	0.8378267609161267
23.35	0.835092684256509
23.4	0.8323550111983828
23.45	0.8296138086710712
23.5	0.8268691432025673
23.55	0.8241210809207024
23.6	0.8213696875543197
23.65	0.8186150284344567
23.7	0.8158571684955309
23.75	0.8130961722765352
23.8	0.8103321039222358
23.85	0.8075650271843781
23.9	0.8047950054228981
23.95	0.8020221016071375
24.	0.7992463783170675
24.05	0.7964678977445147
24.1	0.7936867216943936
24.15	0.7909029115859447
24.2	0.7881165284539753
24.25	0.7853276329501074
24.3	0.7825362853440295
24.35	0.7797425455247513
24.4	0.7769464730018653
24.45	0.7741481269068099
24.5	0.7713475659941397
24.55	0.7685448486427965
24.6	0.7657400328573868
24.65	0.7629331762694612
24.7	0.7601243361387983
24.75	0.7573135693546921
24.8	0.7545009324372423
24.85	0.7516864815386484
24.9	0.7488702724445067
24.95	0.7460523605751093
25.	0.7432328009867484
25.05	0.7404116483730213
25.1	0.7375889570661388
25.15	0.7347647810382364
25.2	0.7319391739026874
25.25	0.729112188915419
25.3	0.7262838789762309
25.35	0.7234542966301148
25.4	0.7206234940685777
25.45	0.7177915231309651
25.5	0.7149584353057883
25.55	0.7121242817320523
25.6	0.7092891132005854
25.65	0.7064529801553706
25.7	0.7036159326948777
25.75	0.700778020573399
25.8	0.6979392932023841
25.85	0.6950997996517766
25.9	0.6922595886513525
25.95	0.6894187085920586
26.	0.6865772075273532
26.05	0.6837351331745469
26.1	0.6808925329161439
26.15	0.678049453801185
26.2	0.6752059425465895
26.25	0.6723620455385008
26.3	0.6695178088336285
26.35	0.6666732781605946
26.4	0.6638284989212772
26.45	0.6609835161921556
26.5	0.6581383747256567
26.55	0.6552931189514993
26.6	0.6524477929780401
26.65	0.6496024405936189
26.7	0.6467571052679034
26.75	0.643911830153235
26.8	0.6410666580859736
26.85	0.6382216315878416
26.9	0.6353767928672686
26.95	0.6325321838207341
27.	0.6296878460341119
27.05	0.6268438207840121
27.1	0.6240001490391229
27.15	0.6211568714615523
27.2	0.6183140284081673
27.25	0.6154716599319353
27.3	0.6126298057832616
27.35	0.6097885054113277
27.4	0.606947797965428
27.45	0.6041077222963047
27.5	0.601268316957484
27.55	0.5984296202066081
27.6	0.595591670006768
27.65	0.5927545040278346
27.7	0.5899181596477869
27.75	0.5870826739540425
27.8	0.584248083744782
27.85	0.5814144255302758
27.9	0.5785817355342069
27.95	0.5757500496949931
28.	0.572919403667108
28.05	0.5700898328223991
28.1	0.5672613722514052
28.15	0.5644340567646714
28.2	0.5616079208940624
28.25	0.5587829988940747
28.3	0.5559593247431451
28.35	0.5531369321449594
28.4	0.5503158545297576
28.45	0.547496125055637
28.5	0.5446777766098546
28.55	0.541860841810126
28.6	0.5390453530059223
28.65	0.5362313422797661
28.7	0.5334188414485228
28.75	0.5306078820646923
28.8	0.5277984954176965
28.85	0.5249907125351655
28.9	0.5221845641842204
28.95	0.5193800808727546
29.	0.5165772928507121
29.05	0.5137762301113639
29.1	0.5109769223925811
29.15	0.5081793991781057
29.2	0.5053836896988189
29.25	0.5025898229340066
29.3	0.4997978276126229
29.35	0.4970077322145501
29.4	0.49421956497185593
29.45	0.4914333538700483
29.5	0.48864912664932797
29.55	0.48586691080583716
29.6	0.4830867335929061
29.65	0.48030862202229657
29.7	0.47753260286544164
29.75	0.4747587026546848
29.8	0.47198694768451344
29.85	0.4692173640127911
29.9	0.46644997746198624
29.95	0.46368481362039704
30.	0.4609218978433754
30.05	0.4581612552545456
30.1	0.455402910747021
30.15	0.45264688898461747
30.2	0.44989321440306307
30.25	0.44714191121120583
30.3	0.4443930033922172
30.35	0.4416465147047927
30.4	0.43890246868434957
30.45	0.43616088864422015
30.5	0.4334217976768439
30.55	0.43068521865495424
30.6	0.4279511742327632
30.65	0.42521968684714223
30.7	0.42249077871879953
30.75	0.4197644718534552
30.8	0.41704078804301137
30.85	0.41431974886672
30.9	0.4116013756923472
30.95	0.40888568967733296
31.	0.40617271176994973
31.05	0.4034624627104554
31.1	0.4007549630322438
31.15	0.39805023306299153
31.2	0.3953482929258009
31.25	0.39264916254034066
31.3	0.3899528616239814
31.35	0.3872594096929288
31.4	0.38456882606335296
31.45	0.3818811298525131
31.5	0.37919633997988084
31.55	0.37651447516825814
31.6	0.37383555394489215
31.65	0.3711595946425867
31.7	0.36848661540080924
31.75	0.36581663416679616
31.8	0.36314966869665216
31.85	0.36048573655644733
31.9	0.3578248551233106
31.95	0.355167041586518
32.	0.35251231294857993
32.05	0.34986068602632253
32.1	0.34721217745196525
32.15	0.3445668036741977
32.2	0.3419245809592477
32.25	0.33928552539195167
32.3	0.33664965287681553
32.35	0.3340169791390755
32.4	0.3313875197257556
32.45	0.32876129000671694
32.5	0.3261383051757099
32.55	0.3235185802514159
32.6	0.32090213007848967
32.65	0.3182889693285981
32.7	0.31567911250145075
32.75	0.3130725739258329
32.8	0.3104693677606289
32.85	0.30786950799584556
32.9	0.30527300845363187
32.95	0.30267988278929087
33.	0.3000901444922937
33.05	0.29750380688728423
33.1	0.29492088313508313
33.15	0.29234138623368905
33.2	0.2897653290192712
33.25	0.28719272416716474
33.3	0.28462358419285616
33.35	0.28205792145296854
33.4	0.2794957481462436
33.45	0.2769370763145155
33.5	0.2743819178436867
33.55	0.27183028446469504
33.6	0.2692821877544795
33.65	0.26673763913694304
33.7	0.264196649883908
33.75	0.26165923111607264
33.8	0.2591253938039587
33.85	0.2565951487688588
33.9	0.2540685066837801
33.95	0.25154547807438044
34.	0.24902607331990587
34.05	0.24651030265411944
34.1	0.2439981761662295
34.15	0.2414897038018142
34.2	0.23898489536373857
34.25	0.23648376051307346
34.3	0.23398630877000492
34.35	0.23149254951474374
34.4	0.2290024919884308
34.45	0.22651614529403552
34.5	0.2240335183972554
34.55	0.22155462012740695
34.6	0.2190794591783159
34.65	0.21660804410920387
34.7	0.2141403833455679
34.75	0.2116764851800611
34.8	0.20921635777336467
34.85	0.20676000915505932
34.9	0.2043074472244932
34.95	0.20185867975164243
35.	0.19941371437797314
35.05	0.19697255861729465
35.1	0.19453521985661215
35.15	0.1921017053569759
35.2	0.18967202225432317
35.25	0.18724617756032141
35.3	0.18482417816320293
35.35	0.18240603082859888
35.4	0.17999174220036995
35.45	0.17758131880142952
35.5	0.17517476703456852
35.55	0.17277209318327139
35.6	0.17037330341253176
35.65	0.16797840376966441
35.7	0.16558740018511028
35.75	0.16320029847324266
35.8	0.16081710433316493
35.85	0.15843782334950784
35.9	0.1560624609932231
35.95	0.1536910226223701
36.	0.15132351348290402
36.05	0.14895993870945506
36.1	0.14660030332610768
36.15	0.14424461224717602
36.2	0.14189287027797254
36.25	0.1395450821155778
36.3	0.137201252349602
36.35	0.13486138546294588
36.4	0.13252548583255827
36.45	0.13019355773018676
36.5	0.12786560532312963
36.55	0.12554163267497934
36.6	0.12322164374636578
36.65	0.12090564239569591
36.7	0.11859363237988665
36.75	0.11628561735509911
36.8	0.11398160087746437
36.85	0.11168158640380908
36.9	0.10938557729237754
36.95	0.10709357680354689
37.	0.10480558810054394
37.05	0.1025216142501534
37.1	0.10024165822342601
37.15	0.09796572289638322
37.2	0.09569381105071505
37.25	0.09342592537447952
37.3	0.09116206846279365
37.35	0.08890224281852435
37.4	0.08664645085297583
37.45	0.08439469488657039
37.5	0.08214697714953072
37.55	0.07990329978255374
37.6	0.0776636648374846
37.65	0.07542807427798703
37.7	0.07319652998020719
37.75	0.07096903373343907
37.8	0.06874558724078157
37.85	0.06652619211979559
37.9	0.06431084990315765
37.95	0.06209956203930711
38.	0.05989232989309479
38.05	0.05768915474642352
38.1	0.055490037798888614
38.15	0.05329498016841496
38.2	0.05110398289188783
38.25	0.04891704692578494
38.3	0.046734173146800784
38.35	0.04455536235247061
38.4	0.04238061526179136
38.45	0.04020993251583612
38.5	0.03804331467837011
38.55	0.035880762236458745
38.6	0.033722275601075644
38.65	0.03156785510770742
38.7	0.0294175010169522
38.75	0.027271213515119637
38.8	0.025128992714823085
38.85	0.022990838655571756
38.9	0.020856751304359697
38.95	0.018726730556248586
39.	0.016600776234952003
39.05	0.014478888093412006
39.1	0.012361065814375655
39.15	0.010247309010968429
39.2	0.008137617227261569
39.25	0.00603198993884084
39.3	0.003930426553367755
39.35	0.0018329264111407286
39.4	-0.00026051121434680696
39.45	-0.002349887115854286
39.5	-0.004435202151840465
39.55	-0.006516457245917328
39.6	-0.00859365338630403
39.65	-0.010666791625283834
39.7	-0.01273587307866697
39.75	-0.014800898925252045
39.8	-0.01686187040629482
39.85	-0.018918788824977016
39.9	-0.020971655545877998
39.95	-0.023020471994452407
40.	-0.025065239656506234
40.05	-0.027105960077680222
40.1	-0.029142634862933243
40.15	-0.031175265676028557
40.2	-0.03320385423902584
40.25	-0.035228402331771755
40.3	-0.03724891179139767
40.35	-0.03926538451181739
40.4	-0.041277822443227655
40.45	-0.0432862275916144
40.5	-0.045290602018257485
40.55	-0.04729094783924252
40.6	-0.04928726722497264
40.65	-0.05127956239968305
40.7	-0.05326783564096118
40.75	-0.055252089279265365
40.8	-0.057232325697450494
40.85	-0.05920854733029357
40.9	-0.06118075666402205
40.95	-0.06314895623584761
41.	-0.06511314863349857
41.05	-0.06707333649475902
41.1	-0.06902952250700797
41.15	-0.07098170940676121
41.2	-0.07292989997921841
41.25	-0.074874097057809
41.3	-0.07681430352374458
41.35	-0.07875052230557139
41.4	-0.08068275637872531
41.45	-0.08261100876509225
41.5	-0.08453528253256701
41.55	-0.08645558079461885
41.6	-0.08837190670985694
41.65	-0.0902842634815983
41.7	-0.09219265435744117
41.75	-0.09409708262883662
41.8	-0.095997551630667
41.85	-0.09789406474082413
41.9	-0.09978662537978994
41.95	-0.10167523701022244
42.	-0.10355990313654
42.05	-0.1054406273045123
42.1	-0.10731741310085105
42.15	-0.10919026415280299
42.2	-0.11105918412774833
42.25	-0.11292417673279737
42.3	-0.11478524571439368
42.35	-0.11664239485791705
42.4	-0.1184956279872888
42.45	-0.12034494896458214
42.5	-0.12219036168963109
42.55	-0.12403187009964553
42.6	-0.12586947816882618
42.65	-0.1277031899079819
42.7	-0.12953300936415182
42.75	-0.13135894062022616
42.8	-0.133180987794573
42.85	-0.13499915504066504
42.9	-0.13681344654670854
42.95	-0.13862386653527706
43.	-0.1404304192629439
43.05	-0.14223310901992034
43.1	-0.1440319401296939
43.15	-0.14582691694866864
43.2	-0.14761804386581043
43.25	-0.14940532530229048
43.3	-0.15118876571113507
43.35	-0.15296836957687482
43.4	-0.1547441414151964
43.45	-0.1565160857725987
43.5	-0.15828420722604752
43.55	-0.16004851038263634
43.6	-0.16180899987924663
43.65	-0.1635656803822102
43.7	-0.16531855658697656
43.75	-0.16706763321777832
43.8	-0.1688129150273027
43.85	-0.1705544067963625
43.9	-0.1722921133335694
43.95	-0.17402603947501158
44.	-0.17575619008393
44.05	-0.17748257005040022
44.1	-0.17920518429101406
44.15	-0.18092403774856305
44.2	-0.18263913539172683
44.25	-0.18435048221475936
44.3	-0.1860580832371813
44.35	-0.18776194350347172
44.4	-0.18946206808276206
44.45	-0.19115846206853418
44.5	-0.19285113057831715
44.55	-0.1945400787533894
44.6	-0.19622531175848051
44.65	-0.1979068347814751
44.7	-0.19958465303312084
44.75	-0.20125877174673504
44.8	-0.2029291961779166
44.85	-0.20459593160425774
44.9	-0.20625898332505732
44.95	-0.2079183566610388
45.	-0.20957405695406625
45.05	-0.21122608956686606
45.1	-0.21287445988274797
45.15	-0.2145191733053282
45.2	-0.21616023525825645
45.25	-0.21779765118494174
45.3	-0.21943142654828313
45.35	-0.22106156683040024
45.4	-0.22268807753236547
45.45	-0.2243109641739405
45.5	-0.225930232293311
45.55	-0.22754588744682658
45.6	-0.2291579352087405
45.65	-0.23076638117095077
45.7	-0.2323712309427457
45.75	-0.23397249015054755
45.8	-0.23557016443766138
45.85	-0.2371642594640236
45.9	-0.23875478090595195
45.95	-0.24034173445589974
46.	-0.24192512582220818
46.05	-0.2435049607288641
46.1	-0.24508124491525693
46.15	-0.2466539841359374
46.2	-0.2482231841603802
46.25	-0.249788850772745
46.3	-0.25135098977164255
46.35	-0.2529096069698999
46.4	-0.2544647081943277
46.45	-0.25601629928549136
46.5	-0.2575643860974798
46.55	-0.2591089744976803
46.6	-0.2606500703665517
46.65	-0.26218767959740014
46.7	-0.26372180809615764
46.75	-0.2652524617811599
46.8	-0.2667796465829285
46.85	-0.26830336844395236
46.9	-0.2698236333184712
46.95	-0.27134044717226247
47.	-0.27285381598242653
47.05	-0.27436374573717703
47.1	-0.27587024243563
47.15	-0.2773733120875952
47.2	-0.2788729607133705
47.25	-0.280369194343535
47.3	-0.28186201901874697
47.35	-0.28335144078954033
47.4	-0.2848374657161238
47.45	-0.28632009986818274
47.5	-0.28779934932467965
47.55	-0.2892752201736595
47.6	-0.2907477185120537
47.65	-0.29221685044548673
47.7	-0.2936826220880849
47.75	-0.29514503956228455
47.8	-0.29660410899864426
47.85	-0.2980598365356564
47.9	-0.29951222831956037
47.95	-0.30096129050415904
48.	-0.3024070292506337
48.05	-0.3038494507273633
48.1	-0.30528856110974323
48.15	-0.3067243665800053
48.2	-0.30815687332704117
48.25	-0.3095860875462243
48.3	-0.31101201543923584
48.35	-0.31243466321389035
48.4	-0.31385403708396253
48.45	-0.31527014326901737
48.5	-0.31668298799423883
48.55	-0.31809257749026243
48.6	-0.3194989179930074
48.65	-0.3209020157435103
48.7	-0.3223018769877615
48.75	-0.3236985079765405
48.8	-0.32509191496525475
48.85	-0.3264821042137788
48.9	-0.3278690819862937
48.95	-0.3292528545511302
49.	-0.33063342818061026
49.05	-0.33201080915089237
49.1	-0.3333850037418168
49.15	-0.3347560182367512
49.2	-0.33612385892244023
49.25	-0.3374885320888529
49.3	-0.33885004402903435
49.35	-0.34020840103895683
49.4	-0.34156360941737174
49.45	-0.34291567546566504
49.5	-0.34426460548771065
49.55	-0.3456104057897282
49.6	-0.34695308268013986
49.65	-0.3482926424694283
49.7	-0.34962909146999804
49.75	-0.3509624359960346
49.8	-0.3522926823633679
49.85	-0.3536198368893352
49.9	-0.3549439058926444
49.95	-0.35626489569322906
50.	-0.35758281261229313
50.05	-0.35889766298308134
50.1	-0.360209453088878
50.15	-0.3615181893038575
50.2	-0.36282387793761584
50.25	-0.3641265253107826
50.3	-0.36542613774101385
50.35	-0.3667227215622204
50.4	-0.36801628309070655
50.45	-0.3693068286188269
50.5	-0.3705943645049148
50.55	-0.37187889709589705
50.6	-0.37316043268852683
50.65	-0.37443897761831657
50.7	-0.3757145382013176
50.75	-0.3769871207649713
50.8	-0.3782567316477361
50.85	-0.3795233771392741
50.9	-0.38078706358108894
50.95	-0.3820477973005497
51.	-0.38330558457586583
51.05	-0.3845604317489819
51.1	-0.38581234512695395
51.15	-0.38706133101561035
51.2	-0.3883073957341425
51.25	-0.3895505455589017
51.3	-0.39079078681264656
51.35	-0.3920281258019057
51.4	-0.3932625688501086
51.45	-0.39449412227505876
51.5	-0.39572279237277275
51.55	-0.3969485854170326
51.6	-0.3981715076859593
51.65	-0.39939156543919774
51.7	-0.40060876499017506
51.75	-0.40182311264768256
51.8	-0.40303461468185486
51.85	-0.4042432773853073
51.9	-0.4054491070260774
51.95	-0.40665210986916556
52.	-0.4078522921856821
52.05	-0.4090496601638254
52.1	-0.4102442201353449
52.15	-0.4114359783725672
52.2	-0.4126249411159414
52.25	-0.41381111457890407
52.3	-0.41499450503391955
52.35	-0.41617511873806756
52.4	-0.4173529619309423
52.45	-0.41852804083188266
52.5	-0.41970036169153
52.55	-0.4208699306921665
52.6	-0.4220367540780825
52.65	-0.4232008380760349
52.7	-0.4243621888897745
52.75	-0.4255208127280694
52.8	-0.42667671575890864
52.85	-0.427829904168319
52.9	-0.42898038417790685
52.95	-0.4301281619744153
53.	-0.4312732437563628
53.05	-0.43241563571635067
53.1	-0.43355534400276374
53.15	-0.434692374772524
53.2	-0.43582673418042983
53.25	-0.4369584283805249
53.3	-0.4380874635833716
53.35	-0.439213845845281
53.4	-0.44033758132538003
53.45	-0.441458676168628
53.5	-0.44257713651021713
53.55	-0.44369296849492623
53.6	-0.4448061782275359
53.65	-0.4459167717706515
53.7	-0.447024755255057
53.75	-0.44813013478341723
53.8	-0.4492329164231662
53.85	-0.45033310626552026
53.9	-0.45143071037724825
53.95	-0.4525257348629701
54.	-0.4536181857876409
54.05	-0.45470806918553874
54.1	-0.4557953911238435
54.15	-0.4568801576353754
54.2	-0.4579623747903119
54.25	-0.45904204861153075
54.3	-0.4601191851129043
54.35	-0.4611937903178508
54.4	-0.4622658702233604
54.45	-0.4633354307805777
54.5	-0.464402478050546
54.55	-0.46546701801804724
54.6	-0.4665290567041477
54.65	-0.46758860003561664
54.7	-0.4686456539991882
54.75	-0.4697002245263615
54.8	-0.4707523175857343
54.85	-0.47180193909927315
54.9	-0.47284909503677375
54.95	-0.47389379134121523
55.	-0.47493603391279304
55.05	-0.4759758286761787
55.1	-0.47701318154649885
55.15	-0.4780480984202199
55.2	-0.47908058519466745
55.25	-0.4801106477088649
55.3	-0.4811382918819065
55.35	-0.48216352358113945
55.4	-0.4831863486347836
55.45	-0.4842067729580307
55.5	-0.48522480234743115
55.55	-0.4862404426312176
55.6	-0.4872536996334971
55.65	-0.48826457918450994
55.7	-0.489273087099813
55.75	-0.49027922921791445
55.8	-0.49128301131799035
55.85	-0.49228443919408793
55.9	-0.49328351862194786
55.95	-0.4942802553550647
56.	-0.49527465515462465
56.05	-0.49626672375789893
56.1	-0.4972564669093189
56.15	-0.49824389035265293
56.2	-0.49922899982793156
56.25	-0.5002118010675279
56.3	-0.5011922997860963
56.35	-0.5021705016733762
56.4	-0.5031464124126288
56.45	-0.5041200376564161
56.5	-0.505091383113866
56.55	-0.5060604544688054
56.6	-0.5070272573593666
56.65	-0.5079917974051887
56.7	-0.5089540802357877
56.75	-0.5099141115146659
56.8	-0.5108718968891683
56.85	-0.511827441977284
56.9	-0.5127807523582819
56.95	-0.513731833594158
57.	-0.5146806913003078
57.05	-0.5156273310582361
57.1	-0.5165717584256915
57.15	-0.5175139789778076
57.2	-0.518453998244103
57.25	-0.5193918216551854
57.3	-0.5203274548511022
57.35	-0.5212609033679881
57.4	-0.5221921727159724
57.45	-0.523121268394329
57.5	-0.5240481958879576
57.55	-0.524972960635727
57.6	-0.5258955681356482
57.65	-0.5268160238622467
57.7	-0.5277343332803769
57.75	-0.5286505017965352
57.8	-0.5295645348364608
57.85	-0.530476437856495
57.9	-0.5313862162724624
57.95	-0.5322938755057519
58.	-0.5331994209642648
58.05	-0.5341028579953131
58.1	-0.5350041919621779
58.15	-0.5359034282228928
58.2	-0.5368005721520771
58.25	-0.5376956291189726
58.3	-0.538588604448138
58.35	-0.539479503473427
58.4	-0.5403683315333786
58.45	-0.5412550938977085
58.5	-0.5421397958486128
58.55	-0.5430224426893309
58.6	-0.5439030397434191
58.65	-0.544781592277898
58.7	-0.545658105529444
58.75	-0.5465325847334093
58.8	-0.5474050351216326
58.85	-0.5482754619529081
58.9	-0.549143870400096
58.95	-0.5500102656875456
59.	-0.550874653010812
59.05	-0.5517370376215378
59.1	-0.5525974246703331
59.15	-0.5534558193044083
59.2	-0.5543122266915876
59.25	-0.555166651963211
59.3	-0.5560191003068896
59.35	-0.5568695768190719
59.4	-0.5577180866231627
59.45	-0.5585646348030486
59.5	-0.559409226447552
59.55	-0.5602518666621055
59.6	-0.5610925605416638
59.65	-0.5619313131265454
59.7	-0.5627681295347683
59.75	-0.5636030147968555
59.8	-0.5644359739343452
59.85	-0.5652670119589853
59.9	-0.5660961339001446
59.95	-0.566923344759866
60.	-0.5677486495152525
60.05	-0.5685720531296204
60.1	-0.5693935606194092
60.15	-0.5702131769749034
60.2	-0.5710309071472824
60.25	-0.5718467560523288
60.3	-0.5726607286994408
60.35	-0.5734728299474521
60.4	-0.5742830647020819
60.45	-0.5750914378607375
60.5	-0.5758979543423891
60.55	-0.5767026190245715
60.6	-0.5775054367761823
60.65	-0.5783064124881663
60.7	-0.5791055509629667
60.75	-0.5799028570736317
60.8	-0.5806983356642301
60.85	-0.5814919915397478
60.9	-0.5822838295225297
60.95	-0.5830738544244686
61.	-0.5838620710834171
61.05	-0.5846484842246998
61.1	-0.5854330986031225
61.15	-0.5862159189298148
61.2	-0.5869969500012956
61.25	-0.5877761965532402
61.3	-0.58855366334719
61.35	-0.5893293550913401
61.4	-0.5901032764868052
61.45	-0.5908754322239913
61.5	-0.5916458270435655
61.55	-0.5924144656391822
61.6	-0.5931813525856727
61.65	-0.5939464925065728
61.7	-0.5947098900948535
61.75	-0.5954715500210458
61.8	-0.5962314769142528
61.85	-0.5969896753869204
61.9	-0.5977461500471444
61.95	-0.5985009054393869
62.	-0.5992539462155818
62.05	-0.6000052769009323
62.1	-0.6007549020617917
62.15	-0.6015028262774118
62.2	-0.6022490541024291
62.25	-0.6029935900217783
62.3	-0.6037364385900859
62.35	-0.604477604319869
62.4	-0.6052170917135267
62.45	-0.6059549052269629
62.5	-0.6066910493978014
62.55	-0.6074255286408746
62.6	-0.6081583474532856
62.65	-0.6088895103101394
62.7	-0.6096190216552007
62.75	-0.6103468858745105
62.8	-0.6110731073651225
62.85	-0.6117976905556182
62.9	-0.6125206398752949
62.95	-0.613241959717849
63.	-0.6139616544686801
63.05	-0.6146797284735865
63.1	-0.6153961861001459
63.15	-0.6161110316952708
63.2	-0.6168242695617513
63.25	-0.6175359040240549
63.3	-0.6182459394036122
63.35	-0.6189543800314765
63.4	-0.6196612301874136
63.45	-0.6203664942307247
63.5	-0.621070176388327
63.55	-0.6217722809275198
63.6	-0.6224728120779455
63.65	-0.6231717740847659
63.7	-0.6238691712467735
63.75	-0.624565007799785
63.8	-0.6252592879178983
63.85	-0.6259520157729745
63.9	-0.6266431955431448
63.95	-0.6273328315069693
64.	-0.6280209278095252
64.05	-0.6287074885903942
64.1	-0.6293925180199603
64.15	-0.6300760202101519
64.2	-0.6307579992859247
64.25	-0.6314384594128044
64.3	-0.6321174047152389
64.35	-0.6327948392998533
64.4	-0.6334707672898153
64.45	-0.634145192708372
64.5	-0.6348181196349505
64.55	-0.635489552142434
64.6	-0.6361594942892979
64.65	-0.6368279501104402
64.7	-0.6374949237440266
64.75	-0.6381604191384843
64.8	-0.6388244402839529
64.85	-0.6394869911852019
64.9	-0.6401480758533656
64.95	-0.6408076982657479
65.	-0.6414658623858329
65.05	-0.6421225721819738
65.1	-0.6427778316068999
65.15	-0.6434316446378335
65.2	-0.6440840151821964
65.25	-0.6447349471690814
65.3	-0.6453844445428724
65.35	-0.6460325111929522
65.4	-0.6466791510259308
65.45	-0.6473243679310307
65.5	-0.647968165757895
65.55	-0.6486105483638572
65.6	-0.6492515196468178
65.65	-0.6498910834601969
65.7	-0.6505292436525899
65.75	-0.6511660040273585
65.8	-0.6518013683899077
65.85	-0.6524353405338605
65.9	-0.6530679242796534
65.95	-0.6536991234193769
66.	-0.6543289417590826
66.05	-0.6549573830270675
66.1	-0.6555844509836868
66.15	-0.6562101493485537
66.2	-0.6568344818993789
66.25	-0.6574574523679653
66.3	-0.6580790644918487
66.35	-0.6586993219710928
66.4	-0.6593182285490963
66.45	-0.6599357878547513
66.5	-0.6605520036225634
66.55	-0.661166879540808
66.6	-0.6617804192398178
66.65	-0.6623926263957602
66.7	-0.6630035046060654
66.75	-0.663613057501726
66.8	-0.6642212887062636
66.85	-0.6648282018213911
66.9	-0.6654338004934959
66.95	-0.6660380883363152
67.	-0.6666410689454272
67.05	-0.6672427459157778
67.1	-0.6678431228245618
67.15	-0.6684422031823989
67.2	-0.6690399905438597
67.25	-0.669636488401133
67.3	-0.6702317003369461
67.35	-0.6708256299012891
67.4	-0.6714182806223735
67.45	-0.6720096559821601
67.5	-0.6725997594917931
67.55	-0.6731885946152159
67.6	-0.6737761648370586
67.65	-0.6743624736250811
67.7	-0.6749475244125734
67.75	-0.6755313206372138
67.8	-0.6761138657554157
67.85	-0.6766951632571673
67.9	-0.6772752165496034
67.95	-0.6778540290269998
68.	-0.6784316040671511
68.05	-0.6790079450575923
68.1	-0.6795830553986938
68.15	-0.6801569384465684
68.2	-0.680729597597869
68.25	-0.6813010362341607
68.3	-0.6818712577312662
68.35	-0.6824402654083975
68.4	-0.6830080625413283
68.45	-0.6835746524749771
68.5	-0.6841400384966609
68.55	-0.6847042239255564
68.6	-0.6852672120694913
68.65	-0.6858290062469206
68.7	-0.686389609721763
68.75	-0.6869490257605654
68.8	-0.6875072576262815
68.85	-0.6880643085877436
68.9	-0.6886201818324298
68.95	-0.6891748805949969
69.	-0.689728408119095
69.05	-0.6902807676376729
69.1	-0.6908319623799708
69.15	-0.6913819955177417
69.2	-0.6919308702153391
69.25	-0.6924785896700726
69.3	-0.6930251571047008
69.35	-0.6935705756685788
69.4	-0.6941148485152856
69.45	-0.6946579787141174
69.5	-0.6951999694428542
69.55	-0.6957408238327634
69.6	-0.6962805450142958
69.65	-0.6968191361382586
69.7	-0.6973566003101311
69.75	-0.6978929405429094
69.8	-0.6984281600306446
69.85	-0.6989622618230553
69.9	-0.6994952489561009
69.95	-0.7000271244923149
70.	-0.7005578914616071
70.05	-0.7010875528945872
70.1	-0.7016161118594316
70.15	-0.7021435714049793
70.2	-0.7026699345194719
70.25	-0.7031952041936268
70.3	-0.7037193834773018
70.35	-0.7042424753747268
70.4	-0.7047644828720062
70.45	-0.7052854089583703
70.5	-0.705805256582252
70.55	-0.7063240286758106
70.6	-0.706841728238033
70.65	-0.7073583581677673
70.7	-0.7078739214064171
70.75	-0.7083884208738298
70.8	-0.7089018595286679
70.85	-0.7094142402371141
70.9	-0.7099255659445829
70.95	-0.710435839557547
71.	-0.7109450639552258
71.05	-0.7114532420003736
71.1	-0.7119603765780576
71.15	-0.7124664705549797
71.2	-0.7129715267688531
71.25	-0.7134755480333794
71.3	-0.713978537220513
71.35	-0.7144804971601332
71.4	-0.7149814306839657
71.45	-0.7154813406062227
71.5	-0.7159802297759355
71.55	-0.7164781009447716
71.6	-0.7169749568856305
71.65	-0.717470800367778
71.7	-0.7179656342159945
71.75	-0.7184594612558002
71.8	-0.7189522842180733
71.85	-0.719444105800642
71.9	-0.7199349287354954
71.95	-0.7204247558047816
72.	-0.7209135896821287
72.05	-0.7214014331335313
72.1	-0.7218882888944586
72.15	-0.7223741596427873
72.2	-0.722859048083112
72.25	-0.72334295689776
72.3	-0.7238258887301222
72.35	-0.7243078462914997
72.4	-0.7247888322727312
72.45	-0.7252688492791228
72.5	-0.725747900036367
72.55	-0.7262259871651433
72.6	-0.726703113300287
72.65	-0.7271792810522747
72.7	-0.7276544930605239
72.75	-0.7281287519280314
72.8	-0.7286020602193783
72.85	-0.7290744206103521
72.9	-0.7295458356512345
72.95	-0.7300163079777494
73.	-0.7304858401726737
73.05	-0.7309544347225554
73.1	-0.731422094199901
73.15	-0.7318888211949036
73.2	-0.7323546182679942
73.25	-0.732819487923054
73.3	-0.7332834327159624
73.35	-0.73374645517282
73.4	-0.7342085578202009
73.45	-0.7346697431539502
73.5	-0.7351300137058588
73.55	-0.7355893719656125
73.6	-0.736047820396424
73.65	-0.7365053614792806
73.7	-0.736961997668677
73.75	-0.7374177314616499
73.8	-0.7378725653158249
73.85	-0.7383265016822643
73.9	-0.7387795430219755
73.95	-0.7392316918178905
74.	-0.7396829505043541
74.05	-0.7401333214318189
74.1	-0.7405828070209737
74.15	-0.7410314097047543
74.2	-0.7414791319694376
74.25	-0.7419259761532271
74.3	-0.7423719446316313
74.35	-0.742817039781412
74.4	-0.7432612639567827
74.45	-0.7437046194462883
74.5	-0.7441471086879831
74.55	-0.744588734110611
74.6	-0.745029498083588
74.65	-0.7454694029108039
74.7	-0.7459084509193727
74.75	-0.746346644440761
74.8	-0.7467839857728875
74.85	-0.7472204772279198
74.9	-0.7476561210666122
74.95	-0.7480909196392973
75.	-0.7485248752506924
75.05	-0.7489579901800704
75.1	-0.7493902667310298
75.15	-0.749821707207632
75.2	-0.7502523138740411
75.25	-0.7506820889398286
75.3	-0.7511110346916001
75.35	-0.751539153383085
75.4	-0.7519664472158649
75.45	-0.7523929184225487
75.5	-0.7528185692658498
75.55	-0.7532434019776708
75.6	-0.7536674187287946
75.65	-0.7540906217344218
75.7	-0.7545130131873636
75.75	-0.7549345953034192
75.8	-0.7553553702891085
75.85	-0.7557753403012639
75.9	-0.7561945076000481
75.95	-0.7566128743337723
76.	-0.7570304426331633
76.05	-0.7574472145951184
76.1	-0.7578631923621649
76.15	-0.7582783781467282
76.2	-0.7586927740517362
76.25	-0.7591063822152253
76.3	-0.7595192048359455
76.35	-0.7599312440518982
76.4	-0.7603425018576244
76.45	-0.7607529803832835
76.5	-0.761162681797648
76.55	-0.7615716081496308
76.6	-0.7619797615052515
76.65	-0.7623871439805683
76.7	-0.7627937576294586
76.75	-0.7631996045695271
76.8	-0.7636046868617873
76.85	-0.764009006506832
76.9	-0.7644125655465404
76.95	-0.7648153660446311
77.	-0.7652174100575194
77.05	-0.7656186996399384
77.1	-0.7660192368264129
77.15	-0.7664190236113965
77.2	-0.7668180619789086
77.25	-0.767216353958867
77.3	-0.7676139015560426
77.35	-0.7680107067994024
77.4	-0.7684067716988893
77.45	-0.7688020982191079
77.5	-0.7691966883040661
77.55	-0.7695905439328342
77.6	-0.7699836671361131
77.65	-0.7703760598311981
77.7	-0.7707677239619931
77.75	-0.7711586614697764
77.8	-0.7715488743068728
77.85	-0.7719383644400237
77.9	-0.7723271338099563
77.95	-0.7727151843212018
78.	-0.7731025178656392
78.05	-0.7734891363485744
78.1	-0.7738750417327176
78.15	-0.7742602359199698
78.2	-0.7746447207822873
78.25	-0.7750284982369987
78.3	-0.7754115701569112
78.35	-0.7757939383810395
78.4	-0.7761756048516991
78.45	-0.7765565714629705
78.5	-0.7769368400830623
78.55	-0.777316412519662
78.6	-0.7776952906656149
78.65	-0.7780734763417271
78.7	-0.7784509714086845
78.75	-0.7788277776946579
78.8	-0.7792038969934536
78.85	-0.7795793311416911
78.9	-0.7799540819085865
78.95	-0.7803281511455996
79.	-0.7807015407138455
79.05	-0.7810742523918488
79.1	-0.7814462880305333
79.15	-0.7818176494052963
79.2	-0.7821883382943464
79.25	-0.7825583564565035
79.3	-0.7829277057195881
79.35	-0.7832963878383178
79.4	-0.7836644045657163
79.45	-0.7840317576181856
79.5	-0.7843984488009587
79.55	-0.7847644798654054
79.6	-0.7851298525489666
79.65	-0.785494568595288
79.7	-0.7858586297169362
79.75	-0.7862220376596738
79.8	-0.7865847941244165
79.85	-0.7869469008068176
79.9	-0.7873083594727803
79.95	-0.7876691718644314
80.	-0.788029339662294
80.05	-0.7883888646179017
80.1	-0.788747748374774
80.15	-0.7891059925952993
80.2	-0.7894635989761785
80.25	-0.7898205691720848
80.3	-0.7901769048869918
80.35	-0.7905326078225919
80.4	-0.7908876796133139
80.45	-0.7912421219047706
80.5	-0.7915959363756312
80.55	-0.7919491246683509
80.6	-0.7923016884483098
80.65	-0.7926536293164419
80.7	-0.793004948898059
80.75	-0.7933556488200932
80.8	-0.7937057307060081
80.85	-0.7940551961653927
80.9	-0.794404046875249
80.95	-0.7947522844463696
81.	-0.7950999104916345
81.05	-0.7954469265746604
81.1	-0.7957933342410206
81.15	-0.7961391351068716
81.2	-0.796484330793661
81.25	-0.7968289228720414
81.3	-0.7971729129294992
81.35	-0.7975163025278631
81.4	-0.797859093184445
81.45	-0.7982012865208211
81.5	-0.7985428841105142
81.55	-0.7988838874762335
81.6	-0.7992242981269326
81.65	-0.7995641176520558
81.7	-0.799903347595404
81.75	-0.8002419894778936
81.8	-0.8005800448484132
81.85	-0.8009175152008141
81.9	-0.8012544020668902
81.95	-0.801590706918898
82.	-0.8019264313698549
82.05	-0.8022615768448006
82.1	-0.8025961448226201
82.15	-0.802930136829566
82.2	-0.8032635543801341
82.25	-0.8035963989351962
82.3	-0.8039286720432663
82.35	-0.8042603751891418
82.4	-0.8045915097828158
82.45	-0.8049220772530745
82.5	-0.8052520791418166
82.55	-0.8055815168791295
82.6	-0.8059103919540405
82.65	-0.8062387057710031
82.7	-0.8065664598042842
82.75	-0.8068936554880346
82.8	-0.8072202942763762
82.85	-0.8075463775768491
82.9	-0.8078719068489266
82.95	-0.8081968835347729
83.	-0.80852130905409
83.05	-0.8088451847650234
83.1	-0.8091685121027723
83.15	-0.8094912925019448
83.2	-0.8098135273645543
83.25	-0.8101352181283308
83.3	-0.8104563661400589
83.35	-0.8107769727901373
83.4	-0.8110970394904448
83.45	-0.8114165676265385
83.5	-0.8117355585610552
83.55	-0.8120540136873919
83.6	-0.8123719343781337
83.65	-0.8126893219501211
83.7	-0.8130061778162256
83.75	-0.8133225033117026
83.8	-0.8136382997981915
83.85	-0.8139535685868525
83.9	-0.8142683110475925
83.95	-0.8145825285468761
84.	-0.8148962224237348
84.05	-0.8152093939685406
84.1	-0.8155220445247364
84.15	-0.8158341755373985
84.2	-0.8161457882334017
84.25	-0.81645688390418
84.3	-0.8167674639152507
84.35	-0.8170775295687551
84.4	-0.8173870821438637
84.45	-0.8176961229000241
84.5	-0.818004653163629
84.55	-0.8183126742860121
84.6	-0.8186201875719404
84.65	-0.8189271942999561
84.7	-0.8192336957166353
84.75	-0.8195396930757285
84.8	-0.8198451876571429
84.85	-0.8201501807892285
84.9	-0.8204546737245029
84.95	-0.8207586677024251
85.	-0.8210621639450923
85.05	-0.8213651637532592
85.1	-0.8216676683442367
85.15	-0.8219696789747793
85.2	-0.8222711969225615
85.25	-0.8225722234165793
85.3	-0.8228727597165437
85.35	-0.823172807088844
85.4	-0.8234723667661147
85.45	-0.823771439922278
85.5	-0.8240700277728294
85.55	-0.8243681315170116
85.6	-0.824665752355679
85.65	-0.8249628915228134
85.7	-0.8252595502195792
85.75	-0.8255557296447862
85.8	-0.8258514310223677
85.85	-0.8261466555256282
85.9	-0.8264414044719498
85.95	-0.8267356790228529
86.	-0.8270294802982258
86.05	-0.8273228094723606
86.1	-0.8276156676844695
86.15	-0.827908056109933
86.2	-0.8281999759370158
86.25	-0.8284914283447606
86.3	-0.8287824144968954
86.35	-0.8290729355350891
86.4	-0.8293629926820343
86.45	-0.8296525870957887
86.5	-0.8299417199245083
86.55	-0.8302303922739537
86.6	-0.830518605288994
86.65	-0.8308063601212975
86.7	-0.8310936579480509
86.75	-0.8313804998792625
86.8	-0.8316668870052265
86.85	-0.8319528204541694
86.9	-0.8322383013772371
86.95	-0.8325233308858361
87.	-0.8328079101399085
87.05	-0.8330920402113146
87.1	-0.833375722196821
87.15	-0.8336589571942913
87.2	-0.8339417462688933
87.25	-0.8342240905111382
87.3	-0.8345059911113137
87.35	-0.8347874491893766
87.4	-0.8350684658524926
87.45	-0.835349042102966
87.5	-0.8356291790085443
87.55	-0.8359088776579089
87.6	-0.8361881391260735
87.65	-0.836466964490934
87.7	-0.8367453548257529
87.75	-0.8370233111974372
87.8	-0.8373008346685981
87.85	-0.837577926332551
87.9	-0.8378545872186068
87.95	-0.8381308184196771
88.	-0.8384066209539348
88.05	-0.838681995841607
88.1	-0.8389569441458882
88.15	-0.8392314669016636
88.2	-0.8395055651975962
88.25	-0.8397792400857491
88.3	-0.8400524925319188
88.35	-0.840325323557151
88.4	-0.840597734205358
88.45	-0.8408697254894806
88.5	-0.8411412984283324
88.55	-0.8414124540522966
88.6	-0.841683193354991
88.65	-0.8419535173283446
88.7	-0.8422234270473525
88.75	-0.842492923514784
88.8	-0.8427620077738182
88.85	-0.8430306807885377
88.9	-0.8432989434820422
88.95	-0.8435667968688921
89.	-0.8438342419363251
89.05	-0.8441012796809824
89.1	-0.8443679111412751
89.15	-0.844634137273443
89.2	-0.8448999590340114
89.25	-0.8451653773878105
89.3	-0.8454303932777618
89.35	-0.8456950077026382
89.4	-0.8459592216182517
89.45	-0.8462230360093981
89.5	-0.8464864518090465
89.55	-0.8467494699849586
89.6	-0.8470120915138323
89.65	-0.8472743173764611
89.7	-0.8475361484691606
89.75	-0.847797585716599
89.8	-0.8480586301284739
89.85	-0.8483192826236406
89.9	-0.8485795441292965
89.95	-0.8488394155589923
90.	-0.849098897862958
90.05	-0.8493579919806064
90.1	-0.8496166988308261
90.15	-0.8498750193757213
90.2	-0.8501329545300709
90.25	-0.8503905051338937
90.3	-0.8506476721346696
90.35	-0.8509044564384972
90.4	-0.8511608590195812
90.45	-0.8514168807506494
90.5	-0.8516725225361985
90.55	-0.8519277852671624
90.6	-0.8521826698585283
90.65	-0.8524371771849909
90.7	-0.8526913081082841
90.75	-0.8529450635263688
90.8	-0.8531984443834411
90.85	-0.8534514515078134
90.9	-0.8537040858292746
90.95	-0.853956348229681
91.	-0.8542082395573637
91.05	-0.8544597606962451
91.1	-0.8547109124852051
91.15	-0.8549616958244439
91.2	-0.8552121116170326
91.25	-0.8554621607477707
91.3	-0.8557118440402023
91.35	-0.855961162324042
91.4	-0.8562101164745703
91.45	-0.8564587073580449
91.5	-0.8567069358338593
91.55	-0.856954802726251
91.6	-0.8572023088795321
91.65	-0.8574494550908579
91.7	-0.8576962422613761
91.75	-0.8579426712533078
91.8	-0.858188742941073
91.85	-0.8584344580825278
91.9	-0.8586798174929622
91.95	-0.8589248220446375
92.	-0.8591694725718486
92.05	-0.8594137698349987
92.1	-0.8596577146822403
92.15	-0.8599013079543434
92.2	-0.8601445504511016
92.25	-0.8603874429912356
92.3	-0.860629986477068
92.35	-0.8608721817014996
92.4	-0.8611140294013162
92.45	-0.8613555303195863
92.5	-0.8615966853069396
92.55	-0.8618374951800875
92.6	-0.8620779607654772
92.65	-0.8623180828663873
92.7	-0.8625578622273037
92.75	-0.8627972996285296
92.8	-0.8630363957837751
92.85	-0.8632751515446415
92.9	-0.8635135677006077
92.95	-0.863751645132197
93.	-0.8639893846917552
93.05	-0.8642267870322816
93.1	-0.8644638528931982
93.15	-0.8647005830447899
93.2	-0.8649369782617062
93.25	-0.865173039318433
93.3	-0.8654087670066115
93.35	-0.8656441621073243
93.4	-0.8658792253701626
93.45	-0.8661139575175089
93.5	-0.8663483593205039
93.55	-0.8665824315484749
93.6	-0.8668161749316634
93.65	-0.8670495902193581
93.7	-0.867282678156945
93.75	-0.8675154394606381
93.8	-0.8677478749067749
93.85	-0.8679799852579981
93.9	-0.868211771218917
93.95	-0.8684432335320893
94.	-0.868674372916029
94.05	-0.868905190128142
94.1	-0.8691356859738595
94.15	-0.869365861148756
94.2	-0.8695957163913971
94.25	-0.8698252524288933
94.3	-0.8700544699468158
94.35	-0.8702833696197192
94.4	-0.8705119521405038
94.45	-0.8707402182066949
94.5	-0.870968168527143
94.55	-0.8711958038733141
94.6	-0.871423124950203
94.65	-0.8716501324858481
94.7	-0.8718768272176227
94.75	-0.8721032098489482
94.8	-0.8723292810725005
94.85	-0.8725550415629876
94.9	-0.872780491995922
94.95	-0.8730056330827952
95.	-0.8732304655487341
95.05	-0.8734549900606798
95.1	-0.8736792073004875
95.15	-0.8739031179658773
95.2	-0.8741267227442086
95.25	-0.8743500222458765
95.3	-0.8745730172184024
95.35	-0.8747957083120512
95.4	-0.8750180962138233
95.45	-0.8752401815809883
95.5	-0.8754619651918043
95.55	-0.8756834476833761
95.6	-0.8759046297038816
95.65	-0.876125511913339
95.7	-0.8763460949322492
95.75	-0.8765663794099394
95.8	-0.8767863660185136
95.85	-0.8770060554092642
95.9	-0.8772254483463501
95.95	-0.8774445454337207
96.	-0.8776633472909326
96.05	-0.8778818546126748
96.1	-0.8781000680626666
96.15	-0.8783179882607527
96.2	-0.8785356158306472
96.25	-0.8787529513987792
96.3	-0.8789699956234689
96.35	-0.8791867491668801
96.4	-0.8794032126660429
96.45	-0.8796193867578248
96.5	-0.8798352720611347
96.55	-0.8800508691965309
96.6	-0.8802661787936527
96.65	-0.8804812014722083
96.7	-0.8806959379008912
96.75	-0.8809103887000389
96.8	-0.8811245544839187
96.85	-0.8813384358446998
96.9	-0.881552033461087
96.95	-0.8817653478992327
97.	-0.8819783797911844
97.05	-0.8821911298100114
97.1	-0.8824035985893386
97.15	-0.8826157866964083
97.2	-0.8828276947065008
97.25	-0.8830393232833387
97.3	-0.8832506730049863
97.35	-0.8834617444373758
97.4	-0.8836725381431458
97.45	-0.8838830547429906
97.5	-0.8840932948659903
97.55	-0.8843032591747644
97.6	-0.8845129482352778
97.65	-0.8847223626832496
97.7	-0.8849315030660352
97.75	-0.8851403699156293
97.8	-0.8853489637932734
97.85	-0.8855572853176126
97.9	-0.8857653350968662
97.95	-0.8859731137631517
98.	-0.8861806219098312
98.05	-0.8863878600878761
98.1	-0.8865948288389945
98.15	-0.8868015287553109
98.2	-0.8870079604319433
98.25	-0.8872141244545704
98.3	-0.8874200213777067
98.35	-0.8876256517757265
98.4	-0.8878310162216424
98.45	-0.8880361152202967
98.5	-0.8882409493814677
98.55	-0.888445519256646
98.6	-0.8886498254693918
98.65	-0.8888538685462833
98.7	-0.8890576490165145
98.75	-0.8892611674354753
98.8	-0.889464424356702
98.85	-0.889667420412027
98.9	-0.889870156107809
98.95	-0.8900726319810986
99.	-0.8902748485790071
99.05	-0.8904768064607408
99.1	-0.8906785061816899
99.15	-0.8908799482410471
99.2	-0.8910811331972688
99.25	-0.891282061648621
99.3	-0.8914827341167646
99.35	-0.891683151154965
99.4	-0.8918833132765922
99.45	-0.8920832210247334
99.5	-0.892282874898983
99.55	-0.8924822754664408
99.6	-0.8926814232687275
99.65	-0.8928803188357021
99.7	-0.8930789626554709
99.75	-0.8932773552735442
99.8	-0.8934754972512795
99.85	-0.8936733890533493
99.9	-0.8938710311774665
99.95	-0.8940684242089768
100.	-0.8942655687068075