0.	0.
0.05	0.008499660182168188
0.1	0.01699832652036077
0.15	0.025495023057797318
0.2	0.03398879313244044
0.25	0.042478699086389404
0.3	0.05096382199072946
0.35	0.05944326137386511
0.4	0.06791613495330237
0.45	0.07638157837083946
0.5	0.08483874493112573
0.55	0.0932868053435489
0.6	0.10172494746741148
0.65	0.11015237606035752
0.7	0.11856831253001089
0.75	0.12697199468878775
0.8	0.13536267651184497
0.85	0.14373962789812778
0.9	0.1521021344344798
0.95	0.16044949716277904
1.	0.16878103235006423
1.05	0.17709607126161556
1.1	0.18539395993695523
1.15	0.19367405896873274
1.2	0.20193574328446084
1.25	0.210178401931068
1.3	0.21840143786223387
1.35	0.2266042677284752
1.4	0.23478632166994837
1.45	0.24294704311193704
1.5	0.2510858885629923
1.55	0.25920232741569404
1.6	0.2672958417500019
1.65	0.27536592613916516
1.7	0.2834120874581607
1.75	0.29143384469462885
1.8	0.29943072876227705
1.85	0.3074022823167221
1.9	0.3153480595737419
1.95	0.3232676261299064
2.	0.3311605587855614
2.05	0.3390264453701349
2.1	0.3468648845697394
2.15	0.35467548575704155
2.2	0.3624578688233732
2.25	0.37021166401305483
2.3	0.37793651175990706
2.35	0.38563206252592175
2.4	0.39329797664206784
2.45	0.40093392415120616
2.5	0.40853958465308654
2.55	0.41611464715140406
2.6	0.42365880990288735
2.65	0.4311717802683956
2.7	0.4386532745660002
2.75	0.44610301792602525
2.8	0.45352074414802607
2.85	0.4609061955596786
2.9	0.46825912287755944
2.95	0.4755792850697923
3.	0.48286644922053773
3.05	0.49012039039630484
3.1	0.49734089151406213
3.15	0.5045277432111246
3.2	0.5116807437167982
3.25	0.5187996987257563
3.3	0.525884421273131
3.35	0.5329347316112951
3.4	0.5399504570883159
3.45	0.5469314320280598
3.5	0.5538774976119272
3.55	0.5607885017621981
3.6	0.5676642990269691
3.65	0.5745047504666605
3.7	0.5813097235420764
3.75	0.5880790920039973
3.8	0.5948127357842865
3.85	0.601510540888492
3.9	0.6081723992899258
3.95	0.6147982088252012
4.	0.6213878730912109
4.05	0.6279413013435284
4.1	0.6344584083962146
4.15	0.6409391145230118
4.2	0.6473833453599089
4.25	0.6537910318090605
4.3	0.660162109944042
4.35	0.6664965209164265
4.4	0.6727942108636643
4.45	0.6790551308182503
4.5	0.685279236618164
4.55	0.691466488818565
4.6	0.6976168526047275
4.65	0.7037302977062015
4.7	0.7098067983121817
4.75	0.7158463329880721
4.8	0.7218488845932288
4.85	0.7278144401998685
4.9	0.7337429910131263
4.95	0.7396345322922495
5.	0.7454890632729122
5.05	0.7513065870906382
5.1	0.7570871107053168
5.15	0.7628306448267974
5.2	0.7685372038415512
5.25	0.7742068057403856
5.3	0.7798394720471967
5.35	0.7854352277487494
5.4	0.7909941012254696
5.45	0.7965161241832375
5.5	0.802001331586168
5.55	0.8074497615903679
5.6	0.8128614554786531
5.65	0.81823645759622
5.7	0.823574815287252
5.75	0.8288765788324551
5.8	0.8341418013875079
5.85	0.8393705389224131
5.9	0.8445628501617433
5.95	0.8497187965257641
6.	0.8548384420724299
6.05	0.8599218534402336
6.1	0.8649690997919066
6.15	0.8699802527589524
6.2	0.8749553863870074
6.25	0.8798945770820155
6.3	0.8847979035572067
6.35	0.8896654467808709
6.4	0.8944972899249143
6.45	0.8992935183141892
6.5	0.9040542193765895
6.55	0.9087794825938965
6.6	0.9134693994533724
6.65	0.9181240634000856
6.7	0.922743569789962
6.75	0.9273280158435515
6.8	0.9318775006005011
6.85	0.936392124874724
6.9	0.9408719912102582
6.95	0.9453172038378022
7.	0.9497278686319224
7.05	0.9541040930689214
7.1	0.9584459861853588
7.15	0.9627536585372163
7.2	0.9670272221596983
7.25	0.9712667905276609
7.3	0.9754724785166589
7.35	0.9796444023646049
7.4	0.9837826796340304
7.45	0.9878874291749427
7.5	0.9919587710882688
7.55	0.9959968266898791
7.6	1.0000017184751822
7.65	1.0039735700842845
7.7	1.0079125062677066
7.75	1.0118186528526492
7.8	1.0156921367097997
7.85	1.0195330857206772
7.9	1.0233416287455002
7.95	1.0271178955915796
8.	1.0308620169822231
8.05	1.0345741245261477
8.1	1.0382543506873905
8.15	1.0419028287557155
8.2	1.0455196928175055
8.25	1.0491050777271342
8.3	1.0526591190788144
8.35	1.0561819531789096
8.4	1.0596737170187114
8.45	1.0631345482476677
8.5	1.0665645851470633
8.55	1.0699639666041405
8.6	1.0733328320866569
8.65	1.0766713216178763
8.7	1.0799795757519808
8.75	1.083257735549906
8.8	1.0865059425555856
8.85	1.0897243387726079
8.9	1.0929130666412712
8.95	1.0960722690160378
9.	1.0992020891433791
9.05	1.1023026706400056
9.1	1.105374157471479
9.15	1.1084166939311992
9.2	1.1114304246197602
9.25	1.1144154944246731
9.3	1.117372048500449
9.35	1.1203002322490343
9.4	1.1232001913006002
9.45	1.1260720714946748
9.5	1.1289160188616165
9.55	1.1317321796044224
9.6	1.1345207000808695
9.65	1.1372817267859816
9.7	1.1400154063348162
9.75	1.142721885445573
9.8	1.14540131092301
9.85	1.1480538296421732
9.9	1.1506795885324272
9.95	1.1532787345617876
10.	1.155851414721547
10.05	1.1583977760111948
10.1	1.160917965423623
10.15	1.1634121299306157
10.2	1.1658804164686174
10.25	1.1683229719247779
10.3	1.1707399431232661
10.35	1.1731314768118548
10.4	1.175497719648765
10.45	1.1778388181897743
10.5	1.1801549188755776
10.55	1.1824461680194032
10.6	1.184712711794876
10.65	1.1869546962241266
10.7	1.1891722671661424
10.75	1.1913655703053556
10.8	1.193534751140467
10.85	1.1956799549735015
10.9	1.19780132689909
10.95	1.1998990117939765
11.	1.2019731543067487
11.05	1.2040238988477823
11.1	1.206051389579404
11.15	1.2080557704062647
11.2	1.2100371849659208
11.25	1.2119957766196225
11.3	1.213931688443303
11.35	1.2158450632187676
11.4	1.2177360434250804
11.45	1.2196047712301425
11.5	1.2214513884824632
11.55	1.223276036703117
11.6	1.2250788570778863
11.65	1.226859990449588
11.7	1.2286195773105757
11.75	1.2303577577954228
11.8	1.2320746716737774
11.85	1.233770458343389
11.9	1.2354452568233045
11.95	1.2370992057472299
12.	1.2387324433570561
12.05	1.2403451074965464
12.1	1.2419373356051815
12.15	1.2435092647121622
12.2	1.2450610314305652
12.25	1.2465927719516503
12.3	1.248104622039318
12.35	1.249596717024712
12.4	1.2510691918009684
12.45	1.252522180818106
12.5	1.2539558180780563
12.55	1.2553702371298334
12.6	1.2567655710648369
12.65	1.2581419525122914
12.7	1.2594995136348142
12.75	1.260838386124116
12.8	1.2621587011968256
12.85	1.2634605895904427
12.9	1.2647441815594118
12.95	1.2660096068713194
13.	1.2672569948032084
13.05	1.2684864741380133
13.1	1.2696981731611068
13.15	1.2708922196569634
13.2	1.2720687409059337
13.25	1.2732278636811285
13.3	1.2743697142454118
13.35	1.2754944183484993
13.4	1.2766021012241626
13.45	1.2776928875875366
13.5	1.2787669016325267
13.55	1.2798242670293163
13.6	1.2808651069219736
13.65	1.2818895439261535
13.7	1.2828977001268926
13.75	1.2838896970765017
13.8	1.2848656557925442
13.85	1.2858256967559103
13.9	1.2867699399089745
13.95	1.2876985046538438
14.	1.2886115098506892
14.05	1.289509073816162
14.1	1.2903913143218932
14.15	1.2912583485930726
14.2	1.2921102933071087
14.25	1.2929472645923668
14.3	1.2937693780269839
14.35	1.2945767486377588
14.4	1.295369490899118
14.45	1.296147718732152
14.5	1.296911545503726
14.55	1.2976610840256582
14.6	1.2983964465539712
14.65	1.2991177447882065
14.7	1.2998250898708095
14.75	1.3005185923865772
14.8	1.3011983623621728
14.85	1.3018645092657013
14.9	1.3025171420063477
14.95	1.3031563689340766
15.	1.3037822978393903
15.05	1.3043950359531464
15.1	1.3049946899464326
15.15	1.3055813659304978
15.2	1.3061551694567382
15.25	1.306716205516738
15.3	1.3072645785423649
15.35	1.3078003924059132
15.4	1.308323750420304
15.45	1.3088347553393316
15.5	1.3093335093579601
15.55	1.309820114112669
15.6	1.310294670681845
15.65	1.310757279586222
15.7	1.3112080407893638
15.75	1.3116470536981941
15.8	1.3120744171635688
15.85	1.3124902294808907
15.9	1.312894588390768
15.95	1.3132875910797108
16.	1.3136693341808712
16.05	1.3140399137748198
16.1	1.3143994253903637
16.15	1.314747964005399
16.2	1.315085624047803
16.25	1.3154124993963607
16.3	1.3157286833817288
16.35	1.3160342687874311
16.4	1.3163293478508913
16.45	1.3166140122644965
16.5	1.3168883531766942
16.55	1.3171524611931207
16.6	1.3174064263777603
16.65	1.3176503382541356
16.7	1.3178842858065258
16.75	1.318108357481216
16.8	1.3183226411877724
16.85	1.318527224300348
16.9	1.3187221936590123
16.95	1.3189076355711091
17.	1.3190836358126397
17.05	1.3192502796296703
17.1	1.319407651739766
17.15	1.3195558363334454
17.2	1.319694917075662
17.25	1.3198249771073054
17.3	1.3199460990467267
17.35	1.3200583649912838
17.4	1.3201618565189088
17.45	1.320256654689696
17.5	1.320342840047509
17.55	1.3204204926216068
17.6	1.320489691928291
17.65	1.3205505169725686
17.7	1.3206030462498355
17.75	1.3206473577475732
17.8	1.320683528947068
17.85	1.3207116368251413
17.9	1.3207317578558986
17.95	1.3207439680124942
18.	1.320748342768909
18.05	1.320744957101745
18.1	1.3207338854920314
18.15	1.3207152019270472
18.2	1.3206889799021542
18.25	1.3206552924226453
18.3	1.3206142120056037
18.35	1.3205658106817741
18.4	1.3205101599974456
18.45	1.320447331016347
18.5	1.3203773943215504
18.55	1.320300420017388
18.6	1.3202164777313763
18.65	1.3201256366161522
18.7	1.3200279653514164
18.75	1.3199235321458875
18.8	1.3198124047392636
18.85	1.319694650404192
18.9	1.3195703359482474
18.95	1.3194395277159174
19.	1.3193022915905954
19.05	1.31915869299658
19.1	1.3190087969010804
19.15	1.3188526678162307
19.2	1.3186903698011057
19.25	1.3185219664637473
19.3	1.3183475209631923
19.35	1.3181670960115073
19.4	1.3179807538758281
19.45	1.3177885563804028
19.5	1.3175905649086397
19.55	1.3173868404051596
19.6	1.317177443377851
19.65	1.3169624338999284
19.7	1.316741871611995
19.75	1.316515815724107
19.8	1.3162843250178415
19.85	1.3160474578483665
19.9	1.315805272146512
19.95	1.3155578254208453
20.	1.3153051747597455
20.05	1.3150473768334814
20.1	1.314784487896289
20.15	1.314516563788452
20.2	1.3142436599383802
20.25	1.3139658313646922
20.3	1.3136831326782952
20.35	1.3133956180844666
20.4	1.3131033413849351
20.45	1.312806355979962
20.5	1.3125047148704219
20.55	1.3121984706598817
20.6	1.3118876755566813
20.65	1.311572381376011
20.7	1.3112526395419883
20.75	1.3109285010897342
20.8	1.3106000166674479
20.85	1.3102672365384782
20.9	1.309930210583395
20.95	1.3095889883020582
21.	1.3092436188156844
21.05	1.308894150868911
21.1	1.3085406328318576
21.15	1.308183112702187
21.2	1.3078216381071597
21.25	1.3074562563056886
21.3	1.3070870141903905
21.35	1.3067139582896317
21.4	1.3063371347695736
21.45	1.305956589436213
21.5	1.3055723677374194
21.55	1.3051845147649686
21.6	1.3047930752565722
21.65	1.3043980935979034
21.7	1.3039996138246193
21.75	1.3035976796243776
21.8	1.3031923343388512
21.85	1.3027836209657355
21.9	1.3023715821607547
21.95	1.3019562602396604
22.	1.301537697180227
22.05	1.301115934624243
22.1	1.3006910138794952
22.15	1.3002629759217503
22.2	1.29983186139673
22.25	1.2993977106220806
22.3	1.2989605635893402
22.35	1.2985204599658953
22.4	1.2980774390969376
22.45	1.2976315400074119
22.5	1.2971828014039586
22.55	1.2967312616768527
22.6	1.2962769589019343
22.65	1.2958199308425347
22.7	1.2953602149513972
22.75	1.2948978483725904
22.8	1.294432867943417
22.85	1.2939653101963149
22.9	1.2934952113607538
22.95	1.2930226073651243
23.	1.2925475338386216
23.05	1.2920700261131224
23.1	1.2915901192250545
23.15	1.2911078479172629
23.2	1.2906232466408651
23.25	1.2901363495571043
23.3	1.289647190539192
23.35	1.2891558031741468
23.4	1.2886622207646254
23.45	1.2881664763307463
23.5	1.2876686026119075
23.55	1.2871686320685978
23.6	1.2866665968841995
23.65	1.286162528966786
23.7	1.2856564599509108
23.75	1.2851484211993915
23.8	1.2846384438050849
23.85	1.2841265585926547
23.9	1.2836127961203356
23.95	1.2830971866816852
24.	1.2825797603073328
24.05	1.2820605467667188
24.1	1.281539575569828
24.15	1.2810168759689144
24.2	1.2804924769602208
24.25	1.2799664072856878
24.3	1.2794386954346595
24.35	1.2789093696455782
24.4	1.2783784579076742
24.45	1.2778459879626467
24.5	1.2773119873063385
24.55	1.2767764831904018
24.6	1.276239502623958
24.65	1.2757010723752489
24.7	1.2751612189732813
24.75	1.2746199687094633
24.8	1.274077347639234
24.85	1.2735333815836845
24.9	1.272988096131172
24.95	1.2724415166389274
25.	1.2718936682346524
25.05	1.2713445758181128
25.1	1.2707942640627208
25.15	1.2702427574171127
25.2	1.2696900801067157
25.25	1.2691362561353106
25.3	1.2685813092865845
25.35	1.2680252631256765
25.4	1.2674681410007165
25.45	1.2669099660443546
25.5	1.2663507611752856
25.55	1.2657905490997634
25.6	1.265229352313109
25.65	1.2646671931012108
25.7	1.2641040935420162
25.75	1.2635400755070185
25.8	1.262975160662732
25.85	1.2624093704721626
25.9	1.2618427261962706
25.95	1.261275248895424
26.	1.260706959430846
26.05	1.2601378784660544
26.1	1.2595680264682931
26.15	1.2589974237099564
26.2	1.258426090270005
26.25	1.2578540460353766
26.3	1.2572813107023855
26.35	1.2567079037781175
26.4	1.2561338445818164
26.45	1.2555591522462628
26.5	1.2549838457191453
26.55	1.2544079437644244
26.6	1.2538314649636892
26.65	1.253254427717506
26.7	1.2526768502467596
26.75	1.2520987505939885
26.8	1.25152014662471
26.85	1.2509410560287397
26.9	1.2503614963215046
26.95	1.2497814848453455
27.	1.249201038770815
27.05	1.2486201750979677
27.1	1.2480389106576413
27.15	1.2474572621127324
27.2	1.2468752459594636
27.25	1.2462928785286447
27.3	1.2457101759869245
27.35	1.2451271543380378
27.4	1.2445438294240434
27.45	1.243960216926556
27.5	1.2433763323679696
27.55	1.242792191112675
27.6	1.242207808368269
27.65	1.2416231991867586
27.7	1.2410383784657544
27.75	1.2404533609496609
27.8	1.2398681612308566
27.85	1.2392827937508692
27.9	1.2386972728015426
27.95	1.2381116125261964
28.	1.23752582692078
28.05	1.2369399298350192
28.1	1.2363539349735542
28.15	1.2357678558970728
28.2	1.2351817060234362
28.25	1.234595498628797
28.3	1.234009246848711
28.35	1.233422963679242
28.4	1.2328366619780609
28.45	1.2322503544655352
28.5	1.231664053725815
28.55	1.23107777220791
28.6	1.230491522226761
28.65	1.2299053159643034
28.7	1.2293191654705262
28.75	1.228733082664522
28.8	1.2281470793355318
28.85	1.2275611671439828
28.9	1.2269753576225195
28.95	1.2263896621770283
29.	1.225804092087656
29.05	1.2252186585098217
29.1	1.224633372475221
29.15	1.2240482448928256
29.2	1.2234632865498758
29.25	1.2228785081128657
29.3	1.2222939201285232
29.35	1.2217095330247836
29.4	1.2211253571117557
29.45	1.220541402582683
29.5	1.2199576795148985
29.55	1.2193741978707717
29.6	1.2187909674986515
29.65	1.2182079981338017
29.7	1.2176252993993302
29.75	1.2170428808071132
29.8	1.2164607517587125
29.85	1.215878921546286
29.9	1.2152973993534935
29.95	1.2147161942563964
30.	1.2141353152243501
30.05	1.2135547711208923
30.1	1.212974570704623
30.15	1.2123947226300809
30.2	1.2118152354486131
30.25	1.211236117609238
30.3	1.2106573774595044
30.35	1.2100790232463416
30.4	1.209501063116908
30.45	1.2089235051194303
30.5	1.208346357204038
30.55	1.207769627223594
30.6	1.2071933229345169
30.65	1.2066174519975992
30.7	1.2060420219788195
30.75	1.2054670403501495
30.8	1.2048925144903544
30.85	1.2043184516857892
30.9	1.2037448591311886
30.95	1.2031717439304515
31.	1.2025991130974196
31.05	1.202026973556653
31.1	1.2014553321441959
31.15	1.2008841956083423
31.2	1.2003135706103918
31.25	1.1997434637254027
31.3	1.1991738814429391
31.35	1.198604830167813
31.4	1.1980363162208199
31.45	1.1974683458394715
31.5	1.196900925178721
31.55	1.1963340603116854
31.6	1.1957677572303598
31.65	1.1952020218463297
31.7	1.194636859991477
31.75	1.194072277418679
31.8	1.1935082798025067
31.85	1.192944872739914
31.9	1.1923820617509238
31.95	1.1918198522793095
32.	1.1912582496932713
32.05	1.1906972592861065
32.1	1.1901368862768757
32.15	1.1895771358110663
32.2	1.1890180129612469
32.25	1.188459522727721
32.3	1.187901670039173
32.35	1.1873444597533116
32.4	1.186787896657508
32.45	1.186231985469428
32.5	1.1856767308376612
32.55	1.1851221373423453
32.6	1.1845682094957846
32.65	1.1840149517430658
32.7	1.183462368462668
32.75	1.1829104639670684
32.8	1.1823592425033438
32.85	1.1818087082537674
32.9	1.1812588653364013
32.95	1.180709717805685
33.	1.1801612696530182
33.05	1.1796135248073416
33.1	1.1790664871357102
33.15	1.178520160443866
33.2	1.1779745484768025
33.25	1.177429654919329
33.3	1.1768854833966271
33.35	1.176342037474805
33.4	1.1757993206614479
33.45	1.1752573364061618
33.5	1.1747160881011174
33.55	1.1741755790815853
33.6	1.1736358126264703
33.65	1.1730967919588402
33.7	1.1725585202464517
33.75	1.1720210006022709
33.8	1.1714842360849904
33.85	1.1709482296995437
33.9	1.1704129843976134
33.95	1.1698785030781371
34.	1.1693447885878099
34.05	1.1688118437215804
34.1	1.168279671223146
34.15	1.167748273785443
34.2	1.1672176540511316
34.25	1.1666878146130808
34.3	1.1661587580148454
34.35	1.1656304867511413
34.4	1.1651030032683187
34.45	1.1645763099648276
34.5	1.1640504091916841
34.55	1.1635253032529294
34.6	1.1630009944060873
34.65	1.1624774848626183
34.7	1.1619547767883684
34.75	1.1614328723040168
34.8	1.160911773485517
34.85	1.160391482364538
34.9	1.1598720009288987
34.95	1.1593533311230018
35.	1.1588354748482614
35.05	1.1583184339635304
35.1	1.157802210285521
35.15	1.1572868055892254
35.2	1.15677222160833
35.25	1.1562584600356292
35.3	1.1557455225234334
35.35	1.155233410683975
35.4	1.1547221260898115
35.45	1.1542116702742244
35.5	1.153702044731616
35.55	1.1531932509179015
35.6	1.1526852902508995
35.65	1.1521781641107187
35.7	1.1516718738401412
35.75	1.151166420745004
35.8	1.1506618060945752
35.85	1.1501580311219286
35.9	1.1496550970243165
35.95	1.149153004963536
36.	1.1486517560662963
36.05	1.14815135142458
36.1	1.1476517920960032
36.15	1.1471530791041713
36.2	1.1466552134390333
36.25	1.1461581960572331
36.3	1.1456620278824559
36.35	1.1451667098057745
36.4	1.144672242685991
36.45	1.1441786273499768
36.5	1.143685864593008
36.55	1.1431939551791008
36.6	1.1427028998413418
36.65	1.142212699282216
36.7	1.1417233541739336
36.75	1.1412348651587518
36.8	1.1407472328492958
36.85	1.1402604578288766
36.9	1.1397745406518052
36.95	1.1392894818437056
37.	1.1388052819018244
37.05	1.1383219412953387
37.1	1.1378394604656588
37.15	1.1373578398267328
37.2	1.136877079765344
37.25	1.1363971806414097
37.3	1.1359181427882743
37.35	1.135439966513002
37.4	1.1349626520966667
37.45	1.1344861997946387
37.5	1.13401060983687
37.55	1.1335358824281754
37.6	1.1330620177485142
37.65	1.132589015953266
37.7	1.132116877173508
37.75	1.1316456015162857
37.8	1.1311751890648845
37.85	1.130705639879098
37.9	1.1302369539954946
37.95	1.1297691314276792
38.	1.1293021721665568
38.05	1.1288360761805905
38.1	1.1283708434160584
38.15	1.1279064737973092
38.2	1.1274429672270139
38.25	1.1269803235864169
38.3	1.1265185427355833
38.35	1.1260576245136462
38.4	1.1255975687390498
38.45	1.1251383752097914
38.5	1.1246800437036613
38.55	1.1242225739784801
38.6	1.123765965772335
38.65	1.1233102188038124
38.7	1.1228553327722306
38.75	1.1224013073578682
38.8	1.1219481422221917
38.85	1.121495837008082
38.9	1.1210443913400563
38.95	1.1205938048244912
39.	1.1201440770498414
39.05	1.1196952075868574
39.1	1.1192471959888013
39.15	1.1188000417916613
39.2	1.1183537445143623
39.25	1.1179083036589776
39.3	1.1174637187109355
39.35	1.117019989139227
39.4	1.116577114396609
39.45	1.1161350939198083
39.5	1.1156939271297217
39.55	1.1152536134316153
39.6	1.1148141522153219
39.65	1.1143755428554363
39.7	1.1139377847115093
39.75	1.1135008771282398
39.8	1.1130648194356647
39.85	1.112629610949348
39.9	1.1121952509705677
39.95	1.1117617387865009
40.	1.1113290736704065
40.05	1.110897254881809
40.1	1.1104662816666768
40.15	1.110036153257602
40.2	1.1096068688739764
40.25	1.1091784277221683
40.3	1.1087508289956947
40.35	1.1083240718753942
40.4	1.1078981555295977
40.45	1.107473079114297
40.5	1.107048841773313
40.55	1.1066254426384605
40.6	1.1062028808297137
40.65	1.105781155455369
40.7	1.1053602656122046
40.75	1.1049402103856438
40.8	1.10452098884991
40.85	1.1041026000681853
40.9	1.1036850430927665
40.95	1.1032683169652178
41.	1.102852420716524
41.05	1.1024373533672422
41.1	1.1020231139276504
41.15	1.1016097013978972
41.2	1.1011971147681474
41.25	1.100785353018729
41.3	1.1003744151202763
41.35	1.0999643000338732
41.4	1.099555006711195
41.45	1.099146534094648
41.5	1.098738881117509
41.55	1.0983320467040618
41.6	1.097926029769735
41.65	1.0975208292212357
41.7	1.0971164439566834
41.75	1.0967128728657425
41.8	1.0963101148297538
41.85	1.0959081687218633
41.9	1.0955070334071524
41.95	1.0951067077427632
42.	1.0947071905780272
42.05	1.0943084807545882
42.1	1.093910577106526
42.15	1.0935134784604814
42.2	1.093117183635774
42.25	1.0927216914445255
42.3	1.0923270006917767
42.35	1.0919331101756062
42.4	1.0915400186872475
42.45	1.0911477250112032
42.5	1.090756227925361
42.55	1.0903655262011058
42.6	1.089975618603433
42.65	1.0895865038910584
42.7	1.089198180816529
42.75	1.0888106481263322
42.8	1.0884239045610027
42.85	1.0880379488552299
42.9	1.0876527797379638
42.95	1.0872683959325193
43.	1.0868847961566797
43.05	1.0865019791227997
43.1	1.0861199435379072
43.15	1.0857386881038027
43.2	1.0853582115171605
43.25	1.084978512469626
43.3	1.0845995896479137
43.35	1.0842214417339038
43.4	1.0838440674047378
43.45	1.0834674653329133
43.5	1.083091634186377
43.55	1.082716572628619
43.6	1.0823422793187623
43.65	1.0819687529116557
43.7	1.0815959920579628
43.75	1.0812239954042513
43.8	1.0808527615930807
43.85	1.0804822892630899
43.9	1.0801125770490834
43.95	1.0797436235821167
44.	1.0793754274895808
44.05	1.079007987395286
44.1	1.0786413019195442
44.15	1.078275369679252
44.2	1.07791018928797
44.25	1.0775457593560052
44.3	1.0771820784904877
44.35	1.0768191452954525
44.4	1.0764569583719146
44.45	1.0760955163179466
44.5	1.075734817728756
44.55	1.0753748611967593
44.6	1.0750156453116562
44.65	1.0746571686605046
44.7	1.0742994298277933
44.75	1.0739424273955127
44.8	1.0735861599432284
44.85	1.0732306260481497
44.9	1.0728758242852015
44.95	1.0725217532270919
45.	1.072168411444381
45.05	1.0718157975055493
45.1	1.0714639099770638
45.15	1.0711127474234439
45.2	1.070762308407328
45.25	1.0704125914895375
45.3	1.070063595229141
45.35	1.0697153181835182
45.4	1.0693677589084212
45.45	1.069020915958038
45.5	1.0686747878850529
45.55	1.0683293732407075
45.6	1.0679846705748606
45.65	1.067640678436047
45.7	1.0672973953715377
45.75	1.0669548199273953
45.8	1.0666129506485338
45.85	1.066271786078774
45.9	1.0659313247609
45.95	1.065591565236714
46.	1.065252506047092
46.05	1.064914145732038
46.1	1.0645764828307356
46.15	1.0642395158816045
46.2	1.0639032434223494
46.25	1.063567663990014
46.3	1.0632327761210312
46.35	1.0628985783512734
46.4	1.062565069216104
46.45	1.0622322472504246
46.5	1.0619001109887265
46.55	1.0615686589651363
46.6	1.0612378897134658
46.65	1.0609078017672575
46.7	1.0605783936598328
46.75	1.0602496639243366
46.8	1.0599216110937837
46.85	1.059594233701104
46.9	1.059267530279186
46.95	1.0589414993609216
47.	1.0586161394792493
47.05	1.0582914491671966
47.1	1.0579674269579233
47.15	1.0576440713847628
47.2	1.0573213809812634
47.25	1.056999354281229
47.3	1.0566779898187606
47.35	1.0563572861282948
47.4	1.0560372417446442
47.45	1.0557178552030355
47.5	1.055399125039149
47.55	1.055081049789155
47.6	1.0547636279897532
47.65	1.0544468581782083
47.7	1.0541307388923873
47.75	1.0538152686707951
47.8	1.053500446052611
47.85	1.053186269577723
47.9	1.0528727377867628
47.95	1.052559849221141
48.	1.05224760242308
48.05	1.0519359959356476
48.1	1.0516250283027906
48.15	1.0513146980693673
48.2	1.051005003781179
48.25	1.0506959439850023
48.3	1.0503875172286214
48.35	1.0500797220608573
48.4	1.0497725570315997
48.45	1.0494660206918363
48.5	1.0491601115936837
48.55	1.0488548282904153
48.6	1.0485501693364918
48.65	1.0482461332875885
48.7	1.047942718700625
48.75	1.047639924133791
48.8	1.047337748146576
48.85	1.0470361892997946
48.9	1.046735246155615
48.95	1.046434917277583
49.	1.046135201230651
49.05	1.0458360965812008
49.1	1.0455376018970703
49.15	1.0452397157475792
49.2	1.044942436703552
49.25	1.044645763337343
49.3	1.0443496942228603
49.35	1.0440542279355893
49.4	1.0437593630526163
49.45	1.0434650981526508
49.5	1.0431714318160479
49.55	1.042878362624832
49.6	1.0425858891627167
49.65	1.0422940100151288
49.7	1.0420027237692269
49.75	1.041712029013925
49.8	1.0414219243399114
49.85	1.0411324083396698
49.9	1.0408434796074997
49.95	1.040555136739509
50.	1.0402673783340723
50.05	1.03998020297702
50.1	1.0396936093101814
50.15	1.0394075958905398
50.2	1.0391221613382302
50.25	1.0388373042481651
50.3	1.0385530232538396
50.35	1.0382693169637829
50.4	1.0379861839944193
50.45	1.0377036229861258
50.5	1.0374216325437449
50.55	1.0371402112597616
50.6	1.0368593577738994
50.65	1.036579070683908
50.7	1.0362993486360124
50.75	1.0360201902488246
50.8	1.0357415941365828
50.85	1.0354635589731442
50.9	1.0351860833555888
50.95	1.034909165918101
51.	1.034632805340303
51.05	1.034357000225024
51.1	1.0340817492345025
51.15	1.0338070510346478
51.2	1.0335329042879624
51.25	1.0332593076034298
51.3	1.0329862596522517
51.35	1.0327137590751239
51.4	1.03244180450183
51.45	1.032170394596378
51.5	1.031899528017606
51.55	1.031629203444544
51.6	1.0313594195576843
51.65	1.031090175043705
51.7	1.030821468562022
51.75	1.0305532987600867
51.8	1.0302856643173937
51.85	1.0300185638983823
51.9	1.029751996183953
51.95	1.0294859598757804
52.	1.029220453658769
52.05	1.028955476293541
52.1	1.0286910264030786
52.15	1.0284271026702307
52.2	1.0281637037868772
52.25	1.027900828487528
52.3	1.0276384754456944
52.35	1.0273766433458935
52.4	1.0271153308799243
52.45	1.0268545367839395
52.5	1.0265942597360642
52.55	1.0263344984918223
52.6	1.0260752517497795
52.65	1.0258165182245098
52.7	1.0255582966281396
52.75	1.02530058568782
52.8	1.0250433841792104
52.85	1.0247866908187464
52.9	1.024530504320597
52.95	1.0242748234030121
53.	1.0240196467829437
53.05	1.0237649731945806
53.1	1.0235108013887566
53.15	1.0232571301169393
53.2	1.0230039581361523
53.25	1.0227512842362256
53.3	1.022499107049774
53.35	1.0222474254076268
53.4	1.0219962380723258
53.45	1.0217455437901275
53.5	1.0214953413018937
53.55	1.0212456293686196
53.6	1.020996406780198
53.65	1.0207476723402311
53.7	1.0204994247675918
53.75	1.02025166283836
53.8	1.0200043853670184
53.85	1.0197575911120014
53.9	1.0195112788916707
53.95	1.0192654474557477
54.	1.019020095573443
54.05	1.018775222062772
54.1	1.0185308257000034
54.15	1.0182869052806347
54.2	1.0180434595742398
54.25	1.0178004874242172
54.3	1.017557987619048
54.35	1.0173159589593024
54.4	1.017074400284719
54.45	1.0168333104594125
54.5	1.016592688218838
54.55	1.0163525323791365
54.6	1.0161128417241718
54.65	1.0158736151343335
54.7	1.0156348514165483
54.75	1.0153965494360644
54.8	1.015158708005508
54.85	1.014921325987285
54.9	1.0146844021759276
54.95	1.0144479353991183
55.	1.0142119245199883
55.05	1.0139763683608147
55.1	1.0137412657636595
55.15	1.013506615600343
55.2	1.0132724167077618
55.25	1.0130386679938757
55.3	1.0128053682773817
55.35	1.0125725164219055
55.4	1.0123401113243862
55.45	1.0121081517471417
55.5	1.0118766366512337
55.55	1.0116455649280507
55.6	1.0114149354487936
55.65	1.0111847470514423
55.7	1.0109549986199786
55.75	1.0107256889982263
55.8	1.0104968170902326
55.85	1.0102683817937654
55.9	1.010040381985693
55.95	1.0098128165706226
56.	1.0095856844607443
56.05	1.009358984576933
56.1	1.0091327158196122
56.15	1.0089068770884346
56.2	1.008681467266492
56.25	1.0084564852381548
56.3	1.0082319299084497
56.35	1.0080078002036446
56.4	1.0077840950686225
56.45	1.007560813460073
56.5	1.0073379543072367
56.55	1.007115516455987
56.6	1.0068934988282572
56.65	1.006671900425834
56.7	1.0064507201819324
56.75	1.0062299569957796
56.8	1.006009609804742
56.85	1.0057896775474127
56.9	1.0055701591805497
56.95	1.005351053667586
57.	1.005132359917212
57.05	1.0049140768750076
57.1	1.0046962035255718
57.15	1.0044787388188408
57.2	1.0042616817389862
57.25	1.0040450313637446
57.3	1.0038287865212951
57.35	1.0036129461707526
57.4	1.003397509278606
57.45	1.0031824748188467
57.5	1.0029678417698715
57.55	1.002753609168717
57.6	1.0025397759719699
57.65	1.0023263411567513
57.7	1.0021133037001406
57.75	1.0019006626163178
57.8	1.0016884169117672
57.85	1.0014765655565374
57.9	1.0012651075375794
57.95	1.0010540418358143
58.	1.0008433674278576
58.05	1.0006330833780959
58.1	1.0004231887351136
58.15	1.0002136825152363
58.2	1.000004563693588
58.25	0.9997958312677994
58.3	0.9995874842688351
58.35	0.9993795217143758
58.4	0.9991719425910133
58.45	0.9989647459732536
58.5	0.9987579309281363
58.55	0.9985514964591009
58.6	0.998345441540406
58.65	0.9981397652193411
58.7	0.9979344665620393
58.75	0.9977295446378407
58.8	0.9975249984825818
58.85	0.9973208270866671
58.9	0.9971170295875714
58.95	0.9969136050324439
59.	0.9967105524623281
59.05	0.9965078708450716
59.1	0.9963055592871044
59.15	0.9961036168678012
59.2	0.9959020426447791
59.25	0.9957008357156376
59.3	0.9954999950884461
59.35	0.9952995198720235
59.4	0.9950994091474101
59.45	0.994899662032546
59.5	0.9947002775993975
59.55	0.9945012549213695
59.6	0.9943025930702729
59.65	0.9941042911455407
59.7	0.9939063481590801
59.75	0.9937087632243735
59.8	0.9935115354543571
59.85	0.993314663980982
59.9	0.9931181478987245
59.95	0.9929219863217962
60.	0.9927261783720577
60.05	0.9925307231641843
60.1	0.9923356197687179
60.15	0.9921408672719836
60.2	0.9919464647929311
60.25	0.9917524114972687
60.3	0.9915587063992235
60.35	0.9913653486956482
60.4	0.9911723375252848
60.45	0.9909796720302806
60.5	0.9907873513189845
60.55	0.9905953745376952
60.6	0.9904037408149116
60.65	0.9902124492465869
60.7	0.9900214990375213
60.75	0.9898308892929989
60.8	0.9896406191352202
60.85	0.9894506877490443
60.9	0.9892610942482409
60.95	0.9890718378112384
61.	0.988882917494876
61.05	0.9886943324962754
61.1	0.9885060820252497
61.15	0.9883181652989751
61.2	0.9881305814275853
61.25	0.9879433296088291
61.3	0.9877564089760829
61.35	0.9875698187206192
61.4	0.9873835579960993
61.45	0.9871976259708959
61.5	0.987012021736857
61.55	0.9868267444535347
61.6	0.986641793442022
61.65	0.9864571679298229
61.7	0.9862728670693377
61.75	0.9860888899992999
61.8	0.9859052358951914
61.85	0.9857219039543934
61.9	0.9855388933752313
61.95	0.985356203402606
62.	0.9851738331520599
62.05	0.9849917819074632
62.1	0.9848100488780444
62.15	0.9846286332063326
62.2	0.9844475340901668
62.25	0.9842667508237066
62.3	0.9840862825669736
62.35	0.9839061285389429
62.4	0.9837262879593782
62.45	0.9835467600813856
62.5	0.9833675440752787
62.55	0.9831886392144864
62.6	0.9830100446908767
62.65	0.9828317597298666
62.7	0.9826537835406877
62.75	0.9824761153790387
62.8	0.9822987545376787
62.85	0.9821217002318652
62.9	0.9819449516697062
62.95	0.9817685080692247
63.	0.9815923686750365
63.05	0.9814165327763125
63.1	0.9812409996033872
63.15	0.9810657684088004
63.2	0.9808908384956428
63.25	0.9807162091242483
63.3	0.9805418795486197
63.35	0.9803678489956132
63.4	0.9801941167406523
63.45	0.9800206819479088
63.5	0.9798475439475742
63.55	0.9796747020164376
63.6	0.9795021554611808
63.65	0.9793299035545748
63.7	0.9791579454855346
63.75	0.9789862804957186
63.8	0.9788149079389368
63.85	0.9786438271528055
63.9	0.9784730374411116
63.95	0.978302537949921
64.	0.978132328019701
64.05	0.9779624069633428
64.1	0.9777927740604716
64.15	0.9776234286519487
64.2	0.9774543700440423
64.25	0.9772855974865644
64.3	0.9771171102650186
64.35	0.9769489076608748
64.4	0.9767809889326176
64.45	0.9766133534721742
64.5	0.9764460005788245
64.55	0.9762789295546268
64.6	0.9761121397295281
64.65	0.9759456304218289
64.7	0.975779400776329
64.75	0.9756134502259259
64.8	0.9754477781336984
64.85	0.9752823838124625
64.9	0.9751172665752043
64.95	0.9749524257666085
65.	0.9747878607296286
65.05	0.9746235707624574
65.1	0.9744595552150522
65.15	0.974295813390449
65.2	0.9741323446483557
65.25	0.973969148319878
65.3	0.9738062237102236
65.35	0.9736435701685721
65.4	0.9734811870324496
65.45	0.9733190736519708
65.5	0.9731572294088959
65.55	0.9729956536455544
65.6	0.9728343456451916
65.65	0.9726733047668747
65.7	0.9725125303431765
65.75	0.9723520217507475
65.8	0.9721917783980732
65.85	0.9720317996761643
65.9	0.971872084906949
65.95	0.9717126334153035
66.	0.9715534445573062
66.05	0.9713945177550075
66.1	0.9712358523794067
66.15	0.9710774478286324
66.2	0.970919303452806
66.25	0.9707614186278324
66.3	0.9706037926816257
66.35	0.970446425000664
66.4	0.9702893149163655
66.45	0.9701324619007144
66.5	0.9699758652745046
66.55	0.9698195243849721
66.6	0.9696634386692469
66.65	0.9695076075434557
66.7	0.9693520303747503
66.75	0.9691967065869511
66.8	0.9690416356040339
66.85	0.9688868168153904
66.9	0.9687322495650417
66.95	0.9685779332452245
67.	0.9684238672715543
67.05	0.9682700510561987
67.1	0.9681164839670205
67.15	0.9679631654395595
67.2	0.967810094864779
67.25	0.9676572717050874
67.3	0.9675046953431448
67.35	0.9673523651621114
67.4	0.9672002805597162
67.45	0.9670484409834862
67.5	0.9668968458112976
67.55	0.9667454944912919
67.6	0.9665943864632216
67.65	0.9664435211207617
67.7	0.9662928979327471
67.75	0.9661425163405161
67.8	0.9659923757385938
67.85	0.9658424755021771
67.9	0.9656928150742897
67.95	0.9655433939189468
68.	0.9653942115083081
68.05	0.9652452672990524
68.1	0.9650965606812889
68.15	0.9649480911335396
68.2	0.9647998580531343
68.25	0.9646518608510204
68.3	0.9645040989402229
68.35	0.9643565718000151
68.4	0.9642092789322584
68.45	0.9640622197537303
68.5	0.9639153937757639
68.55	0.9637688004580145
68.6	0.9636224392064752
68.65	0.9634763094301649
68.7	0.963330410612202
68.75	0.9631847422201091
68.8	0.9630393036910334
68.85	0.9628940944615305
68.9	0.9627491140865605
68.95	0.9626043620284727
69.	0.9624598377468239
69.05	0.9623155406828873
69.1	0.9621714702655255
69.15	0.9620276259981022
69.2	0.961884007391561
69.25	0.9617406138831459
69.3	0.9615974448931099
69.35	0.9614544999221485
69.4	0.9613117784476043
69.45	0.9611692800409006
69.5	0.9610270041450629
69.55	0.9608849502516339
69.6	0.9607431178291669
69.65	0.9606015063004258
69.7	0.9604601151577905
69.75	0.960318943974186
69.8	0.9601779921198288
69.85	0.9600372591395754
69.9	0.9598967445582369
69.95	0.9597564478673284
70.	0.9596163686141973
70.05	0.9594765062964533
70.1	0.9593368603887796
70.15	0.9591974303569588
70.2	0.9590582157440923
70.25	0.9589192160963196
70.3	0.9587804308371656
70.35	0.9586418594463718
70.4	0.9585035014344397
70.45	0.9583653563123429
70.5	0.9582274235883017
70.55	0.9580897028167459
70.6	0.9579521934689372
70.65	0.957814895152385
70.7	0.957677807362343
70.75	0.9575409296079829
70.8	0.957404261363523
70.85	0.9572678022171222
70.9	0.9571315516397325
70.95	0.9569955091271326
71.	0.9568596741990867
71.05	0.9567240464178745
71.1	0.9565886252902018
71.15	0.9564534103353035
71.2	0.9563184011261365
71.25	0.9561835972290047
71.3	0.9560489981311652
71.35	0.9559146033843637
71.4	0.9557804125192715
71.45	0.9556464250628603
71.5	0.9555126405039035
71.55	0.9553790584279637
71.6	0.9552456783963381
71.65	0.9551124999438636
71.7	0.954979522576979
71.75	0.9548467457899799
71.8	0.954714169153869
71.85	0.9545817922625569
71.9	0.954449614695359
71.95	0.9543176359520023
72.	0.9541858556752576
72.05	0.9540542733274233
72.1	0.9539228884436239
72.15	0.9537917006336927
72.2	0.9536607094420912
72.25	0.9535299144117786
72.3	0.9533993151612644
72.35	0.9532689112169339
72.4	0.9531387021316473
72.45	0.9530086875192366
72.5	0.9528788668356976
72.55	0.9527492396564508
72.6	0.9526198055662024
72.65	0.9524905641821498
72.7	0.9523615150536312
72.75	0.9522326577704322
72.8	0.9521039919226358
72.85	0.9519755169410191
72.9	0.9518472325073688
72.95	0.9517191381544959
73.	0.951591233430919
73.05	0.9514635180288622
73.1	0.9513359915076801
73.15	0.9512086534109128
73.2	0.9510815033012641
73.25	0.9509545408032699
73.3	0.9508277654739898
73.35	0.9507011768974536
73.4	0.9505747746360635
73.45	0.9504485583179363
73.5	0.9503225275373937
73.55	0.9501966818152477
73.6	0.9500710207679531
73.65	0.949945544004076
73.7	0.9498202511682925
73.75	0.9496951418115831
73.8	0.9495702155236045
73.85	0.9494454719163472
73.9	0.9493209105953504
73.95	0.9491965311088119
74.	0.9490723330149573
74.05	0.9489483159979366
74.1	0.9488244796545391
74.15	0.9487008235426576
74.2	0.9485773471814954
74.25	0.9484540502764163
74.3	0.9483309324813629
74.35	0.9482079934156327
74.4	0.9480852327033558
74.45	0.9479626500237877
74.5	0.9478402449054029
74.55	0.9477180168793539
74.6	0.9475959655270888
74.65	0.9474740905064898
74.7	0.9473523914310233
74.75	0.9472308679158165
74.8	0.9471095196379242
74.85	0.9469883461982156
74.9	0.9468673472951522
74.95	0.9467465224830651
75.	0.9466258713899208
75.05	0.9465053936272712
75.1	0.9463850887614651
75.15	0.9462649563929533
75.2	0.9461449961479439
75.25	0.9460252077052365
75.3	0.9459055906904043
75.35	0.9457861447416086
75.4	0.9456668695114718
75.45	0.9455477646250747
75.5	0.9454288296669346
75.55	0.9453100642984751
75.6	0.9451914681998874
75.65	0.9450730409846353
75.7	0.9449547823125033
75.75	0.9448366917881903
75.8	0.9447187690195681
75.85	0.9446010137081535
75.9	0.9444834253733192
75.95	0.9443660036813941
76.	0.9442487482859078
76.05	0.9441316589344999
76.1	0.9440147353078103
76.15	0.9438979769485254
76.2	0.9437813835443645
76.25	0.9436649547310778
76.3	0.9435486900596504
76.35	0.9434325892705104
76.4	0.9433166519433066
76.45	0.9432008777900136
76.5	0.9430852664095732
76.55	0.9429698175071816
76.6	0.942854530743056
76.65	0.9427394057319657
76.7	0.9426244421689928
76.75	0.9425096396851114
76.8	0.942394997921624
76.85	0.9422805166055258
76.9	0.9421661954068608
76.95	0.942052033992923
77.	0.9419380320116784
77.05	0.9418241890677457
77.1	0.941710504821963
77.15	0.9415969789669623
77.2	0.9414836111635327
77.25	0.9413704009883512
77.3	0.9412573481844988
77.35	0.941144452437878
77.4	0.9410317133701552
77.45	0.94091913066631
77.5	0.9408067040657263
77.55	0.9406944332422793
77.6	0.9405823177578325
77.65	0.9404703573425013
77.7	0.9403585517082512
77.75	0.9402469005132335
77.8	0.940135403413135
77.85	0.9400240600821654
77.9	0.9399128701715173
77.95	0.9398018334085962
78.	0.9396909495091287
78.05	0.9395802181360444
78.1	0.9394696389422187
78.15	0.939359211594694
78.2	0.939248935821441
78.25	0.9391388112769962
78.3	0.9390288376525986
78.35	0.9389190146783725
78.4	0.9388093419754967
78.45	0.9386998191994446
78.5	0.9385904460239514
78.55	0.9384812222019624
78.6	0.9383721473802169
78.65	0.9382632213010843
78.7	0.9381544436413196
78.75	0.9380458140999319
78.8	0.9379373324198872
78.85	0.9378289982434287
78.9	0.9377208113308213
78.95	0.9376127713546034
79.	0.9375048779672441
79.05	0.9373971309077983
79.1	0.9372895298164462
79.15	0.9371820744050768
79.2	0.9370747643735982
79.25	0.9369675994152862
79.3	0.9368605791836012
79.35	0.9367537034183214
79.4	0.9366469718452225
79.45	0.9365403841746736
79.5	0.936433940100756
79.55	0.9363276393302051
79.6	0.9362214815861446
79.65	0.9361154665633409
79.7	0.9360095940229374
79.75	0.9359038636139435
79.8	0.9357982750643521
79.85	0.9356928281633148
79.9	0.9355875225496014
79.95	0.9354823578996785
80.	0.9353773339308938
80.05	0.9352724502810312
80.1	0.9351677067457607
80.15	0.9350631030988388
80.2	0.9349586390683996
80.25	0.9348543143902623
80.3	0.9347501287130004
80.35	0.9346460816736352
80.4	0.9345421730269923
80.45	0.9344384025078989
80.5	0.9343347698650634
80.55	0.934231274771534
80.6	0.9341279169595909
80.65	0.9340246961832614
80.7	0.9339216122086704
80.75	0.9338186647688168
80.8	0.933715853576004
80.85	0.9336131783622411
80.9	0.9335106387671872
80.95	0.9334082345179082
81.	0.9333059653165214
81.05	0.9332038309610617
81.1	0.9331018312417115
81.15	0.9329999658644275
81.2	0.9328982345623603
81.25	0.9327966370414449
81.3	0.9326951729567006
81.35	0.9325938420714286
81.4	0.9324926441509731
81.45	0.9323915788994286
81.5	0.9322906460417175
81.55	0.93218984535963
81.6	0.9320891766258097
81.65	0.9319886395015358
81.7	0.9318882337641168
81.75	0.9317879591648317
81.8	0.9316878154265484
81.85	0.9315878022929737
81.9	0.9314879194753162
81.95	0.931388166764787
82.	0.9312885437937299
82.05	0.9311890503817966
82.1	0.9310896863130105
82.15	0.9309904513057208
82.2	0.9308913450987473
82.25	0.930792367444684
82.3	0.9306935180886913
82.35	0.9305947967271366
82.4	0.9304962031589538
82.45	0.9303977371631895
82.5	0.9302993983936936
82.55	0.9302011866661628
82.6	0.9301031017151343
82.65	0.9300051433183049
82.7	0.9299073111978209
82.75	0.9298096051128478
82.8	0.9297120247677699
82.85	0.9296145699578593
82.9	0.9295172404235262
82.95	0.929420035908767
83.	0.9293229561555396
83.05	0.9292260010112784
83.1	0.9291291702046387
83.15	0.9290324634724894
83.2	0.9289358805815318
83.25	0.9288394211955348
83.3	0.9287430851350663
83.35	0.9286468721488867
83.4	0.9285507820195199
83.45	0.9284548145322676
83.5	0.9283589694399664
83.55	0.9282632464410315
83.6	0.9281676453409111
83.65	0.9280721659674991
83.7	0.9279768080060116
83.75	0.9278815712433615
83.8	0.9277864554527284
83.85	0.9276914604418702
83.9	0.927596585926378
83.95	0.9275018316751031
84.	0.9274071974786723
84.05	0.9273126831419649
84.1	0.9272182883991422
84.15	0.9271240128255296
84.2	0.9270298563436885
84.25	0.9269358187712158
84.3	0.9268418998346879
84.35	0.9267480993267961
84.4	0.926654417041776
84.45	0.9265608527359226
84.5	0.9264674062174316
84.55	0.9263740771740193
84.6	0.9262808653510235
84.65	0.926187770509657
84.7	0.9260947924828378
84.75	0.9260019310902932
84.8	0.925909186138358
84.85	0.9258165573658181
84.9	0.9257240445425443
84.95	0.9256316474455969
85.	0.9255393658878616
85.05	0.9254471996132968
85.1	0.9253551484607412
85.15	0.925263212189646
85.2	0.9251713905258314
85.25	0.9250796832555956
85.3	0.9249880901380652
85.35	0.9248966108979937
85.4	0.9248052453541965
85.45	0.9247139933290143
85.5	0.9246228546550357
85.55	0.9245318291021531
85.6	0.9244409164824497
85.65	0.9243501165908126
85.7	0.9242594292251956
85.75	0.9241688541426609
85.8	0.9240783911034222
85.85	0.9239880399110398
85.9	0.9238978002215774
85.95	0.9238076718403407
86.	0.9237176546397328
86.05	0.9236277484305312
86.1	0.9235379530542909
86.15	0.9234482682984053
86.2	0.9233586939437002
86.25	0.9232692297815994
86.3	0.9231798756166874
86.35	0.9230906312536037
86.4	0.9230014964161243
86.45	0.9229124708782439
86.5	0.9228235544425973
86.55	0.9227347469606151
86.6	0.9226460482040633
86.65	0.9225574579292609
86.7	0.9224689758768725
86.75	0.9223806018975684
86.8	0.9222923358595143
86.85	0.9222041775086809
86.9	0.9221161266520905
86.95	0.922028183126282
87.	0.9219403466850129
87.05	0.9218526171767033
87.1	0.9217649943891408
87.15	0.9216774781213968
87.2	0.9215900682299595
87.25	0.9215027645321141
87.3	0.9214155667955205
87.35	0.9213284747356625
87.4	0.9212414880983848
87.45	0.9211546068054213
87.5	0.9210678306634071
87.55	0.9209811594714413
87.6	0.9208945930436603
87.65	0.9208081311882272
87.7	0.9207217736940729
87.75	0.9206355203769702
87.8	0.9205493710276589
87.85	0.92046332541001
87.9	0.9203773834135741
87.95	0.9202915448088181
88.	0.9202058094077837
88.05	0.9201201771017348
88.1	0.9200346476393035
88.15	0.9199492208449531
88.2	0.9198638965166165
88.25	0.919778674451706
88.3	0.9196935544962
88.35	0.919608536444407
88.4	0.919523620105273
88.45	0.9194388052886212
88.5	0.9193540918440132
88.55	0.9192694795718839
88.6	0.9191849682962046
88.65	0.9191005578678653
88.7	0.9190162480274391
88.75	0.9189320385876748
88.8	0.9188479292933145
88.85	0.9187639200032318
88.9	0.9186800106163728
88.95	0.9185962009536878
89.	0.9185124908533204
89.05	0.9184288800889231
89.1	0.9183453684112625
89.15	0.9182619557144934
89.2	0.9181786418196433
89.25	0.9180954265191125
89.3	0.9180123096697115
89.35	0.9179292910725099
89.4	0.9178463705788975
89.45	0.917763547967646
89.5	0.9176808231434447
89.55	0.9175981959033112
89.6	0.9175156660616751
89.65	0.9174332333986299
89.7	0.9173508977934396
89.75	0.917268659070219
89.8	0.9171865169895249
89.85	0.9171044713959104
89.9	0.9170225221233177
89.95	0.916940669034424
90.	0.9168589119626431
90.05	0.9167772507164343
90.1	0.9166956851253913
90.15	0.9166142149584495
90.2	0.916532840051353
90.25	0.9164515603276789
90.3	0.9163703755802786
90.35	0.9162892856383035
90.4	0.9162082902664509
90.45	0.9161273893569537
90.5	0.9160465827120076
90.55	0.9159658701808633
90.6	0.9158852516158185
90.65	0.9158047268611944
90.7	0.9157242957620011
90.75	0.9156439581210432
90.8	0.9155637137327715
90.85	0.9154835625241091
90.9	0.9154035042914171
90.95	0.9153235388450613
91.	0.9152436660300611
91.05	0.915163885683783
91.1	0.915084197651917
91.15	0.9150046017413438
91.2	0.9149250977541907
91.25	0.9148456855205894
91.3	0.9147663649129595
91.35	0.9146871358074615
91.4	0.9146079980627506
91.45	0.91452895149956
91.5	0.9144499959209995
91.55	0.9143711312165121
91.6	0.914292357224912
91.65	0.9142136738086548
91.7	0.9141350808023078
91.75	0.9140565779998849
91.8	0.9139781651562605
91.85	0.9138998422183725
91.9	0.9138216090434491
91.95	0.9137434654643305
92.	0.9136654112810845
92.05	0.9135874463847131
92.1	0.9135095706222439
92.15	0.9134317838469865
92.2	0.9133540859038548
92.25	0.9132764766628547
92.3	0.9131989558434039
92.35	0.9131215232837366
92.4	0.9130441789175658
92.45	0.9129669226222745
92.5	0.9128897542116006
92.55	0.9128126735306563
92.6	0.9127356803853695
92.65	0.9126587746201689
92.7	0.912581956156421
92.75	0.9125052248670376
92.8	0.9124285806266128
92.85	0.9123520232424165
92.9	0.9122755525486661
92.95	0.912199168312588
93.	0.9121228702751145
93.05	0.9120466584195259
93.1	0.9119705326521395
93.15	0.911894492843301
93.2	0.9118185388761484
93.25	0.9117426705961029
93.3	0.9116668877697316
93.35	0.9115911902016359
93.4	0.9115155777925985
93.45	0.911440050432334
93.5	0.9113646079592488
93.55	0.9112892502235992
93.6	0.9112139771427934
93.65	0.9111387885602636
93.7	0.9110636843064819
93.75	0.9109886642656082
93.8	0.9109137282668626
93.85	0.9108388761581695
93.9	0.9107641077534604
93.95	0.9106894229342859
94.	0.910614821581099
94.05	0.9105403035046451
94.1	0.9104658685198447
94.15	0.9103915165530738
94.2	0.9103172474918053
94.25	0.9102430611516635
94.3	0.9101689574064407
94.35	0.9100949361456668
94.4	0.9100209972376009
94.45	0.9099471405872189
94.5	0.9098733660533493
94.55	0.9097996734681494
94.6	0.9097260626777859
94.65	0.9096525335009735
94.7	0.9095790857672869
94.75	0.9095057192757368
94.8	0.9094324339135642
94.85	0.9093592296079028
94.9	0.9092861062872055
94.95	0.9092130637797885
95.	0.9091401019177108
95.05	0.9090672206284909
95.1	0.9089944198022513
95.15	0.9089216992742314
95.2	0.9088490588858931
95.25	0.9087764985383021
95.3	0.9087040180337052
95.35	0.9086316172773471
95.4	0.9085592961768214
95.45	0.9084870545477028
95.5	0.908414892162698
95.55	0.908342808898136
95.6	0.9082708046275723
95.65	0.9081988792378133
95.7	0.9081270326602737
95.75	0.9080552647765168
95.8	0.9079835754465726
95.85	0.907911964546444
95.9	0.9078404317900546
95.95	0.9077689771258706
96.	0.9076976004684014
96.05	0.907626301694406
96.1	0.9075550806630361
96.15	0.9074839373040992
96.2	0.907412871465964
96.25	0.907341882994215
96.3	0.9072709717514553
96.35	0.9072001375950853
96.4	0.9071293803976483
96.45	0.9070587000439498
96.5	0.9069880964474863
96.55	0.9069175694702667
96.6	0.9068471189616638
96.65	0.9067767448259096
96.7	0.9067064469038747
96.75	0.9066362250928992
96.8	0.9065660792656172
96.85	0.9064960092975886
96.9	0.9064260150084984
96.95	0.9063560963250255
97.	0.9062862531315332
97.05	0.9062164852261245
97.1	0.906146792445867
97.15	0.9060771747521268
97.2	0.9060076320298891
97.25	0.9059381641434564
97.3	0.9058687710176427
97.35	0.9057994525369076
97.4	0.9057302086008722
97.45	0.9056610390570237
97.5	0.9055919437453026
97.55	0.9055229224914638
97.6	0.905453975187334
97.65	0.9053851016968393
97.7	0.9053163019250787
97.75	0.9052475758187928
97.8	0.9051789232778953
97.85	0.9051103441641657
97.9	0.905041838322865
97.95	0.9049734056054983
98.	0.9049050458534422
98.05	0.904836759005593
98.1	0.9047685449798275
98.15	0.9047004036403941
98.2	0.904632334831821
98.25	0.9045643384259061
98.3	0.9044964143407002
98.35	0.904428562454632
98.4	0.9043607826515195
98.45	0.904293074880169
98.5	0.9042254389803768
98.55	0.9041578748354879
98.6	0.9040903822631341
98.65	0.9040229611832661
98.7	0.9039556114994602
98.75	0.9038883331255518
98.8	0.9038211259560348
98.85	0.9037539897901745
98.9	0.9036869245699637
98.95	0.9036199301890464
99.	0.9035530065370636
99.05	0.9034861535050448
99.1	0.9034193709749825
99.15	0.9033526588282985
99.2	0.903286016935064
99.25	0.9032194451124893
99.3	0.9031529433065016
99.35	0.9030865114188729
99.4	0.9030201493003891
99.45	0.9029538568037938
99.5	0.9028876338942106
99.55	0.9028214804624577
99.6	0.9027553964072832
99.65	0.9026893815806383
99.7	0.9026234359087335
99.75	0.9025575592404098
99.8	0.9024917514191846
99.85	0.9024260124242771
99.9	0.9023603421885096
99.95	0.9022947405249695
100.	0.9022292073005072