0.	0.
0.05	0.008499696977352835
0.1	0.016998617650650985
0.15	0.025495994924206268
0.2	0.033991071676926235
0.25	0.04248310066772684
0.3	0.050971344445495496
0.35	0.0594550752597549
0.4	0.06793357497202412
0.45	0.07640613496787169
0.5	0.084872056069656
0.55	0.09333064844994804
0.6	0.10178123154563125
0.65	0.11022313397267433
0.7	0.11865569344157144
0.75	0.12707825667344563
0.8	0.13549017931681018
0.85	0.14389082586498375
0.9	0.15227956957415414
0.95	0.16065579238208605
1.	0.16901888482746885
1.05	0.1773682459698987
1.1	0.18570328331049143
1.15	0.19402341271312107
1.2	0.2023280583262799
1.25	0.2106166525055551
1.3	0.21888863573671816
1.35	0.22714345655942192
1.4	0.23538057149150166
1.45	0.24359944495387534
1.5	0.25179954919603853
1.55	0.2599803642221505
1.6	0.2681413777177064
1.65	0.2762820849767919
1.7	0.2844019888299155
1.75	0.292500599572415
1.8	0.30057743489343314
1.85	0.3086320198054596
1.9	0.3166638865744337
1.95	0.3246725746504047
2.	0.332657630598746
2.05	0.3406186080319177
2.1	0.3485550675417756
2.15	0.3564665766324207
2.2	0.3643527096535872
2.25	0.37221304773456276
2.3	0.38004717871864013
2.35	0.38785469709809334
2.4	0.3956352039496764
2.45	0.40338830687064053
2.5	0.4111136199152655
2.55	0.4188107635319023
2.6	0.4264793645005219
2.65	0.4341190558707682
2.7	0.4417294769005109
2.75	0.44931027299489307
2.8	0.45686109564587263
2.85	0.4643816023722522
2.9	0.47187145666019337
2.95	0.4793303279042144
3.	0.48675789134866454
3.05	0.49415382802967395
3.1	0.5015178247175748
3.15	0.5088495738597896
3.2	0.5161487735241852
3.25	0.5234151273428859
3.3	0.5306483444565462
3.35	0.5378481394590763
3.4	0.5450142323428191
3.45	0.5521463484441751
3.5	0.5592442183896711
3.55	0.5663075780424703
3.6	0.5733361684493208
3.65	0.5803297357879367
3.7	0.5872880313148134
3.75	0.5942108113134696
3.8	0.601097837043114
3.85	0.6079488746877354
3.9	0.6147636953056103
3.95	0.6215420747792273
4.	0.6282837937656236
4.05	0.6349886376471318
4.1	0.6416563964825321
4.15	0.6482868649586104
4.2	0.6548798423421143
4.25	0.6614351324321092
4.3	0.6679525435127277
4.35	0.6744318883063118
4.4	0.6808729839269434
4.45	0.6872756518343609
4.5	0.6936397177882597
4.55	0.6999650118029723
4.6	0.7062513681025265
4.65	0.712498625076078
4.7	0.718706625233715
4.75	0.7248752151626325
4.8	0.7310042454836725
4.85	0.7370935708082282
4.9	0.7431430496955095
4.95	0.7491525446101658
5.	0.7551219218802661
5.05	0.7610510516556309
5.1	0.7669398078665155
5.15	0.7727880681826396
5.2	0.7785957139725636
5.25	0.7843626302634069
5.3	0.7900887057009067
5.35	0.7957738325098132
5.4	0.8014179064546213
5.45	0.8070208268006336
5.5	0.8125824962753541
5.55	0.8181028210302093
5.6	0.8235817106025944
5.65	0.8290190778782421
5.7	0.8344148390539109
5.75	0.839768913600393
5.8	0.8450812242258362
5.85	0.8503516968393792
5.9	0.8555802605150975
5.95	0.8607668474562584
6.	0.8659113929598813
6.05	0.8710138353816019
6.1	0.8760741161008382
6.15	0.8810921794862555
6.2	0.8860679728615282
6.25	0.8910014464713966
6.3	0.895892553448016
6.35	0.9007412497775962
6.4	0.9055474942673288
6.45	0.910311248512601
6.5	0.9150324768644923
6.55	0.9197111463975535
6.6	0.9243472268778649
6.65	0.9289406907313718
6.7	0.9334915130124953
6.75	0.9379996713730162
6.8	0.9424651460312302
6.85	0.9468879197413718
6.9	0.9512679777633052
6.95	0.9556053078324802
7.	0.9598999001301518
7.05	0.9641517472538591
7.1	0.9683608441881647
7.15	0.9725271882756501
7.2	0.9766507791881665
7.25	0.9807316188983384
7.3	0.9847697116513192
7.35	0.9887650639367946
7.4	0.9927176844612345
7.45	0.9966275841203895
7.5	1.0004947759720315
7.55	1.004319275208936
7.6	1.008101099132103
7.65	1.0118402671242188
7.7	1.0155368006233494
7.75	1.0191907230968733
7.8	1.0228020600156427
7.85	1.0263708388283779
7.9	1.0298970889362902
7.95	1.0333808416679309
8.	1.0368221302542673
8.05	1.0402209898039814
8.1	1.0435774572789907
8.15	1.046891571470191
8.2	1.0501633729734137
8.25	1.0533929041656052
8.3	1.0565802091812175
8.35	1.0597253338888144
8.4	1.0628283258678883
8.45	1.0658892343858892
8.5	1.0689081103754599
8.55	1.0718850064118801
8.6	1.0748199766907152
8.65	1.0777130770056689
8.7	1.0805643647266379
8.75	1.0833738987779682
8.8	1.0861417396169086
8.85	1.0888679492122637
8.9	1.0915525910232426
8.95	1.0941957299785
9.	1.0967974324553738
9.05	1.0993577662593106
9.1	1.1018768006034838
9.15	1.1043546060885991
9.2	1.1067912546828866
9.25	1.1091868197022794
9.3	1.1115413757907755
9.35	1.1138549989009827
9.4	1.1161277662748448
9.45	1.1183597564245473
9.5	1.1205510491136024
9.55	1.1227017253381084
9.6	1.1248118673081882
9.65	1.1268815584296004
9.7	1.128910883285521
9.75	1.1308999276185014
9.8	1.1328487783125922
9.85	1.1347575233756375
9.9	1.1366262519217367
9.95	1.1384550541538725
10.	1.140244021346703
10.05	1.1419932458295186
10.1	1.143702820969358
10.15	1.1453728411542907
10.2	1.1470034017768527
10.25	1.1485945992176454
10.3	1.1501465308290895
10.35	1.1516592949193343
10.4	1.1531329907363241
10.45	1.1545677184520147
10.5	1.1559635791467446
10.55	1.157320674793756
10.6	1.1586391082438665
10.65	1.1599189832102867
10.7	1.1611604042535897
10.75	1.1623634767668227
10.8	1.163528306960765
10.85	1.164655001849331
10.9	1.165743669235114
10.95	1.166794417695073
11.	1.1678073565663596
11.05	1.1687825959322826
11.1	1.1697202466084138
11.15	1.1706204201288288
11.2	1.1714832287324832
11.25	1.172308785349726
11.3	1.1730972035889442
11.35	1.173848597723342
11.4	1.1745630826778508
11.45	1.1752407740161697
11.5	1.1758817879279362
11.55	1.1764862412160235
11.6	1.177054251283968
11.65	1.177585936123521
11.7	1.1780814143023264
11.75	1.178540804951723
11.8	1.1789642277546695
11.85	1.1793518029337928
11.9	1.1797036512395565
11.95	1.1800198939385502
12.	1.180300652801899
12.05	1.1805460500937897
12.1	1.1807562085601149
12.15	1.1809312514172354
12.2	1.1810713023408554
12.25	1.1811764854550135
12.3	1.1812469253211877
12.35	1.1812827469275125
12.4	1.1812840756781073
12.45	1.1812510373825171
12.5	1.1811837582452613
12.55	1.1810823648554931
12.6	1.1809469841767652
12.65	1.1807777435369056
12.7	1.1805747706179959
12.75	1.1803381934464587
12.8	1.1800681403832471
12.85	1.179764740114139
12.9	1.1794281216401337
12.95	1.1790584142679519
13.	1.178655747600634
13.05	1.1782202515282425
13.1	1.1777520562186599
13.15	1.1772512921084883
13.2	1.176718089894046
13.25	1.1761525805224597
13.3	1.175554895182855
13.35	1.1749251652976405
13.4	1.1742635225138884
13.45	1.1735700986948063
13.5	1.172845025911305
13.55	1.172088436433656
13.6	1.1713004627232415
13.65	1.1704812374243962
13.7	1.1696308933563364
13.75	1.168749563505181
13.8	1.1678373810160587
13.85	1.1668944791853046
13.9	1.1659209914527429
13.95	1.1649170513940552
14.	1.1638827927132356
14.05	1.16281834923513
14.1	1.1617238548980584
14.15	1.1605994437465224
14.2	1.1594452499239933
14.25	1.1582614076657842
14.3	1.1570480512920016
14.35	1.1558053152005774
14.4	1.1545333338603825
14.45	1.1532322418044179
14.5	1.1519021736230848
14.55	1.1505432639575326
14.6	1.1491556474930837
14.65	1.1477394589527348
14.7	1.1462948330907343
14.75	1.1448219046862353
14.8	1.143320808537021
14.85	1.141791679453307
14.9	1.1402346522516138
14.95	1.1386498617487149
15.	1.137037442755653
15.05	1.135397530071833
15.1	1.1337302584791795
15.15	1.132035762736369
15.2	1.13031417757313
15.25	1.1285656376846112
15.3	1.1267902777258196
15.35	1.1249882323061255
15.4	1.1231596359838334
15.45	1.1213046232608228
15.5	1.1194233285772501
15.55	1.117515886306321
15.6	1.1155824307491236
15.65	1.1136230961295275
15.7	1.1116380165891466
15.75	1.1096273261823653
15.8	1.1075911588714253
15.85	1.105529648521577
15.9	1.103442928896291
15.95	1.101331133652529
16.	1.099194396336079
16.05	1.0970328503769464
16.1	1.094846629084806
16.15	1.0926358656445132
16.2	1.0904006931116725
16.25	1.088141244408265
16.3	1.0858576523183308
16.35	1.0835500494837107
16.4	1.0812185683998428
16.45	1.078863341411614
16.5	1.0764845007092687
16.55	1.0740821783243708
16.6	1.0716565061258194
16.65	1.06920761581592
16.7	1.066735638926507
16.75	1.064240706815121
16.8	1.0617229506612358
16.85	1.0591825014625393
16.9	1.0566194900312658
16.95	1.0540340469905762
17.	1.0514263027709938
17.05	1.048796387606884
17.1	1.0461444315329884
17.15	1.043470564381006
17.2	1.0407749157762218
17.25	1.0380576151341854
17.3	1.0353187916574371
17.35	1.0325585743322807
17.4	1.0297770919256024
17.45	1.0269744729817374
17.5	1.0241508458193822
17.55	1.0213063385285526
17.6	1.0184410789675855
17.65	1.0155551947601873
17.7	1.0126488132925242
17.75	1.0097220617103597
17.8	1.0067750669162328
17.85	1.0038079555666801
17.9	1.000820854069501
17.95	0.9978138885810638
18.	0.9947871850036563
18.05	0.9917408689828751
18.1	0.9886750659050575
18.15	0.9855899008947542
18.2	0.9824854988122403
18.25	0.97936198425107
18.3	0.9762194815356673
18.35	0.9730581147189575
18.4	0.9698780075800378
18.45	0.9666792836218846
18.5	0.9634620660691019
18.55	0.9602264778657043
18.6	0.9569726416729392
18.65	0.9537006798671459
18.7	0.9504107145376499
18.75	0.9471028674846959
18.8	0.9437772602174144
18.85	0.9404340139518258
18.9	0.9370732496088784
18.95	0.9336950878125214
19.	0.9302996488878142
19.05	0.9268870528590677
19.1	0.9234574194480208
19.15	0.9200108680720505
19.2	0.9165475178424137
19.25	0.9130674875625253
19.3	0.9095708957262653
19.35	0.9060578605163199
19.4	0.9025284998025555
19.45	0.898982931140421
19.5	0.8954212717693869
19.55	0.8918436386114095
19.6	0.8882501482694304
19.65	0.884640917025904
19.7	0.8810160608413554
19.75	0.8773756953529697
19.8	0.8737199358732088
19.85	0.8700488973884591
19.9	0.8663626945577068
19.95	0.8626614417112419
20.	0.8589452528493932
20.05	0.8552142416412876
20.1	0.8514685214236394
20.15	0.8477082051995674
20.2	0.8439334056374371
20.25	0.8401442350697331
20.3	0.8363408054919553
20.35	0.832523228561543
20.4	0.8286916155968255
20.45	0.824846077575996
20.5	0.8209867251361156
20.55	0.8171136685721386
20.6	0.8132270178359651
20.65	0.8093268825355174
20.7	0.8054133719338412
20.75	0.8014865949482326
20.8	0.7975466601493867
20.85	0.7935936757605717
20.9	0.7896277496568267
20.95	0.7856489893641808
21.	0.7816575020588991
21.05	0.7776533945667473
21.1	0.773636773362282
21.15	0.7696077445681624
21.2	0.7655664139544825
21.25	0.761512886938129
21.3	0.7574472685821573
21.35	0.7533696635951903
21.4	0.7492801763308392
21.45	0.7451789107871428
21.5	0.7410659706060317
21.55	0.736941459072809
21.6	0.7328054791156531
21.65	0.7286581333051411
21.7	0.7244995238537904
21.75	0.7203297526156222
21.8	0.7161489210857429
21.85	0.7119571303999449
21.9	0.7077544813343272
21.95	0.7035410743049327
22.	0.6993170093674085
22.05	0.6950823862166797
22.1	0.6908373041866446
22.15	0.6865818622498865
22.2	0.6823161590174032
22.25	0.6780402927383561
22.3	0.6737543612998343
22.35	0.6694584622266369
22.4	0.6651526926810727
22.45	0.6608371494627755
22.5	0.6565119290085384
22.55	0.652177127392162
22.6	0.6478328403243203
22.65	0.6434791631524428
22.7	0.6391161908606107
22.75	0.6347440180694718
22.8	0.6303627390361689
22.85	0.6259724476542838
22.9	0.6215732374537969
22.95	0.617165201601061
23.	0.6127484328987918
23.05	0.6083230237860712
23.1	0.6038890663383656
23.15	0.5994466522675594
23.2	0.5949958729220006
23.25	0.5905368192865633
23.3	0.5860695819827217
23.35	0.5815942512686385
23.4	0.5771109170392674
23.45	0.5726196688264673
23.5	0.5681205957991318
23.55	0.5636137867633306
23.6	0.5590993301624634
23.65	0.5545773140774274
23.7	0.5500478262267958
23.75	0.545510953967012
23.8	0.5409667842925917
23.85	0.5364154038363406
23.9	0.5318568988695824
23.95	0.5272913553023982
24.	0.5227188586838797
24.05	0.518139494202391
24.1	0.5135533466858447
24.15	0.5089605006019869
24.2	0.5043610400586936
24.25	0.4997550488042803
24.3	0.49514261022781936
24.35	0.49052380735946993
24.4	0.48589872287081814
24.45	0.48126743907522596
24.5	0.47663003792819375
24.55	0.4719866010277299
24.6	0.4673372096147316
24.65	0.4626819445733757
24.7	0.458020886431518
24.75	0.4533541153611048
24.8	0.4486817111785912
24.85	0.4440037533453699
24.9	0.43932032096820983
24.95	0.4346314927997016
25.	0.4299373472387158
25.05	0.4252379623308663
25.1	0.42053341576898456
25.15	0.41582378489360206
25.2	0.4111091466934397
25.25	0.40638957780590895
25.3	0.40166515451761836
25.35	0.3969359527648889
25.4	0.3922020481342783
25.45	0.38746351586311106
25.5	0.38272043084002
25.55	0.377972867605492
25.6	0.3732209003524228
25.65	0.36846460292667965
25.7	0.3637040488276696
25.75	0.35893931120891803
25.8	0.3541704628786515
25.85	0.349397576300389
25.9	0.3446207235935404
25.95	0.33983997653400966
26.	0.3350554065548088
26.05	0.3302670847466745
26.1	0.32547508185869317
26.15	0.32067946829893285
26.2	0.31588031413507894
26.25	0.3110776890950806
26.3	0.3062716625677988
26.35	0.3014623036036632
26.4	0.29664968091533417
26.45	0.2918338628783693
26.5	0.28701491753189945
26.55	0.2821929125793061
26.6	0.27736791538890726
26.65	0.2725399929946477
26.7	0.2677092120967939
26.75	0.2628756390626367
26.8	0.258039339927197
26.85	0.2532003803939371
26.9	0.24835882583547791
26.95	0.24351474129431908
27.	0.23866819148356755
27.05	0.23381924078766753
27.1	0.2289679532631368
27.15	0.22411439263930766
27.2	0.21925862231907084
27.25	0.21440070537962724
27.3	0.2095407045732407
27.35	0.20467868232799658
27.4	0.19981470074856494
27.45	0.19494882161696603
27.5	0.19008110639334302
27.55	0.18521161621673574
27.6	0.1803404119058599
27.65	0.17546755395988997
27.7	0.1705931025592445
27.75	0.1657171175663783
27.8	0.16083965852657495
27.85	0.1559607846687446
27.9	0.15108055490622513
27.95	0.14619902783758532
28.	0.1413162617474344
28.05	0.13643231460723185
28.1	0.1315472440761019
28.15	0.12666110750165127
28.2	0.12177396192078817
28.25	0.1168858640605479
28.3	0.11199687033891796
28.35	0.10710703686566757
28.4	0.10221641944318026
28.45	0.09732507356728738
28.5	0.09243305442810772
28.55	0.08754041691088635
28.6	0.08264721559683785
28.65	0.07775350476399187
28.7	0.07285933838803954
28.75	0.0679647701431857
28.8	0.06306985340299999
28.85	0.058174641241271946
28.9	0.053279186432868296
28.95	0.048383541454590694
29.	0.04348775848603903
29.05	0.03859188941047328
29.1	0.0336959858156791
29.15	0.028800098994835342
29.2	0.02390427994738172
29.25	0.019008579379891748
29.3	0.014113047706944
29.35	0.00921773505199679
29.4	0.004322691248264551
29.45	-0.0005720341604059584
29.5	-0.005466391918654375
29.55	-0.010360333058727439
29.6	-0.015253808899596504
29.65	-0.02014677104607364
29.7	-0.025039171387928116
29.75	-0.029930962098998103
29.8	-0.034822095636304576
29.85	-0.03971252473916231
29.9	-0.044602202428289606
29.95	-0.049491082004918814
30.	-0.0543791170499021
30.05	-0.05926626142281984
30.1	-0.06415246926108617
30.15	-0.06903769497905367
30.2	-0.0739218932671189
30.25	-0.0788050190908235
30.3	-0.08368702768995817
30.35	-0.08856787457766394
30.4	-0.09344751553953279
30.45	-0.09832590663270944
30.5	-0.10320300418498886
30.55	-0.10807876479391676
30.6	-0.11295314532588775
30.65	-0.11782610291524305
30.7	-0.12269759496336938
30.75	-0.12756757913779393
30.8	-0.13243601337128255
30.85	-0.13730285586093569
30.9	-0.14216806506728405
30.95	-0.1470315997133858
31.	-0.15189341878391993
31.05	-0.1567534815242829
31.1	-0.1616117474396835
31.15	-0.16646817629423744
31.2	-0.1713227281100636
31.25	-0.17617536316637683
31.3	-0.181026041998584
31.35	-0.18587472539737857
31.4	-0.19072137440783501
31.45	-0.1955659503285051
31.5	-0.2004084147105108
31.55	-0.20524872935664087
31.6	-0.21008685632044577
31.65	-0.21492275790533277
31.7	-0.21975639666366317
31.75	-0.22458773539584617
31.8	-0.22941673714943658
31.85	-0.2342433652182311
31.9	-0.2390675831413649
31.95	-0.24388935470241038
32.	-0.24870864392847294
32.05	-0.2535254150892902
32.1	-0.258339632696332
32.15	-0.26315126150189594
32.2	-0.2679602664982121
32.25	-0.2727666129165379
32.3	-0.2775702662262639
32.35	-0.282371192134013
32.4	-0.28716935658274056
32.45	-0.291964725750842
32.5	-0.2967572660512507
32.55	-0.3015469441305471
32.6	-0.30633372686806154
32.65	-0.31111758137497775
32.7	-0.3158984749934442
32.75	-0.320676375295676
32.8	-0.3254512500830676
32.85	-0.3302230673853
32.9	-0.3349917954594483
32.95	-0.3397574027890975
33.	-0.34451985808344854
33.05	-0.3492791302764359
33.1	-0.3540351885258392
33.15	-0.35878800221239565
33.2	-0.3635375409389206
33.25	-0.3682837745294189
33.3	-0.37302667302820713
33.35	-0.3777662066990308
33.4	-0.38250234602418204
33.45	-0.38723506170362526
33.5	-0.39196432465411446
33.55	-0.39669010600832094
33.6	-0.40141237711395594
33.65	-0.40613110953289455
33.7	-0.4108462750403073
33.75	-0.415557845623783
33.8	-0.4202657934824631
33.85	-0.4249700910261703
33.9	-0.4296707108745387
33.95	-0.43436762585615185
34.	-0.43906080900767214
34.05	-0.44375023357298166
34.1	-0.44843587300231746
34.15	-0.45311770095140835
34.2	-0.45779569128062003
34.25	-0.4624698180540912
34.3	-0.46714005553888127
34.35	-0.471806378204113
34.4	-0.4764687607201163
34.45	-0.48112717795758064
34.5	-0.48578160498669826
34.55	-0.4904320170763197
34.6	-0.49507838969310336
34.65	-0.4997206985006674
34.7	-0.5043589193587492
34.75	-0.5089930283223566
34.8	-0.5136230016409312
34.85	-0.5182488157575055
34.9	-0.5228704473078628
34.95	-0.5274878731197047
35.	-0.5321010702118105
35.05	-0.536710015793208
35.1	-0.5413146872623394
35.15	-0.5459150622062293
35.2	-0.5505111183996602
35.25	-0.5551028338043403
35.3	-0.5596901865680831
35.35	-0.5642731550239813
35.4	-0.5688517176895836
35.45	-0.5734258532660785
35.5	-0.577995540637471
35.55	-0.5825607588697709
35.6	-0.587121487210175
35.65	-0.5916777050862533
35.7	-0.5962293921051414
35.75	-0.6007765280527259
35.8	-0.6053190928928416
35.85	-0.6098570667664636
35.9	-0.6143904299909012
35.95	-0.6189191630590004
36.	-0.6234432466383381
36.05	-0.6279626615704285
36.1	-0.6324773888699242
36.15	-0.6369874097238198
36.2	-0.6414927054906637
36.25	-0.6459932576997613
36.3	-0.6504890480503911
36.35	-0.6549800584110151
36.4	-0.6594662708184923
36.45	-0.6639476674772992
36.5	-0.6684242307587432
36.55	-0.6728959432001886
36.6	-0.677362787504276
36.65	-0.6818247465381455
36.7	-0.6862818033326672
36.75	-0.6907339410816649
36.8	-0.6951811431411501
36.85	-0.6996233930285535
36.9	-0.7040606744219563
36.95	-0.7084929711593319
37.	-0.7129202672377779
37.05	-0.7173425468127621
37.1	-0.7217597941973621
37.15	-0.7261719938615079
37.2	-0.7305791304312325
37.25	-0.7349811886879154
37.3	-0.7393781535675376
37.35	-0.7437700101599313
37.4	-0.7481567437080332
37.45	-0.7525383396071453
37.5	-0.7569147834041883
37.55	-0.761286060796966
37.6	-0.7656521576334274
37.65	-0.770013059910928
37.7	-0.7743687537755023
37.75	-0.7787192255211267
37.8	-0.7830644615889952
37.85	-0.7874044485667905
37.9	-0.791739173187957
37.95	-0.7960686223309826
38.	-0.800392783018673
38.05	-0.804711642417437
38.1	-0.8090251878365683
38.15	-0.8133334067275295
38.2	-0.8176362866832434
38.25	-0.8219338154373784
38.3	-0.8262259808636444
38.35	-0.8305127709750849
38.4	-0.8347941739233712
38.45	-0.8390701779981049
38.5	-0.8433407716261136
38.55	-0.8476059433707571
38.6	-0.8518656819312305
38.65	-0.8561199761418686
38.7	-0.8603688149714598
38.75	-0.864612187522551
38.8	-0.8688500830307657
38.85	-0.8730824908641173
38.9	-0.8773094005223242
38.95	-0.8815308016361338
39.	-0.8857466839666394
39.05	-0.8899570374046074
39.1	-0.8941618519698021
39.15	-0.8983611178103119
39.2	-0.9025548252018829
39.25	-0.9067429645472469
39.3	-0.9109255263754602
39.35	-0.9151025013412378
39.4	-0.9192738802242909
39.45	-0.9234396539286713
39.5	-0.9275998134821101
39.55	-0.9317543500353667
39.6	-0.9359032548615746
39.65	-0.9400465193555885
39.7	-0.9441841350333409
39.75	-0.9483160935311901
39.8	-0.9524423866052808
39.85	-0.9565630061309
39.9	-0.9606779441018356
39.95	-0.9647871926297429
40.	-0.9688907439435039
40.05	-0.9729885903885985
40.1	-0.9770807244264711
40.15	-0.9811671386338996
40.2	-0.9852478257023731
40.25	-0.9893227784374619
40.3	-0.9933919897581986
40.35	-0.9974554526964567
40.4	-1.0015131603963296
40.45	-1.0055651061135187
40.5	-1.0096112832147144
40.55	-1.0136516851769886
40.6	-1.0176863055871825
40.65	-1.0217151381412979
40.7	-1.0257381766438942
40.75	-1.0297554150074821
40.8	-1.0337668472519252
40.85	-1.0377724675038393
40.9	-1.041772269995993
40.95	-1.0457662490667183
41.	-1.0497543991593115
41.05	-1.053736714821447
41.1	-1.0577131907045878
41.15	-1.0616838215633964
41.2	-1.0656486022551543
41.25	-1.0696075277391761
41.3	-1.0735605930762329
41.35	-1.0775077934279718
41.4	-1.0814491240563398
41.45	-1.0853845803230129
41.5	-1.08931415768882
41.55	-1.0932378517131771
41.6	-1.0971556580535196
41.65	-1.1010675724647327
41.7	-1.104973590798594
41.75	-1.1088737090032073
41.8	-1.112767923122447
41.85	-1.1166562292953999
41.9	-1.120538623755808
41.95	-1.1244151028315201
42.	-1.128285662943937
42.05	-1.1321503006074654
42.1	-1.1360090124289703
42.15	-1.1398617951072292
42.2	-1.1437086454323928
42.25	-1.1475495602854409
42.3	-1.1513845366376467
42.35	-1.155213571550041
42.4	-1.1590366621728734
42.45	-1.1628538057450868
42.5	-1.1666649995937812
42.55	-1.17047024113369
42.6	-1.1742695278666526
42.65	-1.1780628573810876
42.7	-1.1818502273514768
42.75	-1.185631635537839
42.8	-1.1894070797852163
42.85	-1.1931765580231577
42.9	-1.196940068265203
42.95	-1.2006976086083743
43.	-1.2044491772326624
43.05	-1.2081947724005233
43.1	-1.21193439245637
43.15	-1.2156680358260674
43.2	-1.219395701016435
43.25	-1.223117386614742
43.3	-1.2268330912882137
43.35	-1.2305428137835344
43.4	-1.2342465529263515
43.45	-1.2379443076207886
43.5	-1.2416360768489496
43.55	-1.2453218596704367
43.6	-1.249001655221862
43.65	-1.2526754627163614
43.7	-1.2563432814431184
43.75	-1.260005110766878
43.8	-1.263660950127473
43.85	-1.2673107990393477
43.9	-1.2709546570910808
43.95	-1.2745925239449172
44.	-1.2782243993362945
44.05	-1.2818502830733778
44.1	-1.2854701750365918
44.15	-1.2890840751781558
44.2	-1.292691983521624
44.25	-1.2962939001614209
44.3	-1.2998898252623874
44.35	-1.3034797590593215
44.4	-1.3070637018565228
44.45	-1.3106416540273425
44.5	-1.3142136160137292
44.55	-1.3177795883257837
44.6	-1.321339571541309
44.65	-1.324893566305365
44.7	-1.3284415733298276
44.75	-1.3319835933929445
44.8	-1.3355196273388978
44.85	-1.3390496760773658
44.9	-1.342573740583085
44.95	-1.3460918218954203
45.	-1.3496039211179287
45.05	-1.3531100394179318
45.1	-1.356610178026087
45.15	-1.3601043382359592
45.2	-1.363592521403599
45.25	-1.3670747289471166
45.3	-1.370550962346264
45.35	-1.3740212231420137
45.4	-1.377485512936141
45.45	-1.3809438333908115
45.5	-1.3843961862281626
45.55	-1.387842573229896
45.6	-1.3912829962368662
45.65	-1.3947174571486698
45.7	-1.3981459579232431
45.75	-1.4015685005764533
45.8	-1.4049850871816991
45.85	-1.408395719869508
45.9	-1.4118004008271354
45.95	-1.4151991322981705
46.	-1.4185919165821363
46.05	-1.4219787560341
46.1	-1.4253596530642776
46.15	-1.428734610137643
46.2	-1.4321036297735428
46.25	-1.4354667145453042
46.3	-1.4388238670798543
46.35	-1.442175090057335
46.4	-1.4455203862107182
46.45	-1.448859758325431
46.5	-1.4521932092389727
46.55	-1.455520741840541
46.6	-1.4588423590706563
46.65	-1.4621580639207867
46.7	-1.4654678594329797
46.75	-1.4687717486994891
46.8	-1.4720697348624094
46.85	-1.4753618211133084
46.9	-1.478648010692861
46.95	-1.4819283068904887
47.	-1.4852027130439958
47.05	-1.4884712325392115
47.1	-1.4917338688096315
47.15	-1.494990625336059
47.2	-1.4982415056462544
47.25	-1.5014865133145778
47.3	-1.5047256519616405
47.35	-1.5079589252539545
47.4	-1.5111863369035823
47.45	-1.5144078906677938
47.5	-1.5176235903487179
47.55	-1.5208334397930015
47.6	-1.5240374428914676
47.65	-1.5272356035787726
47.7	-1.5304279258330724
47.75	-1.5336144136756802
47.8	-1.5367950711707357
47.85	-1.5399699024248696
47.9	-1.54313891158687
47.95	-1.546302102847355
48.	-1.5494594804384398
48.05	-1.5526110486334137
48.1	-1.5557568117464113
48.15	-1.5588967741320883
48.2	-1.5620309401853003
48.25	-1.5651593143407798
48.3	-1.568281901072819
48.35	-1.5713987048949496
48.4	-1.574509730359626
48.45	-1.5776149820579133
48.5	-1.5807144646191693
48.55	-1.5838081827107369
48.6	-1.5868961410376314
48.65	-1.5899783443422313
48.7	-1.5930547974039722
48.75	-1.596125505039039
48.8	-1.5991904721000645
48.85	-1.6022497034758232
48.9	-1.6053032040909316
48.95	-1.6083509789055486
49.	-1.6113930329150747
49.05	-1.6144293711498587
49.1	-1.617459998674899
49.15	-1.6204849205895504
49.2	-1.6235041420272325
49.25	-1.6265176681551365
49.3	-1.629525504173938
49.35	-1.6325276553175074
49.4	-1.635524126852622
49.45	-1.6385149240786827
49.5	-1.6415000523274283
49.55	-1.6444795169626543
49.6	-1.6474533233799316
49.65	-1.6504214770063246
49.7	-1.6533839833001167
49.75	-1.65634084775053
49.8	-1.6592920758774512
49.85	-1.6622376732311588
49.9	-1.665177645392047
49.95	-1.6681119979703525
50.	-1.6710407366059639
50.05	-1.6739638669153074
50.1	-1.6768813946934424
50.15	-1.6797933256532662
50.2	-1.6826996655417252
50.25	-1.68560042010956
50.3	-1.6884955951364986
50.35	-1.691385196501047
50.4	-1.694269230091131
50.45	-1.6971477017800665
50.5	-1.7000206174933963
50.55	-1.7028879831807124
50.6	-1.7057498048105322
50.65	-1.7086060883812433
50.7	-1.7114568399395034
50.75	-1.7143020655067853
50.8	-1.717141771198911
50.85	-1.7199759630435998
50.9	-1.7228046472380814
50.95	-1.725627829948247
51.	-1.728445517329887
51.05	-1.7312577155781061
51.1	-1.7340644309225843
51.15	-1.736865669570217
51.2	-1.7396614378128836
51.25	-1.7424517419596752
51.3	-1.745236588312221
51.35	-1.7480159832434188
51.4	-1.7507899330875798
51.45	-1.753558444230599
51.5	-1.7563215231229328
51.55	-1.7590791761948719
51.6	-1.7618314098568295
51.65	-1.7645782305617228
51.7	-1.767319644828572
51.75	-1.7700556591998142
51.8	-1.772786280210356
51.85	-1.77551151440564
51.9	-1.7782313683779891
51.95	-1.7809458486894185
52.	-1.7836549619718463
52.05	-1.7863587148202447
52.1	-1.7890571139275258
52.15	-1.7917501659790473
52.2	-1.794437877673332
52.25	-1.7971202556642052
52.3	-1.799797306752457
52.35	-1.8024690376918833
52.4	-1.805135455245605
52.45	-1.8077965661612279
52.5	-1.810452377236235
52.55	-1.8131028953019723
52.6	-1.8157481272262956
52.65	-1.8183880798523466
52.7	-1.82102276007365
52.75	-1.8236521747673928
52.8	-1.8262763307996908
52.85	-1.828895235111667
52.9	-1.831508894634972
52.95	-1.8341173163283346
53.	-1.8367205071798778
53.05	-1.8393184741377606
53.1	-1.8419112242282345
53.15	-1.8444987644894533
53.2	-1.8470811019483104
53.25	-1.849658243633785
53.3	-1.852230196649412
53.35	-1.8547969679524692
53.4	-1.8573585647025739
53.45	-1.8599149939804411
53.5	-1.8624662629527209
53.55	-1.8650123787627817
53.6	-1.8675533485259281
53.65	-1.8700891793455667
53.7	-1.8726198784450165
53.75	-1.875145452992322
53.8	-1.8776659101714792
53.85	-1.880181257200385
53.9	-1.882691501292158
53.95	-1.8851966497043788
54.	-1.8876967096829966
54.05	-1.8901916884732288
54.1	-1.892681593365987
54.15	-1.895166431634295
54.2	-1.8976462105362208
54.25	-1.9001209373465426
54.3	-1.9025906194309221
54.35	-1.9050552641356044
54.4	-1.9075148787855938
54.45	-1.909969470657896
54.5	-1.9124190471845561
54.55	-1.9148636156955623
54.6	-1.9173031835920917
54.65	-1.9197377582175552
54.7	-1.9221673469957237
54.75	-1.9245919573063224
54.8	-1.9270115966162082
54.85	-1.9294262723106703
54.9	-1.931835991841501
54.95	-1.934240762664961
55.	-1.936640592213855
55.05	-1.939035487915342
55.1	-1.941425457250614
55.15	-1.9438105077227241
55.2	-1.946190646813037
55.25	-1.948565881991614
55.3	-1.950936220739186
55.35	-1.9533016706009974
55.4	-1.95566223906665
55.45	-1.9580179336915895
55.5	-1.9603687619853694
55.55	-1.9627147314723545
55.6	-1.9650558496927468
55.65	-1.9673921242187122
55.7	-1.969723562623755
55.75	-1.9720501724726778
55.8	-1.9743719613275357
55.85	-1.9766889367030056
55.9	-1.979001106255839
55.95	-1.9813084775479393
56.	-1.9836110581809705
56.05	-1.9859088557451636
56.1	-1.9882018778544042
56.15	-1.990490132088936
56.2	-1.992773626078889
56.25	-1.9950523674535283
56.3	-1.9973263638644474
56.35	-1.9995956229429646
56.4	-2.001860152281065
56.45	-2.004119959508907
56.5	-2.006375052334272
56.55	-2.0086254384125843
56.6	-2.0108711253915508
56.65	-2.013112120861015
56.7	-2.015348432495709
56.75	-2.0175800679943565
56.8	-2.0198070350190207
56.85	-2.022029341280883
56.9	-2.0242469944401353
56.95	-2.026460002137135
57.	-2.028668372051398
57.05	-2.030872111880345
57.1	-2.03307122932412
57.15	-2.035265732121513
57.2	-2.037455627948971
57.25	-2.03964092439938
57.3	-2.041821629273485
57.35	-2.043997750284474
57.4	-2.0461692951216595
57.45	-2.048336271487641
57.5	-2.0504986871111073
57.55	-2.0526565496536757
57.6	-2.054809866836798
57.65	-2.0569586463663883
57.7	-2.059102895967458
57.75	-2.0612426234070482
57.8	-2.0633778363678728
57.85	-2.065508542566409
57.9	-2.0676347497317016
57.95	-2.069756465606496
58.	-2.07187369793887
58.05	-2.073986454388538
58.1	-2.0760947426775314
58.15	-2.0781985705763937
58.2	-2.0802979458291646
58.25	-2.0823928761199073
58.3	-2.084483369214047
58.35	-2.0865694328229853
58.4	-2.088651074704511
58.45	-2.090728302548329
58.5	-2.0928011240779694
58.55	-2.094869546985758
58.6	-2.096933579050061
58.65	-2.098993227983265
58.7	-2.101048501546949
58.75	-2.103099407451162
58.8	-2.105145953439789
58.85	-2.1071881472425513
58.9	-2.109225996560841
58.95	-2.1112595091039763
59.	-2.1132886925850474
59.05	-2.1153135547923907
59.1	-2.1173341034408155
59.15	-2.11935034621015
59.2	-2.1213622908291883
59.25	-2.123369945015701
59.3	-2.1253733165113857
59.35	-2.127372413026168
59.4	-2.1293672422116408
59.45	-2.1313578117421175
59.5	-2.1333441294345326
59.55	-2.135326202974554
59.6	-2.1373040400618923
59.65	-2.139277648386968
59.7	-2.1412470356746316
59.75	-2.143212209586079
59.8	-2.1451731778726497
59.85	-2.14712994816916
59.9	-2.1490825282225985
59.95	-2.1510309257105984
60.	-2.1529751482912274
60.05	-2.1549152036004786
60.1	-2.15685109937084
60.15	-2.158782843296171
60.2	-2.16071044303846
60.25	-2.162633906247227
60.3	-2.1645532406748313
60.35	-2.16646845391541
60.4	-2.1683795536341295
60.45	-2.170286547466522
60.5	-2.1721894430884787
60.55	-2.1740882481552717
60.6	-2.1759829703078486
60.65	-2.177873617222485
60.7	-2.1797601964866367
60.75	-2.181642715782502
60.8	-2.1835211827367083
60.85	-2.185395604961281
60.9	-2.1872659900810527
60.95	-2.1891323457211023
61.	-2.1909946795414825
61.05	-2.192852999115495
61.1	-2.1947073120276768
61.15	-2.1965576258313213
61.2	-2.1984039481890396
61.25	-2.20024628671243
61.3	-2.2020846490168466
61.35	-2.2039190426538178
61.4	-2.2057494751906974
61.45	-2.2075759542075666
61.5	-2.20939848730126
61.55	-2.2112170820531434
61.6	-2.213031745977404
61.65	-2.2148424866005407
61.7	-2.2166493114808983
61.75	-2.218452228215011
61.8	-2.2202512443366595
61.85	-2.222046367390287
61.9	-2.2238376049257136
61.95	-2.2256249643752404
62.	-2.2274084533480867
62.05	-2.2291880793147576
62.1	-2.2309638497586404
62.15	-2.2327357721869276
62.2	-2.2345038541503275
62.25	-2.236268103125045
62.3	-2.238028526578976
62.35	-2.2397851320050783
62.4	-2.2415379268901647
62.45	-2.243286918649657
62.5	-2.2450321148016004
62.55	-2.2467735227641596
62.6	-2.2485111499916624
62.65	-2.2502450039586126
62.7	-2.251975092123043
62.75	-2.253701421895794
62.8	-2.255424000665881
62.85	-2.2571428358367966
62.9	-2.258857934842343
62.95	-2.2605693051008133
63.	-2.262276954020117
63.05	-2.2639808889768185
63.1	-2.265681117384432
63.15	-2.267377646629498
63.2	-2.269070484025247
63.25	-2.2707596369440513
63.3	-2.2724451127335
63.35	-2.2741269187940674
63.4	-2.2758050624407433
63.45	-2.2774795510625494
63.5	-2.279150391958436
63.55	-2.280817592466895
63.6	-2.2824811598789156
63.65	-2.2841411014764668
63.7	-2.2857974246378165
63.75	-2.2874501366698192
63.8	-2.289099244810951
63.85	-2.2907447563105885
63.9	-2.2923866784305345
63.95	-2.2940250185194415
64.	-2.2956597838309043
64.05	-2.297290981590548
64.1	-2.298918619032393
64.15	-2.300542703361441
64.2	-2.3021632418452893
64.25	-2.3037802417188944
64.3	-2.3053937101793442
64.35	-2.307003654439484
64.4	-2.3086100817347965
64.45	-2.3102129991932046
64.5	-2.3118124140229828
64.55	-2.3134083333904356
64.6	-2.3150007644570456
64.65	-2.3165897143910086
64.7	-2.3181751904495664
64.75	-2.3197571996776523
64.8	-2.321335749171925
64.85	-2.3229108460621273
64.9	-2.324482497504026
64.95	-2.3260507106219053
65.	-2.327615492484897
65.05	-2.3291768502034955
65.1	-2.330734790848777
65.15	-2.332289321545554
65.2	-2.3338404493496556
65.25	-2.3353881812813153
65.3	-2.336932524413495
65.35	-2.3384734858069995
65.4	-2.340011072524153
65.45	-2.3415452915713795
65.5	-2.3430761499219157
65.55	-2.344603654603204
65.6	-2.3461278126541005
65.65	-2.3476486310780587
65.7	-2.3491661168592795
65.75	-2.350680276937891
65.8	-2.352191118282196
65.85	-2.353698647858658
65.9	-2.3552028726022214
65.95	-2.3567037994427356
66.	-2.35820143537361
66.05	-2.359695787282135
66.1	-2.3611868621064107
66.15	-2.362674666743435
66.2	-2.3641592080866394
66.25	-2.3656404930148516
66.3	-2.367118528407741
66.35	-2.3685933211303194
66.4	-2.370064878090136
66.45	-2.3715332060910383
66.5	-2.3729983120171854
66.55	-2.3744602027120933
66.6	-2.375918884981064
66.65	-2.3773743656638398
66.7	-2.378826651516085
66.75	-2.3802757493571374
66.8	-2.3817216659627265
66.85	-2.3831644080730383
66.9	-2.3846039825046192
66.95	-2.3860403960327004
67.	-2.3874736554083524
67.05	-2.388903767385888
67.1	-2.390330738725916
67.15	-2.391754576123417
67.2	-2.393175286278705
67.25	-2.394592875845949
67.3	-2.396007351563421
67.35	-2.39741872014153
67.4	-2.398826988280856
67.45	-2.400232162630579
67.5	-2.4016342498577945
67.55	-2.403033256580213
67.6	-2.404429189445296
67.65	-2.40582205509517
67.7	-2.4072118601307526
67.75	-2.40859861118764
67.8	-2.4099823148649793
67.85	-2.4113629777513292
67.9	-2.4127406064187147
67.95	-2.414115207431065
68.	-2.4154867873363592
68.05	-2.4168553526964742
68.1	-2.4182209101132703
68.15	-2.4195834660730906
68.2	-2.420943027125877
68.25	-2.42229959979339
68.3	-2.4236531905722116
68.35	-2.42500380596418
68.4	-2.4263514524133134
68.45	-2.4276961363912344
68.5	-2.429037864375584
68.55	-2.430376642855955
68.6	-2.43171247828975
68.65	-2.4330453770805236
68.7	-2.4343753456451847
68.75	-2.4357023904296993
68.8	-2.437026517855771
68.85	-2.4383477343168165
68.9	-2.439666046148406
68.95	-2.4409814597243917
69.	-2.4422939814204008
69.05	-2.4436036176205223
69.1	-2.444910374705602
69.15	-2.4462142589693037
69.2	-2.4475152767125077
69.25	-2.4488134343023624
69.3	-2.4501087380794395
69.35	-2.45140119431129
69.4	-2.4526908092758175
69.45	-2.453977589213799
69.5	-2.45526154042611
69.55	-2.4565426691695285
69.6	-2.4578209816879193
69.65	-2.459096484260063
69.7	-2.4603691830925163
69.75	-2.461639084327249
69.8	-2.4629061942738355
69.85	-2.464170519112702
69.9	-2.4654320650058477
69.95	-2.4666908381386285
70.	-2.467946844666993
70.05	-2.469200090731757
70.1	-2.4704505824969125
70.15	-2.4716983261113077
70.2	-2.4729433276874166
70.25	-2.4741855933202515
70.3	-2.4754251291607208
70.35	-2.476661941318887
70.4	-2.4778960358594864
70.45	-2.4791274188580594
70.5	-2.4803560964036278
70.55	-2.4815820745310013
70.6	-2.4828053592909844
70.65	-2.4840259566734817
70.7	-2.4852438727465156
70.75	-2.486459113516853
70.8	-2.4876716850113003
70.85	-2.4888815931795065
70.9	-2.4900888440311655
70.95	-2.4912934435374714
71.	-2.4924953976665187
71.05	-2.493694712362671
71.1	-2.494891393593485
71.15	-2.496085447279025
71.2	-2.497276879346479
71.25	-2.4984656956990516
71.3	-2.4996519022306085
71.35	-2.500835504831925
71.4	-2.502016509390944
71.45	-2.503194921787774
71.5	-2.504370747934791
71.55	-2.5055439936310138
71.6	-2.5067146646974376
71.65	-2.507882766958617
71.7	-2.509048306272738
71.75	-2.5102112884985375
71.8	-2.5113717194065583
71.85	-2.5125296047403713
71.9	-2.5136849502791168
71.95	-2.5148377618285642
72.	-2.5159880451011447
72.05	-2.5171358058685067
72.1	-2.518281049887311
72.15	-2.5194237828673236
72.2	-2.520564010537778
72.25	-2.521701738618972
72.3	-2.5228369727992037
72.35	-2.523969718771298
72.4	-2.5250999822096074
72.45	-2.526227768731592
72.5	-2.527353084051023
72.55	-2.528475933795927
72.6	-2.5295963236122883
72.65	-2.5307142591124765
72.7	-2.5318297459278956
72.75	-2.5329427896588577
72.8	-2.534053395862521
72.85	-2.53516157018667
72.9	-2.5362673181619524
72.95	-2.5373706454046974
73.	-2.5384715574729344
73.05	-2.5395700598300026
73.1	-2.540666158016675
73.15	-2.5417598575876297
73.2	-2.542851164065306
73.25	-2.5439400829174854
73.3	-2.5450266196545037
73.35	-2.546110779780743
73.4	-2.5471925687838026
73.45	-2.5482719920932935
73.5	-2.5493490551656683
73.55	-2.5504237634479265
73.6	-2.5514961223523565
73.65	-2.5525661372915485
73.7	-2.5536338136823873
73.75	-2.554699156947125
73.8	-2.5557621724617983
73.85	-2.5568228655965415
73.9	-2.5578812417296737
73.95	-2.558937306254508
74.	-2.5599910645341706
74.05	-2.561042521869808
74.1	-2.5620916835701864
74.15	-2.5631385549500956
74.2	-2.5641831413740594
74.25	-2.565225448110369
74.3	-2.5662654804486085
74.35	-2.5673032436434755
74.4	-2.5683387429515223
74.45	-2.56937198363167
74.5	-2.570402970926644
74.55	-2.5714317101279196
74.6	-2.5724582064998245
74.65	-2.573482465198754
74.7	-2.5745044914359623
74.75	-2.5755242904424827
74.8	-2.576541867362638
74.85	-2.5775572273660936
74.9	-2.57857037557948
74.95	-2.5795813172007676
75.	-2.5805900573985143
75.05	-2.581596601280542
75.1	-2.582600953977778
75.15	-2.583603120665098
75.2	-2.5846031064684043
75.25	-2.5856009164093265
75.3	-2.586596555583598
75.35	-2.587590029068935
75.4	-2.5885813419118255
75.45	-2.589570499146368
75.5	-2.5905575058625856
75.55	-2.591542367127973
75.6	-2.592525087932506
75.65	-2.5935056732845228
75.7	-2.5944841281771387
75.75	-2.595460457617735
75.8	-2.5964346665995044
75.85	-2.5974067600895068
75.9	-2.5983767431227216
75.95	-2.599344620638449
76.	-2.6003103975487623
76.05	-2.601274078746199
76.1	-2.6022356691476665
76.15	-2.6031951737142345
76.2	-2.6041525973310504
76.25	-2.605107944888571
76.3	-2.6060612213317453
76.35	-2.607012431571258
76.4	-2.6079615803642104
76.45	-2.6089086725740023
76.5	-2.6098537131065696
76.55	-2.6107967067893085
76.6	-2.6117376584355
76.65	-2.612676572865004
76.7	-2.6136134548569365
76.75	-2.614548309250862
76.8	-2.6154811408553176
76.85	-2.6164119543971895
76.9	-2.617340754631776
76.95	-2.6182675463223246
77.	-2.6191923342190297
77.05	-2.620115123108324
77.1	-2.6210359177437903
77.15	-2.6219547228198627
77.2	-2.622871542989146
77.25	-2.623786382930843
77.3	-2.6246992473517845
77.35	-2.6256101409875825
77.4	-2.626519068548496
77.45	-2.627426034656498
77.5	-2.6283310439198546
77.55	-2.6292341009681897
77.6	-2.6301352104923854
77.65	-2.6310343770977753
77.7	-2.631931605362669
77.75	-2.6328268998917865
77.8	-2.6337202652833818
77.85	-2.634611706176295
77.9	-2.6355012271145037
77.95	-2.6363888326758196
78.	-2.637274527402758
78.05	-2.638158315795888
78.1	-2.6390402024284167
78.15	-2.6399201918193134
78.2	-2.640798288467974
78.25	-2.641674496910266
78.3	-2.6425488216287847
78.35	-2.6434212670729336
78.4	-2.644291837799309
78.45	-2.6451605382908685
78.5	-2.6460273729774837
78.55	-2.646892346287859
78.6	-2.647755462693545
78.65	-2.648616726596112
78.7	-2.6494761424269546
78.75	-2.6503337145910253
78.8	-2.6511894474714657
78.85	-2.6520433454781243
78.9	-2.6528954129556612
78.95	-2.65374565428736
79.	-2.6545940739006455
79.05	-2.6554406761237335
79.1	-2.656285465328725
79.15	-2.657128445841823
79.2	-2.6579696219869375
79.25	-2.658808998056464
79.3	-2.6596465784074375
79.35	-2.660482367321144
79.4	-2.6613163690749952
79.45	-2.6621485879088675
79.5	-2.662979028135978
79.55	-2.663807694019958
79.6	-2.6646345898024295
79.65	-2.6654597197509995
79.7	-2.6662830881009993
79.75	-2.667104699100562
79.8	-2.6679245569088588
79.85	-2.668742665704631
79.9	-2.669559029723426
79.95	-2.6703736531870588
80.	-2.6711865402550843
80.05	-2.671997695138492
80.1	-2.6728071219599348
80.15	-2.6736148248612146
80.2	-2.674420808001736
80.25	-2.675225075497517
80.3	-2.6760276315002853
80.35	-2.67682848015086
80.4	-2.6776276255128835
80.45	-2.6784250716901705
80.5	-2.6792208227930767
80.55	-2.680014882881032
80.6	-2.680807256043576
80.65	-2.6815979463145787
80.7	-2.6823869577472093
80.75	-2.6831742943809336
80.8	-2.6839599602422064
80.85	-2.6847439593576583
80.9	-2.685526295814417
80.95	-2.686306973620593
81.	-2.687085996766561
81.05	-2.6878633692086433
81.1	-2.6886390948888623
81.15	-2.6894131778048243
81.2	-2.6901856219437894
81.25	-2.6909564312653207
81.3	-2.6917256097409465
81.35	-2.6924931612838563
81.4	-2.6932590897794504
81.45	-2.694023399186334
81.5	-2.6947860934387178
81.55	-2.6955471764258183
81.6	-2.696306652009465
81.65	-2.6970645241167035
81.7	-2.6978207966157504
81.75	-2.698575473361181
81.8	-2.699328558223826
81.85	-2.700080055032652
81.9	-2.7008299676329433
81.95	-2.701578299825543
82.	-2.7023250555176572
82.05	-2.7030702384766903
82.1	-2.7038138525459017
82.15	-2.7045559014896368
82.2	-2.7052963890982786
82.25	-2.706035319143724
82.3	-2.706772695451119
82.35	-2.7075085217813566
82.4	-2.7082428018515263
82.45	-2.7089755393756696
82.5	-2.7097067381440887
82.55	-2.710436401876774
82.6	-2.7111645343450665
82.65	-2.7118911392090554
82.7	-2.712616220180223
82.75	-2.713339780931432
82.8	-2.7140618251694155
82.85	-2.714782356553311
82.9	-2.7155013788032103
82.95	-2.716218895589737
83.	-2.7169349105463034
83.05	-2.717649427286184
83.1	-2.7183624494725023
83.15	-2.719073980740033
83.2	-2.7197840246977054
83.25	-2.720492584985478
83.3	-2.7211996651906842
83.35	-2.7219052688975127
83.4	-2.7226093997014855
83.45	-2.7233120612040196
83.5	-2.7240132569749287
83.55	-2.724712990593516
83.6	-2.7254112656197735
83.65	-2.7261080855342534
83.7	-2.726803453917878
83.75	-2.7274973742789888
83.8	-2.7281898501622646
83.85	-2.728880885062887
83.9	-2.729570482499515
83.95	-2.730258645979508
84.	-2.7309453789894085
84.05	-2.731630684961499
84.1	-2.7323145673964824
84.15	-2.732997029853073
84.2	-2.7336780757102424
84.25	-2.7343577083982575
84.3	-2.7350359313930666
84.35	-2.7357127481373906
84.4	-2.7363881620442605
84.45	-2.7370621764934344
84.5	-2.7377347949187536
84.55	-2.738406020751179
84.6	-2.7390758573986034
84.65	-2.739744308237637
84.7	-2.740411376635332
84.75	-2.7410770659459107
84.8	-2.741741379529655
84.85	-2.7424043207853694
84.9	-2.743065893033136
84.95	-2.7437260996055644
85.	-2.744384943811186
85.05	-2.74504242900666
85.1	-2.7456985584718003
85.15	-2.746353335517436
85.2	-2.747006763468626
85.25	-2.7476588456184263
85.3	-2.7483095852815893
85.35	-2.748958985748448
85.4	-2.749607050293068
85.45	-2.7502537821297417
85.5	-2.7508991845119373
85.55	-2.751543260664705
85.6	-2.7521860138243666
85.65	-2.7528274472367027
85.7	-2.7534675641004487
85.75	-2.754106367635378
85.8	-2.7547438610791923
85.85	-2.755380047630128
85.9	-2.756014930563692
85.95	-2.756648513046133
86.	-2.7572807981991723
86.05	-2.7579117891843916
86.1	-2.7585414891326403
86.15	-2.7591699012302544
86.2	-2.7597970286387987
86.25	-2.7604228744899455
86.3	-2.76104744190933
86.35	-2.761670733992759
86.4	-2.762292753915794
86.45	-2.762913504793967
86.5	-2.7635329897397733
86.55	-2.7641512118113
86.6	-2.764768174096612
86.65	-2.7653838797061256
86.7	-2.765998331730452
86.75	-2.7666115332063015
86.8	-2.7672234871823056
86.85	-2.7678341967089195
86.9	-2.7684436648408335
86.95	-2.7690518946027325
87.	-2.769658889066881
87.05	-2.770264651230355
87.1	-2.7708691841025344
87.15	-2.7714724906942676
87.2	-2.7720745739672843
87.25	-2.7726754368944624
87.3	-2.773275082560037
87.35	-2.77387351395483
87.4	-2.7744707340546624
87.45	-2.7750667457683322
87.5	-2.7756615520456647
87.55	-2.7762551558376867
87.6	-2.7768475600926132
87.65	-2.77743876775251
87.7	-2.778028781750574
87.75	-2.778617605003423
87.8	-2.779205240418099
87.85	-2.7797916909337372
87.9	-2.780376959429205
87.95	-2.7809610488263674
88.	-2.7815439620028783
88.05	-2.7821257018338983
88.1	-2.782706271213872
88.15	-2.783285672997203
88.2	-2.783863910054203
88.25	-2.784440985260365
88.3	-2.785016901400705
88.35	-2.7855916613065945
88.4	-2.786165267837533
88.45	-2.786737723815535
88.5	-2.7873090320571117
88.55	-2.7878791953793596
88.6	-2.7884482165788373
88.65	-2.789016098448098
88.7	-2.78958284382388
88.75	-2.790148455493443
88.8	-2.790712936266355
88.85	-2.791276288877433
88.9	-2.791838516037598
88.95	-2.79239962053118
89.	-2.7929596050961205
89.05	-2.79351847248376
89.1	-2.794076225478089
89.15	-2.794632866790577
89.2	-2.795188399127748
89.25	-2.795742825197464
89.3	-2.796296147691061
89.35	-2.7968483693403745
89.4	-2.7973994928469845
89.45	-2.7979495209214025
89.5	-2.7984984562220276
89.55	-2.799046301426924
89.6	-2.7995930592177354
89.65	-2.800138732283761
89.7	-2.800683323248223
89.75	-2.8012268347371903
89.8	-2.8017692694693244
89.85	-2.802310630074472
89.9	-2.8028509191568043
89.95	-2.803390139330702
90.	-2.803928293228729
90.05	-2.804465383463007
90.1	-2.8050014126337324
90.15	-2.8055363833818134
90.2	-2.806070298306662
90.25	-2.8066031599421657
90.3	-2.8071349708796514
90.35	-2.8076657336826325
90.4	-2.8081954509634888
90.45	-2.808724125257626
90.5	-2.809251759134386
90.55	-2.809778355128263
90.6	-2.810303915798448
90.65	-2.810828443667318
90.7	-2.811351941259465
90.75	-2.8118744111131546
90.8	-2.812395855752857
90.85	-2.812916277659813
90.9	-2.813435679385453
90.95	-2.8139540634146734
91.	-2.8144714322153974
91.05	-2.8149877883001917
91.1	-2.815503134119061
91.15	-2.816017472168408
91.2	-2.8165308049428166
91.25	-2.8170431349218523
91.3	-2.8175544645309145
91.35	-2.818064796204971
91.4	-2.818574132403756
91.45	-2.819082475558421
91.5	-2.8195898281158134
91.55	-2.8200961924953227
91.6	-2.820601571141297
91.65	-2.821105966406778
91.7	-2.821609380734921
91.75	-2.822111816536874
91.8	-2.8226132762372433
91.85	-2.823113762177495
91.9	-2.8236132767345423
91.95	-2.82411182231135
92.	-2.8246094013041554
92.05	-2.8251060160270374
92.1	-2.825601668849914
92.15	-2.8260963621409685
92.2	-2.8265900982374204
92.25	-2.8270828795012286
92.3	-2.8275747083444935
92.35	-2.8280655870718787
92.4	-2.8285555179470756
92.45	-2.8290445032503895
92.5	-2.829532545345918
92.55	-2.8300196465516496
92.6	-2.830505809192904
92.65	-2.830991035572831
92.7	-2.8314753279385996
92.75	-2.831958688579041
92.8	-2.8324411197101527
92.85	-2.8329226236436744
92.9	-2.83340320264824
92.95	-2.833882859075417
93.	-2.8343615952516195
93.05	-2.834839413318772
93.1	-2.8353163154803758
93.15	-2.8357923039729798
93.2	-2.836267381046776
93.25	-2.8367415489460406
93.3	-2.837214809916217
93.35	-2.8376871661909675
93.4	-2.838158619976636
93.45	-2.838629173451088
93.5	-2.839098828818423
93.55	-2.8395675882781264
93.6	-2.840035454011722
93.65	-2.840502428198207
93.7	-2.8409685130404663
93.75	-2.841433710693223
93.8	-2.841898023314763
93.85	-2.8423614530905756
93.9	-2.84282400216194
93.95	-2.8432856726980216
94.	-2.843746466832996
94.05	-2.84420638670064
94.1	-2.844665434487817
94.15	-2.8451236122975105
94.2	-2.845580922278536
94.25	-2.846037366557439
94.3	-2.8464929472409075
94.35	-2.8469476663967135
94.4	-2.8474015261147474
94.45	-2.8478545284704753
94.5	-2.8483066755510578
94.55	-2.848757969483443
94.6	-2.8492084123544092
94.65	-2.8496580062514587
94.7	-2.850106753258566
94.75	-2.850554655441494
94.8	-2.851001714857931
94.85	-2.8514479335650393
94.9	-2.85189331360405
94.95	-2.852337857033111
95.	-2.852781565920403
95.05	-2.8532244422612694
95.1	-2.853666488091619
95.15	-2.854107705455279
95.2	-2.8545480963667202
95.25	-2.8549876627706645
95.3	-2.8554264067384905
95.35	-2.855864330252817
95.4	-2.8563014352871203
95.45	-2.8567377238916465
95.5	-2.857173198113072
95.55	-2.8576078598972137
95.6	-2.858041711215362
95.65	-2.8584747540237463
95.7	-2.858906990276336
95.75	-2.8593384219258606
95.8	-2.859769050943973
95.85	-2.8601988792815876
95.9	-2.8606279089629063
95.95	-2.8610561418930476
96.	-2.8614835799721288
96.05	-2.8619102251573096
96.1	-2.862336079389599
96.15	-2.8627611446001313
96.2	-2.863185422680391
96.25	-2.8636089155214712
96.3	-2.8640316250666253
96.35	-2.8644535532312503
96.4	-2.864874701910158
96.45	-2.8652950729987503
96.5	-2.8657146684033514
96.55	-2.866133490002259
96.6	-2.866551539668979
96.65	-2.866968819242918
96.7	-2.8673853306472683
96.75	-2.867801075747071
96.8	-2.8682160563846053
96.85	-2.868630274393112
96.9	-2.8690437316842217
96.95	-2.869456430069139
97.	-2.869868371388622
97.05	-2.8702795575235864
97.1	-2.8706899903413636
97.15	-2.871099671625134
97.2	-2.871508603162656
97.25	-2.8719167868031343
97.3	-2.8723242243801304
97.35	-2.8727309176625386
97.4	-2.8731368684239946
97.45	-2.8735420784908925
97.5	-2.873946549682289
97.55	-2.8743502838280897
97.6	-2.8747532826953597
97.65	-2.8751555481041384
97.7	-2.8755570817903564
97.75	-2.8759578854896093
97.8	-2.876357960948906
97.85	-2.8767573099488533
97.9	-2.8771559342594633
97.95	-2.877553835695999
98.	-2.8779510160162354
98.05	-2.878347476923842
98.1	-2.878743220149156
98.15	-2.8791382474403138
98.2	-2.8795325605490785
98.25	-2.879926161226276
98.3	-2.880319051165439
98.35	-2.880711232069827
98.4	-2.881102705674806
98.45	-2.8814934736579314
98.5	-2.8818835377582115
98.55	-2.882272899664162
98.6	-2.88266156111661
98.65	-2.8830495237909517
98.7	-2.8834367893511677
98.75	-2.8838233594808766
98.8	-2.8842092358541818
98.85	-2.8845944201851723
98.9	-2.8849789141344626
98.95	-2.8853627193628433
99.	-2.8857458375273084
99.05	-2.886128270296336
99.1	-2.8865100193262734
99.15	-2.886891086218877
99.2	-2.887271472647824
99.25	-2.8876511802966416
99.3	-2.8880302107809244
99.35	-2.888408565749698
99.4	-2.888786246832939
99.45	-2.8891632556591027
99.5	-2.8895395938178217
99.55	-2.889915262946115
99.6	-2.8902902646727666
99.65	-2.8906646005853367
99.7	-2.8910382722509476
99.75	-2.8914112812987494
99.8	-2.8917836293599137
99.85	-2.892155317971937
99.9	-2.8925263487226207
99.95	-2.8928967232449967
100.	-2.893266443112521