0.	0.
0.05	0.00849971739157952
0.1	0.01699878004239451
0.15	0.025496539919714612
0.2	0.03399235626304534
0.25	0.042485595523227414
0.3	0.0509756313044131
0.35	0.0594618443064457
0.4	0.0679436222676407
0.45	0.07642035990796547
0.5	0.08489145887261568
0.55	0.09335632767598502
0.6	0.10181438164602649
0.65	0.11026504286900231
0.7	0.11870774013461989
0.75	0.12714190888155183
0.8	0.13556699114333684
0.85	0.14398243549465978
0.9	0.15238769699800794
0.95	0.16078223715070122
1.	0.1691655238322939
1.05	0.17753703125234568
1.1	0.18589623989855913
1.15	0.1942426364852821
1.2	0.20257571390237172
1.25	0.21089497116441824
1.3	0.21919991336032635
1.35	0.2274900516032516
1.4	0.23576490298088942
1.45	0.24402399050611503
1.5	0.25226684306797115
1.55	0.26049299538300197
1.6	0.26870198794693095
1.65	0.27689336698668005
1.7	0.2850666844127282
1.75	0.293221497771807
1.8	0.3013573701999315
1.85	0.30947387037576346
1.9	0.31757057247430553
1.95	0.32564705612092376
2.	0.3337029063456963
2.05	0.34173771353808674
2.1	0.3497510734019393
2.15	0.3577425869107938
2.2	0.3657118602635194
2.25	0.3736585048402631
2.3	0.38158213715871325
2.35	0.3894823788306741
2.4	0.3973588565189499
2.45	0.4052112018945379
2.5	0.4130390515941257
2.55	0.42084204717789336
2.6	0.428619835087617
2.65	0.4363720666050718
2.7	0.4440983978107336
2.75	0.4517984895427758
2.8	0.4594720073563605
2.85	0.4671186214832219
2.9	0.4747380067915392
2.95	0.48232984274609864
3.	0.4898938133687411
3.05	0.49742960719909496
3.1	0.504936917255591
3.15	0.5124154409967583
3.2	0.5198648802827992
3.25	0.5272849413374415
3.3	0.5346753347100656
3.35	0.5420357752381052
3.4	0.5493659820097204
3.45	0.5566656783267399
3.5	0.5639345916678713
3.55	0.5711724536521793
3.6	0.5783790000028263
3.65	0.5855539705110777
3.7	0.592697109000568
3.75	0.5998081632918256
3.8	0.6068868851670562
3.85	0.6139330303351824
3.9	0.6209463583971366
3.95	0.6279266328114079
4.	0.6348736208598393
4.05	0.6417870936136746
4.1	0.6486668258998527
4.15	0.655512596267549
4.2	0.6623241869549592
4.25	0.669101383856329
4.3	0.6758439764892222
4.35	0.6825517579620306
4.4	0.6892245249417206
4.45	0.6958620776218168
4.5	0.7024642196906217
4.55	0.7090307582996662
4.6	0.7155615040323948
4.65	0.7220562708730797
4.7	0.7285148761759627
4.75	0.7349371406346275
4.8	0.7413228882515944
4.85	0.7476719463081416
4.9	0.7539841453343479
4.95	0.7602593190793573
5.	0.7664973044818643
5.05	0.7726979416408157
5.1	0.778861073786331
5.15	0.7849865472508375
5.2	0.7910742114404195
5.25	0.7971239188063806
5.3	0.803135524817017
5.35	0.8091088879296
5.4	0.8150438695625684
5.45	0.8209403340679257
5.5	0.8267981487038455
5.55	0.8326171836074795
5.6	0.8383973117679686
5.65	0.8441384089996563
5.7	0.8498403539155015
5.75	0.8555030279006904
5.8	0.8611263150864471
5.85	0.8667101023240378
5.9	0.8722542791589729
5.95	0.8777587378054006
6.	0.883223373120694
6.05	0.8886480825802282
6.1	0.8940327662523486
6.15	0.8993773267735259
6.2	0.9046816693236996
6.25	0.9099457016018074
6.3	0.9151693338014986
6.35	0.9203524785870308
6.4	0.9254950510693509
6.45	0.9305969687823539
6.5	0.935658151659324
6.55	0.9406785220095535
6.6	0.9456580044951388
6.65	0.9505965261079528
6.7	0.955494016146792
6.75	0.9603504061946982
6.8	0.9651656300964524
6.85	0.9699396239362392
6.9	0.9746723260154837
6.95	0.9793636768308551
7.	0.9840136190524403
7.05	0.9886220975020835
7.1	0.9931890591318914
7.15	0.9977144530029034
7.2	1.002198230263925
7.25	1.0066403441305245
7.3	1.0110407498641898
7.35	1.0153994047516461
7.4	1.0197162680843324
7.45	1.0239913011380366
7.5	1.028224467152687
7.55	1.0324157313123001
7.6	1.036565060725083
7.65	1.0406724244036893
7.7	1.0447377932456294
7.75	1.0487611400138295
7.8	1.0527424393173446
7.85	1.0566816675922184
7.9	1.060578803082494
7.95	1.0644338258213708
8.	1.0682467176125081
8.05	1.0720174620114753
8.1	1.0757460443073454
8.15	1.079432451504434
8.2	1.0830766723041785
8.25	1.0866786970871607
8.3	1.0902385178952698
8.35	1.0937561284140045
8.4	1.097231523954915
8.45	1.1006647014381816
8.5	1.1040556593753312
8.55	1.1074043978520887
8.6	1.1107109185113646
8.65	1.113975224536376
8.7	1.1171973206339003
8.75	1.1203772130176628
8.8	1.1235149093918528
8.85	1.1266104189347736
8.9	1.1296637522826198
8.95	1.132674921513383
9.	1.1356439401308864
9.05	1.1385708230489469
9.1	1.1414555865756597
9.15	1.144298248397814
9.2	1.1470988275654252
9.25	1.1498573444763989
9.3	1.1525738208613105
9.35	1.1552482797683103
9.4	1.1578807455481486
9.45	1.16047124383932
9.5	1.1630198015533284
9.55	1.165526446860069
9.6	1.1679912091733282
9.65	1.1704141191364015
9.7	1.1727952086078246
9.75	1.1751345106472226
9.8	1.1774320595012713
9.85	1.179687890589773
9.9	1.1819020404918452
9.95	1.1840745469322205
10.	1.1862054487676588
10.05	1.1882947859734678
10.1	1.1903425996301358
10.15	1.1923489319100713
10.2	1.194313826064451
10.25	1.196237326410177
10.3	1.1981194783169378
10.35	1.1999603281943763
10.4	1.201759923479364
10.45	1.2035183126233775
10.5	1.2052355450799814
10.55	1.2069116712924104
10.6	1.2085467426812566
10.65	1.2101408116322572
10.7	1.2116939314841828
10.75	1.2132061565168266
10.8	1.2146775419390907
10.85	1.2161081438771744
10.9	1.2174980193628573
10.95	1.218847226321882
11.	1.2201558235624312
11.05	1.2214238707637033
11.1	1.22265142846458
11.15	1.2238385580523914
11.2	1.2249853217517739
11.25	1.2260917826136197
11.3	1.2271580045041224
11.35	1.22818405209391
11.4	1.2291699908472733
11.45	1.2301158870114826
11.5	1.231021807606194
11.55	1.2318878204129475
11.6	1.2327139939647502
11.65	1.233500397535751
11.7	1.2342471011310006
11.75	1.234954175476298
11.8	1.2356216920081262
11.85	1.2362497228636686
11.9	1.2368383408709156
11.95	1.2373876195388511
12.	1.2378976330477258
12.05	1.2383684562394115
12.1	1.23880016460784
12.15	1.2391928342895224
12.2	1.2395465420541498
12.25	1.2398613652952766
12.3	1.240137382021081
12.35	1.240374670845208
12.4	1.2405733109776897
12.45	1.2407333822159454
12.5	1.2408549649358578
12.55	1.2409381400829287
12.6	1.24098298916351
12.65	1.2409895942361113
12.7	1.2409580379027843
12.75	1.2408884033005796
12.8	1.2407807740930825
12.85	1.2406352344620182
12.9	1.2404518690989337
12.95	1.2402307631969516
13.	1.239972002442596
13.05	1.2396756730076923
13.1	1.2393418615413352
13.15	1.2389706551619308
13.2	1.2385621414493069
13.25	1.2381164084368952
13.3	1.2376335446039801
13.35	1.2371136388680197
13.4	1.2365567805770328
13.45	1.235963059502054
13.5	1.2353325658296581
13.55	1.2346653901545486
13.6	1.233961623472215
13.65	1.2332213571716548
13.7	1.2324446830281612
13.75	1.2316316931961753
13.8	1.2307824802022045
13.85	1.2298971369378027
13.9	1.2289757566526154
13.95	1.2280184329474872
14.	1.2270252597676334
14.05	1.2259963313958713
14.1	1.2249317424459154
14.15	1.2238315878557324
14.2	1.2226959628809586
14.25	1.2215249630883753
14.3	1.2203186843494471
14.35	1.2190772228339166
14.4	1.2178006750034602
14.45	1.216489137605402
14.5	1.2151427076664856
14.55	1.2137614824867038
14.6	1.2123455596331854
14.65	1.2108950369341391
14.7	1.2094100124728544
14.75	1.2078905845817567
14.8	1.2063368518365207
14.85	1.2047489130502365
14.9	1.2031268672676316
14.95	1.2014708137593484
15.	1.1997808520162732
15.05	1.1980570817439207
15.1	1.1962996028568713
15.15	1.1945085154732602
15.2	1.1926839199093209
15.25	1.1908259166739785
15.3	1.1889346064634956
15.35	1.1870100901561702
15.4	1.1850524688070827
15.45	1.1830618436428948
15.5	1.181038316056698
15.55	1.1789819876029113
15.6	1.17689295999223
15.65	1.1747713350866196
15.7	1.172617214894364
15.75	1.1704307015651563
15.8	1.1682118973852407
15.85	1.1659609047726018
15.9	1.1636778262721994
15.95	1.1613627645512514
16.	1.1590158223945626
16.05	1.1566371026998996
16.1	1.1542267084734121
16.15	1.1517847428250987
16.2	1.1493113089643172
16.25	1.146806510195342
16.3	1.1442704499129632
16.35	1.1417032315981308
16.4	1.1391049588136428
16.45	1.1364757351998764
16.5	1.1338156644705624
16.55	1.1311248504086011
16.6	1.128403396861923
16.65	1.1256514077393889
16.7	1.1228689870067328
16.75	1.1200562386825474
16.8	1.1172132668343084
16.85	1.114340175574441
16.9	1.111437069056427
16.95	1.1085040514709499
17.	1.1055412270420837
17.05	1.1025487000235172
17.1	1.0995265746948202
17.15	1.0964749553577473
17.2	1.0933939463325801
17.25	1.0902836519545096
17.3	1.0871441765700536
17.35	1.083975624533515
17.4	1.0807781002034753
17.45	1.0775517079393253
17.5	1.0742965520978338
17.55	1.071012737029753
17.6	1.0677003670764584
17.65	1.064359546566626
17.7	1.060990379812944
17.75	1.0575929711088636
17.8	1.0541674247253792
17.85	1.0507138449078477
17.9	1.0472323358728413
17.95	1.0437230018050339
18.	1.0401859468541226
18.05	1.0366212751317825
18.1	1.0330290907086541
18.15	1.0294094976113666
18.2	1.02576259981959
18.25	1.022088501263125
18.3	1.0183873058190205
18.35	1.0146591173087274
18.4	1.0109040394952815
18.45	1.0071221760805182
18.5	1.0033136307023218
18.55	0.9994785069319022
18.6	0.9956169082711045
18.65	0.991728938149749
18.7	0.9878146999230011
18.75	0.9838742968687726
18.8	0.9799078321851518
18.85	0.9759154089878642
18.9	0.9718971303077623
18.95	0.967853099088343
19.	0.963783418183299
19.05	0.9596881903540926
19.1	0.9555675182675627
19.15	0.9514215044935584
19.2	0.9472502515025999
19.25	0.9430538616635699
19.3	0.9388324372414295
19.35	0.934586080394964
19.4	0.9303148931745547
19.45	0.9260189775199767
19.5	0.9216984352582269
19.55	0.9173533681013744
19.6	0.91298387764444
19.65	0.9085900653633013
19.7	0.9041720326126217
19.75	0.8997298806238088
19.8	0.8952637105029949
19.85	0.8907736232290446
19.9	0.8862597196515872
19.95	0.8817221004890722
20.	0.8771608663268529
20.05	0.8725761176152916
20.1	0.8679679546678899
20.15	0.8633364776594437
20.2	0.8586817866242195
20.25	0.8540039814541592
20.3	0.8493031618971038
20.35	0.8445794275550417
20.4	0.8398328778823814
20.45	0.8350636121842449
20.5	0.8302717296147861
20.55	0.82545732917553
20.6	0.8206205097137349
20.65	0.8157613699207763
20.7	0.8108800083305524
20.75	0.8059765233179138
20.8	0.8010510130971112
20.85	0.7961035757202671
20.9	0.7911343090758678
20.95	0.786143310887275
21.	0.7811306787112621
21.05	0.776096509936567
21.1	0.7710409017824681
21.15	0.7659639512973794
21.2	0.7608657553574651
21.25	0.7557464106652771
21.3	0.7506060137484089
21.35	0.745444660958171
21.4	0.7402624484682858
21.45	0.7350594722735999
21.5	0.7298358281888193
21.55	0.7245916118472595
21.6	0.7193269186996173
21.65	0.7140418440127596
21.7	0.7087364828685306
21.75	0.7034109301625803
21.8	0.6980652806032065
21.85	0.6926996287102185
21.9	0.6873140688138176
21.95	0.6819086950534933
22.	0.6764836013769411
22.05	0.6710388815389944
22.1	0.6655746291005747
22.15	0.6600909374276595
22.2	0.6545878996902647
22.25	0.6490656088614484
22.3	0.6435241577163268
22.35	0.6379636388311091
22.4	0.6323841445821481
22.45	0.6267857671450059
22.5	0.6211685984935384
22.55	0.6155327303989939
22.6	0.6098782544291266
22.65	0.6042052619473283
22.7	0.5985138441117722
22.75	0.5928040918745767
22.8	0.58707609598098
22.85	0.5813299469685322
22.9	0.575565735166302
22.95	0.5697835506940968
23.	0.5639834834617005
23.05	0.5581656231681232
23.1	0.5523300593008663
23.15	0.5464768811352022
23.2	0.5406061777334664
23.25	0.5347180379443675
23.3	0.5288125504023068
23.35	0.5228898035267144
23.4	0.5169498855213988
23.45	0.5109928843739067
23.5	0.5050188878549028
23.55	0.4990279835175564
23.6	0.49302025869694494
23.65	0.4869958005094694
23.7	0.4809546958522813
23.75	0.4748970314027266
23.8	0.4688228936177978
23.85	0.4627323687336008
23.9	0.45662554276483475
23.95	0.4505025015042813
24.	0.444363330522311
24.05	0.4382081151663971
24.1	0.43203694056064423
24.15	0.4258498916053278
24.2	0.4196470529764441
24.25	0.41342850912527596
24.3	0.4071943442779655
24.35	0.40094464243510114
24.4	0.3946794873713149
24.45	0.3883989626348898
24.5	0.3821031515473822
24.55	0.375792137203251
24.6	0.3694660024694997
24.65	0.36312482998532974
24.7	0.3567687021618018
24.75	0.3503977011815127
24.8	0.3440119089982778
24.85	0.33761140733682665
24.9	0.33119627769250826
24.95	0.32476660133100504
25.	0.31832245928806074
25.05	0.3118639323692145
25.1	0.30539110114954643
25.15	0.2989040459734335
25.2	0.2924028469543127
25.25	0.28588758397445824
25.3	0.2793583366847641
25.35	0.2728151845045381
25.4	0.26625820662130506
25.45	0.25968748199061725
25.5	0.25310308933587866
25.55	0.2465051071481733
25.6	0.23989361368610554
25.65	0.23326868697564834
25.7	0.22663040480999888
25.75	0.21997884474944707
25.8	0.21331408412124805
25.85	0.20663620001950583
25.9	0.1999452693050651
25.95	0.19324136860540908
26.	0.18652457431457067
26.05	0.17979496259304673
26.1	0.173052609367723
26.15	0.1662975903318069
26.2	0.15952998094476636
26.25	0.15274985643228062
26.3	0.1459572917861945
26.35	0.1391523617644827
26.4	0.13233514089122164
26.45	0.1255057034565665
26.5	0.11866412351674041
26.55	0.11181047489402648
26.6	0.1049448311767694
26.65	0.09806726571938411
26.7	0.09117785164236959
26.75	0.08427666183233427
26.8	0.07736376894202371
26.85	0.07043924539035766
26.9	0.06350316336247395
26.95	0.05655559480977676
27.	0.04959661144999644
27.05	0.04262628476725116
27.1	0.035644686012117496
27.15	0.0286518862017076
27.2	0.021647956119750244
27.25	0.014632966316683274
27.3	0.007606987109747308
27.35	0.0005700885830881991
27.4	-0.006477659412134371
27.45	-0.013536187257634731
27.5	-0.020605425567877977
27.55	-0.02768530518995584
27.6	-0.03477575720345414
27.65	-0.04187671292031442
27.7	-0.04898810388469234
27.75	-0.05610986187280533
27.8	-0.06324191889277972
27.85	-0.07038420718448968
27.9	-0.07753665921939072
27.95	-0.08469920770035033
28.	-0.09187178556146808
28.05	-0.09905432596789554
28.1	-0.1062467623156484
28.15	-0.11344902823141338
28.2	-0.12066105757235258
28.25	-0.12788278442589765
28.3	-0.135114143109544
28.35	-0.14235506817063767
28.4	-0.14960549438615703
28.45	-0.15686535676249244
28.5	-0.16413459053521598
28.55	-0.1714131311688514
28.6	-0.17870091435663701
28.65	-0.185997876020284
28.7	-0.19330395230973252
28.75	-0.2006190796028985
28.8	-0.20794319450542062
28.85	-0.2152762338504011
28.9	-0.22261813469814126
28.95	-0.22996883433587612
29.	-0.23732827027749911
29.05	-0.24469638026328808
29.1	-0.25207310225962437
29.15	-0.259458374458708
29.2	-0.2668521352782713
29.25	-0.27425432336128336
29.3	-0.2816648775756558
29.35	-0.28908373701394213
29.4	-0.2965108409930334
29.45	-0.30394612905385193
29.5	-0.3113895409610374
29.55	-0.31884101670263315
29.6	-0.3263004964897673
29.65	-0.33376792075632933
29.7	-0.3412432301586469
29.75	-0.34872636557515263
29.8	-0.35621726810605375
29.85	-0.3637158790729951
29.9	-0.371222140018719
29.95	-0.3787359927067248
30.	-0.386257379120919
30.05	-0.3937862414652682
30.1	-0.40132252216344616
30.15	-0.40886616385847724
30.2	-0.4164171094123801
30.25	-0.42397530190580246
30.3	-0.4315406846376584
30.35	-0.4391132011247601
30.4	-0.44669279510144666
30.45	-0.4542794105192127
30.5	-0.4618729915463285
30.55	-0.46947348256746313
30.6	-0.477080828183302
30.65	-0.4846949732101616
30.7	-0.4923158626796043
30.75	-0.49994344183804523
30.8	-0.5075776561463617
30.85	-0.5152184512794978
30.9	-0.5228657731260662
30.95	-0.53051956778795
31.	-0.5381797815798968
31.05	-0.5458463610291168
31.1	-0.5535192528748737
31.15	-0.5611984040680756
31.2	-0.5688837617708647
31.25	-0.5765752733561998
31.3	-0.5842728864074423
31.35	-0.591976548717937
31.4	-0.5996862082905909
31.45	-0.6074018133374522
31.5	-0.6151233122792826
31.55	-0.6228506537451319
31.6	-0.6305837865719094
31.65	-0.6383226598039511
31.7	-0.6460672226925901
31.75	-0.6538174246957181
31.8	-0.6615732154773508
31.85	-0.669334544907189
31.9	-0.6771013630601774
31.95	-0.6848736202160651
32.	-0.6926512668589582
32.05	-0.7004342536768757
32.1	-0.7082225315613049
32.15	-0.7160160516067456
32.2	-0.723814765110269
32.25	-0.7316186235710554
32.3	-0.7394275786899495
32.35	-0.7472415823690004
32.4	-0.7550605867110031
32.45	-0.7628845440190467
32.5	-0.7707134067960468
32.55	-0.7785471277442916
32.6	-0.7863856597649763
32.65	-0.794228955957736
32.7	-0.8020769696201882
32.75	-0.8099296542474573
32.8	-0.8177869635317152
32.85	-0.8256488513617081
32.9	-0.8335152718222837
32.95	-0.8413861791939272
33.	-0.8492615279522799
33.05	-0.8571412727676734
33.1	-0.8650253685046508
33.15	-0.8729137702214885
33.2	-0.880806433169726
33.25	-0.8887033127936793
33.3	-0.89660436472997
33.35	-0.9045095448070412
33.4	-0.9124188090446737
33.45	-0.9203321136535118
33.5	-0.9282494150345709
33.55	-0.9361706697787628
33.6	-0.9440958346664063
33.65	-0.9520248666667391
33.7	-0.9599577229374395
33.75	-0.9678943608241297
33.8	-0.9758347378598965
33.85	-0.9837788117647986
33.9	-0.9917265404453747
33.95	-0.99967788199416
34.	-1.007632794689188
34.05	-1.0155912369935058
34.1	-1.0235531675546792
34.15	-1.0315185452042963
34.2	-1.0394873289574822
34.25	-1.0474594780123967
34.3	-1.0554349517497463
34.35	-1.0634137097322875
34.4	-1.071395711704327
34.45	-1.0793809175912337
34.5	-1.087369287498933
34.55	-1.0953607817134188
34.6	-1.103355360700251
34.65	-1.1113529851040564
34.7	-1.1193536157480364
34.75	-1.1273572136334609
34.8	-1.135363739939176
34.85	-1.1433731560211031
34.9	-1.151385423411734
34.95	-1.15940050381964
35.	-1.167418359128962
35.05	-1.1754389513989187
35.1	-1.1834622428633021
35.15	-1.1914881959299732
35.2	-1.1995167731803682
35.25	-1.207547937368989
35.3	-1.2155816514229087
35.35	-1.2236178784412672
35.4	-1.231656581694765
35.45	-1.2396977246251708
35.5	-1.2477412708448077
35.55	-1.2557871841360613
35.6	-1.2638354284508726
35.65	-1.271885967910233
35.7	-1.2799387668036888
35.75	-1.287993789588831
35.8	-1.2960510008907988
35.85	-1.3041103655017763
35.9	-1.3121718483804836
35.95	-1.3202354146516848
36.	-1.328301029605675
36.05	-1.336368658697786
36.1	-1.3444382675478814
36.15	-1.3525098219398497
36.2	-1.3605832878211108
36.25	-1.368658631302105
36.3	-1.3767358186557985
36.35	-1.3848148163171783
36.4	-1.3928955908827478
36.45	-1.400978109110032
36.5	-1.4090623379170684
36.55	-1.4171482443819128
36.6	-1.4252357957421353
36.65	-1.4333249593943171
36.7	-1.4414157028935561
36.75	-1.4495079939529592
36.8	-1.457601800443149
36.85	-1.465697090391762
36.9	-1.473793831982945
36.95	-1.4818919935568633
37.	-1.4899915436091937
37.05	-1.4980924507906335
37.1	-1.506194683906399
37.15	-1.5142982119157242
37.2	-1.522403003931371
37.25	-1.5305090292191224
37.3	-1.5386162571972952
37.35	-1.5467246574362388
37.4	-1.554834199657836
37.45	-1.5629448537350155
37.5	-1.5710565896912476
37.55	-1.579169377700057
37.6	-1.5872831880845257
37.65	-1.5953979913167946
37.7	-1.6035137580175787
37.75	-1.6116304589556651
37.8	-1.6197480650474279
37.85	-1.627866547356333
37.9	-1.6359858770924431
37.95	-1.6441060256119344
38.	-1.6522269644165972
38.05	-1.6603486651533534
38.1	-1.6684710996137646
38.15	-1.6765942397335378
38.2	-1.6847180575920473
38.25	-1.6928425254118358
38.3	-1.700967615558136
38.35	-1.70909330053838
38.4	-1.7172195530017103
38.45	-1.7253463457385019
38.5	-1.7334736516798679
38.55	-1.7416014438971839
38.6	-1.7497296956015997
38.65	-1.757858380143554
38.7	-1.7659874710122991
38.75	-1.7741169418354108
38.8	-1.7822467663783133
38.85	-1.7903769185437977
38.9	-1.798507372371537
38.95	-1.8066381020376154
39.	-1.8147690818540407
39.05	-1.8229002862682748
39.1	-1.8310316898627517
39.15	-1.8391632673543996
39.2	-1.8472949935941716
39.25	-1.8554268435665624
39.3	-1.8635587923891415
39.35	-1.8716908153120766
39.4	-1.8798228877176564
39.45	-1.887954985119828
39.5	-1.8960870831637153
39.55	-1.9042191576251561
39.6	-1.9123511844102299
39.65	-1.9204831395547846
39.7	-1.9286149992239758
39.75	-1.9367467397117917
39.8	-1.9448783374405927
39.85	-1.9530097689606423
39.9	-1.961141010949639
39.95	-1.96927204021226
40.	-1.977402833679688
40.05	-1.9855333684091558
40.1	-1.9936636215834826
40.15	-2.0017935705106082
40.2	-2.0099231926231407
40.25	-2.018052465477888
40.3	-2.026181366755408
40.35	-2.0343098742595465
40.4	-2.0424379659169762
40.45	-2.0505656197767506
40.5	-2.058692814009837
40.55	-2.066819526908673
40.6	-2.0749457368867064
40.65	-2.083071422477942
40.7	-2.091196562336496
40.75	-2.0993211352361367
40.8	-2.1074451200698423
40.85	-2.115568495849348
40.9	-2.1236912417046954
40.95	-2.1318133368837917
41.	-2.1399347607519545
41.05	-2.1480554927914763
41.1	-2.1561755126011732
41.15	-2.164294799895939
41.2	-2.172413334506313
41.25	-2.180531096378023
41.3	-2.1886480655715594
41.35	-2.1967642222617267
41.4	-2.2048795467372027
41.45	-2.212994019400108
41.5	-2.22110762076556
41.55	-2.2292203314612453
41.6	-2.2373321322269786
41.65	-2.2454430039142674
41.7	-2.2535529274858845
41.75	-2.261661884015429
41.8	-2.2697698546868983
41.85	-2.2778768207942597
41.9	-2.285982763741013
41.95	-2.294087665039771
42.	-2.3021915063118237
42.05	-2.310294269286719
42.1	-2.3183959358018327
42.15	-2.3264964878019416
42.2	-2.334595907338806
42.25	-2.3426941765707405
42.3	-2.3507912777621973
42.35	-2.3588871932833433
42.4	-2.3669819056096366
42.45	-2.3750753973214156
42.5	-2.3831676511034723
42.55	-2.391258649744643
42.6	-2.3993483761373895
42.65	-2.4074368132773794
42.7	-2.415523944263082
42.75	-2.423609752295345
42.8	-2.431694220676992
42.85	-2.4397773328124073
42.9	-2.447859072207121
42.95	-2.4559394224674116
43.	-2.4640183672998863
43.05	-2.472095890511084
43.1	-2.4801719760070635
43.15	-2.4882466077929988
43.2	-2.49631976997278
43.25	-2.504391446748604
43.3	-2.5124616224205782
43.35	-2.52053028138632
43.4	-2.5285974081405493
43.45	-2.5366629872747013
43.5	-2.544727003476518
43.55	-2.5527894415296606
43.6	-2.560850286313309
43.65	-2.568909522801766
43.7	-2.57696713606407
43.75	-2.585023111263594
43.8	-2.5930774336576623
43.85	-2.6011300885971567
43.9	-2.6091810615261233
43.95	-2.617230337981392
44.	-2.6252779035921816
44.05	-2.6333237440797195
44.1	-2.6413678452568545
44.15	-2.649410193027669
44.2	-2.6574507733871027
44.25	-2.6654895724205625
44.3	-2.67352657630355
44.35	-2.6815617713012765
44.4	-2.689595143768282
44.45	-2.6976266801480637
44.5	-2.7056563669726925
44.55	-2.7136841908624425
44.6	-2.7217101385254145
44.65	-2.729734196757158
44.7	-2.7377563524403072
44.75	-2.7457765925441997
44.8	-2.7537949041245144
44.85	-2.7618112743228975
44.9	-2.769825690366592
44.95	-2.777838139568077
45.	-2.785848609324694
45.05	-2.7938570871182864
45.1	-2.801863560514835
45.15	-2.80986801716409
45.2	-2.8178704447992162
45.25	-2.8258708312364234
45.3	-2.833869164374615
45.35	-2.841865432195023
45.4	-2.849859622760851
45.45	-2.8578517242169195
45.5	-2.865841724789306
45.55	-2.873829612784996
45.6	-2.881815376591524
45.65	-2.889799004676622
45.7	-2.8977804855878704
45.75	-2.9057598079523412
45.8	-2.9137369604762573
45.85	-2.9217119319446376
45.9	-2.9296847112209483
45.95	-2.9376552872467627
46.	-2.945623649041409
46.05	-2.9535897857016318
46.1	-2.9615536864012455
46.15	-2.9695153403907897
46.2	-2.9774747369971957
46.25	-2.9854318656234358
46.3	-2.9933867157481937
46.35	-3.0013392769255227
46.4	-3.0092895387845044
46.45	-3.017237491028921
46.5	-3.0251831234369106
46.55	-3.0331264258606443
46.6	-3.0410673882259847
46.65	-3.049006000532155
46.7	-3.056942252851414
46.75	-3.0648761353287166
46.8	-3.072807638181396
46.85	-3.080736751698829
46.9	-3.0886634662421084
46.95	-3.096587772243723
47.	-3.1045096602072273
47.05	-3.112429120706922
47.1	-3.1203461443875296
47.15	-3.128260721963871
47.2	-3.1361728442205505
47.25	-3.1440825020116283
47.3	-3.15198968626031
47.35	-3.159894387958626
47.4	-3.1677965981671106
47.45	-3.1756963080144964
47.5	-3.183593508697388
47.55	-3.1914881914799604
47.6	-3.1993803476936393
47.65	-3.2072699687367896
47.7	-3.215157046074411
47.75	-3.2230415712378204
47.8	-3.230923535824352
47.85	-3.238802931497046
47.9	-3.246679749984339
47.95	-3.2545539830797665
48.	-3.262425622641651
48.05	-3.2702946605928047
48.1	-3.278161088920226
48.15	-3.2860248996747927
48.2	-3.2938860849709717
48.25	-3.3017446369865096
48.3	-3.3096005479621433
48.35	-3.3174538102012976
48.4	-3.3253044160697893
48.45	-3.333152357995535
48.5	-3.3409976284682528
48.55	-3.348840220039173
48.6	-3.3566801253207452
48.65	-3.364517336986343
48.7	-3.3723518477699805
48.75	-3.3801836504660163
48.8	-3.3880127379288707
48.85	-3.3958391030727366
48.9	-3.403662738871291
48.95	-3.411483638357414
49.	-3.419301794622899
49.05	-3.4271172008181763
49.1	-3.434929850152026
49.15	-3.442739735891295
49.2	-3.4505468513606243
49.25	-3.4583511899421597
49.3	-3.4661527450752816
49.35	-3.4739515102563248
49.4	-3.4817474790382974
49.45	-3.489540645030615
49.5	-3.4973310018988153
49.55	-3.5051185433642944
49.6	-3.5129032632040276
49.65	-3.5206851552502982
49.7	-3.528464213390432
49.75	-3.5362404315665197
49.8	-3.544013803775156
49.85	-3.551784324067167
49.9	-3.559551986547343
49.95	-3.567316785374174
50.	-3.575078714759618
50.05	-3.5828377689342457
50.1	-3.590593942273829
50.15	-3.5983472291561096
50.2	-3.6060976239866687
50.25	-3.6138451212158973
50.3	-3.6215897153553454
50.35	-3.629331401005638
50.4	-3.637070172817038
50.45	-3.644806025451179
50.5	-3.65253895364637
50.55	-3.660268952183936
50.6	-3.667996015895974
50.65	-3.6757201396580856
50.7	-3.6834413184224855
50.75	-3.6911595471487666
50.8	-3.698874820899923
50.85	-3.70658713469079
50.9	-3.7142964837089965
50.95	-3.722002863148405
51.	-3.72970626820955
51.05	-3.737406694165845
51.1	-3.7451041363498936
51.15	-3.752798590088294
51.2	-3.760490050828016
51.25	-3.768178514029883
51.3	-3.775863975203932
51.35	-3.783546429925836
51.4	-3.79122587377986
51.45	-3.798902302410537
51.5	-3.8065757115495273
51.55	-3.814246096941069
51.6	-3.8219134543431244
51.65	-3.829577779565367
51.7	-3.837239068509589
51.75	-3.84489731712184
51.8	-3.8525525213592466
51.85	-3.860204677231696
51.9	-3.8678537808043107
51.95	-3.8754998281471185
52.	-3.883142815422263
52.05	-3.8907827387745635
52.1	-3.898419594468623
52.15	-3.9060533787841814
52.2	-3.913684088039106
52.25	-3.921311718539659
52.3	-3.928936266740597
52.35	-3.9365577290932467
52.4	-3.944176102068674
52.45	-3.9517913821640787
52.5	-3.9594035659461144
52.55	-3.967012650026712
52.6	-3.974618631076346
52.65	-3.9822215057771118
52.7	-3.989821270868131
52.75	-3.9974179231171068
52.8	-4.005011459304579
52.85	-4.012601876284402
52.9	-4.020189170954029
52.95	-4.027773340239584
53.	-4.035354381127364
53.05	-4.04293229058693
53.1	-4.050507065688851
53.15	-4.058078703537176
53.2	-4.065647201245722
53.25	-4.073212555962674
53.3	-4.080774764924238
53.35	-4.088333825273761
53.4	-4.0958897343471925
53.45	-4.103442489432793
53.5	-4.110992087915411
53.55	-4.118538527195898
53.6	-4.126081804670814
53.65	-4.133621917753717
53.7	-4.141158863991232
53.75	-4.14869264089757
53.8	-4.1562232460343544
53.85	-4.163750677004253
53.9	-4.171274931445686
53.95	-4.178796007052089
54.	-4.1863139015275
54.05	-4.193828612611733
54.1	-4.201340138096162
54.15	-4.2088484757909805
54.2	-4.216353623520042
54.25	-4.2238555791412224
54.3	-4.231354340609926
54.35	-4.238849905900132
54.4	-4.246342272978675
54.45	-4.253831439807898
54.5	-4.261317404501663
54.55	-4.268800165113977
54.6	-4.276279719780228
54.65	-4.283756066609446
54.7	-4.291229203814351
54.75	-4.298699129580981
54.8	-4.306165842197358
54.85	-4.313629339913733
54.9	-4.3210896210457355
54.95	-4.328546683954289
55.	-4.3360005269932715
55.05	-4.343451148535093
55.1	-4.350898547033501
55.15	-4.358342720974851
55.2	-4.365783668851054
55.25	-4.373221389166937
55.3	-4.380655880470704
55.35	-4.388087141375613
55.4	-4.395515170482419
55.45	-4.402939966453963
55.5	-4.410361527960265
55.55	-4.417779853688934
55.6	-4.425194942381525
55.65	-4.432606792811877
55.7	-4.440015403783546
55.75	-4.4474207741291005
55.8	-4.454822902686518
55.85	-4.462221788282245
55.9	-4.4696174298879585
55.95	-4.477009826416415
56.	-4.484398976836047
56.05	-4.491784880129559
56.1	-4.49916753532478
56.15	-4.506546941443581
56.2	-4.5139230975721985
56.25	-4.521296002812581
56.3	-4.528665656313328
56.35	-4.536032057226257
56.4	-4.543395204701968
56.45	-4.550755097935051
56.5	-4.558111736206432
56.55	-4.565465118791607
56.6	-4.572815244959407
56.65	-4.580162113976944
56.7	-4.587505725189422
56.75	-4.594846077988786
56.8	-4.602183171754202
56.85	-4.609517005918886
56.9	-4.616847579920583
56.95	-4.624174893188192
57.	-4.631498945214672
57.05	-4.63881973551602
57.1	-4.646137263635095
57.15	-4.653451529174957
57.2	-4.6607625317066494
57.25	-4.668070270749649
57.3	-4.675374746024567
57.35	-4.682675957198817
57.4	-4.689973903934223
57.45	-4.697268585934352
57.5	-4.70456000294227
57.55	-4.711848154673689
57.6	-4.719133040911389
57.65	-4.726414661442285
57.7	-4.733693016096447
57.75	-4.740968104742131
57.8	-4.748239927227207
57.85	-4.7555084834280406
57.9	-4.762773773259015
57.95	-4.770035796676415
58.	-4.777294553643703
58.05	-4.784550044080884
58.1	-4.791802267990082
58.15	-4.799051225421952
58.2	-4.806296916423492
58.25	-4.813539341027179
58.3	-4.820778499338964
58.35	-4.828014391447924
58.4	-4.835247017502102
58.45	-4.842476377615152
58.5	-4.849702471951028
58.55	-4.856925300669266
58.6	-4.86414486401298
58.65	-4.871361162180961
58.7	-4.8785741954530755
58.75	-4.885783964087897
58.8	-4.892990468375758
58.85	-4.900193708626643
58.9	-4.907393685150056
58.95	-4.914590398273243
59.	-4.921783848352264
59.05	-4.928974035815077
59.1	-4.936160961058573
59.15	-4.943344624477
59.2	-4.950525026513536
59.25	-4.957702167626179
59.3	-4.96487604831003
59.35	-4.972046669055462
59.4	-4.979214030335688
59.45	-4.986378132642269
59.5	-4.993538976612274
59.55	-5.000696562795536
59.6	-5.007850891766594
59.65	-5.015001964121984
59.7	-5.022149780505441
59.75	-5.0292943415237135
59.8	-5.036435647853924
59.85	-5.043573700128097
59.9	-5.050708499054994
59.95	-5.057840045374914
60.	-5.064968339779984
60.05	-5.072093382992398
60.1	-5.079215175798648
60.15	-5.086333718972252
60.2	-5.093449013283964
60.25	-5.100561059474902
60.3	-5.107669858425472
60.35	-5.11477541098396
60.4	-5.121877718004695
60.45	-5.128976780337875
60.5	-5.136072598881378
60.55	-5.143165174514304
60.6	-5.150254508164589
60.65	-5.157340600771828
60.7	-5.164423453252515
60.75	-5.1715030665892
60.8	-5.178579441765464
60.85	-5.185652579730905
60.9	-5.192722481536825
60.95	-5.19978914819224
61.	-5.20685258075985
61.05	-5.213912780224902
61.1	-5.220969747658594
61.15	-5.228023484089096
61.2	-5.235073990676338
61.25	-5.242121268533358
61.3	-5.249165318815424
61.35	-5.256206142629783
61.4	-5.26324374109345
61.45	-5.270278115350366
61.5	-5.277309266620085
61.55	-5.284337196099226
61.6	-5.2913619049509455
61.65	-5.298383394387925
61.7	-5.305401665649092
61.75	-5.312416720010251
61.8	-5.319428558697509
61.85	-5.326437182971055
61.9	-5.333442594130234
61.95	-5.34044479341323
62.	-5.347443782167485
62.05	-5.354439561696617
62.1	-5.361432133319585
62.15	-5.368421498404865
62.2	-5.3754076583280614
62.25	-5.382390614404925
62.3	-5.3893703680497
62.35	-5.396346920655856
62.4	-5.403320273619848
62.45	-5.410290428314571
62.5	-5.417257386232476
62.55	-5.424221148766228
62.6	-5.431181717370638
62.65	-5.438139093503435
62.7	-5.445093278649711
62.75	-5.45204427430943
62.8	-5.458992081937538
62.85	-5.465936703020088
62.9	-5.472878139098671
62.95	-5.479816391728966
63.	-5.486751462434875
63.05	-5.493683352716546
63.1	-5.500612064185158
63.15	-5.507537598425276
63.2	-5.514459956977957
63.25	-5.521379141426304
63.3	-5.528295153379858
63.35	-5.5352079944674015
63.4	-5.542117666283793
63.45	-5.549024170486129
63.5	-5.5559275087101545
63.55	-5.562827682611461
63.6	-5.569724693821973
63.65	-5.57661854398542
63.7	-5.583509234844302
63.75	-5.590396768090653
63.8	-5.597281145400488
63.85	-5.604162368440281
63.9	-5.611040438932737
63.95	-5.617915358658006
64.	-5.624787129350807
64.05	-5.631655752734539
64.1	-5.638521230557263
64.15	-5.645383564561051
64.2	-5.652242756532413
64.25	-5.659098808270736
64.3	-5.665951721528317
64.35	-5.672801498128206
64.4	-5.679648139901325
64.45	-5.686491648611642
64.5	-5.69333202610713
64.55	-5.700169274233816
64.6	-5.707003394784344
64.65	-5.713834389596259
64.7	-5.720662260625159
64.75	-5.727487009649777
64.8	-5.734308638549539
64.85	-5.741127149216098
64.9	-5.747942543538389
64.95	-5.75475482340257
65.	-5.761563990697155
65.05	-5.76837004733973
65.1	-5.775172995241229
65.15	-5.781972836365374
65.2	-5.788769572629661
65.25	-5.795563205942365
65.3	-5.802353738249255
65.35	-5.809141171525065
65.4	-5.815925507763047
65.45	-5.82270674889121
65.5	-5.829484896850116
65.55	-5.836259953640055
65.6	-5.843031921277678
65.65	-5.8498008017630765
65.7	-5.856566597112504
65.75	-5.8633293093152465
65.8	-5.8700889403719465
65.85	-5.876845492263172
65.9	-5.883598967036939
65.95	-5.890349366732133
66.	-5.897096693415958
66.05	-5.903840949116147
66.1	-5.910582135905175
66.15	-5.917320255838174
66.2	-5.92405531098315
66.25	-5.930787303375436
66.3	-5.937516235147524
66.35	-5.944242108320932
66.4	-5.950964924995183
66.45	-5.9576846872495866
66.5	-5.964401397222083
66.55	-5.971115057035912
66.6	-5.977825668808128
66.65	-5.9845332346392315
66.7	-5.991237756615386
66.75	-5.997939236881779
66.8	-6.004637677544402
66.85	-6.0113330807303935
66.9	-6.0180254486281815
66.95	-6.024714783377761
67.	-6.031401087145654
67.05	-6.0380843620661055
67.1	-6.044764610327866
67.15	-6.051441834117433
67.2	-6.0581160356026285
67.25	-6.064787216873157
67.3	-6.071455380150788
67.35	-6.078120527643041
67.4	-6.084782661565546
67.45	-6.091441784095894
67.5	-6.098097897448883
67.55	-6.104751003800204
67.6	-6.111401105353009
67.65	-6.118048204344293
67.7	-6.124692302975586
67.75	-6.131333403493577
67.8	-6.137971508128084
67.85	-6.14460661909218
67.9	-6.151238738629513
67.95	-6.157867868967608
68.	-6.164494012342772
68.05	-6.171117170981403
68.1	-6.177737347189037
68.15	-6.184354543220305
68.2	-6.190968761330942
68.25	-6.197580003757516
68.3	-6.20418827277766
68.35	-6.210793570658093
68.4	-6.217395899667466
68.45	-6.223995262095199
68.5	-6.230591660203308
68.55	-6.2371850962996875
68.6	-6.243775572667674
68.65	-6.2503630915656885
68.7	-6.256947655309501
68.75	-6.263529266209007
68.8	-6.270107926604528
68.85	-6.276683638785407
68.9	-6.283256405006185
68.95	-6.289826227539326
69.	-6.296393108758208
69.05	-6.3029570509717106
69.1	-6.309518056543558
69.15	-6.316076127760372
69.2	-6.322631266891448
69.25	-6.329183476327479
69.3	-6.335732758420497
69.35	-6.342279115469897
69.4	-6.348822549819666
69.45	-6.355363063786579
69.5	-6.361900659737135
69.55	-6.368435340008861
69.6	-6.3749671069511935
69.65	-6.381495962925529
69.7	-6.388021910273905
69.75	-6.3945449513073
69.8	-6.401065088426297
69.85	-6.40758232397733
69.9	-6.414096660327345
69.95	-6.4206080998424335
70.	-6.427116644866305
70.05	-6.433622297764396
70.1	-6.4401250609321155
70.15	-6.446624936771256
70.2	-6.453121927613967
70.25	-6.459616035783434
70.3	-6.466107263693453
70.35	-6.472595613770061
70.4	-6.479081088369799
70.45	-6.485563689871218
70.5	-6.4920434206798285
70.55	-6.498520283167712
70.6	-6.504994279736207
70.65	-6.51146541271156
70.7	-6.5179336845197104
70.75	-6.524399097584203
70.8	-6.530861654300909
70.85	-6.537321356996567
70.9	-6.543778208109646
70.95	-6.550232210043931
71.	-6.55668336522518
71.05	-6.563131676027452
71.1	-6.569577144872845
71.15	-6.57601977415857
71.2	-6.582459566272076
71.25	-6.588896523634254
71.3	-6.595330648677146
71.35	-6.60176194377761
71.4	-6.608190411331259
71.45	-6.614616053757814
71.5	-6.621038873533069
71.55	-6.627458873016249
71.6	-6.6338760546352935
71.65	-6.640290420778969
71.7	-6.64670197387769
71.75	-6.653110716378725
71.8	-6.659516650695845
71.85	-6.665919779223323
71.9	-6.6723201044056095
71.95	-6.678717628659446
72.	-6.685112354371039
72.05	-6.691504283991945
72.1	-6.697893419948714
72.15	-6.704279764660708
72.2	-6.710663320570035
72.25	-6.717044090086076
72.3	-6.723422075644236
72.35	-6.72979727967047
72.4	-6.736169704548335
72.45	-6.742539352694596
72.5	-6.748906226604349
72.55	-6.755270328696051
72.6	-6.761631661404199
72.65	-6.767990227131498
72.7	-6.77434602832378
72.75	-6.78069906739315
72.8	-6.787049346754454
72.85	-6.79339686889117
72.9	-6.799741636203643
72.95	-6.806083651140624
73.	-6.812422916161312
73.05	-6.81875943361785
73.1	-6.825093205964704
73.15	-6.831424235649006
73.2	-6.837752525115564
73.25	-6.844078076731941
73.3	-6.850400892931623
73.35	-6.856720976187607
73.4	-6.863038328952736
73.45	-6.869352953642824
73.5	-6.87566485273352
73.55	-6.881974028632473
73.6	-6.888280483722425
73.65	-6.894584220436365
73.7	-6.900885241200333
73.75	-6.9071835484626245
73.8	-6.913479144673821
73.85	-6.919772032232264
73.9	-6.926062213568222
73.95	-6.93234969115372
74.	-6.93863446743043
74.05	-6.944916544789783
74.1	-6.951195925623474
74.15	-6.957472612350979
74.2	-6.963746607464725
74.25	-6.970017913355565
74.3	-6.976286532436581
74.35	-6.9825524671238695
74.4	-6.988815719878829
74.45	-6.9950762931621595
74.5	-7.001334189337272
74.55	-7.007589410867695
74.6	-7.013841960180782
74.65	-7.020091839652425
74.7	-7.026339051713554
74.75	-7.032583598809613
74.8	-7.038825483327251
74.85	-7.045064707700146
74.9	-7.051301274317607
74.95	-7.05753518563756
75.	-7.063766444045197
75.05	-7.06999505195695
75.1	-7.076221011809441
75.15	-7.082444326046679
75.2	-7.08866499709124
75.25	-7.094883027301387
75.3	-7.101098419077325
75.35	-7.107311174856676
75.4	-7.11352129703501
75.45	-7.119728788020363
75.5	-7.125933650237565
75.55	-7.132135886101133
75.6	-7.138335498000979
75.65	-7.144532488343001
75.7	-7.150726859518567
75.75	-7.156918613926745
75.8	-7.163107753973348
75.85	-7.169294282047922
75.9	-7.175478200608943
75.95	-7.181659512044573
76.	-7.187838218719207
76.05	-7.194014322989996
76.1	-7.2001878272471895
76.15	-7.206358733922723
76.2	-7.212527045397282
76.25	-7.218692764060345
76.3	-7.22485589233259
76.35	-7.231016432624742
76.4	-7.237174387261236
76.45	-7.243329758610114
76.5	-7.249482549096952
76.55	-7.255632761100477
76.6	-7.261780396994565
76.65	-7.267925459161381
76.7	-7.274067949962282
76.75	-7.28020787178581
76.8	-7.286345227016546
76.85	-7.292480018012262
76.9	-7.298612247155943
76.95	-7.304741916793522
77.	-7.310869029290416
77.05	-7.316993587040951
77.1	-7.323115592427786
77.15	-7.329235047800741
77.2	-7.335351955492539
77.25	-7.341466317857817
77.3	-7.347578137254076
77.35	-7.353687416076465
77.4	-7.3597941567091265
77.45	-7.365898361477846
77.5	-7.372000032701493
77.55	-7.3780991727256096
77.6	-7.384195783953636
77.65	-7.39028986871303
77.7	-7.396381429318595
77.75	-7.402470468136018
77.8	-7.4085569874970085
77.85	-7.41464098975573
77.9	-7.420722477241766
77.95	-7.42680145230503
78.	-7.432877917272182
78.05	-7.4389518744457614
78.1	-7.4450233261749315
78.15	-7.451092274804402
78.2	-7.457158722664014
78.25	-7.463222672070293
78.3	-7.469284125345769
78.35	-7.475343084780296
78.4	-7.481399552743101
78.45	-7.487453531546517
78.5	-7.4935050234924105
78.55	-7.499554030889293
78.6	-7.505600556077079
78.65	-7.511644601342098
78.7	-7.517686168986264
78.75	-7.523725261312075
78.8	-7.529761880624463
78.85	-7.535796029242128
78.9	-7.54182770942677
78.95	-7.547856923483158
79.	-7.553883673742818
79.05	-7.559907962472045
79.1	-7.565929791967133
79.15	-7.571949164523409
79.2	-7.57796608244581
79.25	-7.583980548023138
79.3	-7.5899925635431895
79.35	-7.5960021312613195
79.4	-7.602009253440299
79.45	-7.608013932340841
79.5	-7.6140161702583615
79.55	-7.6200159694690015
79.6	-7.62601333224036
79.65	-7.632008260864107
79.7	-7.638000757577327
79.75	-7.643990824667462
79.8	-7.649978464387338
79.85	-7.655963678958683
79.9	-7.661946470654598
79.95	-7.667926841756339
80.	-7.67390479449279
80.05	-7.67988033112754
80.1	-7.6858534538852625
80.15	-7.691824165001389
80.2	-7.697792466724515
80.25	-7.703758361294718
80.3	-7.709721851035955
80.35	-7.715682938170345
80.4	-7.721641624882158
80.45	-7.727597913382677
80.5	-7.733551805915015
80.55	-7.7395033046895705
80.6	-7.74545241194525
80.65	-7.751399129885785
80.7	-7.75734346074233
80.75	-7.763285406724535
80.8	-7.769224970044079
80.85	-7.775162152903701
80.9	-7.78109695756196
80.95	-7.787029386232616
81.	-7.792959441113
81.05	-7.798887124369777
81.1	-7.8048124381982165
81.15	-7.810735384795652
81.2	-7.816655966350638
81.25	-7.822574185060718
81.3	-7.8284900431419935
81.35	-7.834403542782303
81.4	-7.84031468615799
81.45	-7.84622347544849
81.5	-7.852129912852433
81.55	-7.858034000526459
81.6	-7.863935740618146
81.65	-7.8698351353426235
81.7	-7.875732186847119
81.75	-7.881626897298926
81.8	-7.887519268865523
81.85	-7.89340930370088
81.9	-7.89929700397471
81.95	-7.90518237181994
82.	-7.911065409445918
82.05	-7.916946118960915
82.1	-7.92282450253404
82.15	-7.9287005622809525
82.2	-7.934574300344013
82.25	-7.940445718882987
82.3	-7.946314820066817
82.35	-7.952181606025659
82.4	-7.9580460788670795
82.45	-7.963908240705785
82.5	-7.969768093688043
82.55	-7.975625639934726
82.6	-7.981480881607883
82.65	-7.9873338208026246
82.7	-7.9931844596336665
82.75	-7.999032800193944
82.8	-8.00487884460621
82.85	-8.010722594951304
82.9	-8.016564053373461
82.95	-8.022403221996239
83.	-8.028240102911266
83.05	-8.03407469818071
83.1	-8.039907009913707
83.15	-8.045737040205832
83.2	-8.051564791151739
83.25	-8.057390264856224
83.3	-8.063213463395273
83.35	-8.069034388835506
83.4	-8.074853043256187
83.45	-8.080669428751168
83.5	-8.086483547404082
83.55	-8.092295401296148
83.6	-8.098104992497099
83.65	-8.10391232301517
83.7	-8.109717394949886
83.75	-8.11552021034889
83.8	-8.121320771287516
83.85	-8.127119079812012
83.9	-8.132915137964904
83.95	-8.138708947796617
84.	-8.144500511362638
84.05	-8.150289830699776
84.1	-8.156076907848734
84.15	-8.161861744906435
84.2	-8.167644343840713
84.25	-8.173424706674764
84.3	-8.179202835456714
84.35	-8.184978732230299
84.4	-8.190752399019646
84.45	-8.196523837826076
84.5	-8.202293050672072
84.55	-8.208060039590212
84.6	-8.213824806607091
84.65	-8.21958735371953
84.7	-8.225347682930437
84.75	-8.231105796235513
84.8	-8.236861695636087
84.85	-8.242615383173016
84.9	-8.248366860813045
84.95	-8.254116130545327
85.	-8.259863194347833
85.05	-8.26560805421679
85.1	-8.27135071213141
85.15	-8.277091170073279
85.2	-8.282829430029635
85.25	-8.288565493980206
85.3	-8.294299363919965
85.35	-8.300031041819143
85.4	-8.305760529648811
85.45	-8.311487829348739
85.5	-8.317212942882596
85.55	-8.322935872205885
85.6	-8.32865661927907
85.65	-8.334375186058363
85.7	-8.340091574474771
85.75	-8.34580578648863
85.8	-8.351517824054543
85.85	-8.357227689087257
85.9	-8.362935383597932
85.95	-8.368640909513514
86.	-8.37434426872276
86.05	-8.380045463148651
86.1	-8.385744494715814
86.15	-8.391441365383873
86.2	-8.397136077114405
86.25	-8.402828631780412
86.3	-8.408519031281237
86.35	-8.41420727750416
86.4	-8.419893372394863
86.45	-8.425577317867116
86.5	-8.431259115831683
86.55	-8.436938768173807
86.6	-8.442616276797816
86.65	-8.448291643624227
86.7	-8.453964870560267
86.75	-8.459635959471987
86.8	-8.465304912237327
86.85	-8.470971730738022
86.9	-8.4766364168565
86.95	-8.482298972461837
87.	-8.487959399475734
87.05	-8.49361769976492
87.1	-8.49927387517366
87.15	-8.504927927563216
87.2	-8.510579858775404
87.25	-8.516229670668444
87.3	-8.521877365174927
87.35	-8.527522944166053
87.4	-8.533166409506649
87.45	-8.538807762981133
87.5	-8.54444700642403
87.55	-8.550084141672368
87.6	-8.555719170580172
87.65	-8.56135209497921
87.7	-8.56698291671167
87.75	-8.572611637634415
87.8	-8.578238259593899
87.85	-8.583862784408993
87.9	-8.589485213876905
87.95	-8.595105549843298
88.	-8.600723794121564
88.05	-8.606339948513869
88.1	-8.61195401485138
88.15	-8.617565994936415
88.2	-8.623175890583616
88.25	-8.62878370360333
88.3	-8.634389435766323
88.35	-8.639993088862855
88.4	-8.645594664698962
88.45	-8.651194165069931
88.5	-8.656791591773379
88.55	-8.66238694662299
88.6	-8.667980231396022
88.65	-8.673571447860105
88.7	-8.679160597796969
88.75	-8.684747682974214
88.8	-8.690332705193487
88.85	-8.695915666210654
88.9	-8.701496567747299
88.95	-8.707075411598577
89.	-8.712652199531743
89.05	-8.718226933303399
89.1	-8.723799614676665
89.15	-8.72937024539721
89.2	-8.734938827206358
89.25	-8.740505361849138
89.3	-8.746069851049967
89.35	-8.751632296571344
89.4	-8.757192700162735
89.45	-8.762751063582828
89.5	-8.768307388517517
89.55	-8.77386167669416
89.6	-8.779413929855966
89.65	-8.784964149746918
89.7	-8.790512338063863
89.75	-8.79605849651648
89.8	-8.801602626852844
89.85	-8.807144730783822
89.9	-8.812684810020455
89.95	-8.818222866251649
90.	-8.823758901183712
90.05	-8.829292916514014
90.1	-8.834824913934256
90.15	-8.84035489515627
90.2	-8.845882861873498
90.25	-8.851408815761515
90.3	-8.85693275851933
90.35	-8.862454691819812
90.4	-8.867974617361282
90.45	-8.873492536806447
90.5	-8.879008451840546
90.55	-8.884522364119851
90.6	-8.890034275326508
90.65	-8.895544187123058
90.7	-8.901052101164458
90.75	-8.906558019120574
90.8	-8.912061942655598
90.85	-8.917563873405218
90.9	-8.923063813062761
90.95	-8.92856176326748
91.	-8.934057725637647
91.05	-8.939551701835104
91.1	-8.945043693484768
91.15	-8.950533702245043
91.2	-8.956021729766656
91.25	-8.961507777695841
91.3	-8.966991847629693
91.35	-8.972473941174036
91.4	-8.977954059973634
91.45	-8.983432205649692
91.5	-8.988908379842265
91.55	-8.994382584151879
91.6	-8.99985482020216
91.65	-9.00532508955438
91.7	-9.010793393851248
91.75	-9.016259734705933
91.8	-9.021724113745691
91.85	-9.027186532533438
91.9	-9.032646992660371
91.95	-9.038105495728502
92.	-9.043562043344417
92.05	-9.04901663706215
92.1	-9.054469278489467
92.15	-9.059919969208732
92.2	-9.065368710785744
92.25	-9.070815504803702
92.3	-9.076260352896728
92.35	-9.081703256618425
92.4	-9.087144217500487
92.45	-9.092583237082959
92.5	-9.098020316950613
92.55	-9.103455458661347
92.6	-9.108888663789777
92.65	-9.114319933921726
92.7	-9.119749270589717
92.75	-9.125176675324742
92.8	-9.130602149623568
92.85	-9.136025695044069
92.9	-9.14144731313116
92.95	-9.146867005487978
93.	-9.1522847737005
93.05	-9.157700619232092
93.1	-9.163114543595444
93.15	-9.168526548311718
93.2	-9.173936634898572
93.25	-9.179344804900698
93.3	-9.184751059845691
93.35	-9.190155401261256
93.4	-9.19555783065826
93.45	-9.200958349529802
93.5	-9.206356959390508
93.55	-9.211753661754697
93.6	-9.217148458117626
93.65	-9.222541349960798
93.7	-9.227932338813998
93.75	-9.23332142615331
93.8	-9.23870861346022
93.85	-9.244093902248945
93.9	-9.249477293988232
93.95	-9.25485879017711
94.	-9.260238392288134
94.05	-9.26561610179294
94.1	-9.27099192020445
94.15	-9.27636584896251
94.2	-9.281737889562107
94.25	-9.287108043481762
94.3	-9.292476312189692
94.35	-9.297842697127745
94.4	-9.303207199746705
94.45	-9.308569821470646
94.5	-9.313930563764945
94.55	-9.319289428107288
94.6	-9.324646415938002
94.65	-9.330001528714426
94.7	-9.33535476788894
94.75	-9.34070613491375
94.8	-9.346055631227399
94.85	-9.351403258234994
94.9	-9.356749017362066
94.95	-9.362092910075113
95.	-9.367434937828017
95.05	-9.372775102023201
95.1	-9.378113404075055
95.15	-9.383449845419106
95.2	-9.388784427469371
95.25	-9.39411715159886
95.3	-9.399448019269824
95.35	-9.404777031850955
95.4	-9.410104190735293
95.45	-9.41542949736925
95.5	-9.420752953197415
95.55	-9.426074559587544
95.6	-9.431394317935645
95.65	-9.436712229630205
95.7	-9.44202829604499
95.75	-9.447342518573755
95.8	-9.452654898612632
95.85	-9.457965437538356
95.9	-9.463274136785977
95.95	-9.468580997708422
96.	-9.473886021648928
96.05	-9.479189209983078
96.1	-9.484490564095564
96.15	-9.489790085377003
96.2	-9.49508777518648
96.25	-9.500383634862633
96.3	-9.505677665787156
96.35	-9.510969869317769
96.4	-9.516260246796573
96.45	-9.52154879958407
96.5	-9.526835529051489
96.55	-9.532120436557763
96.6	-9.53740352343828
96.65	-9.542684790982584
96.7	-9.547964240571801
96.75	-9.553241873549219
96.8	-9.558517691281104
96.85	-9.56379169505689
96.9	-9.569063886236245
96.95	-9.57433426612757
97.	-9.579602836052056
97.05	-9.584869597366673
97.1	-9.590134551416247
97.15	-9.5953976994787
97.2	-9.600659042856101
97.25	-9.605918582882852
97.3	-9.61117632087337
97.35	-9.61643225812082
97.4	-9.621686395918395
97.45	-9.626938735572118
97.5	-9.632189278397568
97.55	-9.637438025716285
97.6	-9.642684978822373
97.65	-9.647930139034356
97.7	-9.653173507612545
97.75	-9.658415085817943
97.8	-9.663654874916022
97.85	-9.668892876213752
97.9	-9.67412909100602
97.95	-9.679363520627502
98.	-9.684596166346267
98.05	-9.68982702938501
98.1	-9.69505611102478
98.15	-9.70028341254659
98.2	-9.70550893522526
98.25	-9.710732680332102
98.3	-9.715954649106449
98.35	-9.721174842807393
98.4	-9.726393262714383
98.45	-9.731609910052834
98.5	-9.736824786098891
98.55	-9.74203789210257
98.6	-9.747249229334482
98.65	-9.752458799025622
98.7	-9.757666602397315
98.75	-9.762872640692166
98.8	-9.76807691515661
98.85	-9.773279427070733
98.9	-9.778480177641633
98.95	-9.783679168080134
99.	-9.788876399601264
99.05	-9.79407187344999
99.1	-9.799265590860552
99.15	-9.80445755304855
99.2	-9.809647761253217
99.25	-9.814836216697095
99.3	-9.820022920588722
99.35	-9.825207874156838
99.4	-9.830391078599432
99.45	-9.835572535115467
99.5	-9.840752244903328
99.55	-9.845930209182558
99.6	-9.851106429162453
99.65	-9.856280906018377
99.7	-9.861453640929025
99.75	-9.866624635119967
99.8	-9.871793889815077
99.85	-9.876961406163243
99.9	-9.88212718534052
99.95	-9.887291228568461
100.	-9.892453537025567