0.	0.
0.05	0.008499650634332674
0.1	0.01699825145218209
0.15	0.02549477402175996
0.2	0.033988212937845506
0.25	0.04247758542059428
0.3	0.05096193093659148
0.35	0.05944031082552628
0.4	0.06791180793241909
0.45	0.07637552624532429
0.5	0.08483059053843241
0.55	0.09327614602049597
0.6	0.10171135798850525
0.65	0.11013541148654028
0.7	0.11854751096972695
0.75	0.12694687997322585
0.8	0.13533276078618348
0.85	0.1437044141305762
0.9	0.15206111884487894
0.95	0.16040217157249026
1.	0.1687268864548478
1.05	0.17703459482916803
1.1	0.18532464493074535
1.15	0.19359640159974648
1.2	0.2018492459924375
1.25	0.21008257529678004
1.3	0.2182958024523365
1.35	0.22648835587442276
1.4	0.23465967918244873
1.45	0.2428092309323879
1.5	0.2509364843533173
1.55	0.2590409270879708
1.6	0.2671220609372488
1.65	0.27517940160862836
1.7	0.2832124784684192
1.75	0.2912208342978098
1.8	0.29920402505265165
1.85	0.3071616196269272
1.9	0.3150931996198503
1.95	0.322998359106547
2.	0.3308767044122662
2.05	0.33872785389006926
2.1	0.34655143770195074
2.15	0.35434709760333943
2.2	0.36211448673093316
2.25	0.3698532693938186
2.3	0.3775631208678307
2.35	0.38524372719310435
2.4	0.39289478497477215
2.45	0.40051600118676617
2.5	0.4081070929786753
2.55	0.4156677874856183
2.6	0.4231978216410863
2.65	0.4306969419927143
2.7	0.4381649045209388
2.75	0.44560147446049986
2.8	0.4530064261247476
2.85	0.4603795427327123
2.9	0.4677206162388977
2.95	0.47502944716576057
3.	0.48230584443883434
3.05	0.48954962522446266
3.1	0.49676061477010164
3.15	0.5039386462471561
3.2	0.5110835605963124
3.25	0.5181952063753315
3.3	0.525273439609267
3.35	0.5323181236430732
3.4	0.5393291289965677
3.45	0.546306333221716
3.5	0.5532496207622022
3.55	0.5601588828152549
3.6	0.5670340171956936
3.65	0.573874928202164
3.7	0.5806815264855318
3.75	0.5874537289194002
3.8	0.5941914584727229
3.85	0.6008946440844826
3.9	0.6075632205404
3.95	0.6141971283516511
4.	0.6207963136355559
4.05	0.6273607279982153
4.1	0.6338903284190639
4.15	0.6403850771373133
4.2	0.6468449415402553
4.25	0.6532698940534013
4.3	0.6596599120324274
4.35	0.6660149776569
4.4	0.6723350778257569
4.45	0.6786202040545151
4.5	0.6848703523741836
4.55	0.6910855232318518
4.6	0.6972657213929325
4.65	0.7034109558450325
4.7	0.7095212397034275
4.75	0.7155965901181179
4.8	0.7216370281824415
4.85	0.7276425788432199
4.9	0.7336132708124166
4.95	0.7395491364802826
5.	0.7454502118299698
5.05	0.7513165363535877
5.1	0.7571481529696841
5.15	0.7629451079421261
5.2	0.7687074508003635
5.25	0.7744352342610513
5.3	0.7801285141510115
5.35	0.7857873493315153
5.4	0.7914118016238647
5.45	0.7970019357362537
5.5	0.8025578191918912
5.55	0.8080795222583654
5.6	0.813567117878232
5.65	0.8190206816008054
5.7	0.8244402915151381
5.75	0.8298260281841682
5.8	0.8351779745800171
5.85	0.8404962160204216
5.9	0.8457808401062805
5.95	0.8510319366603025
6.	0.8562495976667347
6.05	0.8614339172121583
6.1	0.8665849914273335
6.15	0.8717029184300777
6.2	0.8767877982691625
6.25	0.8818397328692124
6.3	0.8868588259765903
6.35	0.8918451831062556
6.4	0.8967989114895781
6.45	0.9017201200230951
6.5	0.9066089192181952
6.55	0.9114654211517162
6.6	0.9162897394174425
6.65	0.9210819890784867
6.7	0.9258422866205437
6.75	0.9305707499060032
6.8	0.9352674981289069
6.85	0.9399326517707367
6.9	0.9445663325570229
6.95	0.9491686634147579
7.	0.9537397684306028
7.05	0.9582797728098766
7.1	0.9627888028363131
7.15	0.9672669858325752
7.2	0.9717144501215139
7.25	0.976131324988161
7.3	0.9805177406424437
7.35	0.9848738281826092
7.4	0.9891997195593488
7.45	0.9934955475406105
7.5	0.9977614456770886
7.55	1.0019975482683798
7.6	1.0062039903297963
7.65	1.0103809075598238
7.7	1.0145284363082143
7.75	1.0186467135447062
7.8	1.0227358768283579
7.85	1.0267960642774872
7.9	1.030827414540208
7.95	1.0348300667655514
8.	1.0388041605751652
8.05	1.0427498360355798
8.1	1.0466672336310332
8.15	1.0505564942368468
8.2	1.054417759093339
8.25	1.0582511697802741
8.3	1.0620568681918312
8.35	1.0658349965120908
8.4	1.0695856971910265
8.45	1.073309112920994
8.5	1.0770053866137137
8.55	1.0806746613777305
8.6	1.0843170804963522
8.65	1.0879327874060527
8.7	1.091521925675333
8.75	1.0950846389840359
8.8	1.098621071103102
8.85	1.1021313658747642
8.9	1.105615667193172
8.95	1.1090741189854347
9.	1.1125068651930843
9.05	1.1159140497539437
9.1	1.1192958165843971
9.15	1.1226523095620573
9.2	1.1259836725088175
9.25	1.1292900491742885
9.3	1.1325715832196097
9.35	1.1358284182016292
9.4	1.1390606975574469
9.45	1.1422685645893145
9.5	1.1454521624498872
9.55	1.1486116341278179
9.6	1.151747122433692
9.65	1.1548587699862967
9.7	1.1579467191992139
9.75	1.1610111122677402
9.8	1.1640520911561183
9.85	1.1670697975850828
9.9	1.1700643730197111
9.95	1.1730359586575738
10.	1.1759846954171806
10.05	1.1789107239267171
10.1	1.181814184513066
10.15	1.1846952171911096
10.2	1.1875539616533048
10.25	1.1903905572595326
10.3	1.19320514302721
10.35	1.195997857621664
10.4	1.1987688393467653
10.45	1.2015182261358062
10.5	1.204246155542636
10.55	1.2069527647330314
10.6	1.2096381904763103
10.65	1.2123025691371785
10.7	1.2149460366678073
10.75	1.2175687286001382
10.8	1.220170780038407
10.85	1.2227523256518904
10.9	1.2253134996678638
10.95	1.2278544358647705
11.	1.2303752675655981
11.05	1.2328761276314564
11.1	1.2353571484553565
11.15	1.2378184619561838
11.2	1.240260199572864
11.25	1.2426824922587165
11.3	1.2450854704759948
11.35	1.2474692641906056
11.4	1.2498340028670087
11.45	1.2521798154632906
11.5	1.2545068304264104
11.55	1.2568151756876125
11.6	1.2591049786580066
11.65	1.2613763662243098
11.7	1.2636294647447452
11.75	1.2658644000451003
11.8	1.2680812974149351
11.85	1.2702802816039434
11.9	1.2724614768184588
11.95	1.2746250067181077
12.	1.276770994412602
12.05	1.278899562458671
12.1	1.2810108328571315
12.15	1.2831049270500896
12.2	1.2851819659182735
12.25	1.287242069778497
12.3	1.289285358381245
12.35	1.291311950908387
12.4	1.2933219659710082
12.45	1.2953155216073609
12.5	1.2972927352809307
12.55	1.2992537238786188
12.6	1.301198603709033
12.65	1.3031274905008914
12.7	1.3050404994015297
12.75	1.3069377449755164
12.8	1.3088193412033686
12.85	1.3106854014803702
12.9	1.3125360386154874
12.95	1.314371364830381
13.	1.316191491758514
13.05	1.3179965304443508
13.1	1.3197865913426474
13.15	1.3215617843178304
13.2	1.3233222186434626
13.25	1.3250680030017927
13.3	1.326799245483391
13.35	1.3285160535868623
13.4	1.3302185342186414
13.45	1.3319067936928657
13.5	1.3335809377313235
13.55	1.3352410714634761
13.6	1.3368872994265553
13.65	1.3385197255657284
13.7	1.3401384532343361
13.75	1.3417435851941961
13.8	1.3433352236159741
13.85	1.3449134700796206
13.9	1.3464784255748687
13.95	1.3480301905017966
14.	1.3495688646714497
14.05	1.3510945473065195
14.1	1.352607337042085
14.15	1.3541073319264065
14.2	1.3555946294217753
14.25	1.3570693264054186
14.3	1.3585315191704546
14.35	1.3599813034269006
14.4	1.3614187743027308
14.45	1.3628440263449801
14.5	1.3642571535208996
14.55	1.365658249219155
14.6	1.3670474062510707
14.65	1.3684247168519197
14.7	1.3697902726822535
14.75	1.3711441648292757
14.8	1.372486483808255
14.85	1.3738173195639793
14.9	1.3751367614722454
14.95	1.3764448983413893
15.	1.3777418184138501
15.05	1.3790276093677727
15.1	1.3803023583186405
15.15	1.381566151820945
15.2	1.3828190758698875
15.25	1.38406121590311
15.3	1.3852926568024602
15.35	1.386513482895783
15.4	1.3877237779587432
15.45	1.3889236252166757
15.5	1.3901131073464617
15.55	1.3912923064784324
15.6	1.3924613041982985
15.65	1.3936201815491034
15.7	1.3947690190332005
15.75	1.3959078966142549
15.8	1.397036893719265
15.85	1.398156089240609
15.9	1.3992655615381095
15.95	1.4003653884411196
16.	1.401455647250628
16.05	1.4025364147413846
16.1	1.4036077671640408
16.15	1.4046697802473103
16.2	1.405722529200146
16.25	1.4067660887139326
16.3	1.4078005329646937
16.35	1.4088259356153163
16.4	1.409842369817788
16.45	1.4108499082154482
16.5	1.4118486229452518
16.55	1.4128385856400474
16.6	1.4138198674308646
16.65	1.4147925389492157
16.7	1.4157566703294067
16.75	1.4167123312108583
16.8	1.4176595907404383
16.85	1.418598517574802
16.9	1.4195291798827419
16.95	1.4204516453475469
17.	1.4213659811693666
17.05	1.422272254067587
17.1	1.4231705302832083
17.15	1.4240608755812345
17.2	1.4249433552530653
17.25	1.4258180341188949
17.3	1.4266849765301157
17.35	1.4275442463717285
17.4	1.4283959070647534
17.45	1.42924002156865
17.5	1.4300766523837356
17.55	1.4309058615536114
17.6	1.431727710667588
17.65	1.432542260863116
17.7	1.4333495728282175
17.75	1.434149706803919
17.8	1.434942722586688
17.85	1.4357286795308668
17.9	1.4365076365511116
17.95	1.437279652124829
18.	1.4380447842946136
18.05	1.4388030906706857
18.1	1.4395546284333283
18.15	1.4402994543353236
18.2	1.4410376247043883
18.25	1.4417691954456078
18.3	1.4424942220438683
18.35	1.443212759566288
18.4	1.4439248626646453
18.45	1.4446305855778057
18.5	1.445329982134145
18.55	1.44602310575397
18.6	1.4467100094519374
18.65	1.4473907458394664
18.7	1.4480653671271517
18.75	1.4487339251271698
18.8	1.449396471255682
18.85	1.4500530565352343
18.9	1.4507037315971518
18.95	1.4513485466839287
19.	1.4519875516516136
19.05	1.4526207959721908
19.1	1.453248328735955
19.15	1.453870198653881
19.2	1.454486454059989
19.25	1.4550971429137027
19.3	1.4557023128022033
19.35	1.4563020109427747
19.4	1.4568962841851465
19.45	1.4574851790138275
19.5	1.458068741550433
19.55	1.4586470175560082
19.6	1.4592200524333414
19.65	1.4597878912292723
19.7	1.460350578636993
19.75	1.4609081589983415
19.8	1.4614606763060887
19.85	1.4620081742062165
19.9	1.4625506960001902
19.95	1.463088284647222
20.	1.463620982766527
20.05	1.4641488326395722
20.1	1.4646718762123163
20.15	1.465190155097442
20.2	1.465703710576581
20.25	1.4662125836025288
20.3	1.466716814801453
20.35	1.4672164444750926
20.4	1.467711512602948
20.45	1.4682020588444642
20.5	1.4686881225412027
20.55	1.4691697427190076
20.6	1.4696469580901608
20.65	1.4701198070555284
20.7	1.4705883277067002
20.75	1.4710525578281173
20.8	1.4715125348991918
20.85	1.471968296096419
20.9	1.4724198782954776
20.95	1.472867318073322
21.	1.473310651710266
21.05	1.4737499151920557
21.1	1.4741851442119331
21.15	1.4746163741726919
21.2	1.4750436401887221
21.25	1.4754669770880453
21.3	1.4758864194143406
21.35	1.4763020014289614
21.4	1.4767137571129418
21.45	1.4771217201689937
21.5	1.4775259240234933
21.55	1.4779264018284592
21.6	1.4783231864635202
21.65	1.4787163105378727
21.7	1.479105806392228
21.75	1.479491706100752
21.8	1.4798740414729918
21.85	1.4802528440557952
21.9	1.4806281451352175
21.95	1.4809999757384218
22.	1.4813683666355661
22.05	1.481733348341682
22.1	1.4820949511185428
22.15	1.4824532049765233
22.2	1.4828081396764468
22.25	1.4831597847314237
22.3	1.4835081694086811
22.35	1.48385332273138
22.4	1.4841952734804233
22.45	1.4845340501962558
22.5	1.484869681180651
22.55	1.4852021944984901
22.6	1.4855316179795297
22.65	1.4858579792201605
22.7	1.4861813055851552
22.75	1.486501624209407
22.8	1.4868189619996568
22.85	1.487133345636213
22.9	1.4874448015746584
22.95	1.4877533560475484
23.	1.4880590350660996
23.05	1.4883618644218684
23.1	1.4886618696884182
23.15	1.488959076222979
23.2	1.4892535091680947
23.25	1.489545193453263
23.3	1.4898341537965625
23.35	1.4901204147062723
23.4	1.4904040004824815
23.45	1.4906849352186866
23.5	1.4909632428033828
23.55	1.4912389469216418
23.6	1.4915120710566827
23.65	1.4917826384914312
23.7	1.4920506723100702
23.75	1.49231619539958
23.8	1.4925792304512697
23.85	1.492839799962298
23.9	1.4930979262371846
23.95	1.4933536313893125
24.	1.4936069373424203
24.05	1.4938578658320851
24.1	1.4941064384071954
24.15	1.4943526764314152
24.2	1.4945966010846385
24.25	1.4948382333644343
24.3	1.4950775940874812
24.35	1.4953147038909949
24.4	1.4955495832341437
24.45	1.4957822523994566
24.5	1.4960127314942218
24.55	1.496241040451875
24.6	1.4964671990333789
24.65	1.4966912268285955
24.7	1.496913143257645
24.75	1.4971329675722596
24.8	1.4973507188571267
24.85	1.4975664160312225
24.9	1.4977800778491372
24.95	1.4979917229023916
25.	1.498201369620744
25.05	1.4984090362734883
25.1	1.4986147409707442
25.15	1.4988185016647366
25.2	1.499020336151069
25.25	1.499220262069985
25.3	1.4994182969076237
25.35	1.4996144579972648
25.4	1.4998087625205663
25.45	1.5000012275087915
25.5	1.500191869844031
25.55	1.500380706260412
25.6	1.5005677533453021
25.65	1.5007530275405037
25.7	1.5009365451434393
25.75	1.5011183223083302
25.8	1.5012983750473647
25.85	1.5014767192318597
25.9	1.501653370593413
25.95	1.501828344725048
26.	1.5020016570823502
26.05	1.5021733229845953
26.1	1.5023433576158687
26.15	1.5025117760261786
26.2	1.5026785931325592
26.25	1.5028438237201671
26.3	1.5030074824433695
26.35	1.503169583826824
26.4	1.5033301422665515
26.45	1.5034891720310006
26.5	1.5036466872621048
26.55	1.5038027019763303
26.6	1.5039572300657191
26.65	1.5041102852989219
26.7	1.5042618813222237
26.75	1.5044120316605638
26.8	1.5045607497185456
26.85	1.504708048781441
26.9	1.5048539420161864
26.95	1.5049984424723708
27.	1.5051415630832183
27.05	1.5052833166665616
27.1	1.5054237159258084
27.15	1.505562773450902
27.2	1.505700501719273
27.25	1.5058369130967848
27.3	1.505972019838672
27.35	1.50610583409047
27.4	1.5062383678889417
27.45	1.5063696331629925
27.5	1.5064996417345808
27.55	1.506628405319622
27.6	1.5067559355288838
27.65	1.5068822438688765
27.7	1.5070073417427357
27.75	1.507131240451098
27.8	1.5072539511929708
27.85	1.5073754850665944
27.9	1.5074958530702984
27.95	1.5076150661033514
28.	1.507733134966803
28.05	1.5078500703643218
28.1	1.5079658829030242
28.15	1.5080805830942978
28.2	1.5081941813546198
28.25	1.508306688006367
28.3	1.5084181132786203
28.35	1.5085284673079633
28.4	1.5086377601392744
28.45	1.5087460017265133
28.5	1.508853201933499
28.55	1.5089593705346858
28.6	1.509064517215929
28.65	1.5091686515752476
28.7	1.5092717831235798
28.75	1.5093739212855322
28.8	1.5094750754001243
28.85	1.5095752547215253
28.9	1.5096744684197876
28.95	1.5097727255815723
29.	1.5098700352108698
29.05	1.5099664062297145
29.1	1.5100618474788945
29.15	1.5101563677186545
29.2	1.5102499756293943
29.25	1.510342679812361
29.3	1.5104344887903354
29.35	1.5105254110083142
29.4	1.510615454834185
29.45	1.5107046285593977
29.5	1.5107929403996287
29.55	1.5108803984954415
29.6	1.5109670109129407
29.65	1.5110527856444216
29.7	1.5111377306090137
29.75	1.5112218536533195
29.8	1.511305162552049
29.85	1.5113876650086475
29.9	1.5114693686559186
29.95	1.5115502810566435
30.	1.5116304097041942
30.05	1.5117097620231408
30.1	1.5117883453698564
30.15	1.5118661670331153
30.2	1.5119432342346857
30.25	1.512019554129919
30.3	1.5120951338083348
30.35	1.5121699802941984
30.4	1.5122441005470966
30.45	1.5123175014625065
30.5	1.512390189872362
30.55	1.5124621725456122
30.6	1.5125334561887793
30.65	1.5126040474465086
30.7	1.5126739529021156
30.75	1.5127431790781285
30.8	1.5128117324368255
30.85	1.5128796193807685
30.9	1.5129468462533318
30.95	1.5130134193392266
31.	1.5130793448650213
31.05	1.5131446289996573
31.1	1.5132092778549608
31.15	1.51327329748615
31.2	1.5133366938923376
31.25	1.5133994730170313
31.3	1.5134616407486265
31.35	1.5135232029208987
31.4	1.5135841653134894
31.45	1.5136445336523883
31.5	1.513704313610412
31.55	1.5137635108076786
31.6	1.5138221308120778
31.65	1.5138801791397383
31.7	1.5139376612554887
31.75	1.5139945825733179
31.8	1.5140509484568292
31.85	1.5141067642196915
31.9	1.5141620351260865
31.95	1.5142167663911519
32.	1.514270963181422
32.05	1.5143246306152618
32.1	1.5143777737633022
32.15	1.5144303976488656
32.2	1.5144825072483934
32.25	1.5145341074918657
32.3	1.5145852032632205
32.35	1.5146357994007669
32.4	1.5146859006975961
32.45	1.5147355119019899
32.5	1.5147846377178225
32.55	1.5148332828049627
32.6	1.5148814517796698
32.65	1.514929149214988
32.7	1.514976379641135
32.75	1.5150231475458913
32.8	1.515069457374982
32.85	1.5151153135324578
32.9	1.5151607203810715
32.95	1.5152056822426527
33.	1.5152502033984776
33.05	1.5152942880896367
33.1	1.5153379405173995
33.15	1.5153811648435747
33.2	1.5154239651908692
33.25	1.5154663456432425
33.3	1.5155083102462588
33.35	1.5155498630074355
33.4	1.5155910078965895
33.45	1.5156317488461803
33.5	1.5156720897516487
33.55	1.5157120344717552
33.6	1.5157515868289129
33.65	1.5157907506095196
33.7	1.5158295295642854
33.75	1.5158679274085582
33.8	1.5159059478226469
33.85	1.51594359445214
33.9	1.5159808709082243
33.95	1.516017780767998
34.	1.5160543275747818
34.05	1.5160905148384296
34.1	1.5161263460356325
34.15	1.5161618246102238
34.2	1.5161969539734788
34.25	1.516231737504414
34.3	1.5162661785500817
34.35	1.5163002804258634
34.4	1.5163340464157606
34.45	1.5163674797726818
34.5	1.516400583718729
34.55	1.51643336144548
34.6	1.516465816114268
34.65	1.5164979508564609
34.7	1.5165297687737362
34.75	1.516561272938354
34.8	1.5165924663934278
34.85	1.5166233521531927
34.9	1.5166539332032707
34.95	1.516684212500936
35.	1.5167141929753745
35.05	1.5167438775279434
35.1	1.516773269032428
35.15	1.516802370335296
35.2	1.5168311842559499
35.25	1.5168597135869761
35.3	1.5168879610943935
35.35	1.5169159295178984
35.4	1.516943621571109
35.45	1.5169710399418044
35.5	1.5169981872921656
35.55	1.5170250662590123
35.6	1.5170516794540363
35.65	1.5170780294640356
35.7	1.5171041188511445
35.75	1.5171299501530624
35.8	1.5171555258832803
35.85	1.5171808485313052
35.9	1.5172059205628832
35.95	1.5172307444202193
36.	1.5172553225221967
36.05	1.5172796572645935
36.1	1.517303751020296
36.15	1.5173276061395138
36.2	1.5173512249499892
36.25	1.517374609757206
36.3	1.5173977628445985
36.35	1.517420686473754
36.4	1.5174433828846188
36.45	1.5174658542956982
36.5	1.5174881029042577
36.55	1.5175101308865195
36.6	1.5175319403978598
36.65	1.517553533573003
36.7	1.5175749125262146
36.75	1.517596079351492
36.8	1.517617036122754
36.85	1.5176377848940277
36.9	1.5176583276996358
36.95	1.5176786665543796
37.	1.517698803453722
37.05	1.5177187403739683
37.1	1.5177384792724458
37.15	1.517758022087681
37.2	1.5177773707395763
37.25	1.517796527129584
37.3	1.5178154931408787
37.35	1.5178342706385302
37.4	1.5178528614696716
37.45	1.5178712674636687
37.5	1.5178894904322864
37.55	1.5179075321698532
37.6	1.5179253944534263
37.65	1.5179430790429524
37.7	1.5179605876814297
37.75	1.5179779220950662
37.8	1.5179950839934382
37.85	1.5180120750696466
37.9	1.5180288970004714
37.95	1.5180455514465263
38.	1.5180620400524099
38.05	1.5180783644468567
38.1	1.5180945262428873
38.15	1.5181105270379553
38.2	1.518126368414095
38.25	1.5181420519380664
38.3	1.518157579161499
38.35	1.518172951621035
38.4	1.5181881708384704
38.45	1.5182032383208954
38.5	1.5182181555608332
38.55	1.5182329240363772
38.6	1.5182475452113282
38.65	1.5182620205353285
38.7	1.5182763514439965
38.75	1.5182905393590589
38.8	1.5183045856884823
38.85	1.5183184918266033
38.9	1.5183322591542576
38.95	1.518345889038908
39.	1.518359382834771
39.05	1.5183727418829414
39.1	1.5183859675115179
39.15	1.5183990610357259
39.2	1.5184120237580392
39.25	1.5184248569683014
39.3	1.5184375619438455
39.35	1.5184501399496124
39.4	1.5184625922382688
39.45	1.5184749200503243
39.5	1.5184871246142455
39.55	1.5184992071465717
39.6	1.5185111688520279
39.65	1.5185230109236363
39.7	1.518534734542829
39.75	1.5185463408795574
39.8	1.518557831092401
39.85	1.5185692063286764
39.9	1.5185804677245447
39.95	1.5185916164051165
40.	1.5186026534845585
40.05	1.518613580066197
40.1	1.5186243972426214
40.15	1.5186351060957866
40.2	1.5186457076971138
40.25	1.5186562031075928
40.3	1.5186665933778785
40.35	1.5186768795483927
40.4	1.5186870626494196
40.45	1.5186971437012031
40.5	1.5187071237140433
40.55	1.5187170036883912
40.6	1.518726784614942
40.65	1.5187364674747297
40.7	1.518746053239218
40.75	1.5187555428703936
40.8	1.518764937320855
40.85	1.5187742375339033
40.9	1.5187834444436312
40.95	1.5187925589750109
41.	1.5188015820439813
41.05	1.518810514557535
41.1	1.5188193574138036
41.15	1.5188281115021425
41.2	1.5188367777032152
41.25	1.5188453568890772
41.3	1.5188538499232571
41.35	1.51886225766084
41.4	1.5188705809485474
41.45	1.5188788206248178
41.5	1.5188869775198868
41.55	1.5188950524558642
41.6	1.5189030462468143
41.65	1.5189109596988308
41.7	1.5189187936101158
41.75	1.5189265487710537
41.8	1.5189342259642868
41.85	1.5189418259647909
41.9	1.5189493495399473
41.95	1.518956797449617
42.	1.518964170446213
42.05	1.518971469274771
42.1	1.518978694673022
42.15	1.518985847371461
42.2	1.518992928093418
42.25	1.5189999375551264
42.3	1.5190068764657911
42.35	1.519013745527657
42.4	1.5190205454360755
42.45	1.519027276879571
42.5	1.519033940539907
42.55	1.5190405370921511
42.6	1.5190470672047405
42.65	1.5190535315395437
42.7	1.5190599307519268
42.75	1.519066265490814
42.8	1.5190725363987514
42.85	1.519078744111967
42.9	1.5190848892604336
42.95	1.5190909724679278
43.	1.5190969943520902
43.05	1.5191029555244853
43.1	1.5191088565906599
43.15	1.5191146981502008
43.2	1.5191204807967935
43.25	1.5191262051182783
43.3	1.5191318716967077
43.35	1.5191374811084017
43.4	1.5191430339240037
43.45	1.5191485307085357
43.5	1.5191539720214522
43.55	1.5191593584166942
43.6	1.5191646904427438
43.65	1.519169968642675
43.7	1.5191751935542082
43.75	1.5191803657097607
43.8	1.5191854856364988
43.85	1.5191905538563888
43.9	1.519195570886247
43.95	1.5192005372377901
44.	1.5192054534176846
44.05	1.5192103199275955
44.1	1.5192151372642355
44.15	1.5192199059194127
44.2	1.519224626380078
44.25	1.5192292991283731
44.3	1.5192339246416764
44.35	1.5192385033926499
44.4	1.5192430358492846
44.45	1.5192475224749462
44.5	1.5192519637284205
44.55	1.519256360063957
44.6	1.5192607119313135
44.65	1.5192650197758006
44.7	1.5192692840383233
44.75	1.5192735051554256
44.8	1.519277683559332
44.85	1.5192818196779896
44.9	1.5192859139351107
44.95	1.5192899667502124
45.	1.5192939785386594
45.05	1.519297949711703
45.1	1.5193018806765217
45.15	1.5193057718362613
45.2	1.5193096235900736
45.25	1.5193134363331562
45.3	1.5193172104567898
45.35	1.5193209463483779
45.4	1.5193246443914836
45.45	1.5193283049658675
45.5	1.5193319284475246
45.55	1.5193355152087218
45.6	1.5193390656180334
45.65	1.5193425800403773
45.7	1.5193460588370518
45.75	1.5193495023657693
45.8	1.5193529109806927
45.85	1.51935628503247
45.9	1.5193596248682675
45.95	1.5193629308318055
46.	1.5193662032633908
46.05	1.5193694424999504
46.1	1.519372648875065
46.15	1.5193758227190015
46.2	1.519378964358745
46.25	1.519382074118032
46.3	1.5193851523173807
46.35	1.519388199274124
46.4	1.5193912153024405
46.45	1.5193942007133838
46.5	1.5193971558149155
46.55	1.519400080911934
46.6	1.5194029763063046
46.65	1.5194058422968897
46.7	1.5194086791795787
46.75	1.5194114872473157
46.8	1.5194142667901298
46.85	1.5194170180951632
46.9	1.5194197414466994
46.95	1.519422437126191
47.	1.519425105412289
47.05	1.5194277465808679
47.1	1.5194303609050552
47.15	1.5194329486552571
47.2	1.5194355100991859
47.25	1.5194380455018857
47.3	1.5194405551257595
47.35	1.5194430392305946
47.4	1.519445498073589
47.45	1.5194479319093754
47.5	1.5194503409900486
47.55	1.5194527255651882
47.6	1.519455085881885
47.65	1.5194574221847648
47.7	1.519459734716013
47.75	1.5194620237153982
47.8	1.5194642894202959
47.85	1.519466532065713
47.9	1.5194687518843102
47.95	1.5194709491064253
48.	1.5194731239600963
48.05	1.5194752766710842
48.1	1.519477407462895
48.15	1.5194795165568018
48.2	1.5194816041718682
48.25	1.519483670524968
48.3	1.5194857158308082
48.35	1.51948774030195
48.4	1.5194897441488304
48.45	1.5194917275797823
48.5	1.519493690801056
48.55	1.5194956340168388
48.6	1.519497557429277
48.65	1.5194994612384944
48.7	1.5195013456426136
48.75	1.5195032108377746
48.8	1.5195050570181552
48.85	1.5195068843759898
48.9	1.5195086931015895
48.95	1.51951048338336
49.	1.5195122554078209
49.05	1.5195140093596249
49.1	1.5195157454215755
49.15	1.5195174637746456
49.2	1.5195191645979955
49.25	1.5195208480689908
49.3	1.5195225143632207
49.35	1.5195241636545147
49.4	1.5195257961149604
49.45	1.5195274119149211
49.5	1.5195290112230526
49.55	1.5195305942063198
49.6	1.5195321610300137
49.65	1.519533711857768
49.7	1.519535246851576
49.75	1.5195367661718058
49.8	1.5195382699772173
49.85	1.5195397584249777
49.9	1.5195412316706771
49.95	1.519542689868316
50.	1.5195441331708028
50.05	1.5195455617157212
50.1	1.5195469756860844
50.15	1.5195483751913708
50.2	1.519549760387765
50.25	1.5195511314056132
50.3	1.5195524884218286
50.35	1.5195538315768577
50.4	1.5195551610076925
50.45	1.5195564768748162
50.5	1.5195577793103385
50.55	1.5195590684265952
50.6	1.519560344372479
50.65	1.5195616072501783
50.7	1.5195628572135
50.75	1.5195640943835171
50.8	1.5195653188766653
50.85	1.5195665308648154
50.9	1.5195677304346582
50.95	1.5195689177134715
51.	1.5195700928618106
51.05	1.5195712559645542
51.1	1.519572407167864
51.15	1.5195735466216682
51.2	1.5195746744603564
51.25	1.5195757907460443
51.3	1.5195768956214184
51.35	1.519577989184686
51.4	1.5195790715269997
51.45	1.519580142769952
51.5	1.5195812030179168
51.55	1.5195822523962639
51.6	1.5195832910341474
51.65	1.5195843190583551
51.7	1.5195853365687078
51.75	1.5195863436451533
51.8	1.5195873403924174
51.85	1.5195883269057526
51.9	1.519589303288869
51.95	1.5195902696680108
52.	1.5195912261460545
52.05	1.5195921728938473
52.1	1.5195931099491586
52.15	1.5195940374054946
52.2	1.5195949553480044
52.25	1.5195958639083622
52.3	1.5195967631556984
52.35	1.5195976531669462
52.4	1.5195985340190976
52.45	1.5195994058370421
52.5	1.519600268682312
52.55	1.5196011226851855
52.6	1.5196019679269144
52.65	1.5196028044958731
52.7	1.519603632469169
52.75	1.5196044519408454
52.8	1.5196052630527
52.85	1.5196060658694577
52.9	1.5196068604656416
52.95	1.5196076469062745
53.	1.5196084252579287
53.05	1.5196091956024786
53.1	1.519609958027069
53.15	1.5196107126189995
53.2	1.519611459470861
53.25	1.5196121987097628
53.3	1.519612930284004
53.35	1.519613654351371
53.4	1.5196143710002687
53.45	1.519615080296307
53.5	1.519615782287752
53.55	1.5196164770488825
53.6	1.519617164671783
53.65	1.5196178452657934
53.7	1.5196185188509537
53.75	1.5196191855133443
53.8	1.5196198453498329
53.85	1.5196204984011858
53.9	1.519621144779742
53.95	1.5196217845246693
54.	1.5196224176788442
54.05	1.519623044334666
54.1	1.5196236645400103
54.15	1.5196242783528133
54.2	1.519624885817613
54.25	1.5196254870511492
54.3	1.5196260820951397
54.35	1.5196266710050277
54.4	1.5196272538780362
54.45	1.5196278308252382
54.5	1.519628401820474
54.55	1.5196289669213179
54.6	1.5196295261592982
54.65	1.5196300796526379
54.7	1.5196306274436655
54.75	1.5196311696270652
54.8	1.5196317062433569
54.85	1.519632237377802
54.9	1.5196327630431938
54.95	1.5196332832858437
55.	1.5196337981785124
55.05	1.5196343077420136
55.1	1.5196348120310155
55.15	1.5196353111326388
55.2	1.519635805077931
55.25	1.5196362939722392
55.3	1.519636777834784
55.35	1.5196372567197094
55.4	1.5196377307097566
55.45	1.519638199734659
55.5	1.5196386639549795
55.55	1.5196391234432483
55.6	1.5196395782416312
55.65	1.5196400283487845
55.7	1.5196404738154679
55.75	1.5196409146535017
55.8	1.519641350932705
55.85	1.5196417827124726
55.9	1.5196422100220388
55.95	1.5196426329117125
56.	1.5196430514498174
56.05	1.5196434657065305
56.1	1.5196438757252184
56.15	1.5196442815464621
56.2	1.5196446831860908
56.25	1.5196450806532573
56.3	1.5196454739826748
56.35	1.5196458632258534
56.4	1.5196462484627962
56.45	1.519646629770575
56.5	1.5196470071988462
56.55	1.5196473807031001
56.6	1.519647750314538
56.65	1.5196481161490256
56.7	1.5196484782398265
56.75	1.5196488365906322
56.8	1.5196491912410466
56.85	1.5196495422069003
56.9	1.5196498895426371
56.95	1.5196502333054043
57.	1.5196505735021044
57.05	1.5196509101528528
57.1	1.5196512433229519
57.15	1.5196515730429354
57.2	1.5196518993703927
57.25	1.5196522224573008
57.3	1.5196525421908773
57.35	1.5196528586059375
57.4	1.5196531717303625
57.45	1.5196534815882152
57.5	1.5196537882143057
57.55	1.5196540917069212
57.6	1.519654392073265
57.65	1.5196546893412037
57.7	1.5196549835356616
57.75	1.5196552746994672
57.8	1.5196555628768562
57.85	1.5196558480757976
57.9	1.5196561303158385
57.95	1.5196564096112293
58.	1.5196566859549288
58.05	1.5196569594391023
58.1	1.5196572301521585
58.15	1.519657498125825
58.2	1.5196577633359218
58.25	1.5196580257971666
58.3	1.5196582855518699
58.35	1.5196585426214042
58.4	1.5196587969880515
58.45	1.5196590487291675
58.5	1.51965929791962
58.55	1.5196595445546734
58.6	1.51965978859515
58.65	1.5196600300787677
58.7	1.5196602690646226
58.75	1.519660505608797
58.8	1.5196607397140596
58.85	1.519660971338657
58.9	1.5196612006133723
58.95	1.5196614275612192
59.	1.519661652189626
59.05	1.5196618744206238
59.1	1.5196620943318864
59.15	1.519662311957141
59.2	1.5196625273127713
59.25	1.5196627404577683
59.3	1.5196629513530135
59.35	1.5196631600613355
59.4	1.5196633666146195
59.45	1.519663571075903
59.5	1.519663773452058
59.55	1.5196639737603428
59.6	1.5196641720137551
59.65	1.5196643682325561
59.7	1.5196645623535252
59.75	1.519664754416461
59.8	1.5196649444594432
59.85	1.519665132549957
59.9	1.5196653187078584
59.95	1.5196655029662869
60.	1.5196656853561037
60.05	1.5196658658960382
60.1	1.5196660445643446
60.15	1.519666221359714
60.2	1.5196663963066508
60.25	1.5196665694777998
60.3	1.5196667407752147
60.35	1.519666910289219
60.4	1.5196670780498387
60.45	1.5196672440991648
60.5	1.519667408438746
60.55	1.519667571102911
60.6	1.5196677320986276
60.65	1.5196678913977193
60.7	1.5196680490837882
60.75	1.519668205130291
60.8	1.519668359534472
60.85	1.519668512358866
60.9	1.5196686635765952
60.95	1.5196688132283973
61.	1.519668961222584
61.05	1.5196691076379805
61.1	1.5196692525425455
61.15	1.5196693960086385
61.2	1.5196695380050294
61.25	1.5196696785823798
61.3	1.51966981771016
61.35	1.5196699554223154
61.4	1.5196700917123802
61.45	1.5196702265924806
61.5	1.5196703599938193
61.55	1.5196704918976696
61.6	1.5196706224600836
61.65	1.519670751745737
61.7	1.5196708797377962
61.75	1.519671006402576
61.8	1.5196711317364102
61.85	1.5196712557582672
61.9	1.5196713784849398
61.95	1.5196714999710124
62.	1.51967162014079
62.05	1.519671739101188
62.1	1.5196718568766152
62.15	1.5196719733933046
62.2	1.5196720886542032
62.25	1.5196722027697052
62.3	1.519672315691853
62.35	1.5196724274353892
62.4	1.5196725380119624
62.45	1.5196726474615876
62.5	1.519672755752756
62.55	1.5196728629371
62.6	1.5196729689966135
62.65	1.5196730739529707
62.7	1.519673177782872
62.75	1.5196732805038742
62.8	1.51967338219583
62.85	1.519673482849052
62.9	1.5196735824480663
62.95	1.5196736809752804
63.	1.519673778439879
63.05	1.5196738748959928
63.1	1.5196739703409834
63.15	1.5196740647869496
63.2	1.5196741582963524
63.25	1.5196742508909273
63.3	1.519674342575052
63.35	1.519674433316224
63.4	1.519674523139645
63.45	1.5196746119469773
63.5	1.5196746998133992
63.55	1.5196747867633777
63.6	1.5196748728445533
63.65	1.5196749580689606
63.7	1.5196750423522292
63.75	1.5196751256526542
63.8	1.5196752080744365
63.85	1.5196752896937817
63.9	1.5196753705412176
63.95	1.519675450467576
64.	1.519675529550356
64.05	1.5196756078214184
64.1	1.519675685276693
64.15	1.51967576197855
64.2	1.5196758379471036
64.25	1.5196759131415798
64.3	1.5196759875582537
64.35	1.5196760611786457
64.4	1.519676133952366
64.45	1.519676205982508
64.5	1.5196762772687205
64.55	1.519676347815228
64.6	1.5196764176621462
64.65	1.5196764868170374
64.7	1.5196765550880338
64.75	1.5196766226169192
64.8	1.519676689464658
64.85	1.5196767556241526
64.9	1.519676821099267
64.95	1.5196768859211467
65.	1.5196769501161893
65.05	1.5196770136502966
65.1	1.5196770765521634
65.15	1.5196771388052006
65.2	1.5196772004380672
65.25	1.5196772614509741
65.3	1.5196773218163062
65.35	1.5196773815446685
65.4	1.5196774406418285
65.45	1.5196774991224518
65.5	1.519677557032696
65.55	1.5196776143567317
65.6	1.5196776710278186
65.65	1.519677727067255
65.7	1.5196777824534367
65.75	1.5196778372132578
65.8	1.5196778914267022
65.85	1.5196779451346496
65.9	1.519677998300562
65.95	1.5196780508716266
66.	1.5196781028597837
66.05	1.5196781543290614
66.1	1.5196782052879694
66.15	1.5196782557692663
66.2	1.5196783057649834
66.25	1.5196783552787874
66.3	1.519678404257648
66.35	1.5196784527237388
66.4	1.5196785006208613
66.45	1.5196785480508161
66.5	1.5196785949593066
66.55	1.5196786412995125
66.6	1.51967868712538
66.65	1.5196787324715677
66.7	1.51967877732726
66.75	1.519678821749604
66.8	1.519678865778533
66.85	1.5196789093989556
66.9	1.5196789525581642
66.95	1.5196789952570389
67.	1.519679037523584
67.05	1.5196790793711015
67.1	1.5196791207690672
67.15	1.5196791617416994
67.2	1.5196792022724919
67.25	1.5196792424187837
67.3	1.5196792821630636
67.35	1.5196793214769992
67.4	1.5196793603444685
67.45	1.5196793987966495
67.5	1.5196794367993558
67.55	1.5196794743934188
67.6	1.519679511608738
67.65	1.5196795484075272
67.7	1.5196795848573648
67.75	1.5196796209480465
67.8	1.5196796566470758
67.85	1.5196796919165292
67.9	1.519679726772634
67.95	1.5196797612610284
68.	1.5196797954234351
68.05	1.5196798292883202
68.1	1.5196798627926569
68.15	1.5196798959871904
68.2	1.5196799288261047
68.25	1.5196799612821357
68.3	1.5196799933287173
68.35	1.5196800250184126
68.4	1.519680056407995
68.45	1.519680087474276
68.5	1.5196801182741881
68.55	1.5196801488230147
68.6	1.5196801790597094
68.65	1.5196802089433694
68.7	1.5196802384977346
68.75	1.5196802677454817
68.8	1.5196802966634693
68.85	1.5196803252441757
68.9	1.5196803535777796
68.95	1.5196803816532363
69.	1.5196804094783114
69.05	1.5196804370244141
69.1	1.5196804642431223
69.15	1.5196804911674406
69.2	1.5196805178446902
69.25	1.519680544243045
69.3	1.5196805703103553
69.35	1.519680596065367
69.4	1.5196806215124852
69.45	1.5196806467513189
69.5	1.519680671747195
69.55	1.519680696522035
69.6	1.519680721045523
69.65	1.5196807452383507
69.7	1.5196807691237952
69.75	1.5196807927874973
69.8	1.5196808160996136
69.85	1.5196808391286263
69.9	1.519680861913148
69.95	1.5196808844455658
70.	1.5196809068238928
70.05	1.5196809290325208
70.1	1.5196809510483893
70.15	1.5196809728513716
70.2	1.519680994462916
70.25	1.5196810159273655
70.3	1.519681037167628
70.35	1.519681058138029
70.4	1.519681078870231
70.45	1.5196810993617125
70.5	1.5196811195594413
70.55	1.5196811395322944
70.6	1.5196811592438175
70.65	1.5196811788050268
70.7	1.5196811982017495
70.75	1.5196812174244576
70.8	1.5196812364300627
70.85	1.519681255271478
70.9	1.5196812739228671
70.95	1.5196812923422165
71.	1.5196813105111007
71.05	1.5196813284871702
71.1	1.519681346288767
71.15	1.5196813639054694
71.2	1.519681381387886
71.25	1.5196813987550468
71.3	1.519681415935626
71.35	1.5196814329490882
71.4	1.5196814498003701
71.45	1.5196814664767664
71.5	1.5196814829062673
71.55	1.5196814991409635
71.6	1.5196815152111007
71.65	1.5196815311596905
71.7	1.5196815469394394
71.75	1.5196815624881264
71.8	1.519681577808298
71.85	1.519681592944455
71.9	1.5196816079451694
71.95	1.5196816227689336
72.	1.519681637506488
72.05	1.5196816520740846
72.1	1.5196816664634192
72.15	1.5196816807162878
72.2	1.5196816948387055
72.25	1.5196817088137695
72.3	1.5196817227572597
72.35	1.5196817365461495
72.4	1.5196817501956075
72.45	1.5196817637200741
72.5	1.5196817770242663
72.55	1.5196817901505513
72.6	1.5196818031010082
72.65	1.5196818159445515
72.7	1.519681828682804
72.75	1.5196818413153053
72.8	1.5196818538557402
72.85	1.5196818661735705
72.9	1.5196818783719797
72.95	1.5196818904290061
73.	1.5196819023275814
73.05	1.5196819141797646
73.1	1.5196819259430323
73.15	1.5196819375827184
73.2	1.5196819490881
73.25	1.519681960459928
73.3	1.5196819716835792
73.35	1.5196819827899826
73.4	1.5196819937874078
73.45	1.5196820046991912
73.5	1.5196820155082622
73.55	1.5196820261466113
73.6	1.5196820366485095
73.65	1.5196820470364965
73.7	1.5196820573452148
73.75	1.5196820675449072
73.8	1.5196820776608988
73.85	1.5196820876849506
73.9	1.5196820976161618
73.95	1.519682107428941
74.	1.5196821170847976
74.05	1.5196821266180633
74.1	1.5196821360367088
74.15	1.5196821453146714
74.2	1.5196821543763281
74.25	1.5196821633104167
74.3	1.5196821721863674
74.35	1.5196821810249832
74.4	1.5196821898331891
74.45	1.519682198671052
74.5	1.5196822074478977
74.55	1.5196822161294041
74.6	1.5196822246841295
74.65	1.5196822331534567
74.7	1.519682241528139
74.75	1.519682249772866
74.8	1.5196822579332516
74.85	1.5196822660098634
74.9	1.5196822740725335
74.95	1.5196822820641305
75.	1.519682290016285
75.05	1.5196822979248406
75.1	1.5196823057162767
75.15	1.5196823133556516
75.2	1.519682320827725
75.25	1.519682328182613
75.3	1.5196823354510793
75.35	1.519682342625094
75.4	1.5196823497201717
75.45	1.5196823567747622
75.5	1.5196823637747048
75.55	1.5196823707273932
75.6	1.519682377645196
75.65	1.5196823844979228
75.7	1.5196823913344475
75.75	1.5196823981207201
75.8	1.5196824048398274
75.85	1.5196824115107441
75.9	1.5196824180057118
75.95	1.5196824243595524
76.	1.5196824306225438
76.05	1.5196824369042055
76.1	1.51968244319945
76.15	1.5196824493750472
76.2	1.5196824555031185
76.25	1.519682461594109
76.3	1.5196824675441474
76.35	1.5196824733574947
76.4	1.5196824791826993
76.45	1.5196824849706543
76.5	1.5196824906314914
76.55	1.519682496216225
76.6	1.5196825017355664
76.65	1.519682507184832
76.7	1.519682512627786
76.75	1.5196825180322049
76.8	1.5196825233543365
76.85	1.519682528629502
76.9	1.5196825338703817
76.95	1.5196825391047981
77.	1.5196825443271098
77.05	1.5196825494508657
77.1	1.5196825544663601
77.15	1.5196825594427783
77.2	1.5196825643810923
77.25	1.5196825692129798
77.3	1.519682574018937
77.35	1.5196825787867922
77.4	1.5196825834740333
77.45	1.5196825881037408
77.5	1.5196825927320885
77.55	1.519682597378319
77.6	1.5196826019130214
77.65	1.5196826063911628
77.7	1.519682610862378
77.75	1.5196826152734042
77.8	1.5196826195847313
77.85	1.5196826238186243
77.9	1.5196826279640412
77.95	1.5196826320656056
78.	1.519682636166265
78.05	1.5196826403006725
78.1	1.5196826443998033
78.15	1.5196826484461023
78.2	1.519682652452912
78.25	1.5196826564102959
78.3	1.5196826603293876
78.35	1.5196826642509023
78.4	1.519682668116394
78.45	1.519682671899495
78.5	1.5196826756229822
78.55	1.5196826793291038
78.6	1.519682682934533
78.65	1.519682686476288
78.7	1.5196826899671907
78.75	1.5196826934339849
78.8	1.5196826969019264
78.85	1.5196827003393707
78.9	1.5196827038361091
78.95	1.5196827073341541
79.	1.5196827107730555
79.05	1.5196827141888734
79.1	1.5196827175565386
79.15	1.5196827209301915
79.2	1.5196827242824056
79.25	1.5196827275525184
79.3	1.5196827306852307
79.35	1.5196827337246792
79.4	1.5196827367366617
79.45	1.5196827397016812
79.5	1.5196827426219779
79.55	1.519682745511674
79.6	1.5196827483904378
79.65	1.5196827512394953
79.7	1.5196827541271551
79.75	1.5196827570015916
79.8	1.5196827598573623
79.85	1.5196827627622838
79.9	1.5196827656597438
79.95	1.5196827684868128
80.	1.5196827712350838
80.05	1.5196827738430754
80.1	1.519682776428572
80.15	1.5196827790194636
80.2	1.5196827816309413
80.25	1.519682784308234
80.3	1.5196827869649239
80.35	1.5196827895189193
80.4	1.5196827920439686
80.45	1.519682794543043
80.5	1.5196827969777489
80.55	1.5196827993219675
80.6	1.519682801636714
80.65	1.5196828039261445
80.7	1.519682806208798
80.75	1.519682808502691
80.8	1.5196828107879115
80.85	1.5196828130717177
80.9	1.519682815280018
80.95	1.5196828174431496
81.	1.51968281957108
81.05	1.5196828217036475
81.1	1.5196828238702889
81.15	1.519682826023649
81.2	1.5196828281820327
81.25	1.5196828303311716
81.3	1.519682832383755
81.35	1.519682834388989
81.4	1.5196828364250703
81.45	1.5196828384333032
81.5	1.5196828404277205
81.55	1.5196828424448103
81.6	1.519682844469054
81.65	1.5196828464216303
81.7	1.5196828483251654
81.75	1.519682850207583
81.8	1.5196828520485477
81.85	1.5196828538586566
81.9	1.5196828556523962
81.95	1.5196828574535308
82.	1.5196828591919298
82.05	1.5196828609156852
82.1	1.5196828626289949
82.15	1.5196828643104643
82.2	1.5196828659685022
82.25	1.5196828676440075
82.3	1.5196828693538005
82.35	1.519682870997042
82.4	1.5196828726436165
82.45	1.519682874321965
82.5	1.5196828759443888
82.55	1.5196828775358995
82.6	1.5196828790918362
82.65	1.5196828806618272
82.7	1.519682882216243
82.75	1.519682883765034
82.8	1.5196828853390247
82.85	1.5196828869140364
82.9	1.5196828884410802
82.95	1.5196828898910688
83.	1.5196828912457938
83.05	1.5196828926163364
83.1	1.5196828939864768
83.15	1.5196828953312087
83.2	1.5196828966815579
83.25	1.5196828979224402
83.3	1.519682899143194
83.35	1.519682900385837
83.4	1.519682901632844
83.45	1.519682902888341
83.5	1.519682904181208
83.55	1.5196829054657661
83.6	1.5196829067230904
83.65	1.519682908021906
83.7	1.5196829093128106
83.75	1.5196829105908325
83.8	1.519682911856459
83.85	1.5196829131591154
83.9	1.5196829144276414
83.95	1.5196829156589158
84.	1.5196829168892745
84.05	1.5196829181609872
84.1	1.519682919431541
84.15	1.5196829204762343
84.2	1.5196829214749235
84.25	1.5196829224999628
84.3	1.5196829235266651
84.35	1.51968292456386
84.4	1.5196829255971325
84.45	1.5196829266441458
84.5	1.5196829277271293
84.55	1.5196829287495977
84.6	1.5196829297167478
84.65	1.5196829306091517
84.7	1.5196829314911926
84.75	1.5196829324019918
84.8	1.5196829333738737
84.85	1.5196829343322156
84.9	1.5196829352738461
84.95	1.519682936198529
85.	1.5196829371405625
85.05	1.5196829380726686
85.1	1.5196829390470743
85.15	1.51968294003631
85.2	1.5196829409786266
85.25	1.519682941889811
85.3	1.5196829427642609
85.35	1.5196829435751993
85.4	1.5196829443179514
85.45	1.5196829450576628
85.5	1.5196829458131211
85.55	1.5196829465684065
85.6	1.5196829473450288
85.65	1.5196829481837144
85.7	1.519682949085034
85.75	1.5196829499856306
85.8	1.5196829508752627
85.85	1.5196829517972805
85.9	1.519682952574962
85.95	1.5196829532286422
86.	1.5196829538721577
86.05	1.5196829545371178
86.1	1.5196829552536506
86.15	1.519682956000787
86.2	1.5196829567612313
86.25	1.5196829575294182
86.3	1.5196829583287994
86.35	1.5196829591864367
86.4	1.5196829600648374
86.45	1.5196829608854545
86.5	1.5196829616504541
86.55	1.5196829624431394
86.6	1.5196829632455082
86.65	1.5196829639950395
86.7	1.519682964631946
86.75	1.519682965227634
86.8	1.519682965843057
86.85	1.5196829663938458
86.9	1.5196829669006193
86.95	1.5196829674011456
87.	1.5196829678585204
87.05	1.5196829683260988
87.1	1.5196829687945037
87.15	1.5196829692640512
87.2	1.5196829697794272
87.25	1.5196829703743435
87.3	1.5196829710073507
87.35	1.5196829716229812
87.4	1.5196829721700307
87.45	1.5196829727506007
87.5	1.519682973342948
87.55	1.5196829739065505
87.6	1.5196829744509084
87.65	1.5196829749899334
87.7	1.5196829755157202
87.75	1.5196829760482156
87.8	1.5196829765843576
87.85	1.5196829770480775
87.9	1.5196829775234222
87.95	1.519682977961099
88.	1.5196829783774704
88.05	1.5196829788490929
88.1	1.519682979377105
88.15	1.5196829799379343
88.2	1.5196829804651037
88.25	1.5196829809402104
88.3	1.5196829814198973
88.35	1.519682981923479
88.4	1.5196829824041953
88.45	1.5196829828589629
88.5	1.5196829833266865
88.55	1.519682983785445
88.6	1.5196829842390294
88.65	1.5196829847195925
88.7	1.5196829851562283
88.75	1.519682985579031
88.8	1.5196829859118404
88.85	1.5196829861817183
88.9	1.519682986495135
88.95	1.5196829868513553
89.	1.5196829872694135
89.05	1.5196829876871436
89.1	1.519682988052797
89.15	1.519682988441041
89.2	1.5196829888176488
89.25	1.5196829891394594
89.3	1.5196829894728898
89.35	1.519682989823656
89.4	1.5196829901920166
89.45	1.5196829905038196
89.5	1.519682990847409
89.55	1.5196829911890057
89.6	1.5196829915480121
89.65	1.5196829919373591
89.7	1.5196829923642405
89.75	1.5196829928098563
89.8	1.5196829932010147
89.85	1.5196829935823304
89.9	1.5196829939729315
89.95	1.5196829943784051
90.	1.5196829947644224
90.05	1.519682995115677
90.1	1.5196829954774544
90.15	1.519682995799794
90.2	1.5196829960768834
90.25	1.519682996387284
90.3	1.5196829967369845
90.35	1.5196829971077515
90.4	1.5196829974332615
90.45	1.5196829977618438
90.5	1.519682998058811
90.55	1.5196829983264017
90.6	1.5196829985850888
90.65	1.5196829988422533
90.7	1.5196829990927851
90.75	1.5196829993119079
90.8	1.5196829994643206
90.85	1.5196829996645516
90.9	1.5196829998719652
90.95	1.5196830000748498
91.	1.5196830002824993
91.05	1.519683000468345
91.1	1.5196830006992972
91.15	1.5196830009371167
91.2	1.5196830011193505
91.25	1.5196830012585862
91.3	1.5196830014372535
91.35	1.519683001664641
91.4	1.519683001906522
91.45	1.51968300217476
91.5	1.519683002423647
91.55	1.5196830026873887
91.6	1.5196830029597712
91.65	1.5196830032683506
91.7	1.5196830035918496
91.75	1.5196830038746239
91.8	1.5196830040138745
91.85	1.5196830041499514
91.9	1.5196830043211544
91.95	1.519683004518767
92.	1.5196830046940275
92.05	1.519683004914596
92.1	1.5196830051392507
92.15	1.5196830053512405
92.2	1.519683005602551
92.25	1.519683005899875
92.3	1.519683006129289
92.35	1.5196830062635032
92.4	1.5196830063849358
92.45	1.5196830065508378
92.5	1.5196830067315001
92.55	1.5196830069414045
92.6	1.5196830071304053
92.65	1.5196830072675231
92.7	1.5196830074296754
92.75	1.5196830076380854
92.8	1.5196830079261878
92.85	1.5196830082536787
92.9	1.5196830085940154
92.95	1.51968300885714
93.	1.519683008922216
93.05	1.5196830089227988
93.1	1.5196830089138835
93.15	1.5196830089180098
93.2	1.5196830089767177
93.25	1.5196830090973017
93.3	1.519683009215479
93.35	1.5196830092876783
93.4	1.5196830093666898
93.45	1.5196830094552178
93.5	1.5196830095340725
93.55	1.5196830095855713
93.6	1.5196830096864191
93.65	1.519683009839672
93.7	1.5196830099949101
93.75	1.5196830101900594
93.8	1.519683010415391
93.85	1.5196830106717774
93.9	1.5196830108842962
93.95	1.519683011081129
94.	1.519683011300032
94.05	1.5196830114989293
94.1	1.519683011608449
94.15	1.519683011698358
94.2	1.5196830117865894
94.25	1.5196830118203142
94.3	1.5196830118291729
94.35	1.5196830118441003
94.4	1.5196830118871645
94.45	1.5196830120468041
94.5	1.5196830122740042
94.55	1.5196830125341099
94.6	1.5196830128243781
94.65	1.5196830131167083
94.7	1.5196830133573442
94.75	1.519683013481821
94.8	1.5196830135142978
94.85	1.5196830135323747
94.9	1.5196830135891999
94.95	1.5196830136435613
95.	1.5196830136516222
95.05	1.5196830136743504
95.1	1.5196830137665294
95.15	1.5196830138972774
95.2	1.519683014034365
95.25	1.5196830142284794
95.3	1.5196830143834688
95.35	1.5196830145511548
95.4	1.5196830147991476
95.45	1.5196830150688765
95.5	1.5196830153128142
95.55	1.5196830155345455
95.6	1.5196830157084054
95.65	1.5196830158190617
95.7	1.5196830159080936
95.75	1.519683015992765
95.8	1.5196830160797834
95.85	1.5196830161898962
95.9	1.519683016158817
95.95	1.5196830160990185
96.	1.5196830160649046
96.05	1.5196830160335382
96.1	1.5196830159786345
96.15	1.5196830159792614
96.2	1.5196830160023076
96.25	1.5196830160132129
96.3	1.5196830160401948
96.35	1.5196830160558996
96.4	1.5196830160469719
96.45	1.519683016022132
96.5	1.5196830160255188
96.55	1.5196830160716304
96.6	1.5196830161481598
96.65	1.5196830162515182
96.7	1.5196830163415307
96.75	1.5196830164519721
96.8	1.5196830165799917
96.85	1.5196830167044402
96.9	1.5196830167669912
96.95	1.5196830168422097
97.	1.5196830169609838
97.05	1.5196830170706503
97.1	1.5196830170888493
97.15	1.5196830171575904
97.2	1.5196830172696358
97.25	1.5196830173451445
97.3	1.5196830174195852
97.35	1.519683017510323
97.4	1.5196830176558331
97.45	1.519683017823428
97.5	1.5196830179770568
97.55	1.5196830180485805
97.6	1.5196830180627636
97.65	1.5196830180669447
97.7	1.5196830180463303
97.75	1.5196830180610048
97.8	1.5196830181300127
97.85	1.5196830182085894
97.9	1.5196830182633656
97.95	1.5196830182704475
98.	1.5196830181938084
98.05	1.519683018099085
98.1	1.5196830180544145
98.15	1.5196830180532293
98.2	1.5196830180537724
98.25	1.5196830180994065
98.3	1.5196830181954124
98.35	1.5196830182741248
98.4	1.519683018313882
98.45	1.519683018384283
98.5	1.519683018478554
98.55	1.5196830185934447
98.6	1.5196830186146681
98.65	1.5196830185880161
98.7	1.5196830185944605
98.75	1.5196830186652275
98.8	1.5196830187936925
98.85	1.5196830189273318
98.9	1.5196830190793436
98.95	1.5196830192285833
99.	1.5196830193907407
99.05	1.5196830195805857
99.1	1.5196830197971127
99.15	1.5196830200227187
99.2	1.5196830202212634
99.25	1.5196830203069995
99.3	1.5196830203582918
99.35	1.5196830203994036
99.4	1.5196830203995884
99.45	1.519683020358142
99.5	1.5196830203210354
99.55	1.519683020284281
99.6	1.519683020270906
99.65	1.5196830202589267
99.7	1.5196830202731413
99.75	1.5196830202792844
99.8	1.519683020249586
99.85	1.5196830202658242
99.9	1.5196830203309013
99.95	1.5196830203657952
100.	1.5196830203670932