0.	0.
0.05	0.008499651995522021
0.1	0.01699826213635132
0.15	0.025494809407379027
0.2	0.03398829523934684
0.25	0.04247774312608374
0.3	0.05096219826282913
0.35	0.05944072718979726
0.4	0.06791241744092115
0.45	0.07637637719770551
0.5	0.08483173494811938
0.55	0.09327763915045972
0.6	0.10171325790211823
0.65	0.110137778613185
0.7	0.11855040768482236
0.75	0.12695037019234476
0.8	0.1353369095729395
0.85	0.14370928731796573
0.9	0.15206678266976878
0.95	0.16040869232294808
1.	0.16873433013001798
1.05	0.177043026811401
1.1	0.18533412966969448
1.15	0.193607002308152
1.2	0.20186102435332173
1.25	0.21009559118178436
1.3	0.21831011365093514
1.35	0.22650401783375354
1.4	0.23467674475750636
1.45	0.24282775014633
1.5	0.2509565041676382
1.55	0.2590624911823032
1.6	0.26714520949855747
1.65	0.2752041711295657
1.7	0.2832389015546157
1.75	0.291248939483878
1.8	0.29923383662668585
1.85	0.3071931574632862
1.9	0.31512647902001345
1.95	0.3230333906478396
2.	0.3309134938042525
2.05	0.3387664018384177
2.1	0.3465917397795773
2.15	0.35438914412864064
2.2	0.3621582626529241
2.25	0.36989875418399376
2.3	0.3776102884185704
2.35	0.38529254572245225
2.4	0.39294521693741385
2.45	0.40056800319104086
2.5	0.40816061570945766
2.55	0.4157227756329096
2.6	0.42325421383415807
2.65	0.43075467073965046
2.7	0.43822389615342583
2.75	0.4456616490837173
2.8	0.4530676975722145
2.85	0.460441818525948
2.9	0.4677837975517589
2.95	0.4750934287933184
3.	0.4823705147706594
3.05	0.4896148662221874
3.1	0.49682630194913374
3.15	0.5040046486624173
3.2	0.5111497408318824
3.25	0.5182614205378753
3.3	0.5253395373251322
3.35	0.5323839480589406
3.4	0.5393945167835442
3.45	0.5463711145827612
3.5	0.5533136194427805
3.55	0.5602219161171098
3.6	0.5670958959936417
3.65	0.5739354569638077
3.7	0.5807405032937936
3.75	0.5875109454977833
3.8	0.5942467002132045
3.85	0.6009476900779465
3.9	0.6076138436095229
3.95	0.6142450950861512
4.	0.6208413844297215
4.05	0.6274026570906276
4.1	0.6339288639344342
4.15	0.6404199611303538
4.2	0.6468759100415065
4.25	0.6532966771169382
4.3	0.6596822337853725
4.35	0.6660325563506692
4.4	0.6723476258889665
4.45	0.6786274281474831
4.5	0.6848719534449553
4.55	0.6910811965736854
4.6	0.6972551567031787
4.65	0.7033938372853469
4.7	0.7094972459612526
4.75	0.7155653944693768
4.8	0.7215982985553832
4.85	0.7275959778833597
4.9	0.7335584559485164
4.95	0.739485759991316
5.	0.7453779209130201
5.05	0.7512349731926262
5.1	0.7570569548051789
5.15	0.7628439071414331
5.2	0.76859587492885
5.25	0.7743129061539067
5.3	0.7799950519857007
5.35	0.7856423667008288
5.4	0.7912549076095227
5.45	0.7968327349830233
5.5	0.8023759119821755
5.55	0.8078845045872238
5.6	0.8133585815287931
5.65	0.8187982142200373
5.7	0.8242034766899354
5.75	0.8295744455177237
5.8	0.8349111997684416
5.85	0.8402138209295775
5.9	0.8454823928487996
5.95	0.8507170016727512
6.	0.855917735786901
6.05	0.8610846857564262
6.1	0.8662179442681173
6.15	0.8713176060732895
6.2	0.8763837679316812
6.25	0.8814165285563318
6.3	0.8864159885594177
6.35	0.8913822503990365
6.4	0.8963154183269229
6.45	0.9012155983370826
6.5	0.9060828981153333
6.55	0.9109174269897338
6.6	0.9157192958818927
6.65	0.9204886172591416
6.7	0.9252255050875583
6.75	0.9299300747858312
6.8	0.9346024431799472
6.85	0.9392427284586944
6.9	0.943851050129966
6.95	0.9484275289778524
7.	0.9529722870205121
7.05	0.9574854474688053
7.1	0.9619671346856832
7.15	0.9664174741463188
7.2	0.9708365923989682
7.25	0.9752246170265517
7.3	0.9795816766089438
7.35	0.9839079006859605
7.4	0.9882034197210339
7.45	0.9924683650655635
7.5	0.9967028689239333
7.55	1.0009070643191849
7.6	1.0050810850593364
7.65	1.0092250657043367
7.7	1.0133391415336466
7.75	1.0174234485144344
7.8	1.0214781232703811
7.85	1.0255033030510792
7.9	1.029499125702023
7.95	1.0334657296351746
8.	1.0374032538001028
8.05	1.0413118376556796
8.1	1.0451916211423316
8.15	1.0490427446548336
8.2	1.0528653490156363
8.25	1.0566595754487234
8.3	1.060425565553983
8.35	1.064163461282092
8.4	1.0678734049099021
8.45	1.0715555390163183
8.5	1.0752100064586663
8.55	1.0788369503495345
8.6	1.0824365140340921
8.65	1.086008841067866
8.7	1.0895540751949762
8.75	1.093072360326819
8.8	1.0965638405211935
8.85	1.100028659961859
8.9	1.1034669629385245
8.95	1.106878893827256
9.	1.110264597071297
9.05	1.1136242171622992
9.1	1.1169578986219513
9.15	1.1202657859840033
9.2	1.1235480237766773
9.25	1.1268047565054617
9.3	1.1300361286362783
9.35	1.1332422845790204
9.4	1.1364233686714538
9.45	1.1395795251634724
9.5	1.14271089820171
9.55	1.145817631814493
9.6	1.1488998698971347
9.65	1.1519577561975645
9.7	1.1549914343022853
9.75	1.1580010476226534
9.8	1.160986739381477
9.85	1.163948652599928
9.9	1.1668869300847595
9.95	1.1698017144158268
10.	1.1726931479339058
10.05	1.1755613727288028
10.1	1.1784065306277514
10.15	1.181228763184094
10.2	1.1840282116662377
10.25	1.1868050170468865
10.3	1.189559319992539
10.35	1.1922912608532528
10.4	1.1950009796526655
10.45	1.1976886160782727
10.5	1.2003543094719555
10.55	1.2029981988207543
10.6	1.205620422747885
10.65	1.208221119503993
10.7	1.2108004269586403
10.75	1.2133584825920238
10.8	1.2158954234869177
10.85	1.2184113863208381
10.9	1.2209065073584267
10.95	1.2233809224440468
11.	1.2258347669945913
11.05	1.2282681759924958
11.1	1.2306812839789565
11.15	1.2330742250473463
11.2	1.2354471328368264
11.25	1.237800140526152
11.3	1.240133380827666
11.35	1.2424469859814773
11.4	1.2447410877498237
11.45	1.2470158174116124
11.5	1.2492713057571356
11.55	1.251507683082961
11.6	1.2537250791869887
11.65	1.2559236233636786
11.7	1.2581034443994363
11.75	1.2602646705681642
11.8	1.2624074296269656
11.85	1.264531848812008
11.9	1.266638054834534
11.95	1.2687261738770226
12.	1.2707963315894983
12.05	1.272848653085981
12.1	1.2748832629410778
12.15	1.2769002851867135
12.2	1.2788998433089958
12.25	1.2808820602452127
12.3	1.282847058380963
12.35	1.2847949595474109
12.4	1.2867258850186698
12.45	1.288639955509307
12.5	1.2905372911719697
12.55	1.2924180115951285
12.6	1.2942822358009398
12.65	1.2961300822432187
12.7	1.2979616688055247
12.75	1.2997771127993587
12.8	1.3015765309624643
12.85	1.3033600394572356
12.9	1.305127753869229
12.95	1.306879789205775
13.	1.3086162598946884
13.05	1.3103372797830772
13.1	1.3120429621362446
13.15	1.3137334196366866
13.2	1.315408764383178
13.25	1.31706910788995
13.3	1.3187145610859545
13.35	1.3203452343142137
13.4	1.321961237331255
13.45	1.323562679306626
13.5	1.325149668822492
13.55	1.326722313873312
13.6	1.3282807218655899
13.65	1.329824999617704
13.7	1.331355253359808
13.75	1.3328715887338067
13.8	1.3343741107933986
13.85	1.3358629240041926
13.9	1.3373381322438889
13.95	1.3387998388025262
14.	1.3402481463827967
14.05	1.3416831571004197
14.1	1.3431049724845816
14.15	1.3445136934784336
14.2	1.3459094204396491
14.25	1.3472922531410396
14.3	1.3486622907712267
14.35	1.3500196319353681
14.4	1.3513643746559403
14.45	1.3526966163735703
14.5	1.3540164539479218
14.55	1.3553239836586295
14.6	1.3566193012062835
14.65	1.3579025017134616
14.7	1.359173679725807
14.75	1.3604329292131527
14.8	1.3616803435706895
14.85	1.3629160156201785
14.9	1.3641400376112043
14.95	1.3653525012224696
15.	1.3665534975631317
15.05	1.3677431171741752
15.1	1.3689214500298252
15.15	1.3700885855389964
15.2	1.3712446125467779
15.25	1.3723896193359548
15.3	1.3735236936285624
15.35	1.374646922587474
15.4	1.375759392818022
15.45	1.3768611903696488
15.5	1.3779524007375903
15.55	1.3790331088645877
15.6	1.3801033991426284
15.65	1.3811633554147154
15.7	1.3822130609766636
15.75	1.383252598578923
15.8	1.3842820504284266
15.85	1.385301498190464
15.9	1.3863110229905795
15.95	1.3873107054164922
16.	1.3883006255200392
16.05	1.3892808628191422
16.1	1.3902514962997932
16.15	1.3912126044180617
16.2	1.3921642651021224
16.25	1.3931065557543003
16.3	1.3940395532531358
16.35	1.3949633339554668
16.4	1.3958779736985294
16.45	1.3967835478020734
16.5	1.397680131070494
16.55	1.398567797794981
16.6	1.3994466217556805
16.65	1.4003166762238706
16.7	1.401178033964154
16.75	1.4020307672366592
16.8	1.4028749477992584
16.85	1.4037106469097937
16.9	1.404537935328319
16.95	1.405356883319348
17.	1.4061675606541166
17.05	1.4069700366128544
17.1	1.4077643799870638
17.15	1.4085506590818107
17.2	1.4093289417180213
17.25	1.41009929523479
17.3	1.4108617864916917
17.35	1.4116164818711034
17.4	1.4123634472805322
17.45	1.413102748154949
17.5	1.4138344494591288
17.55	1.4145586156899965
17.6	1.415275310878977
17.65	1.4159845985943516
17.7	1.4166865419436172
17.75	1.41738120357585
17.8	1.4180686456840734
17.85	1.4187489300076288
17.9	1.4194221178345483
17.95	1.4200882700039321
18.	1.4207474469083259
18.05	1.4213997084961016
18.1	1.4220451142738388
18.15	1.4226837233087086
18.2	1.4233155942308569
18.25	1.4239407852357893
18.3	1.4245593540867563
18.35	1.4251713581171381
18.4	1.4257768542328295
18.45	1.426375898914624
18.5	1.4269685482205983
18.55	1.4275548577884927
18.6	1.4281348828380944
18.65	1.4287086781736162
18.7	1.4292762981860736
18.75	1.429837796855662
18.8	1.430393227754128
18.85	1.4309426440471427
18.9	1.431486098496668
18.95	1.432023643463322
19.	1.432555330908742
19.05	1.4330812123979415
19.1	1.4336013391016664
19.15	1.4341157617987448
19.2	1.4346245308784353
19.25	1.4351276963427693
19.3	1.4356253078088894
19.35	1.436117414511383
19.4	1.4366040653046124
19.45	1.437085308665038
19.5	1.4375611926935377
19.55	1.438031765117721
19.6	1.4384970732942373
19.65	1.4389571642110783
19.7	1.4394120844898757
19.75	1.439861880388192
19.8	1.4403065978018053
19.85	1.4407462822669896
19.9	1.4411809789627859
19.95	1.4416107327132694
20.	1.442035587989809
20.05	1.44245558891332
20.1	1.44287077925651
20.15	1.4432812024461195
20.2	1.4436869015651517
20.25	1.4440879193551
20.3	1.4444842982181636
20.35	1.4448760802194587
20.4	1.4452633070892213
20.45	1.4456460202250025
20.5	1.4460242606938554
20.55	1.4463980692345153
20.6	1.4467674862595716
20.65	1.4471325518576315
20.7	1.4474933057954757
20.75	1.4478497875202068
20.8	1.4482020361613877
20.85	1.4485500905331736
20.9	1.4488939891364352
20.95	1.4492337701608715
21.	1.4495694714871181
21.05	1.449901130688842
21.1	1.4502287850348328
21.15	1.4505524714910802
21.2	1.450872226722848
21.25	1.4511880870967337
21.3	1.4515000886827245
21.35	1.4518082672562407
21.4	1.4521126583001716
21.45	1.4524132970069024
21.5	1.4527102182803315
21.55	1.4530034567378796
21.6	1.453293046712488
21.65	1.4535790222546103
21.7	1.453861417134192
21.75	1.4541402648426425
21.8	1.4544155985947982
21.85	1.4546874513308743
21.9	1.45495585571841
21.95	1.4552208441542014
22.	1.455482448766227
22.05	1.4557407014155639
22.1	1.4559956336982918
22.15	1.4562472769473913
22.2	1.4564956622346306
22.25	1.4567408203724417
22.3	1.4569827819157901
22.35	1.4572215771640313
22.4	1.4574572361627616
22.45	1.457689788705655
22.5	1.4579192643362948
22.55	1.458145692349992
22.6	1.4583691017955969
22.65	1.4585895214772986
22.7	1.4588069799564174
22.75	1.459021505553185
22.8	1.459233126348517
22.85	1.459441870185775
22.9	1.4596477646725188
22.95	1.4598508371822496
23.	1.460051114856143
23.05	1.4602486246047728
23.1	1.4604433931098242
23.15	1.4606354468257994
23.2	1.460824811981711
23.25	1.4610115145827678
23.3	1.46119558041205
23.35	1.4613770350321749
23.4	1.4615559037869532
23.45	1.4617322118030363
23.5	1.4619059839915514
23.55	1.462077245049732
23.6	1.4622460194625326
23.65	1.4624123315042397
23.7	1.4625762052400695
23.75	1.462737664527757
23.8	1.462896733019137
23.85	1.4630534341617127
23.9	1.4632077912002193
23.95	1.4633598271781727
24.	1.4635095649394134
24.05	1.4636570271296387
24.1	1.4638022361979262
24.15	1.4639452143982472
24.2	1.4640859837909717
24.25	1.464224566244364
24.3	1.4643609834360682
24.35	1.4644952568545857
24.4	1.4646274078007413
24.45	1.4647574573891435
24.5	1.464885426549632
24.55	1.465011336028718
24.6	1.465135206391016
24.65	1.4652570580206639
24.7	1.465376911122737
24.75	1.465494785724651
24.8	1.4656107016775564
24.85	1.4657246786577243
24.9	1.4658367361679228
24.95	1.465946893538785
25.	1.4660551699301674
25.05	1.4661615843324995
25.1	1.4662661555681258
25.15	1.4663689022926367
25.2	1.466469842996193
25.25	1.4665689960048403
25.3	1.4666663794818138
25.35	1.4667620114288373
25.4	1.4668559096874114
25.45	1.4669480919400923
25.5	1.4670385757117648
25.55	1.4671273783709036
25.6	1.4672145171308288
25.65	1.4673000090509518
25.7	1.467383871038012
25.75	1.4674661198473058
25.8	1.467546772083908
25.85	1.4676258442038834
25.9	1.4677033525154912
25.95	1.4677793131803805
26.	1.467853742214777
26.05	1.4679266554906645
26.1	1.4679980687369536
26.15	1.4680679975406459
26.2	1.4681364573479885
26.25	1.4682034634656218
26.3	1.468269031061717
26.35	1.4683331751671078
26.4	1.468395910676413
26.45	1.4684572523491521
26.5	1.4685172148108518
26.55	1.4685758125541455
26.6	1.4686330599398654
26.65	1.4686889711981255
26.7	1.4687435604293988
26.75	1.4687968416055845
26.8	1.46884882857107
26.85	1.468899535043783
26.9	1.4689489746162383
26.95	1.4689971607565748
27.	1.4690441068095874
27.05	1.4690898259977492
27.1	1.4691343314222278
27.15	1.469177636063894
27.2	1.4692197527843223
27.25	1.4692606943267852
27.3	1.46930047331724
27.35	1.4693391022653077
27.4	1.469376593565246
27.45	1.4694129594969134
27.5	1.4694482122267285
27.55	1.4694823638086192
27.6	1.469515426184969
27.65	1.469547411187552
27.7	1.4695783305384638
27.75	1.469608195851045
27.8	1.4696370186307965
27.85	1.4696648102762904
27.9	1.4696915820800711
27.95	1.469717345229553
28.	1.4697421108079083
28.05	1.4697658897949506
28.1	1.4697886930680102
28.15	1.469810531402804
28.2	1.4698314154742986
28.25	1.4698513558575659
28.3	1.4698703630286334
28.35	1.4698884473653278
28.4	1.4699056191481117
28.45	1.4699218885609149
28.5	1.4699372656919583
28.55	1.469951760534572
28.6	1.4699653829880077
28.65	1.4699781428582437
28.7	1.4699900498587848
28.75	1.4700011136114557
28.8	1.4700113436471887
28.85	1.4700207494068038
28.9	1.470029340241785
28.95	1.4700371254150495
29.	1.4700441141017102
29.05	1.4700503153898339
29.1	1.4700557382811927
29.15	1.4700603916920099
29.2	1.4700642844536993
29.25	1.4700674253136
29.3	1.4700698229357043
29.35	1.470071485901382
29.4	1.4700724227100948
29.45	1.4700726417801109
29.5	1.470072151449209
29.55	1.470070959975379
29.6	1.4700690755375174
29.65	1.470066506236117
29.7	1.4700632600939498
29.75	1.470059345056747
29.8	1.4700547689938712
29.85	1.4700495396989854
29.9	1.470043664890715
29.95	1.4700371522133047
30.	1.470030009237272
30.05	1.470022243460054
30.1	1.4700138623066483
30.15	1.4700048731302506
30.2	1.4699952832128864
30.25	1.4699850997660373
30.3	1.4699743299312629
30.35	1.4699629807808172
30.4	1.4699510593182612
30.45	1.4699385724790686
30.5	1.4699255271312277
30.55	1.46991193007584
30.6	1.4698977880477115
30.65	1.4698831077159393
30.7	1.4698678956844962
30.75	1.4698521584928077
30.8	1.4698359026163257
30.85	1.469819134467097
30.9	1.4698018603943277
30.95	1.4697840866849428
31.	1.469765819564141
31.05	1.4697470651959457
31.1	1.46972782968375
31.15	1.4697081190708594
31.2	1.4696879393410283
31.25	1.4696672964189927
31.3	1.4696461961709995
31.35	1.4696246444053291
31.4	1.4696026468728165
31.45	1.4695802092673658
31.5	1.4695573372264628
31.55	1.46953403633168
31.6	1.469510312109182
31.65	1.4694861700302217
31.7	1.4694616155116378
31.75	1.4694366539163422
31.8	1.4694112905538088
31.85	1.4693855306805554
31.9	1.4693593795006215
31.95	1.4693328421660439
32.	1.469305923777326
32.05	1.4692786293839057
32.1	1.4692509639846176
32.15	1.4692229325281516
32.2	1.4691945399135085
32.25	1.469165790990451
32.3	1.4691366905599519
32.35	1.4691072433746368
32.4	1.469077454139225
32.45	1.4690473275109657
32.5	1.4690168681000706
32.55	1.4689860804701431
32.6	1.4689549691386037
32.65	1.4689235385771124
32.7	1.4688917932119865
32.75	1.4688597374246155
32.8	1.4688273755518726
32.85	1.4687947118865232
32.9	1.468761750677628
32.95	1.4687284961309455
33.	1.468694952409328
33.05	1.4686611236331177
33.1	1.4686270138805362
33.15	1.4685926271880727
33.2	1.468557967550868
33.25	1.4685230389230965
33.3	1.4684878452183423
33.35	1.4684523903099755
33.4	1.4684166780315226
33.45	1.4683807121770351
33.5	1.4683444965014545
33.55	1.468308034720974
33.6	1.468271330513398
33.65	1.4682343875184976
33.7	1.4681972093383628
33.75	1.4681597995377533
33.8	1.4681221616444446
33.85	1.4680842991495717
33.9	1.46804621550797
33.95	1.4680079141385136
34.	1.4679693984244495
34.05	1.46793067171373
34.1	1.4678917373193425
34.15	1.4678525985196351
34.2	1.46781325855864
34.25	1.4677737206463957
34.3	1.467733987959263
34.35	1.4676940636402416
34.4	1.4676539507992823
34.45	1.4676136525135968
34.5	1.467573171827964
34.55	1.4675325117550362
34.6	1.4674916752756393
34.65	1.4674506653390722
34.7	1.4674094848634043
34.75	1.4673681367357685
34.8	1.4673266238126534
34.85	1.4672849489201911
34.9	1.4672431148544447
34.95	1.4672011243816914
35.	1.4671589802387044
35.05	1.4671166851330315
35.1	1.4670742417432712
35.15	1.4670316527193477
35.2	1.4669889206827813
35.25	1.4669460482269594
35.3	1.4669030379174013
35.35	1.4668598922920242
35.4	1.4668166138614047
35.45	1.4667732051090396
35.5	1.4667296684916025
35.55	1.466686006439199
35.6	1.4666422213556216
35.65	1.4665983156185982
35.7	1.466554291580042
35.75	1.4665101515662986
35.8	1.4664658978783882
35.85	1.4664215327922498
35.9	1.4663770585589804
35.95	1.4663324774050717
36.	1.4662877915326478
36.05	1.4662430031196978
36.1	1.4661981143203067
36.15	1.466153127264886
36.2	1.466108044060401
36.25	1.4660628667905957
36.3	1.4660175975162162
36.35	1.4659722382752325
36.4	1.465926791083058
36.45	1.465881257932767
36.5	1.4658356407953093
36.55	1.4657899416197249
36.6	1.4657441623333556
36.65	1.465698304842054
36.7	1.4656523710303928
36.75	1.4656063627618692
36.8	1.46556028187911
36.85	1.4655141302040744
36.9	1.465467909538254
36.95	1.4654216216628708
37.	1.4653752683390762
37.05	1.465328851308144
37.1	1.4652823722916652
37.15	1.4652358329917397
37.2	1.4651892350911648
37.25	1.4651425802536255
37.3	1.4650958701238797
37.35	1.4650491063279434
37.4	1.465002290473274
37.45	1.4649554241489513
37.5	1.4649085089258587
37.55	1.4648615463568595
37.6	1.4648145379769753
37.65	1.4647674853035604
37.7	1.4647203898364747
37.75	1.4646732530582565
37.8	1.464626076434292
37.85	1.4645788614129847
37.9	1.4645316094259222
37.95	1.4644843218880421
38.	1.4644370001977964
38.05	1.4643896457373133
38.1	1.4643422598725595
38.15	1.4642948439534993
38.2	1.4642473993142529
38.25	1.4641999272732538
38.3	1.4641524291334034
38.35	1.464104906182225
38.4	1.4640573596920174
38.45	1.464009790920005
38.5	1.4639622011084874
38.55	1.4639145914849894
38.6	1.4638669632624057
38.65	1.4638193176391487
38.7	1.4637716557992915
38.75	1.4637239789127117
38.8	1.4636762881352323
38.85	1.463628584608763
38.9	1.463580869461439
38.95	1.4635331438077577
39.	1.4634854087487175
39.05	1.4634376653719505
39.1	1.4633899147518592
39.15	1.4633421579497468
39.2	1.4632943960139502
39.25	1.4632466299799702
39.3	1.4631988608706006
39.35	1.4631510896960553
39.4	1.4631033174540966
39.45	1.4630555451301592
39.5	1.463007773697476
39.55	1.4629600041172002
39.6	1.4629122373385277
39.65	1.4628644742988193
39.7	1.4628167159237182
39.75	1.4627689631272711
39.8	1.462721216812044
39.85	1.4626734778692403
39.9	1.4626257471788142
39.95	1.4625780256095877
40.	1.4625303140193617
40.05	1.4624826132550288
40.1	1.4624349241526855
40.15	1.4623872475377404
40.2	1.4623395842250257
40.25	1.4622919350189032
40.3	1.462244300713372
40.35	1.462196682092176
40.4	1.4621490799289063
40.45	1.4621014949871076
40.5	1.46205392802038
40.55	1.462006379772482
40.6	1.4619588509774308
40.65	1.4619113423596033
40.7	1.461863854633835
40.75	1.4618163885055182
40.8	1.4617689446706998
40.85	1.4617215238161776
40.9	1.4616741266195956
40.95	1.4616267537495395
41.	1.4615794058656295
41.05	1.4615320836186136
41.1	1.4614847876504604
41.15	1.4614375185944488
41.2	1.4613902770752591
41.25	1.4613430637090623
41.3	1.4612958791036093
41.35	1.4612487238583174
41.4	1.4612015985643578
41.45	1.4611545038047424
41.5	1.4611074401544075
41.55	1.4610604081803
41.6	1.4610134084414597
41.65	1.4609664414891026
41.7	1.460919507866703
41.75	1.460872608110075
41.8	1.4608257427474525
41.85	1.4607789122995691
41.9	1.4607321172797374
41.95	1.460685358193927
42.	1.4606386355408414
42.05	1.460591949811996
42.1	1.4605453014917924
42.15	1.4604986910575954
42.2	1.4604521189798065
42.25	1.4604055857219376
42.3	1.4603590917406848
42.35	1.4603126374860003
42.4	1.460266223401164
42.45	1.4602198499228558
42.5	1.4601735174812234
42.55	1.460127226499955
42.6	1.4600809773963455
42.65	1.460034770581367
42.7	1.4599886064597352
42.75	1.4599424854299767
42.8	1.4598964078844956
42.85	1.4598503742096394
42.9	1.459804384785763
42.95	1.4597584399872943
43.	1.4597125401827977
43.05	1.4596666857350376
43.1	1.4596208770010397
43.15	1.459575114332155
43.2	1.4595293980741193
43.25	1.4594837285671156
43.3	1.4594381061458328
43.35	1.4593925311395268
43.4	1.4593470038720784
43.45	1.4593015246620522
43.5	1.4592560938227543
43.55	1.4592107116622905
43.6	1.4591653784836214
43.65	1.4591200945846203
43.7	1.459074860258128
43.75	1.4590296757920078
43.8	1.4589845414692009
43.85	1.4589394575677794
43.9	1.4588944243610007
43.95	1.45884944211736
44.	1.4588045111006425
44.05	1.4587596315699767
44.1	1.4587148037798843
44.15	1.458670027980332
44.2	1.4586253044167814
44.25	1.4585806333302396
44.3	1.4585360149573083
44.35	1.458491449530233
44.4	1.4584469372769508
44.45	1.4584024784211396
44.5	1.458358073182264
44.55	1.4583137217756243
44.6	1.458269424412402
44.65	1.458225181299705
44.7	1.4581809926406157
44.75	1.4581368586342345
44.8	1.4580927794757246
44.85	1.458048755356357
44.9	1.4580047864635541
44.95	1.4579608729809335
45.	1.4579170150883503
45.05	1.4578732129619403
45.1	1.4578294667741623
45.15	1.4577857766938391
45.2	1.4577421428861999
45.25	1.4576985655129202
45.3	1.4576550447321635
45.35	1.4576115806986198
45.4	1.457568173563547
45.45	1.4575248234748097
45.5	1.4574815305769173
45.55	1.4574382950110636
45.6	1.4573951169151644
45.65	1.4573519964238955
45.7	1.4573089336687302
45.75	1.457265928777976
45.8	1.4572229818768112
45.85	1.457180093087322
45.9	1.4571372625285375
45.95	1.4570944903164658
46.	1.4570517765641284
46.05	1.4570091213815966
46.1	1.4569665248760242
46.15	1.4569239871516833
46.2	1.4568815083099964
46.25	1.4568390884495719
46.3	1.456796727666235
46.35	1.4567544260530625
46.4	1.456712183700414
46.45	1.456670000695964
46.5	1.456627877124735
46.55	1.4565858130691272
46.6	1.4565438086089513
46.65	1.4565018638214584
46.7	1.4564599787813703
46.75	1.4564181535609106
46.8	1.4563763882298346
46.85	1.4563346828554575
46.9	1.4562930375026857
46.95	1.4562514522340442
47.	1.4562099271097062
47.05	1.4561684621875215
47.1	1.456127057523044
47.15	1.4560857131695601
47.2	1.4560444291781165
47.25	1.456003205597547
47.3	1.4559620424744988
47.35	1.4559209398534612
47.4	1.4558798977767902
47.45	1.4558389162847358
47.5	1.455797995415467
47.55	1.4557571352050984
47.6	1.455716335687715
47.65	1.455675596895397
47.7	1.4556349188582456
47.75	1.4555943016044068
47.8	1.4555537451600964
47.85	1.4555132495496235
47.9	1.4554728147954143
47.95	1.4554324409180368
48.	1.4553921279362223
48.05	1.4553518758668904
48.1	1.455311684725171
48.15	1.4552715545244264
48.2	1.4552314852762749
48.25	1.455191476990612
48.3	1.455151529675633
48.35	1.4551116433378541
48.4	1.4550718179821347
48.45	1.4550320536116976
48.5	1.4549923502281508
48.55	1.4549527078315085
48.6	1.4549131264202109
48.65	1.4548736059911451
48.7	1.4548341465396655
48.75	1.454794748059613
48.8	1.454755410543336
48.85	1.4547161339817083
48.9	1.4546769183641495
48.95	1.4546377636786447
49.	1.4545986699117617
49.05	1.4545596370486715
49.1	1.4545206650731655
49.15	1.4544817539676749
49.2	1.454442903713288
49.25	1.4544041142897688
49.3	1.4543653856755743
49.35	1.4543267178478725
49.4	1.4542881107825594
49.45	1.4542495644542763
49.5	1.4542110788364278
49.55	1.454172653901196
49.6	1.4541342896195613
49.65	1.454095985961314
49.7	1.4540577428950754
49.75	1.4540195603883104
49.8	1.453981438407345
49.85	1.453943376917382
49.9	1.4539053758825167
49.95	1.453867435265723
50.	1.4538295550293483
50.05	1.4537917351206997
50.1	1.45375397553446
50.15	1.4537162761894507
50.2	1.4536786370539214
50.25	1.4536410580702546
50.3	1.45360353922613
50.35	1.4535660804746633
50.4	1.4535286817670925
50.45	1.453491343077973
50.5	1.4534540643525646
50.55	1.453416845517313
50.6	1.4533796865367354
50.65	1.4533425873293566
50.7	1.453305547864963
50.75	1.4532685680810786
50.8	1.4532316479105745
50.85	1.4531947873426336
50.9	1.4531579862820272
50.95	1.4531212446737796
51.	1.453084562498189
51.05	1.453047939659149
51.1	1.4530113761218346
51.15	1.4529748718551174
51.2	1.452938426814009
51.25	1.452902040883783
51.3	1.452865714028035
51.35	1.4528294461674682
51.4	1.4527932372150372
51.45	1.4527570871149447
51.5	1.4527209957957306
51.55	1.4526849632068906
51.6	1.4526489893012628
51.65	1.4526130740305048
51.7	1.4525772173191758
51.75	1.452541419073039
51.8	1.4525056792236972
51.85	1.452469997692322
51.9	1.4524343744096964
51.95	1.4523988093290143
52.	1.4523633023808529
52.05	1.4523278535649147
52.1	1.452292462746905
52.15	1.4522571298490154
52.2	1.4522218547874772
52.25	1.4521866375246155
52.3	1.4521514779602793
52.35	1.4521163760024383
52.4	1.452081331560111
52.45	1.4520463445898946
52.5	1.4520114149852335
52.55	1.4519765427099611
52.6	1.4519417276775113
52.65	1.451906969809778
52.7	1.451872269018375
52.75	1.4518376252317708
52.8	1.4518030384263398
52.85	1.4517685085037146
52.9	1.4517340353735684
52.95	1.4516996189378697
53.	1.451665259099663
53.05	1.4516309557777383
53.1	1.4515967088975867
53.15	1.4515625183849237
53.2	1.451528384170856
53.25	1.4514943062207017
53.3	1.451460284323576
53.35	1.4514263184767806
53.4	1.4513924086083814
53.45	1.4513585546243712
53.5	1.451324756415072
53.55	1.451291013895852
53.6	1.4512573270019005
53.65	1.4512236956847375
53.7	1.4511901198067705
53.75	1.451156599295483
53.8	1.4511231340933701
53.85	1.4510897240864906
53.9	1.4510563692308878
53.95	1.4510230694097426
54.	1.450989824512157
54.05	1.4509566344769111
54.1	1.4509234991984772
54.15	1.4508904185825946
54.2	1.4508573925195285
54.25	1.4508244209724013
54.3	1.450791503831595
54.35	1.4507586410011797
54.4	1.4507258324268655
54.45	1.450693078069541
54.5	1.4506603777538758
54.55	1.4506277313877975
54.6	1.4505951388518645
54.65	1.4505626001151022
54.7	1.4505301150708414
54.75	1.4504976836657872
54.8	1.450465305792306
54.85	1.4504329813884607
54.9	1.4504007103201149
54.95	1.450368492486617
55.	1.4503363278152432
55.05	1.4503042161829518
55.1	1.4502721574979986
55.15	1.450240151700721
55.2	1.4502081986785131
55.25	1.4501762983926774
55.3	1.4501444507174968
55.35	1.4501126555638006
55.4	1.4500809128716212
55.45	1.4500492224304469
55.5	1.45001758425617
55.55	1.4499859982792442
55.6	1.4499544644008722
55.65	1.449922982480139
55.7	1.4498915524275473
55.75	1.4498601741141166
55.8	1.4498288474692214
55.85	1.4497975724125716
55.9	1.4497663488346229
55.95	1.4497351766481257
56.	1.4497040557822154
56.05	1.4496729861687134
56.1	1.449641967713433
56.15	1.4496110003197167
56.2	1.4495800838671313
56.25	1.4495492182298602
56.3	1.4495184033067159
56.35	1.4494876390140115
56.4	1.4494569252948941
56.45	1.4494262620919038
56.5	1.4493956493198958
56.55	1.4493650868006553
56.6	1.4493345744320325
56.65	1.449304112196149
56.7	1.4492736999941664
56.75	1.449243337696772
56.8	1.4492130252109403
56.85	1.449182762424016
56.9	1.4491525492582094
56.95	1.4491223856388817
57.	1.449092271440279
57.05	1.449062206553831
57.1	1.4490321909150348
57.15	1.4490022244245466
57.2	1.4489723070110183
57.25	1.448942438697576
57.3	1.448912619244091
57.35	1.4488828485555507
57.4	1.4488531265322808
57.45	1.4488234530727104
57.5	1.4487938280846195
57.55	1.4487642515385064
57.6	1.448734723315357
57.65	1.4487052433165704
57.7	1.448675811441055
57.75	1.4486464276085915
57.8	1.4486170917388888
57.85	1.448587803715266
57.9	1.4485585634329516
57.95	1.4485293707815534
58.	1.4485002256323132
58.05	1.4484711279541347
58.1	1.4484420777098326
58.15	1.4484130748091748
58.2	1.4483841191082998
58.25	1.4483552104994641
58.3	1.4483263489032374
58.35	1.4482975342206867
58.4	1.4482687663145948
58.45	1.44824004514191
58.5	1.4482113706561552
58.55	1.448182742733305
58.6	1.448154161215753
58.65	1.4481256260222253
58.7	1.4480971370922076
58.75	1.4480686943632912
58.8	1.4480402977226243
58.85	1.448011947012325
58.9	1.447983642243468
58.95	1.4479553833218084
59.	1.4479271701383973
59.05	1.4478990025008192
59.1	1.4478708803699571
59.15	1.4478428036652091
59.2	1.4478147722877326
59.25	1.4477867861808362
59.3	1.4477588451905314
59.35	1.447730949264747
59.4	1.4477030983211543
59.45	1.447675292309504
59.5	1.4476475311243706
59.55	1.4476198146694115
59.6	1.447592142844207
59.65	1.4475645155588337
59.7	1.4475369326388567
59.75	1.4475093940129289
59.8	1.44748189960803
59.85	1.44745444937867
59.9	1.4474270432332577
59.95	1.447399681094498
60.	1.4473723628842439
60.05	1.4473450885128119
60.1	1.4473178578493442
60.15	1.4472906707823492
60.2	1.4472635272273437
60.25	1.4472364271478713
60.3	1.4472093703393576
60.35	1.4471823567849897
60.4	1.4471553864078714
60.45	1.4471284591414357
60.5	1.4471015748795055
60.55	1.4470747335496117
60.6	1.4470479350530747
60.65	1.4470211792563508
60.7	1.4469944661376406
60.75	1.4469677955664408
60.8	1.4469411674342434
60.85	1.4469145816978792
60.9	1.4468880382271199
60.95	1.4468615369592108
61.	1.4468350777001657
61.05	1.44680866042168
61.1	1.4467822850887333
61.15	1.4467559516708128
61.2	1.4467296600329766
61.25	1.4467034101233471
61.3	1.446677201811006
61.35	1.4466510350286472
61.4	1.4466249096687043
61.45	1.446598825641367
61.5	1.4465727827763706
61.55	1.4465467809566412
61.6	1.4465208202380795
61.65	1.4464949005843426
61.7	1.4464690218784582
61.75	1.4464431839867682
61.8	1.4464173868065469
61.85	1.4463916302575743
61.9	1.4463659142582024
61.95	1.4463402387657707
62.	1.4463146036069723
62.05	1.4462890087894622
62.1	1.4462634542391313
62.15	1.4462379397883558
62.2	1.4462124653428479
62.25	1.4461870309144254
62.3	1.4461616363595464
62.35	1.446136281597141
62.4	1.4461109665436593
62.45	1.4460856911444728
62.5	1.446060455271228
62.55	1.4460352588820378
62.6	1.4460101018633065
62.65	1.4459849841401569
62.7	1.4459599055971737
62.75	1.4459348661605054
62.8	1.445909865815033
62.85	1.4458849044573827
62.9	1.4458599819778342
62.95	1.4458350982662476
63.	1.445810253239912
63.05	1.445785446861013
63.1	1.4457606790337372
63.15	1.4457359496783657
63.2	1.4457112587658514
63.25	1.445686606225685
63.3	1.4456619919716773
63.35	1.4456374158823628
63.4	1.4456128778922086
63.45	1.4455883778137835
63.5	1.4455639156324065
63.55	1.4455394912820623
63.6	1.4455151047209542
63.65	1.4454907558715868
63.7	1.445466444561823
63.75	1.445442170663892
63.8	1.445417934190599
63.85	1.445393735128682
63.9	1.4453695734208811
63.95	1.4453454488330435
64.	1.445321361352932
64.05	1.4452973109255551
64.1	1.4452732974603237
64.15	1.445249320932285
64.2	1.445225381275253
64.25	1.445201478362482
64.3	1.4451776121040447
64.35	1.4451537823967244
64.4	1.4451299891070863
64.45	1.44510623225223
64.5	1.4450825117468535
64.55	1.4450588275099792
64.6	1.4450351794953442
64.65	1.4450115676271853
64.7	1.4449879916338004
64.75	1.4449644515706446
64.8	1.444940947413919
64.85	1.4449174790743478
64.9	1.444894046471746
64.95	1.4448706495540646
65.	1.444847288264702
65.05	1.4448239624887091
65.1	1.4448006721726152
65.15	1.4447774172169683
65.2	1.4447541975694207
65.25	1.4447310131490327
65.3	1.4447078638472357
65.35	1.4446847495945008
65.4	1.4446616703153503
65.45	1.4446386259438202
65.5	1.4446156164454722
65.55	1.4445926417273374
65.6	1.4445697016434855
65.65	1.444546796134629
65.7	1.4445239251008763
65.75	1.4445010884901037
65.8	1.4444782863000316
65.85	1.4444555184927401
65.9	1.4444327849536154
65.95	1.4444100855547088
66.	1.444387420227587
66.05	1.4443647889584557
66.1	1.444342191678263
66.15	1.4443196283425745
66.2	1.4442970988652546
66.25	1.4442746031739004
66.3	1.4442521411405553
66.35	1.4442297127026873
66.4	1.4442073177353145
66.45	1.444184956268243
66.5	1.4441626281689375
66.55	1.444140333318306
66.6	1.4441180716956459
66.65	1.4440958432589295
66.7	1.4440736479203224
66.75	1.444051485660187
66.8	1.444029356443473
66.85	1.4440072601826217
66.9	1.443985196751115
66.95	1.4439631660749324
67.	1.4439411681021546
67.05	1.4439192027711065
67.1	1.4438972699766983
67.15	1.443875369676714
67.2	1.443853501786822
67.25	1.4438316662940087
67.3	1.4438098631056415
67.35	1.4437880921227937
67.4	1.4437663532576652
67.45	1.443744646468063
67.5	1.4437229716404383
67.55	1.4437013287462377
67.6	1.4436797177480338
67.65	1.4436581385479326
67.7	1.4436365911104143
67.75	1.4436150753764696
67.8	1.4435935912532147
67.85	1.4435721386253273
67.9	1.4435507174448323
67.95	1.4435293276822545
68.	1.4435079693056994
68.05	1.443486642274991
68.1	1.4434653464642615
68.15	1.4434440818528989
68.2	1.4434228483259854
68.25	1.443401645785163
68.3	1.4433804741329685
68.35	1.4433593333349315
68.4	1.4433382233799181
68.45	1.4433171441727124
68.5	1.4432960957231038
68.55	1.4432750779848764
68.6	1.4432540908373763
68.65	1.4432331341670408
68.7	1.4432122079373064
68.75	1.4431913120996755
68.8	1.4431704465577844
68.85	1.4431496112131288
68.9	1.4431288061046204
68.95	1.4431080311653148
69.	1.4430872863813247
69.05	1.4430665716016886
69.1	1.4430458866996265
69.15	1.4430252316694756
69.2	1.4430046064900504
69.25	1.4429840110661125
69.3	1.4429634452800404
69.35	1.4429429090856882
69.4	1.4429224024243854
69.45	1.4429019253308044
69.5	1.4428814777066734
69.55	1.4428610595082647
69.6	1.442840670641451
69.65	1.4428203109662368
69.7	1.4427999804406921
69.75	1.4427796790876068
69.8	1.4427594067162728
69.85	1.4427391633304831
69.9	1.4427189489052776
69.95	1.4426987633712178
70.	1.4426786067609292
70.05	1.4426584789980037
70.1	1.4426383799975484
70.15	1.4426183096770624
70.2	1.4425982679968463
70.25	1.4425782549389368
70.3	1.4425582703664597
70.35	1.442538314177732
70.4	1.4425183863158477
70.45	1.4424984867202166
70.5	1.4424786153157545
70.55	1.4424587721066378
70.6	1.4424389569900273
70.65	1.4424191700220286
70.7	1.4423994111227278
70.75	1.44237968021709
70.8	1.44235997720318
70.85	1.4423403020824292
70.9	1.44232065476591
70.95	1.4423010351517143
71.	1.442281443162845
71.05	1.4422618787947536
71.1	1.4422423419827322
71.15	1.442222832648962
71.2	1.4422033507786738
71.25	1.4421838963501563
71.3	1.442164469261957
71.35	1.4421450694823608
71.4	1.4421256969585003
71.45	1.442106351615272
71.5	1.4420870333356377
71.55	1.4420677421021941
71.6	1.442048477875498
71.65	1.4420292406022646
71.7	1.442010030223234
71.75	1.4419908466215894
71.8	1.4419716898287058
71.85	1.4419525597074914
71.9	1.4419334562592285
71.95	1.4419143794186409
72.	1.441895329213636
72.05	1.4418763055070154
72.1	1.4418573082341628
72.15	1.4418383373804466
72.2	1.4418193928972982
72.25	1.4418004747147233
72.3	1.4417815828376672
72.35	1.441762717183079
72.4	1.4417438776679588
72.45	1.4417250642712873
72.5	1.4417062768346196
72.55	1.4416875153301625
72.6	1.4416687797049124
72.65	1.4416500699722763
72.7	1.4416313860867065
72.75	1.4416127280064008
72.8	1.4415940957125848
72.85	1.4415754889988563
72.9	1.441556907915969
72.95	1.4415383523843048
73.	1.4415198224379033
73.05	1.441501317907332
73.1	1.4414828388203855
73.15	1.4414643850902797
73.2	1.4414459566529125
73.25	1.441427553456157
73.3	1.4414091754347316
73.35	1.44139082256787
73.4	1.4413724948129387
73.45	1.4413541921414565
73.5	1.441335914485449
73.55	1.4413176617245798
73.6	1.4412994338404808
73.65	1.4412812308054797
73.7	1.4412630526019448
73.75	1.4412448991503295
73.8	1.4412267704254464
73.85	1.441208666368578
73.9	1.4411905869280859
73.95	1.4411725320298465
74.	1.4411545015867135
74.05	1.441136495582042
74.1	1.4411185139727283
74.15	1.4411005566823436
74.2	1.4410826235876257
74.25	1.4410647147252558
74.3	1.4410468301139803
74.35	1.4410289697258005
74.4	1.4410111335185725
74.45	1.4409933215027388
74.5	1.4409755335411338
74.55	1.4409577695491047
74.6	1.4409400294470402
74.65	1.440922313231566
74.7	1.4409046208012832
74.75	1.4408869521007073
74.8	1.4408693071581846
74.85	1.4408516859216904
74.9	1.4408340884055328
74.95	1.4408165145170644
75.	1.440798964232236
75.05	1.4407814374926131
75.1	1.4407639341791223
75.15	1.4407464542168684
75.2	1.4407289975447712
75.25	1.4407115641627368
75.3	1.4406941540507578
75.35	1.4406767671516556
75.4	1.4406594034287554
75.45	1.440642062838191
75.5	1.440624745321264
75.55	1.440607450826072
75.6	1.440590179353233
75.65	1.4405729308505388
75.7	1.4405557053295368
75.75	1.440538502712223
75.8	1.4405213229272034
75.85	1.4405041659642905
75.9	1.4404870316364993
75.95	1.4404699199216304
76.	1.440452830777689
76.05	1.4404357642944123
76.1	1.4404187204449674
76.15	1.440401699107518
76.2	1.4403847003227686
76.25	1.44036772389019
76.3	1.4403507697621913
76.35	1.4403338378951318
76.4	1.4403169283903736
76.45	1.440300041154816
76.5	1.440283176055348
76.55	1.4402663330987178
76.6	1.44024951225377
76.65	1.440232713471761
76.7	1.4402159367692298
76.75	1.4401991820709552
76.8	1.4401824492914115
76.85	1.4401657384231081
76.9	1.440149049435495
76.95	1.4401323823118866
77.	1.4401157370036572
77.05	1.4400991133849481
77.1	1.440082511403287
77.15	1.4400659310826807
77.2	1.4400493723822037
77.25	1.440032835192257
77.3	1.4400163195504299
77.35	1.4399998254021236
77.4	1.4399833526639063
77.45	1.4399669013174743
77.5	1.439950471375177
77.55	1.439934062813728
77.6	1.4399176754659804
77.65	1.4399013093449091
77.7	1.4398849644561398
77.75	1.439868640706859
77.8	1.439852338017344
77.85	1.4398360563676742
77.9	1.4398197957066134
77.95	1.4398035560371054
78.	1.4397873373609582
78.05	1.4397711396706336
78.1	1.4397549628579096
78.15	1.4397388068658223
78.2	1.439722671666958
78.25	1.4397065572113104
78.3	1.4396904634707606
78.35	1.439674390443308
78.4	1.4396583380322627
78.45	1.4396423061728174
78.5	1.4396262948481369
78.55	1.4396103040604116
78.6	1.4395943336873656
78.65	1.439578383725961
78.7	1.4395624541485832
78.75	1.4395465449424614
78.8	1.4395306560933012
78.85	1.4395147875307166
78.9	1.4394989393048203
78.95	1.4394831113195794
79.	1.439467303476484
79.05	1.4394515157727577
79.1	1.439435748146107
79.15	1.4394200006107358
79.2	1.43940427310215
79.25	1.439388565522966
79.3	1.4393728777807384
79.35	1.439357209880423
79.4	1.439341561848231
79.45	1.4393259336292838
79.5	1.4393103251858812
79.55	1.439294736492927
79.6	1.4392791675328795
79.65	1.4392636182502878
79.7	1.4392480886743684
79.75	1.4392325787171487
79.8	1.4392170883370918
79.85	1.4392016175628557
79.9	1.4391861663023722
79.95	1.4391707344565952
80.	1.4391553219809516
80.05	1.4391399287786069
80.1	1.4391245549277154
80.15	1.4391092004183978
80.2	1.4390938652295442
80.25	1.4390785493694618
80.3	1.4390632527189315
80.35	1.4390479751636072
80.4	1.4390327167373769
80.45	1.4390174774047226
80.5	1.439002257092366
80.55	1.4389870557403923
80.6	1.4389718733195391
80.65	1.4389567098446316
80.7	1.4389415653252446
80.75	1.4389264397396757
80.8	1.4389113330216445
80.85	1.4388962451565304
80.9	1.438881176031078
80.95	1.4388661256333228
81.	1.4388510939341548
81.05	1.4388360809393017
81.1	1.4388210866508508
81.15	1.438806110984145
81.2	1.4387911539203992
81.25	1.4387762154083115
81.3	1.4387612953271778
81.35	1.4387463936843654
81.4	1.4387315104847325
81.45	1.4387166456401324
81.5	1.438701799116211
81.55	1.4386869709368537
81.6	1.438672161090114
81.65	1.4386573694725393
81.7	1.4386425960837028
81.75	1.4386278409000406
81.8	1.4386131038757897
81.85	1.4385983849931807
81.9	1.4385836842179534
81.95	1.4385690015281776
82.	1.4385543367671922
82.05	1.4385396899902632
82.1	1.4385250611902287
82.15	1.4385104503466153
82.2	1.4384958575153095
82.25	1.4384812824811692
82.3	1.438466725310351
82.35	1.4384521858977277
82.4	1.4384376642724022
82.45	1.4384231604292013
82.5	1.438408674250401
82.55	1.4383942057270107
82.6	1.4383797548217754
82.65	1.4383653215525751
82.7	1.4383509058580473
82.75	1.4383365077150319
82.8	1.4383221271214612
82.85	1.438307764021574
82.9	1.4382934183374507
82.95	1.43827909000712
83.	1.4382647789806693
83.05	1.4382504853354183
83.1	1.4382362090248613
83.15	1.4382219499941375
83.2	1.4382077082410851
83.25	1.4381934836219983
83.3	1.4381792761923837
83.35	1.4381650859617978
83.4	1.4381509128807353
83.45	1.4381367569226282
83.5	1.4381226180856752
83.55	1.4381084962942257
83.6	1.4380943914979019
83.65	1.438080303732132
83.7	1.4380662329191938
83.75	1.4380521790249556
83.8	1.4380381420191632
83.85	1.43802412191785
83.9	1.438010118620253
83.95	1.4379961320947987
84.	1.4379821623486926
84.05	1.437968209393602
84.1	1.4379542731555086
84.15	1.4379403533849644
84.2	1.437926450227519
84.25	1.4379125637231447
84.3	1.4378986938176412
84.35	1.4378848404907767
84.4	1.4378710037008338
84.45	1.4378571834367393
84.5	1.437843379687479
84.55	1.4378295923278492
84.6	1.4378158213335228
84.65	1.4378020666586664
84.7	1.4377883283362796
84.75	1.4377746063755217
84.8	1.4377609007792795
84.85	1.4377472114443277
84.9	1.4377335383380108
84.95	1.437719881432154
85.	1.4377062407308436
85.05	1.437692616178988
85.1	1.4376790077986936
85.15	1.4376654155344095
85.2	1.4376518392978985
85.25	1.4376382790762112
85.3	1.4376247348346674
85.35	1.4376112065199043
85.4	1.437597694099027
85.45	1.4375841976069605
85.5	1.43757071703351
85.55	1.4375572523340876
85.6	1.4375438035024855
85.65	1.4375303705503042
85.7	1.4375169534503687
85.75	1.4375035521138197
85.8	1.437490166501835
85.85	1.4374767966287187
85.9	1.43746344229461
85.95	1.4374501034924878
86.	1.4374367803048613
86.05	1.437423472733513
86.1	1.437410180782219
86.15	1.4373969044048454
86.2	1.4373836435566523
86.25	1.437370398205112
86.3	1.4373571683446014
86.35	1.4373439539743091
86.4	1.4373307550310963
86.45	1.4373175714105035
86.5	1.4373044030878614
86.55	1.4372912501182533
86.6	1.4372781124580114
86.65	1.437264990020036
86.7	1.4372518827217153
86.75	1.4372387906049022
86.8	1.4372257137013318
86.85	1.4372126519023016
86.9	1.437199605200523
86.95	1.4371865736061664
87.	1.4371735570574864
87.05	1.437160555580714
87.1	1.4371475691396864
87.15	1.4371345977074288
87.2	1.4371216413012782
87.25	1.4371086999292104
87.3	1.4370957735269831
87.35	1.4370828620148386
87.4	1.4370699653160988
87.45	1.437057083503435
87.5	1.4370442165285457
87.55	1.437031364327503
87.6	1.4370185268852542
87.65	1.4370057041894975
87.7	1.4369928962061655
87.75	1.4369801029304623
87.8	1.4369673243337682
87.85	1.4369545603176892
87.9	1.4369418109379435
87.95	1.4369290761211015
88.	1.4369163558571918
88.05	1.4369036502017187
88.1	1.4368909590809191
88.15	1.4368782824700013
88.2	1.4368656203179597
88.25	1.4368529725846402
88.3	1.4368403392861802
88.35	1.4368277204234232
88.4	1.4368151159322506
88.45	1.4368025257780264
88.5	1.4367899499680072
88.55	1.4367773884547297
88.6	1.4367648412181833
88.65	1.4367523082743494
88.7	1.4367397895261664
88.75	1.436727284977712
88.8	1.4367147945299612
88.85	1.4367023181826368
88.9	1.4366898560141355
88.95	1.4366774079767446
89.	1.4366649740444966
89.05	1.4366525541370347
89.1	1.4366401481664217
89.15	1.4366277562073795
89.2	1.436615378233718
89.25	1.4366030141842157
89.3	1.4365906641117772
89.35	1.4365783279900164
89.4	1.4365660057892216
89.45	1.4365536974343438
89.5	1.4365414029728942
89.55	1.4365291223397239
89.6	1.436516855511059
89.65	1.4365046024257713
89.7	1.436492363125808
89.75	1.4364801375790326
89.8	1.436467925711759
89.85	1.4364557276596885
89.9	1.436443543209891
89.95	1.4364313723573718
90.	1.4364192151130395
90.05	1.4364070714280561
90.1	1.436394941323384
90.15	1.4363828247279786
90.2	1.4363707216139083
90.25	1.4363586320347297
90.3	1.4363465559746222
90.35	1.436334493393727
90.4	1.436322444202455
90.45	1.4363104084251015
90.5	1.4362983860067566
90.55	1.436286376929581
90.6	1.436274381189125
90.65	1.436262398768891
90.7	1.4362504296440233
90.75	1.436238473765935
90.8	1.4362265310779727
90.85	1.4362146016703852
90.9	1.4362026854826837
90.95	1.4361907824826818
91.	1.4361788926574193
91.05	1.4361670159556912
91.1	1.4361551524220435
91.15	1.436143301999048
91.2	1.4361314646030232
91.25	1.4361196402232221
91.3	1.4361078289199296
91.35	1.436096030681674
91.4	1.436084245451793
91.45	1.4360724732192351
91.5	1.4360607139183972
91.55	1.4360489675623005
91.6	1.4360372341238727
91.65	1.4360255136092326
91.7	1.436013805976153
91.75	1.4360021111487007
91.8	1.4359904290047028
91.85	1.4359787596610871
91.9	1.4359671031323504
91.95	1.4359554593897856
92.	1.4359438283654304
92.05	1.4359322101050704
92.1	1.4359206045484163
92.15	1.435909011657217
92.2	1.4358974314600732
92.25	1.4358858639427123
92.3	1.435874308974612
92.35	1.4358627665082835
92.4	1.4358512366031664
92.45	1.4358397192942571
92.5	1.4358282145315162
92.55	1.4358167223091032
92.6	1.4358052425587495
92.65	1.4357937752288803
92.7	1.4357823203746602
92.75	1.4357708779969363
92.8	1.4357594481076768
92.85	1.435748030647713
92.9	1.4357366255697985
92.95	1.435725232765664
93.	1.4357138520970363
93.05	1.4357024836763612
93.1	1.4356911275377366
93.15	1.435679783682451
93.2	1.4356684521306433
93.25	1.4356571328682026
93.3	1.4356458258145703
93.35	1.4356345309077827
93.4	1.435623248178426
93.45	1.43561197760833
93.5	1.4356007191587188
93.55	1.4355894727935732
93.6	1.4355782385686766
93.65	1.4355670164697638
93.7	1.4355558064259073
93.75	1.4355446084538295
93.8	1.4355334225234708
93.85	1.4355222486178132
93.9	1.4355110866455256
93.95	1.4354999366155619
94.	1.4354887985452152
94.05	1.4354776723723357
94.1	1.4354665580103934
94.15	1.4354554555088306
94.2	1.4354443648679198
94.25	1.435433286016313
94.3	1.4354222189616381
94.35	1.4354111637163556
94.4	1.4354001202836222
94.45	1.4353890887325447
94.5	1.4353780689949263
94.55	1.4353670610167761
94.6	1.4353560647764472
94.65	1.4353450802282104
94.7	1.4353341073012806
94.75	1.4353231459139666
94.8	1.4353121960736666
94.85	1.4353012578371
94.9	1.4352903312359953
94.95	1.4352794162106506
95.	1.4352685127009255
95.05	1.4352576207485932
95.1	1.435246740388648
95.15	1.4352358715724567
95.2	1.4352250142505105
95.25	1.4352141684533908
95.3	1.4352033340681731
95.35	1.4351925111276294
95.4	1.4351816996800388
95.45	1.4351708996517167
95.5	1.4351601109774932
95.55	1.4351493336420666
95.6	1.4351385676016883
95.65	1.4351278128249312
95.7	1.4351170693364148
95.75	1.4351063371352675
95.8	1.4350956162094481
95.85	1.4350849065599618
95.9	1.4350742080078536
95.95	1.435063520644631
96.	1.435052844506319
96.05	1.435042179555094
96.1	1.4350315257469426
96.15	1.4350208831405242
96.2	1.435010251687594
96.25	1.4349996313362536
96.3	1.4349890220952106
96.35	1.4349784239203738
96.4	1.434967836780516
96.45	1.4349572606671945
96.5	1.4349466956065406
96.55	1.4349361415962747
96.6	1.4349255986078016
96.65	1.4349150666197272
96.7	1.434904545575948
96.75	1.4348940354917408
96.8	1.4348835363470873
96.85	1.4348730481052767
96.9	1.4348625706915694
96.95	1.4348521041616145
97.	1.4348416485286846
97.05	1.434831203725585
97.1	1.4348207696577382
97.15	1.4348103464029136
97.2	1.4347999339516795
97.25	1.4347895322506041
97.3	1.4347791413205715
97.35	1.434768761154814
97.4	1.4347583917659397
97.45	1.4347480331180404
97.5	1.4347376851567197
97.55	1.434727347794758
97.6	1.434717021034208
97.65	1.434706704904363
97.7	1.4346963993751365
97.75	1.4346861044970036
97.8	1.4346758202706742
97.85	1.43466554663352
97.9	1.4346552835350503
97.95	1.4346450309337826
98.	1.4346347887758453
98.05	1.4346245571103344
98.1	1.4346143359603336
98.15	1.4346041252924504
98.2	1.4345939250545414
98.25	1.434583735260875
98.3	1.434573555915062
98.35	1.4345633869677406
98.4	1.4345532283851623
98.45	1.4345430802269614
98.5	1.4345329424757052
98.55	1.4345228150976306
98.6	1.4345126979731346
98.65	1.4345025911417923
98.7	1.4344924946538278
98.75	1.4344824085165548
98.8	1.4344723326959063
98.85	1.434462267078482
98.9	1.434452211695234
98.95	1.4344421665407525
99.	1.434432131601028
99.05	1.434422106957332
99.1	1.4344120925958344
99.15	1.434402088300603
99.2	1.434392094096099
99.25	1.4343821099200895
99.3	1.4343721358224977
99.35	1.4343621718116315
99.4	1.4343522178441415
99.45	1.4343422739058482
99.5	1.4343323400230106
99.55	1.4343224161752792
99.6	1.4343125023699577
99.65	1.4343025985703821
99.7	1.434292704786273
99.75	1.4342828209679819
99.8	1.4342729470742197
99.85	1.4342630831708099
99.9	1.4342532292448409
99.95	1.4342433852043783
100.	1.434233551031595