0.	0.
0.05	0.008499656440702873
0.1	0.016998297070709968
0.15	0.025494925251366513
0.2	0.03398856501129813
0.25	0.04247826071727838
0.3	0.050963076762872324
0.35	0.059442097261269006
0.4	0.0679144257422576
0.45	0.07637918485329527
0.5	0.08483551606461512
0.55	0.09328257937832356
0.6	0.10171955304143676
0.65	0.11014563326280657
0.7	0.11856003393388688
0.75	0.1269619863532921
0.8	0.13535073895509958
0.85	0.14372555704084924
0.9	0.15208572251519317
0.95	0.16043053362514914
1.	0.168759304702913
1.05	0.17707136591218403
1.1	0.1853660629979594
1.15	0.19364275703975367
1.2	0.20190082420819983
1.25	0.21013965552498864
1.3	0.21835865662610476
1.35	0.22655724752831685
1.4	0.23473486239888086
1.45	0.24289094932841565
1.5	0.2510249701069099
1.55	0.2591364000028216
1.6	0.26722472754522975
1.65	0.2752894543089992
1.7	0.28333009470292186
1.75	0.29134617576079397
1.8	0.29933723693539344
1.85	0.3073028298953199
1.9	0.31524251832466066
1.95	0.3231558777254468
2.	0.3310424952228628
2.05	0.3389019693731753
2.1	0.3467339099743461
2.15	0.3545379378792942
2.2	0.3623136848117738
2.25	0.3700607931848336
2.3	0.3777789159218257
2.35	0.3854677162799297
2.4	0.39312686767616045
2.45	0.4007560535158276
2.5	0.408354967023415
2.55	0.41592331107584873
2.6	0.4234607980381233
2.65	0.43096714960125454
2.7	0.4384420966225312
2.75	0.4458853789680325
2.8	0.4532967453573855
2.85	0.46067595321073096
2.9	0.4680227684978696
2.95	0.4753369655895618
3.	0.48261832711095026
3.05	0.4898666437970811
3.1	0.4970817143504933
3.15	0.504263345300851
3.2	0.5114113508665926
3.25	0.5185255528185688
3.3	0.5256057803456448
3.35	0.5326518699222409
3.4	0.539663665177786
3.45	0.5466410167680584
3.5	0.5535837822483911
3.55	0.5604918259487145
3.6	0.5673650188504149
3.65	0.5742032384649839
3.7	0.5810063687144346
3.75	0.5877742998134626
3.8	0.594506928153329
3.85	0.6012041561874406
3.9	0.6078658923186081
3.95	0.6144920507879577
4.	0.6210825515654749
4.05	0.6276373202421608
4.1	0.6341562879237768
4.15	0.6406393911261581
4.2	0.6470865716720754
4.25	0.653497776589625
4.3	0.6598729580121245
4.35	0.6662120730794974
4.4	0.6725150838411236
4.45	0.6787819571601398
4.5	0.6850126646191675
4.55	0.6912071824274515
4.6	0.6973654913293885
4.65	0.7034875765144298
4.7	0.709573427528337
4.75	0.715623038185774
4.8	0.7216364064842183
4.85	0.7276135345191721
4.9	0.7335544284006565
4.95	0.7394590981709727
5.	0.745327557723712
5.05	0.7511598247239979
5.1	0.7569559205299442
5.15	0.7627158701153134
5.2	0.7684397019933566
5.25	0.774127448141823
5.3	0.7797791439291197
5.35	0.7853948280416084
5.4	0.7909745424120223
5.45	0.7965183321489887
5.5	0.8020262454676439
5.55	0.8074983336213217
5.6	0.8129346508343046
5.65	0.8183352542356224
5.7	0.8237002037938818
5.75	0.829029562253117
5.8	0.8343233950696438
5.85	0.8395817703499046
5.9	0.8448047587892922
5.95	0.8499924336119367
6.	0.8551448705114449
6.05	0.8602621475925768
6.1	0.8653443453138473
6.15	0.8703915464310419
6.2	0.8754038359416305
6.25	0.880381301030071
6.3	0.8853240310139867
6.35	0.8902321172912085
6.4	0.8951056532876681
6.45	0.8999447344061305
6.5	0.9047494579757565
6.55	0.9095199232024799
6.6	0.9142562311201922
6.65	0.9189584845427201
6.7	0.9236267880165869
6.75	0.9282612477745472
6.8	0.9328619716898819
6.85	0.9374290692314458
6.9	0.9419626514194541
6.95	0.9464628307820017
7.	0.9509297213123002
7.05	0.955363438426627
7.1	0.9597640989229728
7.15	0.9641318209403814
7.2	0.9684667239189682
7.25	0.9727689285606114
7.3	0.9770385567903042
7.35	0.9812757317181591
7.4	0.9854805776020564
7.45	0.9896532198109255
7.5	0.9937937847886521
7.55	0.9979024000186024
7.6	1.001979193988753
7.65	1.006024296157422
7.7	1.0100378369195882
7.75	1.0140199475737948
7.8	1.0179707602896255
7.85	1.0218904080757456
7.9	1.0257790247485028
7.95	1.0296367449010748
8.	1.0334637038731613
8.05	1.0372600377212087
8.1	1.0410258831891592
8.15	1.044761377679724
8.2	1.0484666592261607
8.25	1.0521418664645608
8.3	1.0557871386066295
8.35	1.0594026154129583
8.4	1.0629884371667775
8.45	1.0665447446481846
8.5	1.0700716791088427
8.55	1.0735693822471384
8.6	1.0770379961837966
8.65	1.0804776634379423
8.7	1.0838885269036047
8.75	1.0872707298266577
8.8	1.0906244157821865
8.85	1.09394972865228
8.9	1.0972468126042383
8.95	1.1005158120691907
9.	1.1037568717211175
9.05	1.1069701364562716
9.1	1.1101557513729903
9.15	1.1133138617518967
9.2	1.1164446130364796
9.25	1.119548150814049
9.3	1.1226246207970638
9.35	1.1256741688048193
9.4	1.1286969407454983
9.45	1.1316930825985716
9.5	1.1346627403975493
9.55	1.1376060602130733
9.6	1.1405231881363491
9.65	1.143414270262909
9.7	1.1462794526767037
9.75	1.149118881434516
9.8	1.1519327025506931
9.85	1.1547210619821915
9.9	1.1574841056139307
9.95	1.1602219792444493
10.	1.1629348285718615
10.05	1.1656227991801071
10.1	1.168286036525492
10.15	1.1709246859235132
10.2	1.1735388925359667
10.25	1.1761288013583306
10.3	1.178694557207421
10.35	1.1812363047093164
10.4	1.183754188287547
10.45	1.1862483521515432
10.5	1.1887189402853395
10.55	1.1911660964365323
10.6	1.1935899641054848
10.65	1.1959906865347758
10.7	1.1983684066988898
10.75	1.2007232672941426
10.8	1.203055410728842
10.85	1.205364979113675
10.9	1.2076521142523224
10.95	1.2099169576322966
11.	1.2121596504159944
11.05	1.2143803334319683
11.1	1.216579147166408
11.15	1.2187562317548315
11.2	1.2209117269739782
11.25	1.2230457722339074
11.3	1.2251585065702926
11.35	1.2272500686369125
11.4	1.229320596698334
11.45	1.2313702286227823
11.5	1.2333991018752006
11.55	1.2354073535104892
11.6	1.2373951201669262
11.65	1.2393625380597655
11.7	1.2413097429750075
11.75	1.2432368702633434
11.8	1.245144054834265
11.85	1.2470314311503419
11.9	1.2488991332216621
11.95	1.250747294600432
12.	1.2525760483757333
12.05	1.2543855271684354
12.1	1.2561758631262618
12.15	1.257947187919003
12.2	1.2596996327338792
12.25	1.2614333282710475
12.3	1.2631484047392503
12.35	1.2648449918516043
12.4	1.2665232188215267
12.45	1.2681832143587979
12.5	1.2698251066657555
12.55	1.2714490234336195
12.6	1.2730550918389452
12.65	1.2746434385402048
12.7	1.2762141896744885
12.75	1.2777674708543323
12.8	1.279303407164662
12.85	1.280822123159856
12.9	1.2823237428609235
12.95	1.2838083897527968
13.	1.2852761867817344
13.05	1.2867272563528336
13.1	1.2881617203276505
13.15	1.2895797000219276
13.2	1.2909813162034218
13.25	1.2923666890898369
13.3	1.2937359383468556
13.35	1.2950891830862696
13.4	1.2964265418642051
13.45	1.2977481326794458
13.5	1.2990540729718452
13.55	1.3003444796208337
13.6	1.301619468944013
13.65	1.3028791566958389
13.7	1.3041236580663915
13.75	1.3053530876802284
13.8	1.3065675595953223
13.85	1.30776718730208
13.9	1.3089520837224402
13.95	1.3101223612090518
14.	1.3112781315445277
14.05	1.312419505940774
14.1	1.3135465950383949
14.15	1.3146595089061681
14.2	1.3157583570405933
14.25	1.31684324836551
14.3	1.3179142912317818
14.35	1.3189715934170518
14.4	1.3200152621255605
14.45	1.321045403988029
14.5	1.3220621250616071
14.55	1.3230655308298798
14.6	1.3240557262029389
14.65	1.3250328155175106
14.7	1.325996902537143
14.75	1.32694809045245
14.8	1.327886481881412
14.85	1.3288121788697305
14.9	1.3297252828912358
14.95	1.3306258948483494
15.	1.3315141150725949
15.05	1.3323900433251614
15.1	1.3332537787975152
15.15	1.3341054201120595
15.2	1.3349450653228414
15.25	1.3357728119163061
15.3	1.3365887568120938
15.35	1.337392996363883
15.4	1.3381856263602763
15.45	1.3389667420257263
15.5	1.3397364380215073
15.55	1.340494808446722
15.6	1.341241946839352
15.65	1.3419779461773431
15.7	1.3427028988797312
15.75	1.3434168968078035
15.8	1.3441200312662953
15.85	1.3448123930046225
15.9	1.345494072218148
15.95	1.346165158549481
16.	1.34682574108981
16.05	1.347475908380266
16.1	1.3481157484133186
16.15	1.3487453486341998
16.2	1.3493647959423603
16.25	1.349974176692951
16.3	1.3505735766983358
16.35	1.3511630812296294
16.4	1.3517427750182625
16.45	1.352312742257573
16.5	1.3528730666044217
16.55	1.3534238311808333
16.6	1.35396511857566
16.65	1.3544970108462697
16.7	1.3550195895202564
16.75	1.3555329355971706
16.8	1.3560371295502742
16.85	1.3565322513283133
16.9	1.3570183803573128
16.95	1.3574955955423889
17.	1.3579639752695818
17.05	1.3584235974077066
17.1	1.3588745393102213
17.15	1.3593168778171116
17.2	1.3597506892567945
17.25	1.360176049448035
17.3	1.3605930337018812
17.35	1.3610017168236122
17.4	1.3614021731147026
17.45	1.3617944763747991
17.5	1.3621786999037122
17.55	1.3625549165034208
17.6	1.3629231984800876
17.65	1.3632836176460899
17.7	1.3636362453220594
17.75	1.3639811523389342
17.8	1.364318409040022
17.85	1.3646480852830725
17.9	1.3649702504423613
17.95	1.3652849734107828
18.	1.365592322601951
18.05	1.365892365952311
18.1	1.3661851709232564
18.15	1.3664708045032585
18.2	1.3667493332099983
18.25	1.3670208230925092
18.3	1.3672853397333253
18.35	1.3675429482506356
18.4	1.3677937133004456
18.45	1.3680376990787435
18.5	1.368274969323672
18.55	1.3685055873177063
18.6	1.368729615889835
18.65	1.3689471174177468
18.7	1.3691581538300202
18.75	1.369362786608319
18.8	1.3695610767895883
18.85	1.3697530849682567
18.9	1.3699388712984388
18.95	1.3701184954961427
19.	1.3702920168414767
19.05	1.3704594941808623
19.1	1.3706209859292444
19.15	1.3707765500723068
19.2	1.3709262441686862
19.25	1.3710701253521889
19.3	1.3712082503340075
19.35	1.3713406754049378
19.4	1.371467456437597
19.45	1.3715886488886406
19.5	1.3717043078009803
19.55	1.371814487806
19.6	1.3719192431257723
19.65	1.372018627575275
19.7	1.3721126945646027
19.75	1.3722014971011822
19.8	1.3722850877919817
19.85	1.3723635188457215
19.9	1.3724368420750817
19.95	1.372505108898907
20.	1.3725683703444107
20.05	1.3726266770493745
20.1	1.3726800792643468
20.15	1.3727286268548387
20.2	1.3727723693035152
20.25	1.3728113557123844
20.3	1.3728456348049836
20.35	1.3728752549285603
20.4	1.372900264056252
20.45	1.3729207097892595
20.5	1.3729366393590183
20.55	1.372948099629365
20.6	1.3729551370986994
20.65	1.3729577979021421
20.7	1.3729561278136877
20.75	1.3729501722483537
20.8	1.3729399762643242
20.85	1.3729255845650885
20.9	1.3729070415015747
20.95	1.3728843910742787
21.	1.3728576769353869
21.05	1.3728269423908945
21.1	1.3727922304027171
21.15	1.3727535835907985
21.2	1.3727110442352095
21.25	1.3726646542782452
21.3	1.3726144553265127
21.35	1.3725604886530145
21.4	1.3725027951992248
21.45	1.3724414155771607
21.5	1.3723763900714459
21.55	1.3723077586413692
21.6	1.3722355609229349
21.65	1.372159836230908
21.7	1.372080623560852
21.75	1.37199796159116
21.8	1.3719118886850794
21.85	1.3718224428927293
21.9	1.3717296619531103
21.95	1.3716335832961088
22.	1.371534244044493
22.05	1.3714316810159015
22.1	1.3713259307248258
22.15	1.371217029384584
22.2	1.3711050129092892
22.25	1.3709899169158075
22.3	1.3708717767257117
22.35	1.3707506273672252
22.4	1.3706265035771588
22.45	1.3704994398028405
22.5	1.3703694702040372
22.55	1.3702366286548686
22.6	1.370100948745713
22.65	1.369962463785106
22.7	1.3698212068016304
22.75	1.3696772105457995
22.8	1.369530507491931
22.85	1.3693811298400136
22.9	1.369229109517566
22.95	1.369074478181486
23.	1.3689172672198955
23.05	1.3687575077539715
23.1	1.3685952306397744
23.15	1.3684304664700655
23.2	1.3682632455761154
23.25	1.3680935980295077
23.3	1.3679215536439298
23.35	1.3677471419769596
23.4	1.3675703923318407
23.45	1.3673913337592518
23.5	1.3672099950590664
23.55	1.3670264047821032
23.6	1.3668405912318713
23.65	1.3666525824663027
23.7	1.366462406299481
23.75	1.3662700903033573
23.8	1.3660756618094614
23.85	1.3658791479106014
23.9	1.365680575462558
23.95	1.3654799710857672
24.	1.3652773611669968
24.05	1.3650727718610136
24.1	1.3648662290922422
24.15	1.3646577585564146
24.2	1.3644473857222132
24.25	1.3642351358329035
24.3	1.3640210339079586
24.35	1.3638051047446762
24.4	1.3635873729197865
24.45	1.3633678627910504
24.5	1.3631465984988522
24.55	1.362923603967781
24.6	1.3626989029082042
24.65	1.3624725188178337
24.7	1.3622444749832834
24.75	1.362014794481616
24.8	1.3617835001818852
24.85	1.3615506147466654
24.9	1.3613161606335764
24.95	1.3610801600967974
25.	1.3608426351885734
25.05	1.3606036077607133
25.1	1.3603630994660796
25.15	1.3601211317600694
25.2	1.3598777259020867
25.25	1.3596329029570076
25.3	1.3593866837966364
25.35	1.3591390891011523
25.4	1.3588901393605506
25.45	1.3586398548760714
25.5	1.358388255761625
25.55	1.3581353619452043
25.6	1.3578811931702934
25.65	1.357625768997263
25.7	1.3573691088047626
25.75	1.3571112317911007
25.8	1.356852156975619
25.85	1.356591903200057
25.9	1.3563304891299108
25.95	1.3560679332557801
26.	1.3558042538947106
26.05	1.355539469191526
26.1	1.3552735971201533
26.15	1.3550066554849396
26.2	1.3547386619219612
26.25	1.3544696339003233
26.3	1.3541995887234537
26.35	1.3539285435303874
26.4	1.3536565152970441
26.45	1.353383520837496
26.5	1.3531095768052304
26.55	1.3528346996944023
26.6	1.3525589058410799
26.65	1.3522822114244821
26.7	1.3520046324682098
26.75	1.3517261848414663
26.8	1.3514468842602732
26.85	1.3511667462886763
26.9	1.350885786339945
26.95	1.3506040196777647
27.	1.3503214614174188
27.05	1.350038126526967
27.1	1.3497540298284132
27.15	1.3494691859988661
27.2	1.3491836095716945
27.25	1.3488973149376717
27.3	1.3486103163461165
27.35	1.3483226279060223
27.4	1.3480342635871831
27.45	1.3477452372213095
27.5	1.3474555625031368
27.55	1.3471652529915301
27.6	1.3468743221105757
27.65	1.346582783150671
27.7	1.346290649269604
27.75	1.3459979334936272
27.8	1.3457046487185222
27.85	1.3454108077106606
27.9	1.3451164231080537
27.95	1.3448215074213994
28.	1.3445260730351192
28.05	1.3442301322083883
28.1	1.3439336970761606
28.15	1.3436367796501847
28.2	1.343339391820015
28.25	1.3430415453540134
28.3	1.3427432519003475
28.35	1.3424445229879785
28.4	1.3421453700276447
28.45	1.3418458043128376
28.5	1.341545837020771
28.55	1.3412454792133441
28.6	1.3409447418380966
28.65	1.3406436357291598
28.7	1.3403421716081971
28.75	1.3400403600853423
28.8	1.3397382116601284
28.85	1.3394357367224115
28.9	1.3391329455532868
28.95	1.3388298483259997
29.	1.33852645510685
29.05	1.338222775856089
29.1	1.3379188204288108
29.15	1.3376145985758385
29.2	1.3373101199446018
29.25	1.3370053940800102
29.3	1.3367004304253194
29.35	1.3363952383229913
29.4	1.3360898270155488
29.45	1.3357842056464224
29.5	1.3354783832607944
29.55	1.3351723688064323
29.6	1.3348661711345213
29.65	1.3345597990004865
29.7	1.334253261064811
29.75	1.3339465658938492
29.8	1.3336397219606322
29.85	1.3333327376456687
29.9	1.3330256212377394
29.95	1.3327183809346854
30.	1.3324110248441925
30.05	1.3321035609845675
30.1	1.3317959972855107
30.15	1.3314883415888816
30.2	1.3311806016494594
30.25	1.3308727851356983
30.3	1.3305648996304758
30.35	1.3302569526318382
30.4	1.3299489515537375
30.45	1.3296409037267651
30.5	1.3293328163988785
30.55	1.3290246967361246
30.6	1.328716551823355
30.65	1.3284083886649385
30.7	1.3281002141854668
30.75	1.3277920352304546
30.8	1.3274838585670368
30.85	1.3271756908846573
30.9	1.326867538795755
30.95	1.3265594088364439
31.	1.3262513074671873
31.05	1.3259432410734688
31.1	1.3256352159664564
31.15	1.3253272383836616
31.2	1.325019314489596
31.25	1.32471145037642
31.3	1.3244036520645868
31.35	1.3240959255034843
31.4	1.3237882765720694
31.45	1.323480711079498
31.5	1.32317323476575
31.55	1.3228658533022524
31.6	1.3225585722924917
31.65	1.3222513972726282
31.7	1.3219443337121006
31.75	1.3216373870142288
31.8	1.321330562516811
31.85	1.3210238654927162
31.9	1.320717301150472
31.95	1.3204108746348484
32.	1.320104591027437
32.05	1.319798455347225
32.1	1.3194924725511656
32.15	1.3191866475347431
32.2	1.3188809851325352
32.25	1.3185754901187683
32.3	1.318270167207871
32.35	1.317965021055022
32.4	1.3176600562566942
32.45	1.3173552773511936
32.5	1.3170506888191955
32.55	1.3167462950842748
32.6	1.3164421005134341
32.65	1.316138109417625
32.7	1.3158343260522682
32.75	1.3155307546177675
32.8	1.31522739926002
32.85	1.3149242640709233
32.9	1.3146213530888768
32.95	1.3143186702992822
33.	1.3140162196350353
33.05	1.3137140049770188
33.1	1.3134120301545882
33.15	1.313110298946054
33.2	1.3128088150791608
33.25	1.312507582231564
33.3	1.3122066040312979
33.35	1.3119058840572462
33.4	1.3116054258396042
33.45	1.3113052328603387
33.5	1.311005308553645
33.55	1.310705656306399
33.6	1.3104062794586064
33.65	1.3101071813038476
33.7	1.30980836508972
33.75	1.3095098340182758
33.8	1.3092115912464561
33.85	1.308913639886523
33.9	1.3086159830064867
33.95	1.3083186236305286
34.	1.3080215647394235
34.05	1.3077248092709555
34.1	1.3074283601203318
34.15	1.3071322201405946
34.2	1.3068363921430262
34.25	1.306540878897553
34.3	1.306245683133147
34.35	1.3059508075382216
34.4	1.3056562547610262
34.45	1.3053620274100357
34.5	1.3050681280543395
34.55	1.3047745592240234
34.6	1.3044813234105528
34.65	1.3041884230671483
34.7	1.3038958606091624
34.75	1.3036036384144492
34.8	1.3033117588237344
34.85	1.303020224140979
34.9	1.3027290366337436
34.95	1.3024381985335456
35.	1.3021477120362177
35.05	1.301857579302259
35.1	1.301567802457187
35.15	1.3012783835918846
35.2	1.3009893247629438
35.25	1.300700627993009
35.3	1.3004122952711135
35.35	1.3001243285530177
35.4	1.2998367297615407
35.45	1.299549500786891
35.5	1.2992626434869934
35.55	1.2989761596878153
35.6	1.2986900511836865
35.65	1.2984043197376198
35.7	1.2981189670816276
35.75	1.2978339949170343
35.8	1.2975494049147895
35.85	1.2972651987157746
35.9	1.2969813779311101
35.95	1.2966979441424575
36.	1.2964148989023216
36.05	1.296132243734347
36.1	1.2958499801336145
36.15	1.295568109566934
36.2	1.295286633473135
36.25	1.2950055532633546
36.3	1.2947248703213226
36.35	1.294444586003645
36.4	1.2941647016400848
36.45	1.2938852185338399
36.5	1.2936061379618184
36.55	1.2933274611749135
36.6	1.293049189398272
36.65	1.2927713238315666
36.7	1.2924938656492584
36.75	1.2922168160008638
36.8	1.2919401760112148
36.85	1.2916639467807192
36.9	1.2913881293856169
36.95	1.2911127248782361
37.	1.2908377342872452
37.05	1.2905631586179034
37.1	1.290288998852309
37.15	1.290015255949646
37.2	1.2897419308464277
37.25	1.2894690244567388
37.3	1.2891965376724748
37.35	1.2889244713635795
37.4	1.2886528263782813
37.45	1.2883816035433262
37.5	1.2881108036642086
37.55	1.2878404275254016
37.6	1.2875704758905837
37.65	1.2873009495028647
37.7	1.2870318490850077
37.75	1.286763175339652
37.8	1.2864949289495313
37.85	1.2862271105776921
37.9	1.2859597208677076
37.95	1.285692760443893
38.	1.2854262299115158
38.05	1.2851601298570061
38.1	1.284894460848165
38.15	1.2846292234343688
38.2	1.2843644181467755
38.25	1.284100045498525
38.3	1.2838361059849412
38.35	1.2835726000837295
38.4	1.2833095282551747
38.45	1.2830468909423351
38.5	1.2827846885712366
38.55	1.282522921551064
38.6	1.2822615902743513
38.65	1.282000695117169
38.7	1.2817402364393116
38.75	1.2814802145844812
38.8	1.281220629880472
38.85	1.28096148263935
38.9	1.2807027731576346
38.95	1.280444501716475
39.	1.280186668581828
39.05	1.279929274004632
39.1	1.2796723182209808
39.15	1.2794158014522952
39.2	1.279159723905493
39.25	1.2789040857731575
39.3	1.2786488872337047
39.35	1.2783941284515488
39.4	1.2781398095772654
39.45	1.2778859307477555
39.5	1.2776324920864046
39.55	1.2773794937032437
39.6	1.277126935695106
39.65	1.2768748181457845
39.7	1.276623141126186
39.75	1.2763719046944857
39.8	1.276121108896279
39.85	1.2758707537647316
39.9	1.2756208393207302
39.95	1.2753713655730292
40.	1.275122332518398
40.05	1.274873740141766
40.1	1.2746255884163664
40.15	1.2743778773038794
40.2	1.2741306067545717
40.25	1.2738837767074385
40.3	1.2736373870903401
40.35	1.2733914378201403
40.4	1.2731459288028424
40.45	1.2729008599337224
40.5	1.2726562310974645
40.55	1.2724120421682916
40.6	1.2721682930100966
40.65	1.2719249834765725
40.7	1.27168211341134
40.75	1.2714396826480756
40.8	1.2711976910106362
40.85	1.2709561383131853
40.9	1.270715024360316
40.95	1.270474348947173
41.	1.2702341118595746
41.05	1.2699943128741316
41.1	1.2697549517583675
41.15	1.269516028270836
41.2	1.2692775421612363
41.25	1.2690394931705304
41.3	1.2688018810310568
41.35	1.2685647054666431
41.4	1.2683279661927196
41.45	1.2680916629164287
41.5	1.2678557953367369
41.55	1.267620363144542
41.6	1.267385366022782
41.65	1.2671508036465422
41.7	1.2669166756831596
41.75	1.2666829817923295
41.8	1.2664497216262083
41.85	1.2662168948295158
41.9	1.2659845010396382
41.95	1.265752539886728
42.	1.265521010993804
42.05	1.26528991397685
42.1	1.2650592484449128
42.15	1.264829014000199
42.2	1.2645992102381705
42.25	1.2643698367476401
42.3	1.2641408931108653
42.35	1.2639123789036413
42.4	1.263684293695393
42.45	1.2634566370492664
42.5	1.2632294085222193
42.55	1.2630026076651104
42.6	1.2627762340227875
42.65	1.2625502871341758
42.7	1.2623247665323647
42.75	1.2620996717446933
42.8	1.2618750022928353
42.85	1.2616507576928844
42.9	1.2614269374554359
42.95	1.261203541085671
43.	1.260980568083437
43.05	1.2607580179433295
43.1	1.2605358901547714
43.15	1.2603141842020926
43.2	1.2600928995646086
43.25	1.259872035716698
43.3	1.259651592127879
43.35	1.2594315682628863
43.4	1.2592119635817456
43.45	1.2589927775398486
43.5	1.2587740095880267
43.55	1.258555659172624
43.6	1.258337725735569
43.65	1.2581202087144479
43.7	1.2579031075425733
43.75	1.257686421649055
43.8	1.2574701504588706
43.85	1.257254293392932
43.9	1.2570388498681546
43.95	1.256823819297525
44.	1.2566092010901657
44.05	1.2563949946514035
44.1	1.2561811993828318
44.15	1.2559678146823776
44.2	1.2557548399443634
44.25	1.2555422745595721
44.3	1.2553301179153076
44.35	1.2551183693954577
44.4	1.254907028380556
44.45	1.2546960942478402
44.5	1.2544855663713144
44.55	1.254275444121807
44.6	1.2540657268670292
44.65	1.2538564139716342
44.7	1.2536475047972733
44.75	1.2534389987026533
44.8	1.253230895043593
44.85	1.2530231931730782
44.9	1.2528158924413169
44.95	1.2526089921957935
45.	1.2524024917813232
45.05	1.252196390540105
45.1	1.251990687811774
45.15	1.2517853829334535
45.2	1.251580475239808
45.25	1.251375964063092
45.3	1.2511718487332015
45.35	1.2509681285777245
45.4	1.2507648029219898
45.45	1.2505618710891147
45.5	1.2503593324000555
45.55	1.2501571861736536
45.6	1.2499554317266834
45.65	1.2497540683738988
45.7	1.2495530954280796
45.75	1.249352512200077
45.8	1.249152317998859
45.85	1.248952512131555
45.9	1.2487530939034999
45.95	1.2485540626182776
46.	1.2483554175777658
46.05	1.248157158082176
46.1	1.247959283430098
46.15	1.2477617929185416
46.2	1.247564685842976
46.25	1.2473679614973734
46.3	1.247171619174247
46.35	1.2469756581646925
46.4	1.2467800777584268
46.45	1.2465848772438282
46.5	1.2463900559079732
46.55	1.2461956130366763
46.6	1.246001547914527
46.65	1.2458078598249274
46.7	1.2456145480501288
46.75	1.2454216118712687
46.8	1.245229050568406
46.85	1.2450368634205575
46.9	1.2448450497057333
46.95	1.24465360870097
47.	1.2444625396823674
47.05	1.2442718419251209
47.1	1.2440815147035555
47.15	1.2438915572911597
47.2	1.2437019689606177
47.25	1.2435127489838413
47.3	1.243323896632004
47.35	1.2431354111755701
47.4	1.242947291884329
47.45	1.2427595380274226
47.5	1.2425721488733796
47.55	1.2423851236901433
47.6	1.2421984617451023
47.65	1.2420121623051197
47.7	1.2418262246365628
47.75	1.241640648005332
47.8	1.241455431676888
47.85	1.241270574916282
47.9	1.2410860769881817
47.95	1.2409019371569
48.	1.2407181546864208
48.05	1.2405347288404276
48.1	1.2403516588823285
48.15	1.2401689440752828
48.2	1.239986583682227
48.25	1.2398045769659007
48.3	1.2396229231888707
48.35	1.2394416216135566
48.4	1.239260671502256
48.45	1.2390800721171675
48.5	1.2388998227204155
48.55	1.238719922574074
48.6	1.2385403709401888
48.65	1.2383611670808028
48.7	1.2381823102579763
48.75	1.2380037997338116
48.8	1.237825634770474
48.85	1.2376478146302137
48.9	1.2374703385753887
48.95	1.237293205868485
49.	1.2371164157721377
49.05	1.2369399675491533
49.1	1.236763860462528
49.15	1.2365880937754703
49.2	1.2364126667514195
49.25	1.2362375786540662
49.3	1.2360628287473716
49.35	1.2358884162955868
49.4	1.2357143405632718
49.45	1.235540600815315
49.5	1.23536719631695
49.55	1.2351941263337758
49.6	1.2350213901317737
49.65	1.2348489869773258
49.7	1.2346769161372315
49.75	1.2345051768787263
49.8	1.2343337684694975
49.85	1.2341626901777019
49.9	1.2339919412719822
49.95	1.233821521021456
50.	1.2336514286961915
50.05	1.2334816635524457
50.1	1.2333122248991608
50.15	1.2331431119635676
50.2	1.2329743240303461
50.25	1.2328058603585357
50.3	1.2326377202486116
50.35	1.2324699029721025
50.4	1.2323024078039757
50.45	1.232135234042516
50.5	1.2319683809534976
50.55	1.231801847787226
50.6	1.2316356338371333
50.65	1.2314697383528963
50.7	1.2313041606340736
50.75	1.2311388999501602
50.8	1.2309739555660741
50.85	1.2308093268052755
50.9	1.2306450129103728
50.95	1.2304810131627528
51.	1.230317326885009
51.05	1.2301539533223256
51.1	1.2299908917805344
51.15	1.2298281415690664
51.2	1.2296657019891675
51.25	1.2295035722809955
51.3	1.229341751754761
51.35	1.2291802396839775
51.4	1.2290190353324877
51.45	1.2288581379974317
51.5	1.2286975469657386
51.55	1.228537261545037
51.6	1.2283772810451123
51.65	1.2282176047785294
51.7	1.2280582320305644
51.75	1.2278991620713633
51.8	1.2277403942003418
51.85	1.2275819277037399
51.9	1.2274237618811692
51.95	1.227265896053936
52.	1.2271083295236782
52.05	1.2269510616648227
52.1	1.2267940917154494
52.15	1.2266374189721674
52.2	1.2264810427337305
52.25	1.2263249623432477
52.3	1.2261691770819645
52.35	1.226013686240626
52.4	1.2258584891143656
52.45	1.2257035850444196
52.5	1.225548973310903
52.55	1.225394653268719
52.6	1.2252406242184264
52.65	1.2250868854732913
52.7	1.2249334363401811
52.75	1.224780276142102
52.8	1.2246274042503575
52.85	1.2244748199696613
52.9	1.2243225226071277
52.95	1.2241705114683665
53.	1.224018785858679
53.05	1.2238673451001933
53.1	1.2237161885268522
53.15	1.2235653154730837
53.2	1.2234147252788803
53.25	1.2232644173175469
53.3	1.223114390795947
53.35	1.2229646451241132
53.4	1.222815179643304
53.45	1.2226659936756021
53.5	1.2225170865329726
53.55	1.2223684575495657
53.6	1.222220106084901
53.65	1.2220720315128342
53.7	1.2219242331198543
53.75	1.2217767102536194
53.8	1.2216294622899624
53.85	1.2214824885480196
53.9	1.2213357884115177
53.95	1.2211893611931417
54.	1.2210432062188699
54.05	1.220897322864219
54.1	1.220751710461561
54.15	1.220606368358719
54.2	1.2204612958819094
54.25	1.2203164924313734
54.3	1.22017195734347
54.35	1.2200276899676847
54.4	1.2198836896940817
54.45	1.219739955932663
54.5	1.219596487961081
54.55	1.2194532851387327
54.6	1.2193103467944075
54.65	1.2191676723502767
54.7	1.2190252611537709
54.75	1.218883112608655
54.8	1.2187412260647295
54.85	1.21859960092003
54.9	1.21845823650223
54.95	1.2183171321723216
55.	1.2181762873235762
55.05	1.2180357013041736
55.1	1.2178953734865428
55.15	1.2177553032739543
55.2	1.2176154900267022
55.25	1.2174759331775298
55.3	1.2173366320703018
55.35	1.2171975860902897
55.4	1.2170587946541023
55.45	1.2169202570362196
55.5	1.2167819727226767
55.55	1.2166439411226162
55.6	1.2165061616204216
55.65	1.2163686335630572
55.7	1.216231356346264
55.75	1.216094329325343
55.8	1.215957551915023
55.85	1.2158210235224884
55.9	1.2156847435295859
55.95	1.2155487113438233
56.	1.2154129263840758
56.05	1.2152773880749694
56.1	1.2151420958180048
56.15	1.215007049013162
56.2	1.2148722470403046
56.25	1.2147376892777575
56.3	1.214603375125984
56.35	1.214469304005056
56.4	1.2143354753570432
56.45	1.214201888630495
56.5	1.214068543245991
56.55	1.2139354385357781
56.6	1.2138025739085323
56.65	1.213669948855156
56.7	1.213537562791877
56.75	1.2134054151021334
56.8	1.2132735052067094
56.85	1.213141832518925
56.9	1.2130103964767476
56.95	1.2128791965230183
57.	1.2127482320471508
57.05	1.2126175024672767
57.1	1.2124870072425022
57.15	1.21235674579709
57.2	1.2122267175865453
57.25	1.2120969221606095
57.3	1.211967358812358
57.35	1.211838026972057
57.4	1.2117089260721787
57.45	1.2115800555488643
57.5	1.2114514148441908
57.55	1.2113230034606324
57.6	1.2111948208161478
57.65	1.2110668663488644
57.7	1.210939139495734
57.75	1.2108116397237931
57.8	1.2106843664955684
57.85	1.2105573192370063
57.9	1.2104304973880933
57.95	1.2103039003826896
58.	1.2101775276446114
58.05	1.2100513786900364
58.1	1.2099254530228856
58.15	1.209799750105593
58.2	1.209674269353957
58.25	1.2095490102118436
58.3	1.209423972154049
58.35	1.2092991546396816
58.4	1.2091745570930383
58.45	1.2090501790292971
58.5	1.2089260199577097
58.55	1.2088020793172278
58.6	1.2086783565157417
58.65	1.2085548510357
58.7	1.208431562378842
58.75	1.2083084900481307
58.8	1.2081856335053702
58.85	1.2080629921665282
58.9	1.2079405656047049
58.95	1.207818353295785
59.	1.207696354704968
59.05	1.2075745692198365
59.1	1.207452996373349
59.15	1.2073316356649009
59.2	1.2072104865733577
59.25	1.207089548618425
59.3	1.206968821226163
59.35	1.2068483039240865
59.4	1.206727996211097
59.45	1.2066078976209693
59.5	1.2064880076366187
59.55	1.206368325745856
59.6	1.2062488514334735
59.65	1.2061295842045396
59.7	1.2060105234773344
59.75	1.2058916687727572
59.8	1.2057730196104344
59.85	1.2056545755323569
59.9	1.2055363360391975
59.95	1.2054183006490073
60.	1.205300468883629
60.05	1.2051828402555274
60.1	1.2050654142341848
60.15	1.2049481903059007
60.2	1.2048311679873078
60.25	1.2047143468425212
60.3	1.2045977262761665
60.35	1.2044813058782964
60.4	1.2043650851797796
60.45	1.2042490637173116
60.5	1.2041332409911139
60.55	1.204017616537672
60.6	1.203902189871541
60.65	1.203786960473527
60.7	1.203671927935107
60.75	1.2035570917439016
60.8	1.2034424514056918
60.85	1.2033280064907068
60.9	1.2032137564904315
60.95	1.2030997009626119
61.	1.2029858393385848
61.05	1.2028721712008021
61.1	1.2027586961365702
61.15	1.2026454137388616
61.2	1.2025323234942644
61.25	1.202419424975417
61.3	1.202306717683528
61.35	1.2021942011804074
61.4	1.2020818749887208
61.45	1.2019697386467991
61.5	1.2018577916143922
61.55	1.2017460334131906
61.6	1.2016344637317569
61.65	1.2015230821648653
61.7	1.2014118882295994
61.75	1.2013008814275983
61.8	1.2011900612945374
61.85	1.2010794273882555
61.9	1.2009689792667884
61.95	1.2008587165312252
62.	1.2007486386520163
62.05	1.20063874527419
62.1	1.2005290359643364
62.15	1.200419510210396
62.2	1.2003101675633698
62.25	1.2002010076753091
62.3	1.2000920300538533
62.35	1.1999832342675822
62.4	1.1998746198844192
62.45	1.1997661865034162
62.5	1.1996579336441406
62.55	1.199549860922349
62.6	1.1994419678761412
62.65	1.199334254079401
62.7	1.1992267190791879
62.75	1.1991193624666685
62.8	1.199012183879956
62.85	1.1989051828741268
62.9	1.198798358996997
62.95	1.1986917118015485
63.	1.1985852408686242
63.05	1.198478945823778
63.1	1.1983728262327986
63.15	1.198266881681316
63.2	1.1981611118059234
63.25	1.1980555162003654
63.3	1.197950094448002
63.35	1.19784484610161
63.4	1.197739770765181
63.45	1.1976348679264466
63.5	1.1975301372426785
63.55	1.1974255783182848
63.6	1.1973211907851125
63.65	1.1972169742398013
63.7	1.1971129281901631
63.75	1.1970090521932886
63.8	1.1969053459306571
63.85	1.1968018090633656
63.9	1.1966984412140032
63.95	1.1965952418382688
64.	1.1964922105985634
64.05	1.196389347123164
64.1	1.1962866510059913
64.15	1.1961841219040703
64.2	1.1960817594366706
64.25	1.195979563164386
64.3	1.1958775326838849
64.35	1.195775667583517
64.4	1.1956739674258947
64.45	1.1955724319146943
64.5	1.1954710606558492
64.55	1.195369853258722
64.6	1.1952688093636197
64.65	1.1951679285911823
64.7	1.1950672103779996
64.75	1.1949666544665585
64.8	1.1948662605251938
64.85	1.1947660281650978
64.9	1.194665957001215
64.95	1.1945660466788695
65.	1.194466296840012
65.05	1.1943667070755009
65.1	1.1942672770327694
65.15	1.194168006312054
65.2	1.1940688945662126
65.25	1.1939699414193237
65.3	1.193871146468645
65.35	1.1937725093531566
65.4	1.1936740297025696
65.45	1.1935757071578996
65.5	1.1934775413917056
65.55	1.193379532028767
65.6	1.193281678636372
65.65	1.1931839808629636
65.7	1.193086438324042
65.75	1.1929890506806653
65.8	1.1928918176336265
65.85	1.1927947388584945
65.9	1.1926978139575963
65.95	1.1926010425291103
66.	1.1925044242146356
66.05	1.192407958717339
66.1	1.1923116456869223
66.15	1.192215484798963
66.2	1.1921194756839548
66.25	1.1920236179928299
66.3	1.1919279113242747
66.35	1.1918323553388015
66.4	1.191736949638963
66.45	1.191641693974001
66.5	1.1915465879363798
66.55	1.1914516311395629
66.6	1.1913568232908527
66.65	1.1912621640763554
66.7	1.1911676531335207
66.75	1.1910732901616583
66.8	1.1909790748536584
66.85	1.1908850068599088
66.9	1.1907910857879849
66.95	1.1906973112951866
67.	1.190603683061905
67.05	1.1905102007626949
67.1	1.190416864027174
67.15	1.1903236725505948
67.2	1.1902306259846682
67.25	1.190137724053105
67.3	1.1900449663987687
67.35	1.189952352662101
67.4	1.1898598824968927
67.45	1.189767555605193
67.5	1.1896753716179158
67.55	1.189583330242224
67.6	1.189491431177632
67.65	1.1893996740637802
67.7	1.1893080586250053
67.75	1.1892165845540443
67.8	1.1891252514957218
67.85	1.1890340590783288
67.9	1.1889430069941689
67.95	1.1888520949595314
68.	1.1887613226950402
68.05	1.188670689905824
68.1	1.1885801962228482
68.15	1.1884898413729317
68.2	1.188399624996436
68.25	1.1883095467495604
68.3	1.1882196062886008
68.35	1.188129803334708
68.4	1.1880401376311536
68.45	1.1879506088364526
68.5	1.1878612167080904
68.55	1.1877719609510544
68.6	1.1876828412039169
68.65	1.1875938571109337
68.7	1.187505008395631
68.75	1.1874162947636675
68.8	1.1873277158841082
68.85	1.1872392714281976
68.9	1.1871509611917177
68.95	1.18706278487151
69.	1.1869747421645171
69.05	1.1868868327420827
69.1	1.1867990562620014
69.15	1.1867114124593252
69.2	1.1866239010776738
69.25	1.1865365217790267
69.3	1.1864492742136847
69.35	1.1863621581126356
69.4	1.1862751731790429
69.45	1.1861883192137752
69.5	1.1861015958859047
69.55	1.1860150029163616
69.6	1.185928539998482
69.65	1.1858422067733594
69.7	1.1857560029601242
69.75	1.1856699283539978
69.8	1.185583982544801
69.85	1.185498165304132
69.9	1.1854124763778895
69.95	1.1853269154761183
70.	1.185241482372207
70.05	1.1851561767811667
70.1	1.1850709983967163
70.15	1.184985946901034
70.2	1.1849010220545453
70.25	1.1848162236235245
70.3	1.1847315512426457
70.35	1.1846470046026278
70.4	1.1845625834291256
70.45	1.1844782874499395
70.5	1.184394116379687
70.55	1.1843100699881948
70.6	1.1842261479606002
70.65	1.1841423501245822
70.7	1.1840586761843455
70.75	1.1839751258554663
70.8	1.1838916988204424
70.85	1.1838083948771285
70.9	1.1837252137057306
70.95	1.183642155007221
71.	1.1835592185033437
71.05	1.1834764039666892
71.1	1.1833937111080832
71.15	1.1833111396489036
71.2	1.1832286893731534
71.25	1.1831463600513494
71.3	1.1830641513717781
71.35	1.1829820630919343
71.4	1.1829000949461834
71.45	1.1828182466597144
71.5	1.1827365179208318
71.55	1.1826549085132305
71.6	1.182573418195854
71.65	1.1824920466980964
71.7	1.1824107937301205
71.75	1.1823296589864067
71.8	1.1822486422339462
71.85	1.1821677432593594
71.9	1.1820869618402494
71.95	1.1820062976724317
72.	1.1819257505948375
72.05	1.1818453202529924
72.1	1.181765006403379
72.15	1.1816848088322531
72.2	1.1816047272779597
72.25	1.1815247614724353
72.3	1.1814449112313454
72.35	1.1813651762702009
72.4	1.18128555633295
72.45	1.181206051221881
72.5	1.1811266605777804
72.55	1.1810473841618603
72.6	1.180968221745343
72.65	1.1808891731398015
72.7	1.1808102380842624
72.75	1.1807314163599567
72.8	1.1806527077283628
72.85	1.1805741117931974
72.9	1.180495628435208
72.95	1.1804172573722747
73.	1.1803389983328028
73.05	1.1802608512014707
73.1	1.180182815723355
73.15	1.1801048916194274
73.2	1.1800270786332796
73.25	1.1799493765669742
73.3	1.1798717851552274
73.35	1.1797943041593368
73.4	1.1797169333249387
73.45	1.1796396724205676
73.5	1.1795625212645788
73.55	1.179485479585132
73.6	1.1794085471295337
73.65	1.1793317236885903
73.7	1.1792550090952314
73.75	1.1791784030741514
73.8	1.1791019053788787
73.85	1.179025515792877
73.9	1.1789492340997112
73.95	1.1788730600224795
74.	1.1787969932972298
74.05	1.1787210337656568
74.1	1.1786451811914596
74.15	1.1785694353141964
74.2	1.1784937958421544
74.25	1.1784182626303539
74.3	1.1783428355108978
74.35	1.178267514278686
74.4	1.1781922987132163
74.45	1.1781171886598214
74.5	1.1780421838218547
74.55	1.177967283920152
74.6	1.1778924886873778
74.65	1.177817797947484
74.7	1.1777432114648376
74.75	1.1776687290132302
74.8	1.1775943504404385
74.85	1.1775200755158195
74.9	1.1774459041129963
74.95	1.177371835940001
75.	1.1772978708202864
75.05	1.1772240085058698
75.1	1.1771502487106107
75.15	1.1770765911996197
75.2	1.1770030357544954
75.25	1.1769295822150883
75.3	1.1768562303939083
75.35	1.176782980073892
75.4	1.1767098310577064
75.45	1.176636783121115
75.5	1.1765638360246349
75.55	1.1764909895764601
75.6	1.1764182436097683
75.65	1.1763455978909525
75.7	1.1762730522722586
75.75	1.1762006065030073
75.8	1.1761282603549155
75.85	1.1760560136803022
75.9	1.175983866141106
75.95	1.175911817560609
76.	1.1758398677312334
76.05	1.1757680165671325
76.1	1.1756962638861697
76.15	1.1756246093694418
76.2	1.175553052883823
76.25	1.1754815942170767
76.3	1.1754102330536909
76.35	1.1753389691783438
76.4	1.1752678025464596
76.45	1.1751967328383182
76.5	1.1751257599670364
76.55	1.175054883685804
76.6	1.1749841037978794
76.65	1.1749134200903821
76.7	1.174842832423507
76.75	1.1747723405553085
76.8	1.174701944276265
76.85	1.1746316434438224
76.9	1.174561437873091
76.95	1.1744913273882065
77.	1.1744213117853672
77.05	1.1743513907931005
77.1	1.1742815642068
77.15	1.1742118318823227
77.2	1.1741421936552494
77.25	1.1740726492121774
77.3	1.1740031984477595
77.35	1.1739338411713376
77.4	1.1738645771358653
77.45	1.173795406172367
77.5	1.17372632817758
77.55	1.1736573429996426
77.6	1.1735884503236245
77.65	1.1735196500155425
77.7	1.1734509419213492
77.75	1.1733823258202052
77.8	1.1733138014981839
77.85	1.1732453687737712
77.9	1.173177027441228
77.95	1.173108777364758
78.	1.173040618404346
78.05	1.172972550402338
78.1	1.1729045731120407
78.15	1.1728366863344926
78.2	1.1727688899136564
78.25	1.1727011836361942
78.3	1.1726335673324142
78.35	1.172566040876213
78.4	1.1724986040210732
78.45	1.1724312565562642
78.5	1.1723639983046403
78.55	1.1722968291534563
78.6	1.1722297488550444
78.65	1.172162757271997
78.7	1.1720958542310362
78.75	1.172029039579195
78.8	1.1719623131674601
78.85	1.1718956747806757
78.9	1.1718291243367254
78.95	1.1717626616126564
79.	1.1716962863798956
79.05	1.171629998496923
79.1	1.1715637977329962
79.15	1.1714976839353044
79.2	1.171431656928895
79.25	1.1713657165235758
79.3	1.1712998624984312
79.35	1.1712340947248818
79.4	1.1711684130600122
79.45	1.1711028173509506
79.5	1.1710373074240197
79.55	1.1709718830999556
79.6	1.170906544226725
79.65	1.1708412906257677
79.7	1.1707761221806365
79.75	1.1707110386762671
79.8	1.1706460399589462
79.85	1.170581125926059
79.9	1.1705162963689753
79.95	1.1704515510684084
80.	1.1703868898506449
80.05	1.1703223124681377
80.1	1.1702578188462325
80.15	1.170193408886495
80.2	1.1701290824331614
80.25	1.1700648393424378
80.3	1.1700006793855746
80.35	1.1699366023191857
80.4	1.1698726080344066
80.45	1.1698086963855314
80.5	1.1697448671964943
80.55	1.1696811202844002
80.6	1.169617455499795
80.65	1.1695538727134234
80.7	1.1694903718114595
80.75	1.169426952643311
80.8	1.1693636150354636
80.85	1.1693003588414304
80.9	1.1692371838135833
80.95	1.1691740897903773
81.	1.1691110765871908
81.05	1.1690481441194185
81.1	1.1689852921898367
81.15	1.1689225208225904
81.2	1.1688598297874182
81.25	1.1687972188678777
81.3	1.1687346878402955
81.35	1.1686722365951028
81.4	1.1686098650163599
81.45	1.168547572900847
81.5	1.168485360080693
81.55	1.1684232264598935
81.6	1.1683611719136393
81.65	1.1682991962271287
81.7	1.168237299282184
81.75	1.1681754809306404
81.8	1.168113741005199
81.85	1.1680520793713878
81.9	1.1679904958822074
81.95	1.1679289903990582
82.	1.1678675626556427
82.05	1.1678062125881796
82.1	1.1677449400804816
82.15	1.1676837449569346
82.2	1.167622627073897
82.25	1.1675615863165163
82.3	1.1675006225612212
82.35	1.1674397355797699
82.4	1.1673789252869544
82.45	1.1673181915496855
82.5	1.167257534105612
82.55	1.1671969528760053
82.6	1.1671364477081498
82.65	1.167076018492421
82.7	1.1670156650509171
82.75	1.1669553872550587
82.8	1.1668951849719116
82.85	1.1668350580584246
82.9	1.1667750063520783
82.95	1.1667150296816675
83.	1.1666551278822892
83.05	1.1665953009147765
83.1	1.1665355486173423
83.15	1.1664758708306002
83.2	1.1664162674299008
83.25	1.1663567381748627
83.3	1.1662972830184386
83.35	1.1662379017933953
83.4	1.1661785943598506
83.45	1.1661193605951696
83.5	1.1660602003745297
83.55	1.1660011135042265
83.6	1.1659420998636607
83.65	1.165883159401921
83.7	1.16582429193355
83.75	1.1657654973185623
83.8	1.1657067754184716
83.85	1.1656481261324685
83.9	1.1655895492740087
83.95	1.165531044713904
84.	1.1654726123384205
84.05	1.1654142520462947
84.1	1.1653559636627224
84.15	1.1652977468536891
84.2	1.1652396016456783
84.25	1.1651815279677298
84.3	1.1651235256601162
84.35	1.1650655946081716
84.4	1.165007734681332
84.45	1.1649499457248398
84.5	1.164892227656514
84.55	1.1648345802473792
84.6	1.164777003359685
84.65	1.164719496841815
84.7	1.1646620606025042
84.75	1.1646046945768314
84.8	1.1645473986747765
84.85	1.1644901727016241
84.9	1.1644330165203909
84.95	1.1643759299991627
85.	1.164318913048553
85.05	1.1642619655050905
85.1	1.164205087291347
85.15	1.1641482782616677
85.2	1.1640915382411108
85.25	1.1640348671186638
85.3	1.1639782647549972
85.35	1.1639217309549825
85.4	1.1638652655720638
85.45	1.1638088685612409
85.5	1.1637525398485562
85.55	1.1636962792929242
85.6	1.1636400867969825
85.65	1.1635839622443667
85.7	1.1635279055226668
85.75	1.1634719164740177
85.8	1.1634159949488476
85.85	1.1633601408419856
85.9	1.1633043538861432
85.95	1.1632486339746426
86.	1.16319298107573
86.05	1.1631373950918016
86.1	1.163081875950279
86.15	1.1630264235217067
86.2	1.1629710376754545
86.25	1.1629157182913983
86.3	1.1628604652637553
86.35	1.16280527848211
86.4	1.1627501577506092
86.45	1.1626951029261905
86.5	1.1626401138984401
86.55	1.1625851906085782
86.6	1.1625303329103176
86.65	1.1624755406390017
86.7	1.1624208136108454
86.75	1.1623661517682131
86.8	1.1623115550700442
86.85	1.1622570233418439
86.9	1.1622025564776186
86.95	1.1621481544017123
87.	1.162093816946118
87.05	1.1620395440441145
87.1	1.1619853355667282
87.15	1.1619311913971173
87.2	1.1618771114765154
87.25	1.1618230957057776
87.3	1.16176914392815
87.35	1.1617152559338055
87.4	1.1616614315511862
87.45	1.1616076707774714
87.5	1.1615539733962326
87.55	1.1615003395117314
87.6	1.161446768937172
87.65	1.1613932615099791
87.7	1.1613398171173857
87.75	1.1612864356690726
87.8	1.1612331170491632
87.85	1.161179861081385
87.9	1.1611266677254386
87.95	1.1610735368248488
88.	1.1610204682799297
88.05	1.16096746205798
88.1	1.1609145180053353
88.15	1.1608616360100905
88.2	1.1608088159364636
88.25	1.1607560576577063
88.3	1.1607033611038167
88.35	1.1606507261926935
88.4	1.1605981527741158
88.45	1.1605456407265298
88.5	1.1604931899771278
88.55	1.1604408003997215
88.6	1.1603884718855653
88.65	1.1603362043651804
88.7	1.1602839976634232
88.75	1.1602318517009609
88.8	1.1601797663043385
88.85	1.1601277413868132
88.9	1.1600757769338739
88.95	1.1600238728194459
89.	1.159972028940178
89.05	1.1599202451359427
89.1	1.1598685212350932
89.15	1.1598168572239131
89.2	1.1597652529967495
89.25	1.1597137084117248
89.3	1.1596622234409915
89.35	1.159610797976804
89.4	1.1595594319075806
89.45	1.1595081250842003
89.5	1.1594568774654317
89.55	1.159405688912101
89.6	1.1593545593188819
89.65	1.1593034885451556
89.7	1.1592524765488406
89.75	1.1592015232284347
89.8	1.1591506284156967
89.85	1.159099792050147
89.9	1.1590490140417826
89.95	1.1589982942982733
90.	1.1589476326940433
90.05	1.1588970291141254
90.1	1.158846483496256
90.15	1.1587959956695253
90.2	1.158745565515691
90.25	1.158695193049453
90.3	1.1586448781689094
90.35	1.1585946207472673
90.4	1.1585444206080502
90.45	1.1584942777064335
90.5	1.1584441919019919
90.55	1.1583941631184687
90.6	1.1583441912862216
90.65	1.1582942763208643
90.7	1.1582444181230112
90.75	1.1581946165631878
90.8	1.1581448715097995
90.85	1.1580951829623527
90.9	1.1580455507939413
90.95	1.157995974893834
91.	1.157946455170893
91.05	1.1578969915186479
91.1	1.157847583845223
91.15	1.157798232025995
91.2	1.1577489359220743
91.25	1.1576996954493033
91.3	1.157650510558495
91.35	1.1576013811813652
91.4	1.1575523072168077
91.45	1.1575032886016383
91.5	1.157454325187504
91.55	1.157405416912939
91.6	1.1573565636798413
91.65	1.157307765414659
91.7	1.1572590220199468
91.75	1.157210333355785
91.8	1.1571616992283182
91.85	1.1571131196521898
91.9	1.157064594569758
91.95	1.1570161238877312
92.	1.1569677074738862
92.05	1.1569193452974977
92.1	1.156871037232999
92.15	1.1568227831671445
92.2	1.156774583051952
92.25	1.156726436819957
92.3	1.15667834424036
92.35	1.1566303052127864
92.4	1.1565823197416136
92.45	1.1565343877712917
92.5	1.1564865091764411
92.55	1.156438683865215
92.6	1.1563909117009707
92.65	1.1563431925902175
92.7	1.1562955265203014
92.75	1.156247913428333
92.8	1.156200353254546
92.85	1.1561528458648562
92.9	1.156105391153686
92.95	1.1560579889454967
93.	1.1560106390365354
93.05	1.1559633414743335
93.1	1.1559160962282262
93.15	1.1558689032318017
93.2	1.155821762432446
93.25	1.155774673740414
93.3	1.155727636971315
93.35	1.1556806519864833
93.4	1.1556337187543453
93.45	1.155586837228862
93.5	1.15554000730668
93.55	1.155493228894601
93.6	1.1554465019729792
93.65	1.1553998264368563
93.7	1.1553532021808646
93.75	1.155306629153094
93.8	1.1552601072434965
93.85	1.1552136363555003
93.9	1.1551672163555375
93.95	1.1551208471839025
94.	1.1550745287816488
94.05	1.155028261016854
94.1	1.1549820437584408
94.15	1.1549358769940266
94.2	1.1548897606678201
94.25	1.1548436946535552
94.3	1.15479767888961
94.35	1.154751713321909
94.4	1.154705797874205
94.45	1.1546599325083466
94.5	1.1546141171414435
94.55	1.1545683516638126
94.6	1.1545226359793839
94.65	1.1544769699606063
94.7	1.1544313534889614
94.75	1.1543857864143194
94.8	1.1543402686759203
94.85	1.1542948002642226
94.9	1.1542493811723995
94.95	1.154204011284543
95.	1.1541586904832102
95.05	1.1541134187543975
95.1	1.1540681960468535
95.15	1.154023022249641
95.2	1.1539778972568524
95.25	1.1539328210269117
95.3	1.1538877934112852
95.35	1.1538428143731727
95.4	1.153797883879501
95.45	1.153753001793696
95.5	1.1537081679371046
95.55	1.153663382247899
95.6	1.1536186446357015
95.65	1.1535739549285353
95.7	1.153529313327931
95.75	1.1534847197376887
95.8	1.1534401739861924
95.85	1.1533956760233726
95.9	1.1533512256208411
95.95	1.1533068228004635
96.	1.1532624675361234
96.05	1.1532181597381073
96.1	1.1531738993030634
96.15	1.1531296862218432
96.2	1.1530855203946548
96.25	1.153041401711712
96.3	1.1529973301162943
96.35	1.1529533055079484
96.4	1.152909327795907
96.45	1.1528653969136127
96.5	1.1528215128264048
96.55	1.1527776754755952
96.6	1.1527338847777282
96.65	1.1526901406508607
96.7	1.1526464429848091
96.75	1.1526027917335084
96.8	1.1525591868199276
96.85	1.1525156281544666
96.9	1.1524721156069249
96.95	1.1524286491691478
97.	1.1523852287957692
97.05	1.1523418543678428
97.1	1.1522985257408058
97.15	1.1522552429284665
97.2	1.1522120058639076
97.25	1.1521688144406677
97.3	1.152125668623361
97.35	1.152082568344792
97.4	1.1520395135588277
97.45	1.1519965041738442
97.5	1.1519535400791072
97.55	1.1519106211390522
97.6	1.151867747303096
97.65	1.151824918543689
97.7	1.1517821347742108
97.75	1.1517393959866824
97.8	1.1516967021264453
97.85	1.151654053077779
97.9	1.151611448735396
97.95	1.1515688890041373
98.	1.1515263737780401
98.05	1.1514839030486663
98.1	1.1514414767858023
98.15	1.1513990949034771
98.2	1.1513567572992558
98.25	1.1513144639242614
98.3	1.1512722147256174
98.35	1.1512300096036778
98.4	1.1511878484725933
98.45	1.1511457313344002
98.5	1.15110365811699
98.55	1.1510616287359996
98.6	1.151019643027959
98.65	1.1509777009737383
98.7	1.1509358025642804
98.75	1.1508939477532458
98.8	1.1508521364580724
98.85	1.1508103685154827
98.9	1.1507686439034144
98.95	1.1507269625642573
99.	1.1506853244419568
99.05	1.1506437294789245
99.1	1.1506021776021307
99.15	1.1505606687268668
99.2	1.1505192027608828
99.25	1.1504777795691163
99.3	1.1504363991506708
99.35	1.1503950614599485
99.4	1.150353766397158
99.45	1.1503125138693275
99.5	1.150271303878258
99.55	1.1502301363558445
99.6	1.1501890112467734
99.65	1.150147928451975
99.7	1.1501068879320027
99.75	1.1500658895933122
99.8	1.1500249333341528
99.85	1.1499840191764736
99.9	1.1499431470713712
99.95	1.1499023168937768
100.	1.1498615285752802