0.0016033206314290712
0.00152208727914309
0.0014489861058104114
0.0013799880965900005	4.866161267049084
0.0013127168889443873	3.0124177745015173
0.0012479382532695061
0.0011862778381908734
0.0011268115368545913
0.0010687976613015253
0.0010126277474325179
0.0009562492748527022
0.0009011807644392247
0.0008448107593870797
0.0007896957541905926
0.0008106571469220992


0.0003620857811492843





0.00030091845793613504
0.00029177095257655855
0.00028267929167159387
0.00027357583647532273
0.0002643276921337455
0.000255001930118333
0.0002454975305830972
0.0002357798525507208

0.00021556437576685213






0.00013453997119236447
0.00012166207338007428