0.22168143938020393	0.06848687969790596	0.017678072606834898
0.22037244705904188	0.0648186906961193	0.009358095186946375
0.21906114200720095	0.06058474951430072	0.0017627758297614003
0.21775282353892655	0.055944204785277576	0.000060580492222216795
0.21645151445333805	0.051113269120383144	0.00008940984498371559
0.21515900385182665	0.04693229459123805	0.0002254577585901802
0.21387666861493276	0.0431544766448632	0.9442791145988811
0.21260348969749257	0.03976402244126446	0.16506163349335287
0.21133777389674413	0.03653879883827973
0.21007887945089396	0.03403324126044382
0.2088296880440846	0.0322194758815401
0.20761076621421828	0.030366323024806716
0.206425150664277	0.028375905400776304
0.20523753355102056	0.026152254601404447
0.20405643888598415	0.023674776750218254
0.2028647876782032	0.02107166588577222
0.20167655983657062	0.01820642282924154
0.20048648393997465	0.015154995910829612
0.1992607737447127	0.011941531971160033
0.19808701223411432	0.008663899017865068
0.19683702943370845	0.005376507948066039
0.19564435191191273	0.002437900252965011
0.1944292614965681	0.00018213501620319803
0.19315328275794516	0.0000453992171745309
0.1919182501646401	0.0000335947094281061
0.19063737413441728	0.00002799001985108676
0.1893824008733249	0.000027624951098432228
0.18807002354788419	0.000030047581243537857
0.18679233795780797	0.00003394463464630034
0.18544501074105577	0.000036605919575007266
0.18400484448924787	0.000041854958027378595
0.18260712214511096	0.00005138778283667736
0.18118903705369552	0.00006211657114535712
0.17955899820475762	0.00007960461351559375
0.17829912846377619	0.00009509704575640496
0.17683225091027832	0.00012723010422763869
0.17535500341718388	0.0001586629904051179
0.17387091082319028	0.00021841101258950797
0.17238412349611024	0.00030310664277992513
0.17089865417135944	0.00047370441679150797
0.16928315199199395	0.0006790802902487735
0.1678100875885018	0.001060578826282772
0.16635106518894568	0.001731164693663868
0.16475949432214798	0.0028108735029387668
0.16333766492669444	0.7290374924740164
0.16180126790811955	0.4428202097715569
0.16043181967222192	0.019683705252361763
0.15922571133951557
0.15776343861720735
0.1563542081164543
0.15504134537710573
0.15389631193953834
0.15246195732694756
0.15132137132369722
0.15003824521265674
0.14903405357256738
0.14786844483441625
0.14676832864273162
0.14579247860989492
0.14465206079771736
0.14366188863703228
0.14277752087795104
0.14184953927844823
0.1407375483939421
0.13999577312804073
0.1392172694849326
0.13832457442969473
0.13754290492743196
0.1367856288584964
0.1360515027011645
0.1354252674976899
0.13502505100859666
0.1346163611464269
0.13419116493672947
0.1337397670652123
0.13324100154393723
0.13270339957906246
0.1321163417184401
0.1314290447068442
0.1306663224524775
0.12979294469107905
0.12890229819115454
0.12782348882848993
0.1267472019531621
0.12543943529255272
0.12400136046283879
0.12229566257907998
0.1207707332638301
0.11893060717189347
0.11695369203410817
0.1148409855853315