0.00003496999073589933	0.00003362053084221874	0.00002814811202127944	0.000011253348049841432
0.000034851160887040814	0.00003323643120182135	0.000027499115508358157	-1.0157111429970228e-6
0.00003473110784466667	0.000032848388964216834	0.000026703662351684877	0.000011131107085951338
0.000034609848987121605	0.00003245937460123191	0.000025684977299509823	6.700556466120928e-8
0.00003448793223220661	0.000032068880184693236	0.00002466730281013648	9.3072275644646e-6
0.00003436494895852439	0.00003167658261699298	0.00002328183896297428	8.044935038051573e-6
0.00003424152695282124	0.00003128230434702023	0.00002193145671610567	6.392874194223059e-6
0.000034117433580615535	0.00003088559977384399	0.000020557059696616804	4.429042717909249e-6
0.00003399316352278931	0.000030485673127106365	0.000019051857129750542	2.4110683618411825e-6
0.000033868427704806395	0.000030081538915345698	0.00001766992794397973	1.386868519834773e-6
0.000033743430358877196	0.000029672146321784357	0.000014548005208787723
0.00003349309245275595	0.00002882996367021269
0.000033117285127252194	0.000027436408570989327	9.70473381073924e-6
0.000032742131639563215	0.00002588890906982213	6.925718807958015e-6
0.00003236714895826923	0.000024120299092682485	4.1734064716432055e-6
0.00003199391107837497	0.000021833210835690065
0.000031622093994990634	0.00001937055963083851
0.00003125170276630702	0.000017198436823642186
0.000030879906858313283	0.000014918079057233865
0.00003051405677302157	0.000013593242583856723
0.000030141465322264297	0.000012510419679814993
0.000029765535168298186	0.000011497198496653242
0.000029400711993222097	0.000010410636032819523
0.000029017410012377786	9.368043157200848e-6
0.000028625309407257564	8.309382810059469e-6
0.00002826360650508433	7.2292325303706525e-6
0.000027878469117357664	6.270654955093048e-6
0.000027501553095998292	5.178608823350214e-6
0.00002708734733198291
0.00002668757202641517
0.00002623730306010145
0.00002576348133805183
0.000025320863988939025
0.000024806480802227926
0.00002433887500569158
0.00002378815684643498
0.0000233020136278418
0.000022724406748856064
0.00002213879909285347
0.000021542538765794776
0.00002104615699567792
0.000020351826685334095
0.000019865639840548644
0.000019181301097567528
0.000018712335287898895
0.000018158269455276313
0.00001750868796450025
0.000017069735448524833
0.000016552030670746643
0.000015941187368559912
0.000015447137065749805
0.000014885398655126741
0.000014411260713648366
0.000013943875304131735
0.000013411363739434957
0.00001285754055296449
0.000012337688805031764
0.000011821925465419972