0.2241754966224695	0.07510503243999211	0.03789619353564875	0.005437924051890687
0.22329152150541254	0.07272155086263173	0.02888520074592043	0.0001782490417339376
0.2223819563195391	0.07034042724580568	0.021500724605394927	0.4061397929366398
0.22148027481056326	0.06788372271055115	0.015864476161687183
0.22056880054364014	0.06516750119968581
0.21965257896563442	0.06218153373204397	0.003940586245171187
0.21872917089742458	0.058702364813441814	0.00022390960879518313
0.2178094819350096	0.05502435866243056	0.00007713302224768583
0.21688784272071487	0.05167599149086908	0.00010885518712296987
0.21596727518070036	0.047908760785464535
0.21504636880296918	0.045646866217942894	0.0005962658185183219
0.214147272598596	0.04284584669854714	2.7044915768157516
0.21327847739732944	0.0404212204015091	0.7853085926219449
0.2124034369962227	0.037596287898058606
0.21152864716618147	0.035931799744781924
0.21064781851335682	0.03466773232499912
0.20976648810159987	0.033256228956097714
0.208879373659796	0.031818345759933385
0.2079991076056243	0.030244167632116344
0.20711072461704733	0.02843353174660259
0.2062154229316639	0.02655059225620339
0.20532104261856335	0.024365199269713516
0.2044177607763787	0.02226268915364151
0.20351711316377477	0.019879251493315653
0.2026036920343795	0.017336793342918537
0.20169576390251276	0.014836262853494583
0.20079810073972504	0.012139691749481997
0.19985201547392709	0.0095982010042545
0.1989297206548436	0.006840301418857986
0.19797998326743643	0.0043796311112242565
0.19704510730008912	0.002247844650291754
0.19610446414125768	0.0003550202505745109
0.19512424382683216	0.00008564921890629427
0.1941294187152428	0.00005015299666700595
0.1931619829263489	0.000045089300673138915
0.19213905075642218	0.00004185793073714556
0.1911529970701479	0.00004067770555491887
0.19010107059509065	0.00004074232400292911
0.18903092456428733	0.000044457868406232576
0.187868827542704	0.00004960897457923261
0.18691523964201023	0.00005800981681965846
0.1857985320227764	0.00006378386783477939
0.1846653311950268	0.00007592765919364002
0.18331707380450357	0.00008839047032201088
0.18235694173998884	0.00011035597561948611
0.18129505419314224	0.0001270149319291686
0.18011813118039235	0.00015740771268689169
0.1789345630837435	0.00021861396661259489
0.1777436183931602	0.00027981050031153555
0.17642438517982573	0.0003511914249356427
0.17522932046720488	0.00047624646846795274
0.17403904612134982	0.0006725336210098866
0.17285363364688267	0.0009469978805968505
0.17181615407862202	0.0013775671167436446
0.17051046154050867	0.002027088522186332
0.16935951768510302	0.0032030675043407553
0.16808183623975134	0.29685812144506685
0.16694864339290508	0.6355843944133268
0.16584637714242723	0.35683690815241564
0.1647643045210974
0.16370338087017364
0.16253269726536887
0.16144960338270978
0.16052651425174436
0.15955884368225792
0.15828538064199477
0.15744010544890602
0.1565479318808016
0.15557282525783409
0.1547294590162772
0.15377204879019218
0.15301601173892665
0.15212298240695593
0.15128691334401112
0.1505594192933692
0.1496417958604975
0.14888304258013907
0.14834790417734198
0.1476330167339452
0.1468482614941062
0.1462400153786321
0.14559253684814766
0.14496541614739072
0.1443511193233209
0.14364894501779257
0.14324365614698056
0.14291049276004633
0.1426526068179636
0.1423887688395946
0.14211367274806164
0.14182264612981277