0.0025750240127448815	0.00006415798973164502
0.0025035896105953226	9.230259351902115e-6
0.0024321106879388755	0.00001854103762771776
0.0023566429090477654	0.00003995892002444056
0.002281940410085298
0.0022064002203698615
0.0021307821587138926	0.00045409944917502125
0.002053999224277429	0.0011442318813556763
0.0019814920554942876
0.0019104573089425898
0.0018424200541309968
0.0017767693350663526
0.001713386349076371
0.0016515326755645048	4.765493944657928
0.0015944085290904668
0.0015388910323402066
0.0014898244199213165	3.2635594091654827
0.0014403859294299412	0.3132425406925729
0.0013930417734872341	2.8513200093302355
0.0013403546800115212
0.0012965217704599301
0.001251903462334835
0.0012097202847190943
0.0011673351918991025
0.001127042946059282
0.0010855784517487632
0.0010451959023666866
0.0010050353896835658
0.000964968656044385
0.0009250353948584004
0.0008852776631350999
0.0008448375998003687
0.0008044677266594263







0.00037699387467774094