0.4955537364032206	0.06821414783370741
0.4928493283930874	0.06049092812148188
0.49016054360970096	0.052161190652540726
0.4874981914139657	0.043547532114550536
0.4848588142865125	0.033904061900091494
0.4822383366873176	0.024575336750001318
0.4796329172158896	0.015103948119136198
0.4770338111342397	0.005118195087316981
0.4744766489291204	0.000011760997371491446
0.4719191408758442	4.091411134112811e-6
0.46936019377260274	2.8257510939696296e-6
0.46433201445958305	2.191691710161465e-6
0.4568158892202579	3.178777121268469e-6
0.4493095338190363	5.210232122788792e-6
0.44192958519825093	8.895727633474094e-6
0.4345412476557691	0.000015291484074559215
0.42698536318691904	0.000030068753959747578
0.41973384016073356	0.000059087307394759764
0.4125175406217304	0.00013893372988656532
0.4052719733583616	0.00047601724684654735
0.3984103251919841	0.003991835067010236
0.3915750729852219
0.38531988660922906
0.37907032699077153
0.37336759981017886
0.36800224130342957
0.3633069396032365
0.3588781177824132
0.3546971127070105
0.3507321447488749
0.34727767151485955
0.3438876813975503
0.3408509625074107
0.338035671647489
0.3354421761769321
0.3329557156396741
0.33084616730757016
0.328836100969855
0.3270053570563672
0.32533711373504126
0.3238396816066836
0.322479747959389
0.3212648698373552
0.3201832156868822
0.31927176393490053
0.318473028683407
0.31782578660852173
0.3172230087680018
0.3168049227272087
0.3164527078506598
0.3162085259422472
0.31611156129570145
0.31609868514236883
0.3161917484259397
0.3163815650978489
0.31672183704756696
0.31709875805063037
0.31766480781245987