0.000032887433067739024	0.000026749984975361613	8.578709242403471e-6
0.00003269598474574523	0.000025972747379637478	7.1802731656447755e-6
0.00003250475924888887	0.000025126150245144034	5.911484595705926e-6
0.00003231435529559477	0.000024302925132092012	4.516932051935447e-6
0.00003212396960918731	0.00002333005383179938	3.3388291624656066e-6
0.00003193465312898135	0.000022413614556331077	2.225559770018765e-6
0.00003174600234640773	0.000021186911586924784
0.00003155715732476938	0.000020236135388986037
0.00003136870840336728	0.000018955615955990176
0.000031182024422584845	0.000017877437761297798
0.000030996034226341914	0.00001685020658494241
0.00003062240386152412	0.000014954308612063245
0.00003006944417244547
0.00002951606791545891	0.000011290107299647054
0.000028961869839470857	9.798000599125652e-6
0.000028413437464675288	8.342032700131081e-6
0.000027850389958316122	6.921973250356172e-6
0.000027293691709097746	5.371938993486743e-6
0.00002670804745467921	3.7951872108905565e-6
0.000026071320573573236
0.0000254735569879474
0.000024818151257263132
0.000024136248231382986
0.00002342969000188018
0.000022702667985255417
0.000021972348086313692
0.000021252695961327304
0.00002052984950916986
0.000019716817719591386
0.000019107313550666085
0.00001831759627064387
0.000017650283460107568
0.000016900743558402662
0.00001627545440143773
0.000015569361703304392
0.000014982029057457486
0.000014313202027127746
0.000013755235240630259
0.00001313929495332418
0.000012536106316354137
0.000011942603432658275
0.00001120245393284176
0.000010621500564732865
0.000010072516477706737
9.433484379058254e-6
8.792747470764163e-6
8.087363711034e-6
7.468582034481793e-6
6.685413102563406e-6
6.0486945426712475e-6
5.1072861604597525e-6
4.1725115414994256e-6





