0.0007669713257993131	0.00012223257932530017
0.0007201983403085176	0.0001077220238135944
0.0006778731659442848	0.00009611434299832284
0.0006393878572847757	0.00008557898855540319
0.0006042317555294923	0.00007648122645041216
0.0005720244509889836	0.0000680983503572465
0.0005424156745146977	0.00006038466146099597
0.0005151188520669661	0.000053723015289866785
0.000489871473414456	0.000047352342712250793
0.00046651302478871345	0.000041807244149480236
0.00044481184273930736	0.0000367354693444775
0.0004056197960798524	0.000027217413250352853
0.0003557674633603184
0.0003141331382242073
0.00027901896758667465
0.0002489685487730894
0.00022284785302747787
0.00020038675214566564
0.0001803525500831405
0.00016264437615565863
0.00014716550513249336
0.00013315077576348103
0.00012072740197364554
0.00010943694422119807
0.0000993679524074913
0.00009034377309107308
0.00008241551888590525
0.00007497888895463255
0.00006795611831664167
0.00006172148627799387
0.000055761655136694206
0.00005018046839839133
0.000044941261010710396
0.00004001365914224869
0.000034946287518937024
0.00003033342840695123
0.000025726245023169432




















