0.03256726785266213	0.0001965704077280739
0.029458493925547377	0.000016715873540297282
0.026726872193469885	0.0000262920418129067
0.02430220316697082	0.0000469921698388968
0.022151257696042235
0.02022919255526078
0.01851182290812572	0.00032209079173314007
0.01696384562378748	0.0006962189376188576
0.015574805379088947
0.014322969067953675
0.013194157335257624
0.012173619415526747
0.011243692252524872
0.010390180927403464	0.41546527455550386
0.00962036625193709
0.00891410907898639
0.00826249784698626	0.2577541022246871
0.00766658712544492	0.03874924633183527
0.0071225354335360275	0.22351123236422074
0.006621099242886539
0.00616043492232079
0.005724769723651159
0.005325295487259291
0.004948671196778786
0.004602491714051736
0.004271446915942747
0.00396321540528593
0.0036733136685062843
0.003398681639359823
0.0031409024871532276
0.0028963197944777267
0.0026633364906078635
0.00244290054222209







0.00038981523031275986