21.117024083519325	0.9570987897149209
19.596373729688832	0.8452936370399277
18.288124067857634	0.7489046959857953
17.16201929805534	0.6656928049321277
16.088638744537782	0.5911033657073168
15.15609718920199	0.5250926242125278
14.304058399756373	0.46605262158044825
13.551389724999929	0.42102820775738686
12.83196698071249	0.381790966979469
12.188411473912506	0.34508252907255516
11.60033485646843	0.31194736846302135
10.555890826564447	0.2533144880785443
9.258196428181947	0.17769306107243948
8.208406634444556	0.11070880537859219
7.3423309190605455	0.05424434404539378
6.622115792437761	0.005719646454488173
6.005066324455302	8.352839426125155e-6
5.478900362749126	6.106482742125518e-6
5.022750793675174	7.384151059638766e-6
4.622987927470313	9.059884313338313e-6
4.272181761758145	0.000012643569505836025
3.9620803609474975	0.00001797583587221226
3.685669993862267	0.00002608227308088923
3.4380432220325994	0.000040352595287798855
3.214628862901208	0.00006628139734502967
3.015890081239648	0.00011441292524323395
2.8412890714863868	0.00020996098964521837
2.6808638517975814	0.0004579388788113834
2.5333816243587477	0.0015962186175198308
2.397686719500596	0.03979112044361471
2.2728162294184435
2.1579938187816037
2.051595462762709
1.9530337222349807
1.8614711986425632
1.7761112502549974
1.6971514045443021
1.6234582233405415
1.5546687179047458
1.4905238301841812
1.4300186586019923
1.3741856842238056
1.3211540032882365
1.2715902397556347
1.2249556209864272
1.1811244776592302
1.1396899917793635
1.1008906428354739
1.0640082805992417
1.0293668762501225
0.9963507260799238
0.9654591940106209
0.936121769052934
0.9081582533082593
0.8815908710427771
0.8565230333195059
0.832659290679597
0.8099723076682023