0.01044646024404134
0.009363066939619576
0.008418474999841016
0.007567243632237016	0.3276865727787677
0.0068120516254239856	0.2223998091568403
0.006151245550242947
0.005544643842572751
0.004997689726158467
0.004500978358694348
0.004051479552434304
0.0036358169385056704
0.0032576426949162273
0.002901996837837342
0.002579123176785853
0.00259592523189851


0.000401770237695489





0.0002903066891274043
0.000276111441421872
0.0002626388307919734
0.0002497591143869393
0.00023729734421585526
0.00022526975461856292
0.00021354806056627783
0.00020207015647429914

0.00017962694453175351






0.00010301183039368695
0.00009216230388436251