0.0015890493181007297	0.00038873772601975815	0.00006429651503410415
0.0014733745381568088	0.00035312205347598973	0.000050188666217926774
0.0013710878386434364	0.00032144179775378675	0.000038775083078513714
0.001280087355918563	0.00029332397967443176	0.000028195720940802662
0.0011986683036565504	0.00026766960232080933	0.000019921887229458702
0.001125462022721522	0.00024465715232344033	0.00001279813736399124
0.001059330504193057	0.00022332542547321574
0.0009993255008114413	0.0002044914885030689
0.0009446725143128508	0.00018648812002046664
0.000894724255662403	0.00017055329223617546
0.0008489158885803648	0.0001560272923616335
0.000767855907729394	0.0001304634167205988
0.0006674684901317781
0.0005862658987751411	0.00007824190286110138
0.0005193898918280491	0.000060726613112227066
0.00046351194067770815	0.00004679724077181415
0.00041613421165686166	0.000035482291381401704
0.0003755892319770829	0.000025525873068031825
0.0003404344844854661	0.000016844635019037703
0.00030960614635237795
0.00028263596532381307
0.0002586307741912179
0.00023720394869150132
0.00021797634161146084
0.00020064394424880504
0.00018519011296974267
0.00017148786218969855
0.00015893144392815358
0.00014727088798622903
0.00013690653996537242
0.0001270101898661323
0.00011811234246813379
0.00010964065960003675
0.00010202551276752751
0.00009469376704832156
0.00008810907986371257
0.00008169092491305957
0.00007594040119614368
0.00007041184805656013
0.00006519747804163853
0.00006026777967011033
0.000055110096391423996
0.00005066204534178887
0.00004658099513010894
0.000042360298486926366
0.00003831573018729286
0.00003422076190215868
0.00003063297273788733
0.0000265952546215476
0.00002329415652381501
0.00001903147628700955
0.000015007910924980746





