40.81927035049557	2.226347682073186	0.4174541131753218	0.03315650510350952
29.312708615556122	1.5785917429345653	0.2409062193098255	0.0009003991758038544
22.602577954329103	1.1920515756183288	0.14471075363996178	0.19559477617117166
18.1838362217461	0.9373563947145798	0.08723085781033273
15.108913568304237	0.7577672131416646	0.045626003348617376
12.820336493955773	0.6242695858297644	0.016685320684920676
11.07854552343838	0.520991659522643	0.0008824724311679675
9.702575923620769	0.4391185900948359	0.0002747162309355224
8.5746743885547	0.3730937319378318	0.0003526390787376076
7.659193048821235	0.319516206860134
6.894425157479218	0.2752442343701048	0.0016745001086989142
6.253839081191339	0.23828063307678418	0.6191570476507415
5.7157097089031765	0.20816100559340175	0.2910665430662676
5.242146581749036	0.18061683157713906
4.8340750472767455	0.15908340625769393
4.468855177046531	0.14187548971347025
4.143199033777718	0.1264501521165374
3.854833848510472	0.11294557133131725
3.5927448296214104	0.10064242417614247
3.358521316118029	0.08917351345264322
3.145992119262321	0.07876198543636642
2.952531185768441	0.06867956932550698
2.775231848994497	0.05980744229719242
2.6146641570748708	0.05112020763396743
2.467459735479686	0.04282704190519019
2.3302474784533356	0.03530368821769678
2.20480759203867	0.02794837084226867
2.091168770245672	0.021426582016560322
1.9829471721148124	0.01486538386280859
1.8836335191598943	0.009282469319700355
1.791365269214664	0.004651511592393877
1.706278353689195	0.0007191492539198333
1.6260578246203987	0.000169053371731122
1.5515744081596416	0.0000965583846344591
1.481360120332085	0.00008452326607421311
1.4156146633018507	0.00007662203772869515
1.354207090749035	0.00007276174653515909
1.2964018783807096	0.0000713049984102254
1.2420176995691738	0.0000761187805294671
1.1906978145310736	0.00008328035303006723
1.142629939077736	0.00009532536899317733
1.097028213936436	0.0001029773925282874
1.0539308302124561	0.00012053828862322629
1.0128938591260188	0.00013806404749762833
0.9746833565662768	0.00016957584553507676
0.9382743490276932	0.00019284499581619736
0.9035766949012863	0.00023641955676131872
0.8706751462347058	0.00032322228412917376
0.8391336770371371	0.0004094242390029425
0.809498709071445	0.000509196646584118
0.7811554205182555	0.0006860094836706465
0.7543481899479545	0.0009596003155590725
0.7286384259096267	0.0013469603850287941
0.7043010277380642	0.001952289308629097
0.6807755355172515	0.002868383831013519
0.6586645600631011	0.004481863088271335
0.6372552375365738	0.10920209135147417
0.6169594921398843	0.21616054304657661
0.5975662291899636	0.18840008889869478
0.5790556073836921
0.5613832781712986
0.5443112067246316
0.5279205911422504
0.5124993479799347
0.4976259462830598
0.4828923465658345
0.46936637000141407
0.4562047606381772
0.4434722662937967
0.43132126762990614
0.4194343561546994
0.4083911376106665
0.39743947179167527
0.38699260378523637
0.37702386452595543
0.36708968060767544
0.3577439991189154
0.3490652111914235
0.3403685136098427
0.331842929207419
0.3238046151524164
0.3160373376603442
0.3085086310989864
0.30123975027246297
0.29403384282434714
0.287493996137186
0.2812353009158101
0.27527415896920765
0.2694813296440836
0.26384042067457353
0.2583098270118554