0.004718597545340813
0.00481987660824837
0.004896013366357701
0.005006984404630044	-0.030863453316381264
0.005077996480478276	-0.0009749671971605609
0.005092409131531684
0.005140592508736732
0.0051785970153910895
0.005210215218114808
0.005232762271200488
0.0052565841196756495
0.005273533111917803
0.00529715721564671
0.00531316007929794
0.004991917710935664


0.007737057333102524





0.007596105566054171
0.007581273431811644
0.0075681900215822375
0.007556666985357523
0.007546543426175539
0.007537667709378598
0.007529922582677114
0.007523206849292154

0.007512470453391966






0.007496060469369985
0.0074957001951396875