0.5128828209523036	0.37477463347220397
0.5139539816521045	0.3730308516268582
0.5148080766175765	0.3703937746056575
0.515962426785327	0.36612293524155853
0.5172058509389106	0.3615471518033252
0.5181168564578187	0.3548698443600993
0.5192201104676814	0.3468410384660141
0.5199919384491215	0.3377080832616963
0.5210427869917362	0.3254839203897289
0.5219831539346242	0.31157597941424786
0.5226787287521696	0.29844560803957193
0.5241988293120948	0.27417186074537697
0.5258500010504183	0.2403977477972443
0.52629477241461	0.20859788717301248
0.5274023250500681	0.1784405244912392
0.5276236899136003	0.14867871157714566
0.5260536669299793	0.12143497068002844
0.5269100689301315	0.09570096109203285
0.5277536401122995	0.0719150685334735
0.5278207477735724	0.05043736846139607
0.5299630999656885	0.022197993556930442
0.5327603998675301
0.536000851891813
0.5399951761950947
0.5447634760551415
0.5501443265935142
0.5547850139073487
0.5598574299162236
0.5651339747149529
0.5705762679074126
0.5744733733087868
0.5794115687992499
0.5833471895577789
0.586892743345578
0.5903546940355409
0.5939122179693443
0.5961574304001763
0.5987556168308849
0.6007773543259164
0.6026307846927559
0.6043958656306826
0.6055613593543712
0.6065680747361526
0.6072753349918248
0.6083811463854913
0.6089099190932289
0.6096021207039553
0.6096039651777393
0.6099404413444983
0.6099300332047687
0.6096909737599603
0.6093288902863923
0.6096132900634521
0.609423758909886
0.6091212040693822
0.6089788266115959
0.6085231222619658
0.6078253780175716