0.004574473676444701	0.003439337695504254
0.004549831528684117	0.0043767001996661056
0.0045308145516761555	0.00490633249280772
0.004487258363009431	0.005472260676412577
0.004458848034204746
0.004446218337542694
0.004408595033616742	0.009040283854795876
0.0043930950581338	0.010894136036886291
0.004419151487554947
0.004443138863690899
0.004474711722214116
0.0045056519541364914
0.004559016658545032
0.004635710885331935	0.18037164019285062
0.004694387515335625
0.004754292720178219
0.0048574133976099455	-0.017351474500389992
0.00492344045840129	-0.024950667410656862
0.0049704910293166624	0.01764905709353896
0.0049673080616297605
0.004999950625635218
0.0050404768687820276
0.005069435917375729
0.005100372858964049
0.0051214545386944876
0.005148062886246904
0.005169685705714475
0.0051893407617481044
0.005210435173739649
0.00522767460342225
0.005247124591535647
0.0052668603034790856
0.00528698931990713







0.007634190002132244