0.19232138075914504	0.08208254874069287	0.04380237063472981	0.051936027668456126
0.19096640129512812	0.08232597708390565	0.08256958498968946	0.021172205767394862
0.18986222396523922	0.08221326987035488	0.07776483788628456	-0.017610367286502084
0.1894101192393642	0.0815672933820063	0.07779132535264324
0.18779529840798118	0.07958616946069942	0.07537100080738782
0.1866883711835005	0.07681356405902846	0.06489287920593895
0.18644595728756935	0.07231848909884009	0.05012557363814235
0.18615114791488802	0.07020112079979686	0.0363334746572346
0.18540718135964218	0.07759998506593395	0.025749363068121135
0.18489341250394237	0.073912874957009
0.1844708705821287	0.09150763937637922	0.011183472817807764
0.18399547751775627	0.09890958760201528	-0.7452108497603354
0.18362849388858793	0.10392824959815902	0.05996347730258861
0.18307132453510286	0.11007255777049443
0.18290722613783308	0.11355543382632162
0.18253179069509035	0.11370198407295812
0.18209792310067432	0.11388280666772714
0.1818319614107945	0.11349339651070198
0.18144132758951834	0.11304225747352506
0.18117025513388677	0.11253519932663056
0.18080694390995686	0.11166150193348685
0.18045202385846754	0.110824256824787
0.1800145518591475	0.10927629149551006
0.17967306266278343	0.10769827939192146
0.17924116293751932	0.1058577246173765
0.178713492689386	0.10352304708637484
0.1784023914649501	0.10093223531713442
0.17797055701878142	0.09796580495387161
0.1773958027328081	0.09474123508981833
0.17671276428477026	0.0911213903614879
0.1763419681847709	0.08722670945940661
0.17589883819499083	0.08310195528422917
0.17526398462545406	0.07857486645060063
0.17443817941175652	0.07409253505641257
0.17401242537670125	0.06990731930422606
0.1733013564161201	0.06571787440551198
0.17265404701506437	0.061699241143047846
0.17187043036152977	0.05779056242344886
0.17105572598305163	0.05407626177513246
0.16942773136405373	0.05041984207571981
0.16950380917742003	0.04702873339292039
0.16864182744950287	0.04362075447624344
0.16777522232829867	0.04035870087566922
0.16582292066748328	0.03724417967084521
0.16605480707303322	0.034326023086144256
0.1653757517476436	0.031392824895415124
0.16456986794216377	0.028600071396440083
0.16381210654056289	0.026137214139721532
0.16303486987145197	0.023650027684668454
0.1618714868381857	0.021310751708209674
0.16125933182185948	0.019032785166778345
0.16074673781332757	0.0169563160494315
0.16026245158492458	0.01482773187903333
0.16032203201759188	0.012744266574174644
0.159494540759634	0.010518527030574635
0.15926131738901111	0.007779056858629567
0.15866261566318504	0.027400483443843642
0.1589556511850847	0.045325365278194696
0.15889300220765443	0.0876053005376547
0.15889511108903398
0.15895752121607468
0.1588274004684595
0.15934768374944766
0.15918149400222592
0.1594162704984907
0.16007758950744214
0.16005762609433535
0.16036926030245108
0.16067732803790236
0.16100917195090442
0.1619274574853252
0.1617473507900396
0.16233979463162007
0.16277763334246156
0.1631067798901091
0.1640141701856323
0.16444154889269383
0.1642865234829499
0.16471893250910555
0.16545001085892966
0.16564514078095283
0.16606620723130816
0.1664629219389241
0.16677772808209157
0.1674302117583934
0.16730459365540606
0.16717864046649716
0.16685626656325234
0.1666275805625213
0.16648471021194658
0.16640822821165122