0.5024987113099535	0.2457752292148839
0.5021279370068056	0.2649418472610544
0.5027834469073998	0.2862544295865977
0.5048010523518305	0.30704949002983056
0.5044207176526639	0.32815261473557417
0.5052294684310966	0.3471212957183296
0.5059350776863852	0.36300149720939834
0.5075183388537375	0.3648796301888354
0.5074917431569496	0.3644320836958802
0.5081753665252452	0.3656164569201028
0.5089061036084559	0.3658681641801435
0.5104588896720685	0.3652400322773267
0.5124041621176579	0.3616551036852705
0.5145507939209149	0.3541360142347491
0.5162626698945719	0.3391545121025622
0.5182836591391637	0.31851932815365963
0.5192632937612021	0.28917026011606706
0.5206269998282641	0.2617970352029237
0.5212790494045388	0.23653352323826235
0.5213930499793923	0.21210221057353165
0.5206279786130849	0.1892531529983064
0.5207795973305871	0.16718877466857673
0.5205100572137927	0.1453062526326175
0.5196709068162045	0.12539611622950422
0.5188982411183278	0.10759653503889324
0.517919646907641	0.0890833056474128
0.5177496013719746	0.07333456363952508
0.5178167304460515	0.05827539628768932
0.5178066604671527	0.04270078745975129
0.5187007215294861	0.20239490641526026
0.5205209180361979
0.5217154697079044
0.5237615239393218
0.5268736942688201
0.5286398189433247
0.5312465509453508
0.53452495094616
0.5376227237355881
0.5407602906092811
0.5440743405864988
0.5477967354387642
0.5503976491743469
0.5536435119881726
0.5562068837417129
0.5589738404484862
0.5614930571122567
0.5641258567835525
0.5663370174157558
0.5685282370174802
0.570309804290386
0.5720744297645601
0.5735137199575542
0.5750706872563813
0.5763296007740049
0.5777308583155027
0.5784425716062547
0.5795120275464409
0.5801839310572495