0.00005827684576891095	0.000042108640836847804	0.00004096086504517798
0.000058127457027428104	0.00004108677551601382	0.00004206715106109397
0.00005797421406598424	0.00003914726707257647	0.00004106420992955572
0.0000578317002457687	0.0000380879821478211	0.00003976156745948445
0.00005768671290799812	0.00003647260102778526	0.00003710527483178777
0.0000575578442407656	0.000036987360178880966	0.000034066610760011985
0.00005742128415950264	0.00003138198327660167
0.00005728140093936122	0.000031272377765671725
0.00005713922694655986	0.000029588755536443957
0.00005702871892605764	0.00002957519634643869
0.00005689599958274611	0.000030681789924099574
0.000056611510817283414	0.00003571924208384803
0.000056236631674209096
0.000055780310138760184	0.00004653925297278309
0.000055354203315959296	0.00004798274631929137
0.0000549439116088026	0.000047719670430020495
0.00005433177225227979	0.00004654963918116977
0.00005386092954446491	0.00004499761375010283
0.00005308122533166325	0.00004302870636287603
0.000052035201066475636
0.00005143662135736093
0.00005033971743337559
0.0000491670581951247
0.00004796941587976998
0.00004680878472519963
0.00004579281000450335
0.000045004435944583483
0.0000444020852154706
0.00004333645522035096
0.0000432881308225834
0.00004276655722276858
0.00004254218972824263
0.000042590990644118675
0.00004275833820288811
0.00004321677797468958
0.00004360761369673274
0.00004427903584138118
0.0000447386031716342
0.000045170798845592245
0.00004564049949616758
0.0000461151795222123
0.000046973127870296666
0.000047400306164793015
0.00004758977954410246
0.0000480375548229023
0.0000484180119031122
0.000048864871895146954
0.000048967650958245993
0.00004938539621815785
0.00004933030222390208
0.00004978915203027753
0.00005002216479275635





