0.00005643924006302294	0.00003961561176744661
0.00005621385487727951	0.000044118524292879545
0.00005605131525642894	0.00004566774798265907
0.00005589212890937746	0.000047635973114929024
0.00005571739510597616	0.00004838901988989548
0.000055471325673246175	0.000048982358296820205
0.00005528418267873138	0.00004960620865850118
0.00005500122306781755	0.00004949869186306548
0.00005479455190126772	0.000049433637704568546
0.00005462996178084968	0.00004894943026577261
0.00005446860595745309	0.00004829479736866523
0.0000538854743101537	0.00004698296977736572
0.00005303018966830207
0.00005192097868972002
0.000050818690673761856
0.00004967405226632935
0.00004789297877808135
0.00004711129209703456
0.000045598039699677844
0.00004442011488220286
0.00004380044384643267
0.00004347922518183088
0.00004309859933884941
0.00004359342397736624
0.00004391459169788393
0.000044470076885503755
0.00004483187750202144
0.00004559325802401325
0.000046348902753339744
0.00004680103158357545
0.0000472920663484691
0.00004774616189064063
0.00004812865896031891
0.00004841816062016859
0.00004888752430953278
0.0000490982948728546
0.000049319698884748264




















