0.1892823934614161	0.08265560307776498	0.07932253310963124
0.18751499117769282	0.08056049577430277	0.07916160384555754
0.18668921649835366	0.07658626032623685	0.06307998685867726
0.18594692459133816	0.07255210520819637	0.042098615930011796
0.18532655407678889	0.07579723797737943	0.026926532180321986
0.18464981711510497	0.08584171536738026	0.016094367505136438
0.18405813771870777	0.09451399959462138	-0.19944193417360476
0.18354171296162175	0.10243937470981286	0.04820947132639243
0.18305156939797315	0.11237055764547664
0.18258228646121427	0.1187080045296559
0.18216583283568782	0.11908013705480051
0.18179203327019583	0.11867131228669044
0.1813868384119445	0.11804268522871961
0.1809693661881274	0.11731004624415
0.18066731419245033	0.11624657716793974
0.18023133799772414	0.11456937285298908
0.1798501384217006	0.11266162920567435
0.1794620133918138	0.11026490548378409
0.1787761919223063	0.10740607015146587
0.17861963712187315	0.10399427613009458
0.17781087801342724	0.1000701778689781
0.17751268709889378	0.09554993501833454
0.1770179459838149	0.09053072854741177
0.17618045326525447	0.08489734924333132
0.17579857640160618	0.07952603268401578
0.17490203515393843	0.07431115260164138
0.17449553579844831	0.06934068544642451
0.17373877383915431	0.0646427230830224
0.17305851411328158	0.06002641696449813
0.17222950762494993	0.05540151743870066
0.1708984457745575	0.05102239377986476
0.16998542877314304	0.0468380297708902
0.16906359686031147	0.042805081010808654
0.16698845149413713	0.03900377428217096
0.1672408820384474	0.035164502599111365
0.16636736732108356	0.031722649517983495
0.16553821159191792	0.0282343255049995
0.16476462347441256	0.025182418030351494
0.1640594160665845	0.022145153351290494
0.16342986727243708	0.01942287797771551
0.16233313296413848	0.01664481977650284
0.1619019779756357	0.014187333588966731
0.16156493781309447	0.011502743123768547
0.1612990854809608	0.008299667501141077
0.1611726372337597	0.06635380339409382
0.1607528783547677	0.020665328825053633
0.160831199457414	0.0010482965848702783
0.1612774494252494
0.16155629943922217
0.16159065679341617
0.16229930700180212
0.16227472338121268
0.1627679594255334
0.1632107201911351
0.1639738446226563
0.16411120425197354
0.1648325856561135
0.16535550201007043
0.16580164036516298
0.1666339085400587
0.16718814340197632
0.16757330156156483
0.1680995485051143
0.1693505886087094
0.16941154069223285
0.16967092760031832
0.1704164268688695
0.1708247780999128
0.17120290194919385
0.17154949069633685
0.17175297834922992
0.17133101857189997
0.1710231260433683
0.17082367917863261
0.17090365328016355
0.1711810425498793
0.17130248733990144
0.171501453370765
0.17208990231793436
0.17268597212040415
0.17344008392330182
0.17389834662144352
0.17475495268357233
0.17527766531785016
0.17618963109104063
0.17711234345134824
0.17831208859529057
0.17884588443749
0.17972575103736102
0.18056771398696644
0.18136128870214277