0.0034962544015305604	0.021476137370908557	0.057791899374890904	0.10441058131004326
0.004849493762475001	0.029327390925232483	0.07633215106003598	0.12602950715952121
0.0062635665142651035	0.03756557828316728	0.09458720972512924	1.3218994269175601
0.00775406907620458	0.046104256975399605	0.11578057875739342
0.009293749610697035	0.054748897893728325	0.13550273297943552
0.010907293649194037	0.06341169704326399	0.15035102805443204
0.012569097151992465	0.07173068021705603	0.1615294474337771
0.014291238110427623	0.07977251584539702	0.17874592592554334
0.016102662655792167	0.08817612070006016	0.1965164062228621
0.017950851569871855	0.09545576634554365
0.019857024658148065	0.10557786123100174	0.22669130188988074
0.021799471678904475	0.11447222050705107	2.7807691417472036
0.02375510700273954	0.12362040650924025	1.7176243349943017
0.025794820042119297	0.1325155581267408
0.027857101491218856	0.1437918304139547
0.030008259600914005	0.15556008938410554
0.03223149378460489	0.16743018931541667
0.03449610139823931	0.179344686082306
0.03685659594992893	0.19131132095652653
0.0392585813666921	0.2029901907783582
0.04172954369517728	0.21460393494047564
0.04427097537331672	0.22585126501390268
0.046892078000798025	0.23697499101958433
0.04955245127931723	0.24756402890866586
0.05227299738639245	0.2577097305946558
0.05510295043355175	0.26753743751461
0.05797877404194116	0.2765230160206538
0.06084145211448753	0.28517868756408
0.06386584335747522	0.2929403755993063
0.06691215175299399	0.30036832496329413
0.07002637234924321	0.3076467340050105
0.0731674167066265	0.3142781694824945
0.07639331751159177	0.3225371117135087
0.07965240062121012	0.3306640789670689
0.08301204812579659	0.339607562082892
0.08640735500024595	0.34777966140777805
0.08986201468999008	0.3559044811863425
0.09335230248219373	0.3637524663173047
0.09689139229520916	0.3718235876593833
0.10044614911156319	0.3792257471893512
0.10414039860444531	0.3874120474840149
0.10782131002642038	0.3943202524820859
0.11154584128245244	0.40100991696794697
0.11521767334754329	0.4075725876197325
0.11910743520761652	0.4142971887098591
0.12300881533360561	0.419301609096976
0.12690318853770638	0.4238602913920448
0.13083327497252126	0.4305828542615713
0.13484752784655077	0.4350814632963355
0.13874667207574062	0.43907477886942703
0.1428069845997451	0.44195878564922764
0.14687739614313786	0.4461734680312354
0.1510242076072396	0.4475837462474898
0.15530512748205957	0.4492092746736532
0.15945098721817846	0.4498995635138614
0.16369123850635678	0.45497509971414773
0.16791422655029073	1.730605589700321
0.17226869625626906	1.8718753514817623
0.17668515673571694	1.2057819747765322
0.18114359433017374
0.18564288092951184
0.19009626746067465
0.19469217810191825
0.19940386922386463
0.20412584091114439
0.20867508816415803
0.21354210803835091
0.2184578447168257
0.2233301699561302
0.2283769439860366
0.2333960612926103
0.2385287279536851
0.24367106265317445
0.24887359446463056
0.25422556038688476
0.2595140398926107
0.26494333632485395
0.27055462979608336
0.2761304108606174
0.2817191465499603
0.287516857218215
0.29327891556376906
0.2991418745730735
0.3050619204188692
0.3110177991745715
0.3171952979702439
0.32350009075523206
0.3299091728048936
0.33637768422059217
0.34290566155055724
0.34953025883752237