0.004174769611686992	0.013912205265173314	0.03218883572620165	0.14211539350217003
0.0046948030569671385	0.015630945788798804	0.03578071432503285	0.08652591212933834
0.005231470192877177	0.017406002006230478	0.039433250079022375	0.11585566792061748
0.005783703686835531	0.019235192106154368	0.043029797146177995	0.07458582150407947
0.006350672104612446	0.021115578143242043	0.04681990058059864	0.10055752152134714
0.006931396335477066	0.023044492417500298	0.050280316036695714	0.09505585127088129
0.007525320753284674	0.025019477876743804	0.05400068774137799	0.0907499383670609
0.008131775652677527	0.027038014796721802	0.05785466154654113	0.08801073431122233
0.008750285473400517	0.02909771356950078	0.06177443374189851	0.09170821801354641
0.009380258755294886	0.03119560450729444	0.06587674296481255	0.09473121965048603
0.010021320018003552	0.03332947523956079	0.06331446021908793
0.011335145841030889	0.03768968203207778
0.013380719583600343	0.04434648683501143	0.08448545696741397
0.015510212462672469	0.05103976984909643	0.0972432131045653
0.01771824735792147	0.05753950845198551	0.10763361212166651
0.020001565132498674	0.06297225060792612
0.0223571769546171	0.06751307117409446
0.02478282810574796	0.07216567132767727
0.027275023452561647	0.07596988357907271
0.029836944964424787	0.0827243963316666
0.03245883837978199	0.090386006795995
0.03514088217550243	0.09837960698076946
0.03789433715093216	0.10635971576573447
0.04069190627489078	0.11445340034426942
0.04353839411101949	0.12228087024374466
0.046413610980451984	0.12978091412043274
0.04920779058607103	0.13691525561020798
0.05206808233028248	0.14341411346061989
0.0549326487573681
0.057867387942486394
0.06077167352415286
0.06367412119085217
0.06666695986918504
0.06955699125609591
0.07256483804036999
0.07541735007711098
0.07842828754121008
0.0812322461593408
0.08396927001144698
0.08669820224088412
0.08970378623607957
0.09204865483653193
0.09507131351273225
0.09736017766550921
0.10042979591604836
0.1031144752485596
0.10542353035161293
0.10861304250446693
0.11140930498313902
0.11384302603609125
0.11675161275683345
0.11929228205437886
0.12234168831858178
0.1254647433860064
0.1282628659355962
0.13118914336866297
0.13420631597601623
0.13734159595289544