0.015765726467226102	0.09181246930480415
0.016923286833254458	0.0986087911822486
0.01806398444971648	0.10577447125014568
0.019174868279313147	0.11347674031330046
0.02037537101916793	0.1216703909841661
0.02154565922594709	0.1303375632415261
0.0227414575019581	0.13939151617837567
0.023912544771609652	0.14863736600514693
0.02515656942440906	0.1579622221598763
0.026383873027086124	0.16722914940234987
0.02761574856257064	0.17638916508158112
0.030118619345898767	0.19438834030256055
0.033952540374076905	0.2198120559765028
0.03786649153750328	0.24255091659614905
0.041860769012517694	0.2620542129818092
0.04589705790502561	0.27829798320084037
0.05004987295487274	0.29596023178926756
0.05424855018009992	0.31412328706748566
0.05851236076604595	0.3320962874175266
0.06285409545888788	0.3486058924644149
0.06722704688872484	0.36465904149931117
0.07165695443529192	0.37899217324052353
0.07613929934844596	0.3898147270655157
0.08064770305563607	0.40032873901349936
0.08522380655669407	0.411276786874358
0.08975491335928203	0.41247951219867357
0.0941852254291786	0.413028797816363
0.0986857689172958	0.4075398432830948
0.10322711972442479	0.38996789328821024
0.10785057436878856	0.8745433558161141
0.11251533772966757
0.11721501912587946
0.12197776738055864
0.12681213114390147
0.13172392012110165
0.13673669184678588
0.14175860569759507
0.14690518438371777
0.1521370645033209
0.15741508117872471
0.16279710827140514
0.16826788271585472
0.17382949769973868
0.17949959159839216
0.18523745564297484
0.19106608250193
0.19698643240598077
0.2029722467049569
0.2090884948613348
0.215260872432663
0.22157392192527603
0.2278951101346532
0.23432907463817476
0.24088178761589804
0.2475397194392937
0.25422854948578605
0.2610417388576148
0.267930311704282