0.02975715912113262	0.19885754797861382
0.031387226432351256	0.21026078072089674
0.033030192003074395	0.2211423976137626
0.034675563743330404	0.23135104830651437
0.036322566897298895	0.24088709636029781
0.03800116177293467	0.24983097017713393
0.039673444219949644	0.25797119991058903
0.041357326492651954	0.2652010459464137
0.043054706517400426	0.2727052997067618
0.04475399895487244	0.28096219438254805
0.04645740426812162	0.2892811030959133
0.049914387991033836	0.3062694613512137
0.055133541835824494	0.33088485271658213
0.06041191323185382	0.3537620025007653
0.06573470783137622	0.3745263877549261
0.0710976791386365	0.39007405897394065
0.07649100695295032	0.40303821963330305
0.08193425432977401	0.4093345819377306
0.0874108550841918	0.40701018478185363
0.09290339188968842	0.39475441664989647
0.09845967154834884	0.33395269964550356
0.10401322542736671
0.10967908540822521
0.11536441489667774
0.12118983416828794
0.12697043949564585
0.1327711191817856
0.13867716302307478
0.1446520770964909
0.15079343362070663
0.1570704495259544
0.16339182749339848
0.16990275619274353
0.17649726994673656
0.18322976495863572
0.1900787829681402
0.1970279850021792
0.2040802219510866
0.21132562095765847
0.21862319669937874
0.22609715941015016
0.23363398696577062
0.24126358589929472
0.24901420385065656
0.25691083167426576
0.2649278943520508
0.273072053599128
0.28121225148589346
0.2895508881251133
0.29793482559316015
0.306382939232382
0.3149365301233109
0.3237191179136344
0.33250728821103204
0.3413882992922194
0.3504371460686526
0.3594677784451722
0.3685930204410112