0.006777148571243951	0.04050465236058101	0.10289364382346303
0.008714444561370313	0.05148116315821889	0.13047847437882157
0.010726172760371598	0.06226437659800836	0.14933608862936296
0.01280682402943665	0.07262954539246762	0.1694351412327606
0.014954181703771984	0.08254176583615794	0.19471634993530945
0.017167736061426523	0.09293411380705627	0.21699047266215732
0.019448010005477565	0.10361335512921942	1.7753485520932195
0.021795711468717824	0.11480739173586035	1.1718442750653673
0.024211677436308227	0.12701781690842598
0.026696790485090285	0.14108653299772625
0.029252228199577287	0.15576680651633823
0.03184124748845494	0.17021898858536758
0.0344532322507985	0.18427069947322702
0.037142722050383756	0.19820150317597254
0.03991095439347599	0.21175395655521068
0.04275563337747059	0.22486251250705525
0.04567862852203432	0.2374950465940706
0.04867905901637644	0.24941201646497407
0.0517505590267318	0.26057047133947414
0.05490884130351545	0.2708525037233494
0.058128684324793276	0.28021915945962983
0.061436688174885505	0.2889457300995834
0.06481571680479699	0.29739856426981803
0.06825504573652262	0.30738875831451556
0.0717788712913769	0.31772934703477584
0.07536306810103806	0.3277927588068675
0.07902788305290255	0.3380312441899583
0.08274687681040004	0.3486641407658849
0.08654630936239258	0.358704978946388
0.09039251747190011	0.3675272980352616
0.09427106182660908	0.3765028317224183
0.09822941718990184	0.38527788912531097
0.10224291082298202	0.393580670433948
0.10622370942800628	0.40192337811560347
0.11042997900671107	0.40783095823415677
0.11460131977978809	0.41518562725244446
0.11882375534898293	0.41931368520286694
0.12309699976398052	0.42575210438016087
0.12742143197533204	0.4291883808373127
0.13179757737124395	0.434333229255733
0.13614386259706682	0.43481498073723307
0.14062150023003597	0.43904304920890014
0.1451546684444176	0.4395988554188473
0.1496550508290664	0.43884291700242306
0.15430106166875093	2.197710539076011
0.15890630052865237	1.575403545896242
0.16367465243549786	0.7993997830865857
0.1686131291759669
0.17341324680443507
0.17827618350176602
0.18328495495808136
0.18842601765265435
0.19341002907096772
0.19867146764284557
0.20388255302300992
0.20933126639089544
0.21473652712807845
0.22023139278723408
0.22588730117602351
0.23148078052420099
0.23724374033775056
0.24314918236529579
0.24908785126504973
0.25501047974548224
0.261196845311018
0.26743941388752873
0.2737173204056637
0.2801222915798674
0.2866189464807003
0.29320669754807005
0.2999643530936396
0.30689145393505873
0.31390346857231144
0.3209930927788893
0.32822133830866723
0.33554269009822196
0.34282167975111444
0.35014133365584577
0.35759406694145335
0.3650396041942955
0.37251347877230345
0.37988980772780395
0.3873344173637963
0.39467266798674155
0.4020385161040014
0.4093401142919696
0.41658550264454863
0.4236976831294321
0.43073739635288294
0.4376663255280346
0.4444745374157596