0.09770827548928188
0.103490753982694
0.10957485825665966
0.11609613098466992	9.453834045938228
0.12267985813610754	8.62305019572553
0.12915468261445884
0.13620494819074958
0.14353642250715198
0.15117107206935276
0.15911689488257375
0.16743615148390742
0.1761118535236092
0.18532867655896162
0.1949251341686513
0.19880401869828443


0.5737382860785842





0.6598905480556565
0.6727253186475424
0.6851965711785335
0.6973270511856771
0.7091366140345942
0.7206438830641393
0.7318660802733359
0.7428217935724365

0.7639864063210958






0.8314657210486098
0.840392201546651