0.013175670455818352	0.04380734928975064	0.08494046562569903
0.014127372115585552	0.04682450263817855	0.09107840898583369
0.015092521318229059	0.04976267604684526	0.09705634853321954
0.016070745029525504	0.0527461910295615	0.10198598080681374
0.01706122883015984	0.05548771108466237	0.10669494495682127
0.018063898376995857	0.058322227906594935	0.11070637186362697
0.019078212802666177	0.06039619896865615
0.02010347008692348	0.06299882698903878
0.021139537459436652	0.06470932257596558
0.02218682813641808	0.06673064007672667
0.023244574072550775	0.06875191204106627
0.025388653755779853	0.07297224604284891
0.028679709959795362
0.03205117759157354	0.09186261167326755
0.03549876359674612	0.10271610075709757
0.039025005622281325	0.11348324967567301
0.042606708169987184	0.12419336134774032
0.04626251852709385	0.13397710511571367
0.04994462037733527	0.14343387170804536
0.053608490543272304
0.0573775882785479
0.06108989099766441
0.06477806520351996
0.06842854506764375
0.0720329107315989
0.07553335873484629
0.07889705016050028
0.08223487938092791
0.08523148179586643
0.0888496167258167
0.09181423931756594
0.09513416806231348
0.09813282368277146
0.10155573635617154
0.10467176259244475
0.10825054515285217
0.11154320294523393
0.11531219995973958
0.11879726485145739
0.12240861746824402
0.1261519425535739
0.12940829611384683
0.13346988314632488
0.137660501440459
0.14177290747568003
0.1460923977165891
0.15045181225049012
0.1552133720544786
0.16003103666805568
0.16530834842375944
0.17084325481924476
0.1769935443399414





