0.033200021382168064	0.34044452044706125
0.03561026883134622	0.35320328718760685
0.03816203287189133	0.36690047787852326
0.040746117035342186	0.381084625253332
0.04340549232241973	0.39682491609027043
0.04617060039442363	0.41228160719577256
0.04905057643269423	0.42813286335245865
0.05209812382069874	0.4449810762956556
0.055083262629372846	0.45554112971077865
0.05826390996714193	0.4595867340353175
0.06163036184145579	0.4638886841404708
0.06837580560567122	0.4732518012235886
0.07948404104521636	0.4885756863216274
0.09165013614779804	0.5050737020672652
0.1041442927251414	0.5221132667030496
0.11738179777068777	0.5393237257935511
0.1317248256230245	0.5554109704971889
0.14529643742676837	0.5703670680094165
0.15897869425867697	0.5833942319302831
0.17282665254359716	0.5938926145517722
0.18553412457670862	0.5964952388624519
0.19809046929555024
0.20903610586549803
0.21984141041582614
0.22921268620867966
0.23776323929974136
0.2449090766441236
0.251393274109349
0.257273603702755
0.2626536241664251
0.26704944100856104
0.271237126543641
0.2748015390509484
0.2779647627892056
0.2807500581155615
0.2833423670541407
0.2853847750551253
0.2872718788008522
0.28893633373557853
0.2903800536794307
0.29162414132752007
0.29271466583758776
0.2936458691355364
0.29445162860620083
0.2950759997820429
0.29562326110626463
0.29603345912863943
0.29643365967242274
0.29667646912619666
0.29689318707366064
0.29704312433525937
0.2970943193961788
0.29709767220708627
0.29704966666730104
0.29695984337267994
0.2967829073965383
0.2966162698992266
0.2963461096348041