0.01490227808222565	0.21995785319230374
0.01625301576033696	0.23568076312298933
0.017462002623523806	0.24905244154801282
0.018800798296199607	0.26002943654157057
0.02017462900470369	0.2703289293665282
0.021622126961685775	0.2797358132996095
0.02307544021865779	0.2888695899223846
0.024557656049821415	0.2950912817864041
0.02614554518716719	0.30116242505573493
0.027724212167247027	0.3080938204084032
0.02937984778696277	0.31527885403756234
0.03277148671074405	0.33075558626522267
0.03835050840330856	0.35766207388278604
0.04424486927570812	0.38933612747510554
0.05071543845780957	0.42251218000244944
0.05765595226404241	0.45658431430244895
0.06514619068555214	0.4692621920189121
0.07293816477966107	0.47976833963142757
0.08138458507530141	0.49089334780934546
0.09031376873440264	0.5029068562412395
0.09998336016420999	0.5148986549375093
0.10954123735158365	0.5270152843579585
0.11933830433559676	0.5390885394564937
0.1297057566845169	0.5504585270317309
0.13995540835532683	0.5610049402757481
0.1502441732685422	0.5708571374359906
0.1598723391766877	0.5792890743226771
0.1692994567583678	0.5866382259439292
0.17868033068561515	0.592157100929701
0.18745035327252374	0.559690028910502
0.1958940554890733
0.20389813889342887
0.21150498123480727
0.21857178700802327
0.22516542925087263
0.23123857102235335
0.23697493542864534
0.2420757704741266
0.2467442515436777
0.2511013953659419
0.2552042460975281
0.2585786343899319
0.2619084123076742
0.2647790312979732
0.26745201947849206
0.26984120779069604
0.2720501986883515
0.27398088306331103
0.27574234296804595
0.2773057111375378
0.27872316161531585
0.27997574946798365
0.2810758446247404
0.2820768981360935
0.282946928071307
0.2837373500469991
0.28438754613797274
0.2849737449674649