0.0010400159863716261	0.0062561882573682745
0.0011849318938732484	0.006013130855839716
0.001334525251046764	0.005653101122965277
0.0015056342257397115	0.005262152976760925
0.0016746180496674946
0.001847397904539395
0.0020199347990603905	0.002886841132914548
0.002194515727072343	0.0015033006391945508
0.002351019190279291
0.0024998489358424598
0.00263595802568065
0.00276166034910728
0.0028768620282332794
0.002983712362161282	-0.5088152912507625
0.003075105991753211
0.003159408787382504
0.003224112005062866	-0.275811342631264
0.0032887368709593606	-0.031197462383137795
0.003347161676694809	-0.24439649755214513
0.003416356404284295
0.003463882110457569
0.003510814036134367
0.0035521365008381197
0.0035922415625712846
0.003627967408774748
0.003664084583595328
0.0036975766960881114
0.003729785082667356
0.0037608054427769443
0.003790962412981003
0.003819970434458404
0.0038490803010348446
0.003877404322703303







0.004230122211423857