2.533483140580232e-6	0.00001872818199674509	0.00008975740884831011
2.7344941666540874e-6	0.000021391515226584892	0.00009409006484538544
2.9428216462258113e-6	0.000024421949726340867	0.0000981437980131036
3.149622162146043e-6	0.0000272954519354227	0.00010262668875878113
3.369441795498512e-6	0.00003088372606472965	0.00010659138717373084
3.5863079013754097e-6	0.00003411173928891854	0.00011044207900952738
3.808007596920255e-6	0.000038756173986228344
4.046473207825387e-6	0.00004200159026066754
4.29295197437323e-6	0.00004655629083876894
4.530906963581487e-6	0.00005012099163326268
4.7744361708117965e-6	0.00005334285043069246
5.31907430984144e-6	0.000058757149889927035
6.148004277689289e-6
7.079301773814321e-6	0.00006685969339570753
8.099595691570559e-6	0.00006980356212622687
9.150509583593149e-6	0.0000727062922217884
0.000010362781161037987	0.00007556657269140865
0.000011583595922506	0.00007874023803797053
0.000013009519537738489	0.00008197485465705374
0.000014714087960252448
0.000016220298939942452
0.000017994402659702433
0.000019858623428252068
0.000021787778581848603
0.000023750873626439245
0.000025691518122134198
0.00002756485627700407
0.000029385357343061192
0.000031437115882129336
0.00003277102667318246
0.000034599711791444374
0.00003600252917539161
0.000037559470161175946
0.00003872127798181808
0.00004001767279440713
0.000040969520507716
0.00004204423390567232
0.000042827525799879224
0.000043693659774011476
0.00004447972252847489
0.00004519700996829756
0.00004610559620156679
0.000046696132551032286
0.00004721222170011986
0.00004781104562915767
0.000048368066253253224
0.000048961771529770025
0.000049418897287157824
0.0000500099348499966
0.00005041928819712079
0.000051070514718314416
0.0000516634045360023





