0.000718965328060176	0.0087391128006566	0.05690796271904184	0.16070842261847862
0.0015017678999956492	0.012923181820233375	0.08999829181550884	0.19081784886691072
0.0021945688728136578	0.018079628844145396	0.1145848956035562	0.0032911030102306758
0.0024330183077907286	0.024506874731359155	0.13216498007407018
0.0027846526804849395	0.0328141891947373	0.15103073878531761
0.0032456146038389996	0.04248333501128104	0.16964982158166528
0.0038204797764134915	0.053934548771771174	0.18408430888724805
0.004348895891542151	0.06551558490590166	0.19013110012232756
0.004939010932752907	0.07520770378118904	0.19522787342870035
0.005541321613625737	0.08569143906154701
0.006183408300668197	0.0908447380439559	0.2019281275682353
0.006843774476935497	0.09724740030049649	-0.41442553246288977
0.007485249106170683	0.10241568949186214	-0.1005079681568014
0.008195605415888403	0.10792791512346958
0.008901912625910228	0.11104157718733747
0.00967307094205687	0.11356627075148494
0.010463614271756839	0.116355726631957
0.011307991662965455	0.11922145885446822
0.012123055242207734	0.12231181756719332
0.013015683890827525	0.12575149478297903
0.013976479666652731	0.12931030580023853
0.014949135495436727	0.13328016889039745
0.016001383087350704	0.1371680443236156
0.017053893323864543	0.14142498372477577
0.01819836506944554	0.14590152448733554
0.019339375495344716	0.15035910483428508
0.020452735148864466	0.1550904282344059
0.021802107319481588	0.15964756035875563
0.023071623589690803	0.1645422660770935
0.024467247480108117	0.16911098866325228
0.02581802582182191	0.1733231538190882
0.027201297557660084	0.17732332030090542
0.02874466210524287	0.17947291618593691
0.030338734937919772	0.18142666593975967
0.03184875330717973	0.18329866575432635
0.03354369970469401	0.18524134000847098
0.03511795361737057	0.1871912685473081
0.03688706675969506	0.1891497612376249
0.03869678132687796	0.19105066666726916
0.040740134851634864	0.19294732290389266
0.042212695572747524	0.1947618664727733
0.044102530335905735	0.1966149174616021
0.0460114339315876	0.19838352518743374
0.04840136340763517	0.20011006194547523
0.04985172501659457	0.2017268879338357
0.051530689451956324	0.20336061252327264
0.053441500804479604	0.20488310594059664
0.055336643086959604	0.20623025967116224
0.05721822298201736	0.2075693789088898
0.05931438068251869	0.20881426739335904
0.06113090535729605	0.20991650718682223
0.06290251088096004	0.21083574818935585
0.06463642082057336	0.21160096703030531
0.06607394049288907	0.2120854386701436
0.06795557132778553	0.21220874692973837
0.06953006772106336	0.21159500989879004
0.07128298123557147	0.10427011721944436
0.0727575327290115	-0.013826615567458051
0.0741593451711885	0.019103539180077664
0.07550157851048797
0.07678388691735044
0.07819885144644757
0.07944988781304577
0.08046454874213099
0.08151395611369956
0.08292916600497319
0.08377386246015618
0.08465654738617752
0.08562001071164166
0.0864047004125732
0.08729279673259299
0.0879514925937789
0.08873381429724511
0.08943771285949076
0.09001215421658955
0.09075838277203677
0.09133318407317462
0.09168546710160277
0.09219486935807608
0.09275060725915191
0.09314077096865674
0.0935508546098303
0.09393504949542657
0.09430082603489241
0.09472490032463704
0.09490654923228281
0.09502549787923105
0.09508811392067144
0.09515333948019093
0.09522584718181545
0.09531036580034188