0.0021237254784428187	0.020687998332431366	0.12452299676992323
0.002657010946392446	0.030802522439202437	0.1499166591285056
0.0032449520919936394	0.04411822825297724	0.17512716886320373
0.0039058021539381572	0.05880753304925198	0.1872979609748457
0.00460588854257568	0.07325993255582373	0.19469397442095546
0.005343657621013601	0.084455818808539	0.20042228051370709
0.006106590470528647	0.09360794766996079	-0.13710152080562032
0.006905355502327957	0.10097372225383448	0.11695901404895465
0.007752947810278706	0.1071741037742444
0.008648341354228243	0.11164793360644967
0.009560125141489384	0.11502952707365474
0.010512536914716462	0.118546572224002
0.011515360146566107	0.12231373293326776
0.012573526160717793	0.12645251254207754
0.01362874829614902	0.13098045137713513
0.014798212044368866	0.13571674100303263
0.015987769124348274	0.14083364365368004
0.017230868332521434	0.14623739885347165
0.018700936101146926	0.15190041463118023
0.01994179705426101	0.15771180752011812
0.021585101774941832	0.16361645558616034
0.02299480575818688	0.1691704814131728
0.024538896922616026	0.17399618784638213
0.026354998446471135	0.1763723608551554
0.028027453217628603	0.1786432840939832
0.029888543723193415	0.18102375779649216
0.03167183029611867	0.18340483643097846
0.033660827534334054	0.1857592011615166
0.03554285819701384	0.18814327934804434
0.03764489658398545	0.1906146198705938
0.0400064582654247	0.19301526546433306
0.04222260376121476	0.19533497200972347
0.04447512990419195	0.19762412184119313
0.047243133846482634	0.1998033713064026
0.04904658861885184	0.20200149475697685
0.051343208837345375	0.20399476362073882
0.053631709297264074	0.2059760498033521
0.05590089927972879	0.20773259907841685
0.058139506729955506	0.20938450155503657
0.06033754401400118	0.21077200601805893
0.06275762666764324	0.21204715648619307
0.06484456291117967	0.21294755418575642
0.0668652676861506	0.21337094819525498
0.06908485122747057	0.21311145822149263
0.07095183772284724	-0.0002769253214144218
0.0729775668092562	0.024359939707373893
0.07467362611940348	0.20335952361061999
0.07606837995798202
0.07784094693452784
0.07948955225227046
0.08094530665691899
0.0821352766926356
0.08369744343876077
0.08481627412570446
0.08609249956923665
0.08698478078924264
0.08805168450531842
0.08901297254291618
0.08980253727015855
0.09075753508158142
0.09151942661181874
0.09214804389877147
0.09280628559492489
0.09362492309854614
0.09406302186777743
0.09452509985534045
0.09507755707716678
0.095515403569942
0.09592006703017386
0.0962941715025669
0.0965659643604648
0.09664871798142392
0.09673737143419434
0.09683820509554047
0.09695428099689417
0.09710389662132896
0.09728689520433688
0.09750486563072648
0.09778880857255334
0.09812581680691992
0.09853744741516088
0.09896128990056371
0.09950887033412958
0.10005237281364837
0.10074705190921257
0.10152425185649157
0.10247495836954496
0.10329726255276851
0.10432314621738539
0.10543221339134569
0.1066232961750068