0.0029853644686302157
0.0031134430070263604
0.0032160631753711567
0.0033031685352562716	-0.3513030495295692
0.0033834854517955297	-0.23878744457685008
0.0034569236530715666
0.00351924993311015
0.003574940451229467
0.003625793049243418
0.003671828391492268
0.003716206807820309
0.003757292680274968
0.0037983189503224437
0.003836732334009588
0.0037956188787252347


0.00419062859300722





0.004259933906658123
0.004271384600213344
0.00428285105645965
0.0042943462719248525
0.004305900513265769
0.004317497326465874
0.004329159018897051
0.004340894173149781

0.0043646140709619795






0.004450815042696499
0.004463548417858784