0.05892636940906595	0.03867167889035529	0.33697009088842544	0.10726869096699562
0.003458261261793199	0.06118531000814438	0.2620778688794488	0.002348456188992173
-0.0009011788820572058	0.09225727140925483	0.2911664669902785	-0.03555957265817317
-0.01767079199062905	0.13189175321946225	0.21563029459363167
0.009277244110583198	0.18360423948394702	0.1217587765215697
0.019003601313502625	0.2393438080361299	0.05485111293610433
0.013151376851103923	0.30032372637558	0.01696783828813853
0.012132774501897878	0.3421505155839823	0.007499483290610349
0.013567888196140465	0.33620840248875883	-0.0014596135692314391
0.01593607482157162	0.3655323028149253
0.01848297504995979	0.30993079542598606	-0.011104717711572485
0.02077866136379648	0.28748471224504585	0.5907792880394667
0.022459488686432064	0.26758471919091475	-0.22326695402720195
0.024957342514613547	0.24257940991859323
0.027190206614254874	0.21934771969246736
0.02991280447945631	0.20294991580614255
0.03259759674314432	0.18609578194096946
0.035614878148199	0.17051435114436814
0.03802208168456551	0.15495480281739527
0.04081639264590628	0.1396059519199605
0.04439038984107712	0.1251490420176968
0.04758769455308975	0.11055950056814502
0.051121051572095406	0.09779413524354297
0.05466513132734477	0.08505902746774596
0.059073479496191184	0.07287157550890867
0.06293279498221703	0.061887884014058585
0.06601991461134232	0.05134072111328858
0.07124754959355625	0.0420081705391515
0.07547422827904908	0.0327679302166388
0.08087978303952234	0.024911596751862435
0.08454663171022614	0.018234571508206354
0.08905254834765505	0.012420139576835404
0.09402308106043497	0.010151706106127806
0.10001890670116813	0.008244208527675215
0.1037711883628373	0.006266638937246629
0.10896785830461624	0.004308260539603289
0.1136510292604635	0.0022888466419991294
0.11881775922182859	0.0002672257157139376
0.12395273048836783	-0.0016975884547825333
0.13183767842048127	-0.003551382552353034
0.13338790445960638	-0.0054398993846822485
0.13818606679394638	-0.0072751753958098285
0.14280676866610434	-0.008936299823084177
0.15070393368503687	-0.010606578070182105
0.1513581790802097	-0.01212277139109201
0.15470886192521743	-0.013613490188426275
0.1583185517175849	-0.014906769042192167
0.1616058483552773	-0.01614984630120727
0.1645654974807041	-0.017306379541797236
0.1686697373327752	-0.01838914849273936
0.17084734709701402	-0.019175273413152512
0.17266246832159218	-0.019843082200227586
0.17411382832559028	-0.020118804417868993
0.1740141869670138	-0.01995671326121192
0.17596281358110286	-0.01901421680978538
0.1763895363315457	-0.016331113624927868
0.17741723735313739	-0.0741124708654433
0.17635734722332388	-0.160117576667038
0.17586027001872798	-0.27367941189236183
0.1751155662320693
0.17414557117872273
0.17347255813381687
0.17140090114585424
0.17044569954127997
0.1687153473445623
0.16630551843612112
0.16483021049753813
0.16272102709409964
0.16061962928596749
0.15835383463563812
0.1552105696606458
0.15368428855657498
0.15096882834933537
0.14847959917483497
0.1460833859731525
0.14291705133111082
0.1403893801278501
0.13859757461377473
0.1360373510853982
0.1331243664223045
0.1308350429090329
0.12834138313958193
0.1258697633927636
0.12350805401510094
0.12077568492990416
0.11893096186676348
0.11709555172741914
0.1154891221273754
0.11380221256687766
0.11204134520952481
0.11020678829629857