0.013305040603351243
0.012940947186910988
0.012569139121637415
0.012005451034551678	0.04645264173799249
0.01153808629841168	0.03230386849793779
0.011226068726805602
0.010769014800494896
0.010327366950163766
0.009896529042099008
0.00948855627068613
0.009079237661909404
0.008693505124693971
0.008297039771711591
0.007930791858608562
0.008525027489814898


0.0016627985477084938





0.0014641439748667258
0.0014347043497658534
0.0014060985416868039
0.0013782607887991424
0.0013511356821783263
0.001324678598305826
0.001298837306945983
0.001273559246426645

0.0012245680490824877






0.0010663252625029865
0.0010451047691028704