0.00002987062717196502	0.00029921958469517307
0.00003288882135453059	0.000281876661234095
0.000035137664540334733	0.00027237065031260793
0.00003744802750460304	0.00025924312142301003
0.00004008519460814764	0.0002493531430606665
0.00004360918253837186	0.00023914388695192934
0.0000465460423337048	0.00022778575574989763
0.000050516316285043656	0.0002186219010132499
0.00005378518540437509	0.00020879788225859286
0.00005669833546487209	0.00020023961166535658
0.000059650268004892414	0.00019210834021776406
0.00006817888798851995	0.00017503309705759783
0.00008091745960115303
0.00009577482840644148
0.00011034213571751414
0.00012487038964469595
0.00014258381578287528
0.0001534038005531803
0.00016746970858621336
0.00017849094123059982
0.00018534263510738253
0.00018999229846816188
0.00019363318336465828
0.000192929412342436
0.00019198365642446823
0.0001894988130064704
0.0001870552552192236
0.00018290830762059376
0.00017863302536373106
0.00017473774300846945
0.00017064025166049868
0.00016642896118417616
0.0001622387302698399
0.00015815342775035658
0.00015363633521665114
0.00014956812026672606
0.00014539051457071884




















