0.04989987678367808	0.9261763922260687
0.050963133643554016	0.8876842858354942
0.055551562253945565	0.8286838604240219
0.060202623657153134	0.7607486028298377
0.06593367293448617	0.6836918667640193
0.07215319328327603	0.6078479356188093
0.07697062816133089	0.5366090411145519
0.08221402661972563	0.49872480406866027
0.08839097190207088	0.4649918712860213
0.09490774996403321	0.42644036180351674
0.10239600816393521	0.38993390761780483
0.11564703044587582	0.3189994036895185
0.13959084130919222	0.2182756631763151
0.16365518502775667	0.12482407221286808
0.19199176286880482	0.048684943782322486
0.22224700107202733	-0.015402826304832078
0.25553662479472367	-0.027528993039103503
0.2880245319462581	-0.03739312315323029
0.3244935435544034	-0.0490817328177981
0.3620691825051582	-0.06216213688768683
0.4039403716725544	-0.07508724926273637
0.43947691344382067	-0.08765634674741307
0.4749543186489494	-0.09864018187892089
0.5111638192883788	-0.10946541092694874
0.5436596436977339	-0.12031360941017641
0.5738749344039346	-0.12659725580327835
0.5978484701083094	-0.13247642322637743
0.6177038385914139	-0.135430465234843
0.635034690348167	-0.1305879960147744
0.6461731771269575	-0.43355572616458815
0.6519943028738261
0.6576946530845649
0.6583436085546099
0.6538202726242502
0.6509294303455466
0.643585290834525
0.6336954499240265
0.6225125149008397
0.6100290027234866
0.5964318987439443
0.5808541595267614
0.5672909928293547
0.5515431010814498
0.5367211596747982
0.5212575951279793
0.5060246491668908
0.49038293778039577
0.4756140329193688
0.46058510339906494
0.44646503641635543
0.4321572900682934
0.41886512952337995
0.40541328584960484
0.3924037740149824
0.37933541958295985
0.3676120369241321
0.3555090700743677
0.3441739744216898