0.1199787951631989	0.29160395798480143
0.12982847363062208	0.24402923382365224
0.14185475994991206	0.19835746254724523
0.15295518097041771	0.15689397247024253
0.16447627183255084	0.1145404894288635
0.17638053978015608	0.07776628005859897
0.18924487284867467	0.043840683067566034
0.2044231907902721	0.010751346129224463
0.2170267466926176	-0.005707889933422763
0.23131235815549944	-0.007669961500903476
0.24811312526149654	-0.010942514697465572
0.2782286796243885	-0.021195998099622
0.3295083957745732	-0.03886357824465165
0.38686234025620675	-0.057782374533068954
0.4390501446456016	-0.07685195941290567
0.49359055925900575	-0.09376492369039553
0.5525295480111696	-0.10883235672081282
0.5958228512413024	-0.12146177427066955
0.6344626088259181	-0.12976825969721584
0.6709375562385039	-0.1326628629185697
0.6938116065345366	-0.09715672978231447
0.7097331392655977
0.7184390982903872
0.7201283031657795
0.7145034660434288
0.7038608582045913
0.6913738392532875
0.6751348682756526
0.6567600387588697
0.6356235553479203
0.6168826861655936
0.5951787302836617
0.5743440435370933
0.554005874369342
0.5332925014113928
0.5121137422803556
0.4936096288323925
0.4744559566224981
0.4559365158268422
0.4382546032203198
0.4206677833487375
0.4045246518613213
0.3890114837390634
0.37419672249648755
0.3591191041366312
0.34513592821187494
0.3313207358449153
0.3190387177268753
0.3065073258142309
0.2948958407979501
0.2840005737755034
0.2736038377327242
0.2625516315840051
0.25258677654088807
0.24307948164664467
0.23364152003245983
0.22500333616058935
0.21693726918516246