9.913442237682546	10.206789804062407	10.378758129202598
9.91226286809606	10.202966104899339	10.368824753130458
9.91107573946607	10.199197527211613	10.35953561734937
9.909881720094376	10.195417869796582	10.35011800169015
9.908681693041876	10.19168854616013	10.34147459181039
9.907476331938641	10.187855042003774	10.333071155239308
9.906266361640299	10.184472865302173
9.905052366801375	10.18075102278676
9.903834879629354	10.177187891933894
9.902614144454487	10.173507396456786
9.901390911115463	10.16970739238451
9.898938183586731	10.16161531756044
9.895247157445322
9.891549243770777	10.136963612791737
9.887848143792212	10.125174916828746
9.884147611048338	10.113888241653898
9.880455720734998	10.103015948934923
9.876766680548707	10.092173663072861
9.873096134729998	10.081403849961774
9.86944835095701
9.865794586603467
9.862180553265041
9.858590655133261
9.855024076258726
9.851477299745532
9.848012486410754
9.844666043997599
9.841301710428853
9.838002628660167
9.834573495592497
9.831195635083272
9.827776808205032
9.82426525598182
9.820724261868236
9.81704101959649
9.813359663848058
9.809490638336491
9.805667089214875
9.801754136839795
9.797744883953445
9.79364198820558
9.789096029896502
9.784772768365857
9.780517383452004
9.775867140108648
9.771102615115351
9.76601356621788
9.761175287549664
9.755571101040715
9.750520650128001
9.744038869394888
9.73749926596328





