3.0746050078492706	3.528174019785608
3.073191648264153	3.519599250426176
3.071774027527471	3.510898061400729
3.070353035616901	3.502127148499544
3.068929457496526	3.4931818416310834
3.0675041351422205	3.484181934499301
3.0660774313384187	3.4751930752366103
3.0646500847370888	3.467299663978647
3.0632224906601717	3.459692549399437
3.0617952033277285	3.4520029874670626
3.0603685453768534	3.4444703728963986
3.0575179274898474	3.429701229353762
3.053253594283676	3.4080571051721638
3.0490070679344705	3.386814021679882
3.044782690464877	3.3667846624753284
3.0405824598839546	3.3478122978469416
3.036408385806262	3.3374811373553266
3.032260222443297	3.3292804597397727
3.0281404402311893	3.321925960576492
3.024048509635883	3.315910867663484
3.0199873813425797	3.310699736121333
3.0159497015669374	3.306735229162947
3.011939634796174	3.3042938475144816
3.0079584292167696	3.302739473186334
3.0040012025624008	3.3020147502581394
3.0001502813295358	3.30355315952832
2.996452444501647	3.3059472020491207
2.992762062520719	3.3096960312152914
2.98908164864516	3.3157034920475743
2.9854008085497368	3.3286913555408812
2.9817166869105205
2.9780488240345027
2.974374494296179
2.970687768893248
2.9670261417959822
2.9633505994839164
2.959666819676212
2.955985390997113
2.9523020353092235
2.948614194315036
2.944906903379485
2.9412374468369964
2.93753778941163
2.933859039993648
2.9301704036391643
2.92648746259056
2.922794531878479
2.91912033164639
2.915438179939045
2.911776099566023
2.9081062697931586
2.904461381045808
2.9008089171154268
2.897165640255745
2.8935146178119933
2.889906898953831
2.886281086782472
2.8826805245790728