9.455205488444337	9.993572535797751	10.261769994212026	10.40512222989738
9.453063769350184	9.984238424792146	10.232512907033941	10.365331304534198
9.45080890281571	9.974900626288093	10.206099718348245	10.4852083386619
9.448472330646926	9.965633984985857	10.18028130774072
9.446074352061718	9.956496047303546
9.443627111980575	9.947513519187003	10.132123616238042
9.441138828320398	9.938748660095444	10.114117563115009
9.438614869474446	9.930072653524817	10.106167993719957
9.436058969733224	9.920963082534215	10.101540722300756
9.433473622700491	9.912630917772235
9.430860274480512	9.90245414576587	10.105631091395686
9.428280527511077	9.89303970673538	10.084243857565742
9.425753118727542	9.883975232908247	10.417192651014343
9.423191880572906	9.87432760976832
9.420597537468126	9.865141841312688
9.417971057340138	9.856696510050527
9.41531315582596	9.848203551928185
9.412624659776162	9.839877144619782
9.409905924368232	9.831534200565374
9.40715786039895	9.823127029912087
9.404381549080925	9.814827046409826
9.401576817254336	9.806355051016828
9.398744865961001	9.798214876586515
9.395885977259839	9.789928856664083
9.393001656542989	9.781633311050525
9.390091139826657	9.773579648601581
9.387154666136702	9.765474348386832
9.384196113277925	9.757684016037778
9.381212538837945	9.74976074045112
9.378207659979921	9.742314564307406
9.3751770007117	9.735379756518071
9.372125775249176	9.72893912027859
9.369053987395612	9.725240394601034
9.365964741284785	9.722245594219197
9.362848430324618	9.71930356279884
9.359717688651864	9.716705908791598
9.3565658512216	9.714399636617271
9.353397329353632	9.712390088905643
9.350211297803204	9.710482309123222
9.347025780122165	9.708904978245732
9.34378563293601	9.707359583023184
9.340549354379215	9.70643221631261
9.337297167810368	9.705636326540699
9.334060956573737	9.70519197379632
9.330745191761347	9.704888403476156
9.327442623194523	9.705333607287866
9.324128148830267	9.705988020634438
9.320798460846252	9.706376997394068
9.317453203503442	9.707766014729973
9.31411469321099	9.709680381960329
9.310738370434157	9.712278740979858
9.30734535500133	9.71549873006492
9.303935633307304	9.72047780817142
9.300483528220571	9.72760974791687
9.297063451767874	9.738783623719145
9.29360089921984	9.759141911420958
9.290143782611826	9.986528332103196
9.286614251409311	10.114710377375122
9.283094123467462	9.98784043416736
9.27955524140012
9.275997168972276
9.272436309242762
9.26879997705453
9.265220707381198
9.261584345544088
9.257867151890222
9.254229465608478
9.250532332573814
9.24681329561638
9.243077695431595
9.239235112997445
9.235542126148783
9.23170539944254
9.227876945762125
9.224052457888803
9.22009014521596
9.216200417361307
9.212422211538545
9.208496430006932
9.204481387990167
9.200565558060692
9.19658667074458
9.192591014709842
9.188592790039406
9.184479192592377
9.18057580133095
9.176672681556715
9.172819494495318
9.168932112431811
9.165008823324202
9.161048179333049