3.0547544989695887	3.4139941583684603
3.052711600637898	3.4035849206564492
3.050673000634151	3.393298399495465
3.0486391226802017	3.3832706642476738
3.0466106189909525	3.3731433104840067
3.044587764453327	3.3634362730436753
3.0425712044417494	3.353937361359069
3.0405612934351702	3.3444655978836915
3.038557554023705	3.337261584682712
3.0365608597738842	3.3324831662639207
3.0345716768459274	3.327902829086666
3.0306137763288272	3.3193578685872365
3.024733344567953	3.3079475453714258
3.0189224949731046	3.29842898814181
3.0131754952571614	3.2909724060960417
3.00749639834083	3.286195677255707
3.0018890020668785	3.2832525933289687
2.9963300488970606	3.2833127722384225
2.990827578322278	3.2858621522469194
2.9853848959239935	3.2908826917765084
2.9799768200750334	3.3144576397515464
2.9746077340060064
2.969277732269286
2.9639732227806292
2.9586906956528196
2.9535208735760388
2.9485432636145137
2.9435634486646456
2.9385868061319664
2.933600234891418
2.9286617676634594
2.9236979408889683
2.9187605586981533
2.9138410130580716
2.908924692358623
2.9040003132598065
2.8991416754481856
2.894270816970313
2.8894180642360356
2.8845878850200126
2.8797613537985622
2.8749768933056266
2.8702134271511786
2.865474791021573
2.860727307573558
2.8560196292030695
2.8513181461615997
2.8466782651419287
2.84203080081843
2.837424235396172
2.83285560238256
2.828320268882756
2.823739639387265
2.819224866232757
2.814738953567787
2.810260560686804
2.8058334416425543
2.801462304089406