0.09597026365205033 1.00218046793382 0.000425723165102417 0.00040949772492508067 0.000031118955883611647 1.301099674790332 0.00013693726107868483 0.00040949772492365424 0.00003111895588304185 1.3010996747902854 0.00013693726108715426 0.00040949772492297005 0.00003111895587924635 1.3010996747891799 0.00013693726739389523 0.00040949784771808023 0.0000311189773183995 1.3010999102022354 0.000136904245036091 0.0004094986847755034 0.000031123070782442434
0.14330620229395044 1.301099674790332 0.0001369372610787493 0.00040949772492508067 0.000031118955883611647 1.301099674790332 0.00013693726107868483 0.00040949772492365424 0.00003111895588304185 1.3010996747902854 0.00013693726108715426 0.00040949772492297005 0.00003111895587924635 1.3010996747891799 0.00013693726739389523 0.00040949784771808023 0.0000311189773183995 1.3010999102022354 0.000136904245036091 0.0004094986847755034 0.000031123070782442434
0.17862153166869668 1.4515712947209045 0.00033773057120239426 0.00014636779092796166 0.00017412962322816146 1.4515712947209045 0.00033773057120239426 0.00010467485304008207 0.0003528760036415974 1.4515712947209027 0.0003377305712031704 0.0001463677909282283 0.00017412962322881892 1.4515712947208275 0.0003377305709720089 -0.000040778824281331865 0.0004562529016605107 1.451571321710622 0.00033772020350294427 -0.00014636778920670664 0.0001741294480593107
0.19397581404790903 1.5238870800593425 0.0005411839559726126 0.0003663301002243165 0.00030757165309738143 1.5238870800593425 0.0005411839559748034 0.0003663301002213315 0.0003075716530823738 1.5238870800593074 0.0005411839560421574 0.0003663301002223442 0.000307571653091509 1.5238870800605757 0.0005411839384972003 0.00036633019638939633 0.00030757185378772945 1.5238872560808885 0.0005409773004861442 0.00036632909849858644 0.00030756202848779166
0.222438734774665 1.6055558442495386 0.0008434347224415781 0.0006307689888197206 0.0006168534256120885 1.6055558442495395 0.0008434347224505232 0.0006307689888299134 0.000616853425702441 1.6055558442490023 0.0008434347217810332 0.0006307689888662533 0.000616853425770609 1.6055558442795337 0.0008434347278188594 0.0006307696360218665 0.0006168543137793764 1.6055564542235448 0.0008434758555277702 0.0006307557645812488 0.0006168357571227637
0.24645695797807546 1.6680376498052332 0.0019398564287726801 0.003533057339477659 0.0015162745919815133 1.6680376498052392 0.001939856428735503 0.0035330573396616044 0.0015162745915757315 1.6680376497008262 0.00193985642245113 0.003533057337067964 0.0015162745861110841 1.6680376491471174 0.0019398574298060596 0.0035330919323087757 0.0015163028936504431 1.6680501521865976 0.0019379641643487537 0.0035332119383870864 0.0015166138442951813
0.2826570077141697 1.7615085860045026 0.0059626027173373735 0.005201788533463826 0.003460673920782835 1.761508586004511 0.00596260271732382 0.005201788532470782 0.0034606739184543833 1.761508585566745 0.005962603773142799 0.005201788529043367 0.0034606739130256495 1.7615085849949135 0.005962604596437074 0.005201920985315074 0.0034608751967340518 1.7615302835825422 0.005936228055826001 0.00520196974179561 0.003460789650663916
0.29947899208282575 1.798948675377562 0.004609904703673332 0.005941677472384923 0.0030841595374992673 1.7989486753775854 0.0046099047037128065 0.00594167747126963 0.003084159534129603 1.7989486746376728 0.004609905552312627 0.005941677455243574 0.003084159476145879 1.7989486730575133 0.004609905716367035 0.005941846033879214 0.0030843686743385066 1.7989788114266205 0.004585493236652409 0.00594201854939748 0.0030850390372874348
0.3313970112667478 1.8606836336169887 0.003166910713955225 0.007555562993212837 0.0025828485707374165 1.8606836336175065 0.003166910713827875 0.007555562980242292 0.002582848556131837 1.86068363027707 0.003166911735335194 0.007555562881984232 0.0025828484044356677 1.8606836194359788 0.003166914005238383 0.0075561690846858145 0.0025833357927948753 1.8607584211386097 0.003153964024937393 0.007556895894573217 0.0025842650266502784
0.3744008795168493 1.9404057371758072 0.005063186806405192 0.010172383897554113 0.003169516334066272 1.9404057371797276 0.0050631868020116514 0.010172383822110533 0.003169516236144775 1.9404057241439951 0.0050631979373217595 0.010172383344624496 0.0031695155606439583 1.9404056877275415 0.005063230338234999 0.01017407213007448 0.003170821919049642 1.9405535869339756 0.005006499676527816 0.010175709621119067 0.0031727736133317437
0.3991521538773853 1.9893191105699148 0.004109920993275713 0.00696589987781136 0.004038902579683513 1.989319110570492 0.004109920993001208 0.0069658998598187485 0.004038902545862929 1.9893191067082998 0.004109924757641825 0.006965899770827214 0.004038902443828194 1.989319097697435 0.004109920648039988 0.00696653607053704 0.0040397492736270035 1.989390418874839 0.004068225260213038 0.006967126822335413 0.004039434609292916
0.4360074705643524 2.0500631772008076 0.0059072136691237405 0.008329161578633136 0.0037615410960030334 2.050063177202718 0.005907213666726926 0.00832916153884582 0.0037615410036236857 2.0500631699270135 0.005907221022382752 0.008329161289477556 0.0037615405020402096 2.050063148804867 0.00590724159540006 0.008330174809284656 0.003762960661715807 2.050161443847551 0.005856499881581002 0.008331270191371904 0.0037641211223476763
0.46938059429557444 2.0934566463409587 0.010727143223420482 0.01915689817191825 0.009313097860952219 2.0934566465952305 0.010727142867720795 0.019156895814910417 0.009313094914766227 2.0934564353853053 0.010727382900730229 0.01915687965034172 0.009313074231954486 2.0934558090826294 0.010728200590920558 0.019170782188321384 0.009327874547589252 2.094034891175389 0.010372740282073148 0.019183922627041387 0.009344081227745259
0.499677942549736 2.1438407400180335 0.0063698444370809595 0.016658252691593625 0.006618559748752273 2.143840740141303 0.006369844420111687 0.01665825134242322 0.006618557849752403 2.14384061598738 0.00636988265082575 0.01665824330748438 0.006618545905428626 2.1438402744839276 0.00636987939785136 0.01666709933713388 0.006626917722173193 2.1442644272672444 0.006327211750535642 0.016675670945566625 0.006636311459993561
0.5384071594627979 2.2069901781077426 0.008096169822010937 0.01011473451734153 0.004940324835727355 2.206990178115985 0.008096169817551225 0.010114734377577874 0.004940324615807697 2.206990158903158 0.008096182041198781 0.010114733570687947 0.004940323277423254 2.206990106730615 0.008096192791763563 0.010116791668877181 0.0049427191250581625 2.2071411471585174 0.00804166082515456 0.010118843324369275 0.00494502141456188
0.5655705882815666 2.238763832935263 0.01616446082796893 0.042675170393199034 0.021584235220312067 2.2387638672272914 0.016164437578005925 0.042675092412148265 0.021584119053519094 2.238760440430223 0.016167248585483775 0.042674467926096984 0.02158405469979722 2.2387646485539454 0.01617554935201839 0.04277820294176034 0.021716336033904615 2.241025618647035 0.015040105074792668 0.04260580468055819 0.02117839777054133
0.599878197320341 2.296716472776674 0.024605620622034405 0.04054804956250871 0.025317808826959463 2.2967165112342847 0.024605540433350264 0.04054795914544521 0.025317527038505493 2.296713128943597 0.02461183708466381 0.040547342672771436 0.025315877491460716 2.2967099275892724 0.02462007358236107 0.04064205423748919 0.025511678468271286 2.298633098319424 0.022651171829465317 0.0406340990160633 0.025386380823318764
0.6401824374615667 2.3487157130900096 0.024266632124190102 0.03155946162673267 0.023038837024028962 2.348156553067379 0.02206821234419369 0.032499972904337274 0.025154177378469512 2.3481551748231357 0.022069450029545093 0.03249943273681137 0.025152572334406275 2.348149204365731 0.02200317999234027 0.03255332054042841 0.02525202878437766 2.349353305498542 0.021381199541612758 0.03259253859059455 0.025667721803692475
0.663190300142117 2.369371854367759 0.024150031536919327 0.043405896574800644 0.028977784025428516 2.3693719506206685 0.024149842647178513 0.04340571095417032 0.028977320829182265 2.36936572334122 0.02415729519413613 0.04340423490034264 0.028974050562154536 2.3693612174340033 0.02418769177794971 0.04355549391986638 0.029236653855975535 2.3720165861905325 0.022319840020380073 0.043453560055692966 0.028633269799154686
0.6998578968737311 2.4213869220274056 0.02050900908574802 0.048094928561866986 0.026224119624604025 2.4213870798410846 0.020508906517749153 0.04809470271252711 0.026223809044896497 2.421379008860787 0.02051154567463712 0.04809150240088084 0.026217384916411023 2.4213613427385448 0.020499096406140744 0.048280421531959355 0.02645795890527275 2.424353962523624 0.01961966067413697 0.047774477728057374 0.02616183952589732
0.7346977456277192 2.452724093201096 0.024662904338336122 0.032590531610414655 0.02262682029072757 2.452741030670346 0.02462029591124706 0.03267699174779011 0.023017568909822265 2.4527374734079035 0.02462651128915496 0.032677751624294156 0.02302120447718351 2.4527441359455358 0.024594349654565986 0.03277067270943204 0.02320002105450107 2.4544287915975667 0.02351270222835794 0.03292858574643386 0.023469163440010755
0.7679586440977038 2.504461398990761 0.02885987859201438 0.10939965534192146 0.05615233416294582 2.504289984728771 0.02844244316136235 0.10946193489606833 0.056553413534139785 2.5041886289219626 0.028504455892212986 0.10942510105703024 0.05654528905542345 2.503841480603371 0.02803094530451794 0.11137059337207669 0.05847118525793158 2.5192985080896415 0.0364308231971565 0.10914763823186108 0.06401031903724619
0.7998375964271213 2.516047137752688 0.024416630189457243 0.10964041620023629 0.04215510829352467 2.516052515105161 0.024420415438686064 0.10962913797602775 0.0421505764692952 2.51578586593532 0.024285103153133585 0.10956890109450339 0.041998489855396316 2.51593387160575 0.024025610309283487 0.11256317937413526 0.045308693353356785 2.5334805328235106 0.037094120707410666 0.1074036397404186 0.04440308611394128
0.8364901808120832 2.596339587188941 0.051993474668565645 0.10326496078731141 0.07901076533187278 2.5963366033806152 0.05200333509475854 0.1032652607487527 0.079038289407988 2.596174780110259 0.05203771495384123 0.10320671693154665 0.07888523107824333 2.5959947732617596 0.05202132955853725 0.10558556459914181 0.08378267208480306 2.612038851674761 0.05948783607486495 0.10205808221786088 0.08384452862109913
0.8716028135175727 2.6694350471803787 0.11409234451227493 0.18695968623718326 0.14124388480674774 2.669410881483375 0.11425268482889472 0.18697975168885003 0.14115209575437807 2.6694211775173025 0.11478803079180683 0.1869627749873323 0.1414712055313271 2.667974049593251 0.11675008238573048 0.1917310132698916 0.14085296425763805 2.710338165042227 0.12970301353297653 0.19579452439173045 0.13633021984379998
0.8998172959805114 2.6074127145186523 0.046481218734590136 0.0780346316997863 0.0499028460326896 2.6074186977251337 0.046477677186044994 0.07802258205225725 0.04988451800194191 2.6072343326444645 0.04665700075315469 0.07796763035323562 0.04980894405518463 2.606905604189599 0.04724847824738021 0.07982024190383435 0.05226211058654747 2.619676911174729 0.045259144154874004 0.08129331851349557 0.052884183483099464
0.9378927168952654 2.7222824300607416 0.04914833613531853 0.16753539541495682 0.10660309163400201 2.7222087963530437 0.04905403167491467 0.16759468493272553 0.10685080566095358 2.7216840870293884 0.04930095748883902 0.1673689956111175 0.10699156309817631 2.7197211474785483 0.04939923981387939 0.17559911935246236 0.11674723665119781 2.7644077474025304 0.07529544870168488 0.1788010051929847 0.11345618446832723
0.9693391513510117 2.7363146592555396 0.0745923606231772 0.1713916631868836 0.12915620167834932 2.735876714942702 0.07470929187708183 0.17123066098589929 0.12814610060381307 2.735196226892096 0.07572285393825315 0.1718297136125573 0.13604055688406821 2.7317510193252508 0.08136409630176088 0.18277724984500596 0.14753296037773425 2.785200662411009 0.11205464736845776 0.17972365062162993 0.17620737069685888
0.9997969955339016 2.860927143204662 0.17319171831079025 0.22173489790026618 0.5595500831273575 2.86611260477124 0.21138392164250142 0.1872558330600956 0.5700504469008895 2.8818982944931366 0.23469129278070122 0.19199115196861408 0.39622027874292953 2.865053039559123 0.2374615177756744 0.26339799945525977 0.29260209886943184 2.9500447695948626 0.16856480687065434 0.2990636151549571 0.15453439816970205
1.0341980538263065 2.9212033242882187 0.1286602668206368 0.21688936084461194 0.11790248355731554 2.9211307361784073 0.12871114813872325 0.21695710524011635 0.11803766854736202 2.9210110624973042 0.12950555460171076 0.21686481052423917 0.11859219726253696 2.9194597734211247 0.13280523126456262 0.2243713211281798 0.12069272975112455 2.9710865442818983 0.13397019962937165 0.22347653224784794 0.10881614516351924
1.0674910757461267 2.7706823834253496 0.6861942284748248 0.1312181609552608 0.5921003152170765 2.7399066640948546 0.7896219613608866 0.21724731602503633 0.3071676585120867 2.688591114945647 1.0590266148883203 0.28586191475609846 0.7331023188605563 2.7201473497506 1.1158473302185714 0.3270681896868226 0.579522843894119 2.894159631566513 0.45730743175238614 0.3987989060455553 0.582896245507772
1.0997766950872918 2.9242416177186983 0.1418881481497391 0.2983210158572982 0.26818175929592275 2.9201160082813735 0.14425968584374813 0.29768791117482984 0.2656416765349439 2.9218550767237104 0.14646745300818076 0.3033529099419537 0.28128649423239566 2.9108935077473763 0.18621368790053053 0.3245431119123923 0.23372198010491035 3.04747029372903 0.22143541243007595 0.3397298930053897 0.26290066902575626
1.1355511004087024 3.0146063441882793 0.25715835157678774 0.3214657398409097 0.20824649207500537 3.015363430759113 0.25943984898314765 0.32166265660708226 0.2065121869867195 3.0170776152615852 0.2647459689189798 0.3235487569297807 0.21852206384843884 3.011437269500366 0.28670319967500946 0.3388629809141195 0.18961899507859903 3.1277054819413186 0.2475749941342907 0.34744008730546627 0.17657029260868123
1.1702323804363408 3.145828546053706 0.24774164500674367 0.31877057568686246 0.1768415511235622 3.14527289627423 0.25129759776450455 0.3187814491241198 0.17581330207203952 3.1464475151129037 0.2509616866996778 0.32047254353776033 0.18023349729056334 3.1422271630522256 0.26850843837215366 0.33176585110222045 0.1637787183128542 3.2382993983921056 0.20941294877072428 0.3332514015851137 0.15761637035448414
1.199756394640682 3.1780007376988264 0.18292836971480358 0.250585017870979 0.08879743363973634 3.177910888091697 0.1827289176708367 0.25066967801770146 0.0890371954742242 3.177294367521792 0.1851464150882417 0.25018930388616983 0.09044287172524387 3.1733747677432826 0.19414402228721597 0.26281627019081627 0.08957290777361529 3.2446064609301155 0.1768917568986761 0.26872112731629894 0.07365820636540635
1.2366805850284392 3.2895567132776264 0.17384787501645554 0.29777273372194585 0.09985420360089844 3.289398211569767 0.17437744666174704 0.2979691329478189 0.10026382716440556 3.289481711684407 0.175126531341417 0.2980282868042169 0.10060405256768236 3.2872053264705756 0.1827502733383581 0.3092266307548753 0.11511842176794476 3.363566457372918 0.1068061175799989 0.3094364789486974 0.11824165971608269
1.2686001702540373 3.2343423446868647 0.22675473131170065 0.29808634739866713 0.11971514069031254 3.2337198986604134 0.22719855269146072 0.2984010009616701 0.12020840669462358 3.233355497080116 0.23097984229685017 0.2981919369585071 0.12396880644884153 3.226124680431928 0.24322375947328362 0.3191162491824917 0.12299377586861751 3.330542718921643 0.2161182743258982 0.3207857944226461 0.10067699733939472
1.299736094194072 3.381780708509441 0.26335705866083065 0.29972718667645426 0.0922196026630589 3.3817087841345423 0.2632016684961004 0.29986938249694245 0.09283386512122929 3.3812390339981495 0.2669883545496362 0.29940842111340465 0.09430312337638995 3.37715650728134 0.2841969407298664 0.31330058921754383 0.1060153442303116 3.4596014883252977 0.21684009268069787 0.31999616089769806 0.11642810300600992
1.3338955646736133 3.31264120545966 0.1349241884871081 0.2092868170378761 0.09258266543530187 3.3126270350432705 0.13484987065396248 0.20929480520963661 0.09267154574286665 3.3114278716786103 0.13569836831117246 0.20837446401473142 0.09138384289556875 3.307157140004507 0.1393392404939118 0.22156244983237317 0.10608944814600466 3.3705419540332793 0.1416289793134311 0.22843923277098227 0.10679634960607232
1.3672018286855137 3.597955090855881 0.18553125316012778 0.35581378881352704 0.2086298720183235 3.597959084640592 0.18559435853712575 0.3558087750143635 0.208576881013954 3.5983108461495883 0.18196911137274396 0.35670021981239164 0.21349493049654153 3.5959963362067056 0.19214925817216694 0.36370099643026343 0.22200766776587574 3.6698244976680963 0.10384082379531838 0.36280009600202545 0.25304127134061016
1.3997157937474622 3.6285116361815675 0.12933762216552608 0.3120765827993498 0.18101197955351656 3.628466817997307 0.12951104141524866 0.3121926228551518 0.18166981412574806 3.628642377816686 0.1277357900898075 0.3122736828273507 0.18224022783530386 3.6272759200830533 0.12997524767280774 0.31966058659606394 0.19335980664601105 3.6914811583149185 0.06944461603263381 0.31928156312522327 0.20013388711160102
