0.001	1.344323587063996e-8
0.051	0.000019903510347309245
0.101	0.00006779728855894916
0.151	0.00013804309076745317
0.201	0.00022760119438871546
0.251	0.00033434970394477693
0.301	0.0004566565122996066
0.351	0.000593196734384942
0.401	0.0007428569774196631
0.451	0.0009046786657548923
0.501	0.0012137393049311076
0.551	0.0013991725265998947
0.601	0.0015945820967561833
0.651	0.0017993531575271398
0.701	0.0020129244687249926
0.751	0.0022347805959972715
0.801	0.0024644457100270116
0.851	0.0027014785799529405
0.901	0.002945468471066196
0.951	0.0031960317399824184
1.001	0.003452808976540601
1.051	0.0037154625804181407
1.101	0.003983674687814226
1.151	0.004257145383259276
1.201	0.004535591146046996
1.251	0.004818743491531129
1.301	0.005106347775639084
1.351	0.005398162137155034
1.401	0.005693956557118021
1.451	0.005993512018434568
1.501	0.006296619751753629
1.551	0.006603080556023807
1.601	0.006912704184033474
1.651	0.007225308784775166
1.701	0.007540720395723872
1.751	0.007858772479146013
1.801	0.008179305497404445
1.851	0.008502166522930234
1.901	0.008827208879121579
1.951	0.009154291808925807
2.001	0.009483280168278874
2.051	0.0098140441419319
2.101	0.010146458979496932
2.151	0.01048040474980318
2.201	0.01081576611187758
2.251	0.011152432101055548
2.301	0.011490295928894062
2.351	0.011829254795703566
2.401	0.012169209714641128
2.451	0.01251006534641727
2.501	0.012851729843765439
2.551	0.013194114704907936
2.601	0.013537134635327002
2.651	0.01388070741721589
2.701	0.014224753786043494
2.751	0.014569197313718174
2.801	0.014913964297882913
2.851	0.015258983656915342
2.901	0.015604186830243305
2.951	0.01594950768361986
3.001	0.016294882419031483
3.051	0.016640249488940138
3.101	0.01698554951458411
3.151	0.017330725208084416
3.201	0.017675721298123375
3.251	0.018020484458979986
3.301	0.018364963242722986
3.351	0.018709108014377293
3.401	0.0190528708898932
3.451	0.01939620567675977
3.501	0.01973906781711536
3.551	0.020081414333218445
3.601	0.020167980816780465
3.651	0.02050731779233414
3.701	0.02084605017208985
3.751	0.021184140833476688
3.801	0.021521553976077985
3.851	0.02185825507952706
3.901	0.022247170742439242
3.951	0.022583102466879112
4.001	0.022918230473391296
4.051	0.023252524837378122
4.101	0.02358595672715396
4.151	0.02391849837039197
4.201	0.024250123021768204
4.251	0.024580804931748877
4.301	0.024910519316469697
4.351	0.025239242328658994
4.401	0.025566951029559134
4.451	0.02589362336180307
4.501	0.026219238123205375
4.551	0.026543774941429142
4.601	0.02686721424949227
4.651	0.027189537262078504
4.701	0.02751072595262047
4.751	0.027830763031123397
4.801	0.028149631922700192
4.851	0.028467316746789564
4.901	0.028783802297030606
4.951	0.02909907402176836
5.001	0.029413118005166244
5.051	0.029725920948902262
5.101	0.0300374701544271
5.151	0.030347753505763197
5.201	0.0306567594528248
5.251	0.030964476995240034
5.301	0.03127089566665679
5.351	0.031576005519515074
5.401	0.031879797110269247
5.451	0.032182261485044286
5.501	0.03248339016571098
5.551	0.03278317513636539
5.601	0.033081608830198866
5.651	0.03337868411674522
5.701	0.03367439428949232
5.751	0.03396873305384591
5.801	0.034261694515433934
5.851	0.03455327316874015
5.901	0.034843463886056206
5.951	0.03513226190674186
6.001	0.03541966282678345
6.051	0.035705662588640975
6.101	0.03599025747137464
6.151	0.036273444081042105
6.201	0.0365552193413579
6.251	0.03683558048460684
6.301	0.03711452504280357
6.351	0.03739205083909088
6.401	0.03766815597936907
6.451	0.03794283884414981
6.501	0.0382160980806276
6.551	0.038487932594962096
6.601	0.03875834154476539
6.651	0.03902732433178784
6.701	0.03929488059479693
6.751	0.03956101020264321
6.801	0.039825713247508186
6.851	0.040088990038328665
6.901	0.04035084109439261
6.951	0.040611267139101556
7.001	0.04087026909389495
7.051	0.04112784807233163
7.101	0.04138400537432433
7.151	0.041638742480522614
7.201	0.04189206104684036
7.251	0.042143962899123644
7.301	0.04239445002795523
7.351	0.04264352458359188
7.401	0.04289118887103089
7.451	0.04313744534520232
7.501	0.04338229660628353
7.551	0.043625745395132746
7.601	0.04386779458883843
7.651	0.0441084471963814
7.701	0.044347706354406685
7.751	0.044585575323102235
7.801	0.044822057482181606
7.851	0.04494571350381507
7.901	0.045178558010055436
7.951	0.045410029172080583
8.001	0.04564013086509787
8.051	0.04586886706434062
8.101	0.046096241841625855
8.151	0.04632225936199862
8.201	0.046546923880460604
8.251	0.046770239738781035
8.301	0.04699221136238773
8.351	0.04721284325733622
8.401	0.04743214000735499
8.451	0.04765010627096499
8.501	0.04786674677867146
8.551	0.04808206633022637
8.601	0.04829606979195954
8.651	0.04850876209417699
8.701	0.04872014822862463
8.751	0.048930233246015746
8.801	0.049139022253620775
8.851	0.049346520412917746
8.901	0.049552732937301974
8.951	0.049757665089853506
9.001	0.049961322181160936
9.051	0.05016370956720019
9.101	0.05036483264726703
9.151	0.050564696861961876
9.201	0.050759802432164776
9.251	0.050957262666349
9.301	0.05115348073220688
9.351	0.05134846221342116
9.401	0.05154221272562665
9.451	0.05173473791468456
9.501	0.05192604345500102
9.551	0.052116135047888694
9.601	0.05230501841997052
9.651	0.052492699321624495
9.701	0.052679183525468645
9.751	0.0528644768248851
9.801	0.053048585032582446
9.851	0.053231513979195455
9.901	0.053413269511921165
9.951	0.0535938574931908
10.001	0.05377328379937616
10.051	0.05395155431953013
10.101	0.05412867495416046
10.151	0.05430465161403571
10.201	0.05447949021902296
10.251	0.054653196696956334
10.301	0.05482577698253582
10.351	0.05499723701625539
10.401	0.055167582743360206
10.451	0.05533682011283138
10.501	0.0555049550763988
10.551	0.05567199358758035
10.601	0.05583794160074793
10.651	0.05600280507021808
10.701	0.05616658994936849
10.751	0.05632930218977859
10.801	0.05649094774039404
10.851	0.056651532546714525
10.901	0.0568110625500042
10.951	0.05696954368652473
11.001	0.057126981886789614
11.051	0.05728338307484011
11.101	0.05743875316754163
11.151	0.05759309807390059
11.201	0.057746423694400945
11.251	0.057919828284313024
11.301	0.058071138570631266
11.351	0.05822144638940057
11.401	0.05837075762136141
11.451	0.058519078135483994
11.501	0.058666413788414064
11.551	0.058812770423935595
11.601	0.05895815387244977
11.651	0.05910256995047022
11.701	0.05924153984834171
11.751	0.059383983509912676
11.801	0.059525476796296335
11.851	0.05966602546485834
11.901	0.05980563525682029
11.951	0.059944311896843794
12.001	0.06008206109262844
12.051	0.060218888534522653
12.101	0.06035479989514802
12.151	0.06048980082903616
12.201	0.060623896972278
12.251	0.06075709394218521
12.301	0.06088939733696358
12.351	0.061020812735397875
12.401	0.06115134569654806
12.451	0.061281001759456534
12.501	0.06140978644286624
12.551	0.06153770524494918
12.601	0.06166476364304532
12.651	0.06179096709341156
12.701	0.061916321030980374
12.751	0.06204083086912818
12.801	0.06216450199945309
12.851	0.062287339791561536
12.901	0.06240934959286413
12.951	0.06253053672838003
13.001	0.0626509065005499
13.051	0.06277046418905709
13.101	0.06288921505065695
13.151	0.06300716431901403
13.201	0.06312431720454727
13.251	0.06324067889428202
13.301	0.06335625455171016
13.351	0.06347104931665702
13.401	0.06358506830515531
13.451	0.06369831660932601
13.501	0.06381079929726577
13.551	0.06392252141294091
13.601	0.06403348797608774
13.651	0.06414370398211901
13.701	0.06425317440203648
13.751	0.06436190418234936
13.801	0.06446989824499832
13.851	0.06457716148728546
13.901	0.0646836987818093
13.951	0.06478951497640544
14.001	0.06489461489409219
14.051	0.06499900333302142
14.101	0.06510268506643418
14.151	0.06520566484262127
14.201	0.06530794738488836
14.251	0.0654095373915254
14.301	0.06551043953578234
14.351	0.06561065846584536
14.401	0.06571019880482117
14.451	0.06580906515072339
14.501	0.06590726207646354
14.551	0.06600479412984576
14.601	0.06610166583356517
14.651	0.06619788168521043
14.701	0.0662813884087377
14.751	0.06637639372765605
14.801	0.06647075665789602
14.851	0.06656448158655835
14.901	0.06665757287583814
14.951	0.06675003486304627
15.001	0.06684187186063403
15.051	0.0669330881562205
15.101	0.06702368801262291
15.151	0.06711367566788994
15.201	0.06720305533533745
15.251	0.06729183120358716
15.301	0.06738000743660763
15.351	0.06746758817375798
15.401	0.06755457752983385
15.451	0.06764097959511585
15.501	0.06772679843542015
15.551	0.06781203809215146
15.601	0.06789597518018674
15.651	0.06798006239814186
15.701	0.06806358237675984
15.751	0.06814653906028205
15.801	0.06822893636883427
15.851	0.06831077819849161
15.901	0.06839206842134522
15.951	0.06847281088557064
16.001	0.06855300941549783
16.051	0.06863266781168309
16.101	0.06871178985098202
16.151	0.06879037928662457
16.201	0.06886843984829102
16.251	0.06894597524218997
16.301	0.06902298915113717
16.351	0.06909948523463592
16.401	0.0691754671289587
16.451	0.0692509384472303
16.501	0.06932590277951142
16.551	0.06939951450975211
16.601	0.06947346878792302
16.651	0.06954692667709031
16.701	0.06961989167584327
16.751	0.06969236726014445
16.801	0.06976435688342
16.851	0.06983586397665108
16.901	0.06990689194846571
16.951	0.06997744418523197
17.001	0.07004752405115157
17.051	0.07011713488835439
17.101	0.0701862800169937
17.151	0.07522044123288954
17.201	0.07527989299506892
17.251	0.07286494345675856
17.301	0.07045826908519072
17.351	0.07052513471088169
17.401	0.07059155409283721
17.451	0.07065753040009524
17.501	0.07072306678050179
17.551	0.07078816636081103
17.601	0.07085283224678621
17.651	0.07091706752330093
17.701	0.07098087525444081
17.751	0.07104425848360552
17.801	0.07110722023361103
17.851	0.0711697635067925
17.901	0.07123084682750858
17.951	0.07129255432300312
18.001	0.0713538521892266
18.051	0.0714147433475602
18.101	0.07147523069942194
18.151	0.0715353171263712
18.201	0.07159500549021272
18.251	0.07165429863310104
18.301	0.07171319937764509
18.351	0.07177171052701281
18.401	0.07182983486503593
18.451	0.07188757515631469
18.501	0.07194493414632287
18.551	0.07200191456151252
18.601	0.07205851910941902
18.651	0.07211475047876582
18.701	0.0721706113395701
18.751	0.0722261043432466
18.801	0.07228123212271319
18.851	0.07233599729249557
18.901	0.07239040244883206
18.951	0.0724444501697782
19.001	0.07249814301531145
19.051	0.07255148352743564
19.101	0.07260447423028532
19.151	0.07265711763023021
19.201	0.07270941621597887
19.251	0.0727613724586833
19.301	0.07281298881204225
19.351	0.07286426771240502
19.401	0.07291521157887497
19.451	0.07296582281341273
19.501	0.07301610380093927
19.551	0.07306605690943864
19.601	0.07311568449006084
19.651	0.07316498887722402
19.701	0.07321397238871682
19.751	0.07326263732579981
19.801	0.07331098597330786
19.851	0.07335902059975105
19.901	0.07340674345741592
19.951	0.07345415678246633
20.001	0.07350126279504368
20.051	0.07354806369936838
20.101	0.0735945616838381
20.151	0.07364075892112854
20.201	0.07368665756829246
20.251	0.07373225976685881
20.301	0.07377610785352928
20.351	0.07382111390583183
20.401	0.07386582980221865
20.451	0.07391025762308207
20.501	0.0739543994337816
20.551	0.07399825728474058
20.601	0.07404183321154408
20.651	0.07408512923503335
20.701	0.07412814736140297
20.751	0.07417088958229602
20.801	0.07421335787489931
20.851	0.07425555420203675
20.901	0.0742974805122693
20.951	0.07433913873998084
21.001	0.07438053080547642
21.051	0.0744216586150769
21.101	0.07446252406120801
21.151	0.07450312902249505
21.201	0.07454347536385436
21.251	0.07458356493658555
21.301	0.0746233995784617
21.351	0.07466298111382098
21.401	0.0747023113536568
21.451	0.07474139209570778
21.501	0.07478022512454732
21.551	0.07481881221167287
21.601	0.07485715511559442
21.651	0.07489525558192289
21.701	0.07493311534345849
21.751	0.07497073612027753
21.801	0.0750081196198196
21.851	0.0750452675369737
21.901	0.07508218155416663
21.951	0.07511886334144544
22.001	0.0751553145565649
22.051	0.07519153684507174
22.101	0.07522753184038912
22.151	0.07526330116390105
22.201	0.07529884642503436
22.251	0.07533416922134407
22.301	0.07536927113859462
22.351	0.07540415375084245
22.401	0.07543881862051782
22.451	0.07547326729850597
22.501	0.07550750132422833
22.551	0.07554152222572287
22.601	0.075575331519724
22.651	0.07560893071174228
22.701	0.07564232129614366
22.751	0.07567550475622793
22.801	0.07570848256430715
22.851	0.07574125618177319
22.901	0.07577382705921519
22.951	0.07580619663643759
23.001	0.07583836634257513
23.051	0.07587033759615823
23.101	0.07590211180519331
23.151	0.07593369036723108
23.201	0.07596507466944576
23.251	0.07599626608870828
23.301	0.07602726599166011
23.351	0.07605807573476399
23.401	0.07608869666446587
23.451	0.07611913011713667
23.501	0.07614937741922984
23.551	0.07617943988733213
23.601	0.07620931882823478
23.651	0.07623901553900435
23.701	0.07626853130705308
23.751	0.07629786741020882
23.801	0.07632702511678456
23.851	0.0763560056856475
23.901	0.0763848103662877
23.951	0.07641344039888635
24.001	0.07644189701438348
24.051	0.0764701814345454
24.101	0.07649829487203168
24.151	0.07652623853046159
24.201	0.07655401360448029
24.251	0.07658162127982449
24.301	0.07660906273338772
24.351	0.07663633913328514
24.401	0.07666345163891809
24.451	0.07669040140103803
24.501	0.07671718956181012
24.551	0.0767438172548765
24.601	0.07677028560541907
24.651	0.07679659573022228
24.701	0.07682274873773332
24.751	0.07684874572812637
24.801	0.07687458779336202
24.851	0.07725557736626817
24.901	0.0772815744837487
24.951	0.07730741773618516
25.001	0.07733310814357586
25.051	0.07735864671823393
25.101	0.07738403446484711
25.151	0.07740927238053705
25.201	0.07743436145491826
25.251	0.07745930267015663
25.301	0.07748409700105345
25.351	0.07750874541500112
25.401	0.0775332488721906
25.451	0.07719691871725988
25.501	0.07722070202893064
25.551	0.07724434584964666
25.601	0.07726785114795286
25.651	0.0772912188851605
25.701	0.07731445001541305
25.751	0.07733754548569442
25.801	0.07736050623594952
25.851	0.07738333319909325
25.901	0.0774060273010742
25.951	0.0774285894609268
26.001	0.07745102059082341
26.051	0.07747332159612588
26.101	0.07749549337543682
26.151	0.07751753682065043
26.201	0.07753945281700318
26.251	0.07756124224312386
26.301	0.07758290597108343
26.351	0.0776044448664446
26.401	0.07762585978831088
26.451	0.07764715158937534
26.501	0.07766832111596916
26.551	0.07768936920810966
26.601	0.07771004543725027
26.651	0.07773115513636944
26.701	0.07775153958999662
26.751	0.07777210904858257
26.801	0.07779256117620634
26.851	0.07781289677598795
26.901	0.07783311664506005
26.951	0.07785322157461659
27.001	0.07787321234995306
27.051	0.07789308975051452
27.101	0.07791285454993922
27.151	0.07793250751610273
27.201	0.07795204941116177
27.251	0.07797148099159774
27.301	0.07799080300825988
27.351	0.07801001620640811
27.401	0.07802912132575568
27.451	0.07804811910051135
27.501	0.07806701025942134
27.551	0.07808579552581103
27.601	0.07810447561762728
27.651	0.07812305124747541
27.701	0.07814152312266595
27.751	0.07815989194525111
27.801	0.07817815841206593
27.851	0.07819632321476812
27.901	0.07821438703987599
27.951	0.07823235056881399
28.001	0.0782502144779425
28.051	0.0782679794386024
28.101	0.07828564611715245
28.151	0.07830321517500675
28.201	0.07832068726867794
28.251	0.07833806304979529
28.301	0.0783553431651705
28.351	0.07837252825681601
28.401	0.07838932352133744
28.451	0.07840631917766222
28.501	0.07842322170416528
28.551	0.07844003172403984
28.601	0.07845674985586536
28.651	0.07847337671364311
28.701	0.0784899129068305
28.751	0.07850635904037773
28.801	0.07852271571476031
28.851	0.07853898352601459
28.901	0.07855516306577151
28.951	0.07857125492129052
29.001	0.07858725967549307
29.051	0.07860317790699597
29.101	0.07861901019014442
29.151	0.0786347570950448
29.201	0.07865041918759744
29.251	0.07866599702952855
29.301	0.07868149117842275
29.351	0.07869690218775463
29.401	0.07871223060692033
29.451	0.07872747698126911
29.501	0.07874264185213414
29.551	0.07875772575686364
29.601	0.07877272922885176
29.651	0.0787876527975681
29.701	0.07880249698858939
29.751	0.07881726232362783
29.801	0.07883194932056177
29.851	0.07884655849346503
29.901	0.07886109035263593
29.951	0.07887554540462713
30.001	0.07888992415227318
30.051	0.07890422709472052
30.101	0.07891845472745473
30.151	0.07893260754232932
30.201	0.07894668602759358
30.251	0.07896069066792032
30.301	0.07897462194443328
30.351	0.07898848033473485
30.401	0.07900226631293264
30.451	0.07901598034966675
30.501	0.0790296229121364
30.551	0.07904319446412637
30.601	0.07905669546603335
30.651	0.07907012637489201
30.701	0.07908348764440093
30.751	0.07909677972494707
30.801	0.07911000306363698
30.851	0.07912315810431085
30.901	0.07913588043577326
30.951	0.0791488987115559
31.001	0.0791618499975692
31.051	0.07917473472486246
31.101	0.07918755332134889
31.151	0.07920030621182997
31.201	0.07921299381801912
31.251	0.07922561655856562
31.301	0.07923817484907826
31.351	0.07925066910214863
31.401	0.07926309972736957
31.451	0.07927546713137738
31.501	0.0792877717178462
31.551	0.07930001388752968
31.601	0.07931219403827852
31.651	0.07932431256506305
31.701	0.07933636985999531
31.751	0.07934836631235108
31.801	0.07936030230859166
31.851	0.07937217823238558
31.901	0.07938399446463008
31.951	0.07939575138347241
32.001	0.0794074493643309
32.051	0.07941908877991519
32.101	0.07943067000025075
32.151	0.07944219339269401
32.201	0.07945365932195624
32.251	0.0794650681501233
32.301	0.0794764202366775
32.351	0.07948771593851243
32.401	0.07949895560995687
32.451	0.07951013960279567
32.501	0.07952126826628719
32.551	0.07953234194718282
32.601	0.07954336098974636
32.651	0.07955432573577328
32.701	0.07956523652460674
32.751	0.07957609369316508
32.801	0.07958689757595448
32.851	0.07959764850508247
32.901	0.07960834681028411
32.951	0.07961899281893767
33.001	0.07962958685609675
33.051	0.07964012924445275
33.101	0.07965062030443476
33.151	0.0796610603541732
33.201	0.07967144970953069
33.251	0.07968178868409484
33.301	0.07969207758929248
33.351	0.0797023167342635
33.401	0.07971250642597182
33.451	0.07972264696919909
33.501	0.07973273866656161
33.551	0.07974278181852669
33.601	0.07975277672342936
33.651	0.07976272367748802
33.701	0.07977262297483119
33.751	0.07978247490747518
33.801	0.07979227976539606
33.851	0.07980203783652064
33.901	0.0798117494067042
33.951	0.07982141475981566
34.001	0.07983103417767913
34.051	0.07984060794021178
34.101	0.07985013632527364
34.151	0.07985961960879254
34.201	0.07986905806475118
34.251	0.08107225669921325
34.301	0.08108054159992185
34.351	0.08108878571163909
34.401	0.08109698928639075
34.451	0.07991510677724303
34.501	0.07992428013330898
34.551	0.07993341052218314
34.601	0.07994249820281073
34.651	0.0799515434323216
34.701	0.07996054646604422
34.751	0.07996950755751925
34.801	0.07997842695851327
34.851	0.07998730491903225
34.901	0.07999614168733492
34.951	0.08000493750994613
35.001	0.08001369263166992
35.051	0.08002240729560277
35.101	0.08003108174314641
35.151	0.08003971621402083
35.201	0.08004831094627698
35.251	0.08005686617630949
35.301	0.0800653821388692
35.351	0.08007385906707572
35.401	0.08008229719242971
35.451	0.08009069674482522
35.501	0.08009905795256188
35.551	0.08010738104235693
35.601	0.08011566623935114
35.651	0.08012391376714492
35.701	0.08013212384777425
35.751	0.08014029670174598
35.801	0.08014843254804364
35.851	0.08015653160413896
35.901	0.08016459408600334
35.951	0.08017262020811909
36.001	0.08018061018349087
36.051	0.08018856422365668
36.101	0.08019648253869903
36.151	0.08020436533725589
36.201	0.08021221282653167
36.251	0.08022002521230795
36.301	0.08022780269895426
36.351	0.08023554548943873
36.401	0.08024325378533863
36.451	0.08025092778685089
36.501	0.08025856769280247
36.551	0.08026617370066068
36.601	0.08027374600654344
36.651	0.0802812848052294
36.701	0.08028879029016804
36.751	0.08029626265348967
36.801	0.0803037020860154
36.851	0.08031110877726666
36.901	0.0803184829154755
36.951	0.08032582468759385
37.001	0.08033313427930332
37.051	0.08034041187502465
37.101	0.08034765765792722
37.151	0.08035487180993836
37.201	0.08036205451175275
37.251	0.08036920594284161
37.301	0.08037632628146184
37.351	0.08038341570466513
37.401	0.08039047438830701
37.451	0.08039750250705575
37.501	0.08040450023440127
37.551	0.08041146774266388
37.601	0.08041840520300313
37.651	0.08042531278544723
37.701	0.08043219065881937
37.751	0.08043903899086821
37.801	0.08044585794819598
37.851	0.08045264769628677
37.901	0.08045940839951486
37.951	0.08046614022115296
38.001	0.0804728433233707
38.051	0.0804795178672812
38.101	0.0804861640128922
38.151	0.08049278191915156
38.201	0.08049937174394593
38.251	0.08050593364410871
38.301	0.08051246777542778
38.351	0.0805189742926533
38.401	0.08052545334950544
38.451	0.08053190509868194
38.501	0.08053832969189732
38.551	0.08054472727976572
38.601	0.08055109801199307
38.651	0.08055744203726282
38.701	0.08056375950327332
38.751	0.08057005055674514
38.801	0.0805763153434283
38.851	0.0805825540081094
38.901	0.08058876669461881
38.951	0.08059495354583764
39.001	0.08060111470370482
39.051	0.08060725030922399
39.101	0.08061336050247044
39.151	0.08061944542259794
39.201	0.08062550520784617
39.251	0.08063153999554486
39.301	0.08063754992212435
39.351	0.08064353512311963
39.401	0.08064949573317759
39.451	0.08065543188606353
39.501	0.0806613437146676
39.551	0.0806672313510113
39.601	0.08067309492625377
39.651	0.08067893457069816
39.701	0.08068475041379794
39.751	0.08069054258416301
39.801	0.080696311209566
39.851	0.0807020564169483
39.901	0.08070777833242622
39.951	0.08071347708129697
40.001	0.08071915278804466
40.051	0.08072480557634623
40.101	0.08073043556907737
40.151	0.08073604288831834
40.201	0.08074162765535978
40.251	0.08074718999070842
40.301	0.0807527300140929
40.351	0.08075824784446933
40.401	0.08076374360002694
40.451	0.080769217398128
40.501	0.08077466935557297
40.551	0.08078009958822104
40.601	0.08078550821124927
40.651	0.08079089533909536
40.701	0.08079626108546292
40.751	0.08080160556332683
40.801	0.08080692888493853
40.851	0.08081223116183121
40.901	0.0808175125048251
40.951	0.08082277302403255
41.001	0.08082801282888538
41.051	0.08083323202805212
41.101	0.08083843072956522
41.151	0.08084360904077222
41.201	0.08084876706831441
41.251	0.08085390491816308
41.301	0.08085902269561666
41.351	0.08086412050530559
41.401	0.08086919845119706
41.451	0.08087425663659986
41.501	0.08087929516416908
41.551	0.0808843141359108
41.601	0.08088931365317963
41.651	0.08089429381671069
41.701	0.08089925472658567
41.751	0.08090419648226008
41.801	0.08090911918256419
41.851	0.08091402292570665
41.901	0.08091890780931275
41.951	0.08092377393029546
42.001	0.08092862138505748
42.051	0.08093345026936535
42.101	0.08093826067838591
42.151	0.08094305270669061
42.201	0.08094782644825972
42.251	0.08095258199648661
42.301	0.08095731944418189
42.351	0.08096203888359117
42.401	0.08096674040634527
42.451	0.08097142410354137
42.501	0.08097609006570912
42.551	0.08098073838273324
42.601	0.08098536914414346
42.651	0.08098998243872339
42.701	0.08099457835476825
42.751	0.08099908171079287
42.801	0.08100364292555585
42.851	0.08100818702304013
42.901	0.08101271408937748
42.951	0.08101722421016834
43.001	0.08102171747048574
43.051	0.08102619395487885
43.101	0.0810306537473768
43.151	0.08103509693149229
43.201	0.08103952359022523
43.251	0.08104393380606636
43.301	0.08104832766100087
43.351	0.08105270523648474
43.401	0.08105706661355558
43.451	0.08106141187267706
43.501	0.08106574109384727
43.551	0.0810700543565762
43.601	0.08107435173988918
43.651	0.08107863332233027
43.701	0.0810828991819648
43.751	0.08108714939638599
43.801	0.08109138404269722
43.851	0.08109560319758256
43.901	0.08109980693721422
43.951	0.0811039953373185
44.001	0.08110816847316347
44.051	0.08111232641956212
44.101	0.08111646925087573
44.151	0.0811205970410167
44.201	0.08112470986345222
44.251	0.08112880779120606
44.301	0.08113289089686346
44.351	0.08113695925257298
44.401	0.08114101293004986
44.451	0.08114505200057893
44.501	0.08114907653501775
44.551	0.0811530866037994
44.601	0.08115708227693551
44.651	0.08116106362401916
44.701	0.08116503071422776
44.751	0.08116898361632591
44.801	0.08117292239866829
44.851	0.08117684712920242
44.901	0.08118075787547155
44.951	0.08118465470461733
45.001	0.08118853768338272
45.051	0.08119240687811458
45.101	0.08119626235476642
45.151	0.08120010417890133
45.201	0.08120393241569429
45.251	0.08120774712993507
45.301	0.08121146209084155
45.351	0.08121524972681565
45.401	0.08121902403193804
45.451	0.08122278506948322
45.501	0.0812265329023535
45.551	0.08123026759308138
45.601	0.08123398920383221
45.651	0.0812376977964066
45.701	0.08124139343224299
45.751	0.08124507617242002
45.801	0.08124874607765907
45.851	0.0812524032083266
45.901	0.08125604762443667
45.951	0.0812596793856532
46.001	0.08126329855129248
46.051	0.08126690518032542
46.101	0.08127049933137993
46.151	0.08127408106274328
46.201	0.08127765043236433
46.251	0.08128120749785589
46.301	0.08128475231649693
46.351	0.08128828494523485
46.401	0.08129180544068779
46.451	0.08129531385914669
46.501	0.08129881025657767
46.551	0.0813022946886241
46.601	0.08130576721060881
46.651	0.08130922787753625
46.701	0.08131267674409459
46.751	0.08131611386465792
46.801	0.08131953929328826
46.851	0.08132295308373774
46.901	0.08132635528945059
46.951	0.08132974596356529
47.001	0.08133312515891657
47.051	0.08133649292803735
47.101	0.08133984932316093
47.151	0.08134319439622292
47.201	0.08134652819886315
47.251	0.08134985078242771
47.301	0.0813531621979709
47.351	0.08135646249625714
47.401	0.08135975172776298
47.451	0.08136302994267888
47.501	0.08136629719091125
47.551	0.08136955352208419
47.601	0.0813727989855415
47.651	0.08137603363034845
47.701	0.08137925750529362
47.751	0.08138247065889079
47.801	0.0813856731393807
47.851	0.08138886499477054
47.901	0.0813920462726865
47.951	0.0813952170205973
48.001	0.08139837728566951
48.051	0.08140152711480556
48.101	0.08140466655464544
48.151	0.08140779565156848
48.201	0.08141091445169507
48.251	0.08141402300088829
48.301	0.0815730159405292
48.351	0.08157621193900857
48.401	0.08157939798682007
48.451	0.08158257412492022
48.501	0.08158574039402144
48.551	0.08158889683459368
48.601	0.08159204348686616
48.651	0.08159518039082894
48.701	0.0815983075862347
48.751	0.08160142511260028
48.801	0.08160453300920838
48.851	0.08145054236867169
48.901	0.08145352171523303
48.951	0.08145649142685378
49.001	0.0814593474676051
49.051	0.0814622977803807
49.101	0.08146523858371198
49.151	0.08146816991910771
49.201	0.08147109182784941
49.251	0.08147400435099285
49.301	0.08147690752936945
49.351	0.0814798014035878
49.401	0.08148268601403505
49.451	0.08148556140087876
49.501	0.08148842760406659
49.551	0.08149128466333036
49.601	0.08149413261818544
49.651	0.08149697150793335
49.701	0.08149980137166205
49.751	0.081502622248248
49.801	0.08150543417635737
49.851	0.08150823719444737
49.901	0.08151103134076755
49.951	0.08151381665336119
50.001	0.08151659317006656
50.051	0.08151936092851828
50.101	0.08152211996614857
50.151	0.08152487032018857
50.201	0.08152761202766962
50.251	0.08153034512542447
50.301	0.08153306965008865
50.351	0.08153578563810164
50.401	0.08153849312570813
50.451	0.081541192148959
50.501	0.08154388274371357
50.551	0.08154656494563932
50.601	0.08154923879021404
50.651	0.08155190431272685
50.701	0.08155456154827935
50.751	0.08155721053178681
50.801	0.08155985129797937
50.851	0.08156248388140311
50.901	0.08156510831642236
50.951	0.08156772463721679
51.001	0.08157033287778842
51.051	0.08157293307195893
51.101	0.08157552525337171
51.151	0.08157810945549297
51.201	0.0815806857116129
51.251	0.08158325405484666
51.301	0.08158581451813565
51.351	0.0815883671342484
51.401	0.0815909119357818
51.451	0.08159344895516207
51.501	0.08159597822464588
51.551	0.08159849977632141
51.601	0.08160101364210934
51.651	0.08160351985376395
51.701	0.08160601844287411
51.751	0.08160850944086435
51.801	0.08161099287899584
51.851	0.08161346878836741
51.901	0.08161593719991657
51.951	0.08161839814442048
52.001	0.081620851652497
52.051	0.08162329775460557
52.101	0.08162573648104829
52.151	0.08162816786197082
52.201	0.08163059192736341
52.251	0.08163300870706176
52.301	0.08163541823074806
52.351	0.0816378205279519
52.401	0.08164021562805118
52.451	0.0816426035602731
52.501	0.08164498435369498
52.551	0.08164735803713559
52.601	0.08164972463959093
52.651	0.08165208418958844
52.701	0.08165443671561536
52.751	0.08165678224601357
52.801	0.08165912080898059
52.851	0.08166145243257042
52.901	0.08166377714469435
52.951	0.08166609497312187
53.001	0.08166840594548166
53.051	0.08167071008926224
53.101	0.08167300743181291
53.151	0.08167529800034458
53.201	0.08167758182193062
53.251	0.08167985892350774
53.301	0.08168212933187671
53.351	0.08168439307370325
53.401	0.08168665017551881
53.451	0.08168890066372146
53.501	0.08169114456457656
53.551	0.08169338190421767
53.601	0.08169561270864731
53.651	0.08169783700373769
53.701	0.08170005481523158
53.751	0.08170226616874307
53.801	0.08170447108975826
53.851	0.08170666960363612
53.901	0.08170886173560919
53.951	0.08171104751078355
54.001	0.08171322695414286
54.051	0.0817153824441914
54.101	0.08171754920188058
54.151	0.08171970970174605
54.201	0.08172188190473154
54.251	0.08172403005942187
54.301	0.08172617202960676
54.351	0.08172830783941454
54.401	0.08173043751285439
54.451	0.08173256107381707
54.501	0.08173467854607576
54.551	0.0817367899532866
54.601	0.08173889531898947
54.651	0.08174099466660867
54.701	0.08174308801945346
54.751	0.08174517540071899
54.801	0.08174725683348673
54.851	0.08174933234072575
54.901	0.08175140194529168
54.951	0.08175346566992969
55.001	0.08175552353727401
55.051	0.08175757556984754
55.101	0.08175962179006457
55.151	0.0817616622202301
55.201	0.08176369688254073
55.251	0.08176558652389168
55.301	0.08176760940752936
55.351	0.08176962658880711
55.401	0.08177163808949409
55.451	0.08177364393125428
55.501	0.081775644135647
55.551	0.08177763872412663
55.601	0.08177962771804698
55.651	0.08178161113865615
55.701	0.08178358900710117
55.751	0.08178556134442733
55.801	0.0817875281715787
55.851	0.08178948950939925
55.901	0.0817914453786329
55.951	0.0817933957999243
56.001	0.08179534079379497
56.051	0.08179728038074048
56.101	0.0817992145810878
56.151	0.08180114341508983
56.201	0.08180306690290332
56.251	0.08180498506458907
56.301	0.08180689792012241
56.351	0.08180880548935446
56.401	0.08181070779208184
56.451	0.0818126048479661
56.501	0.08181449667660712
56.551	0.08181638329750143
56.601	0.08181826473005376
56.651	0.08182014099357705
56.701	0.08182201210729324
56.751	0.08182387809033348
56.801	0.08182573896173928
56.851	0.08182759474046206
56.901	0.08182944544536468
56.951	0.08183129109522123
57.001	0.08183313170871782
57.051	0.08183496730445297
57.101	0.08183679790093809
57.151	0.08183862351659846
57.201	0.08184044416979055
57.251	0.08184225987865902
57.301	0.08184407066153426
57.351	0.08184587653642869
57.401	0.08184767752134164
57.451	0.08184947363418912
57.501	0.08185126489280355
57.551	0.08185305131493491
57.601	0.08185483291825096
57.651	0.0818566097203373
57.701	0.08185838173869854
57.751	0.0818601489907582
57.801	0.08186191149385945
57.851	0.08186366926526546
57.901	0.08186542232215963
57.951	0.08186717068164673
58.001	0.08186891436075248
58.051	0.0818706533764246
58.101	0.08187238774553257
58.151	0.08187411748486917
58.201	0.0818758426111498
58.251	0.08187756314101344
58.301	0.08187927909102302
58.351	0.08188099047766588
58.401	0.08188269731735413
58.451	0.0818843996264247
58.501	0.08188609742114049
58.551	0.08188779071769024
58.601	0.08188947953215756
58.651	0.08189116388064667
58.701	0.081892843779096
58.751	0.08189451924340303
58.801	0.08189619028939094
58.851	0.08189785693281516
58.901	0.08189951918935603
58.951	0.08190117707462487
59.001	0.0819028306041636
59.051	0.08190447979344133
59.101	0.08190612465786111
59.151	0.08190776521275236
59.201	0.08190940147337912
59.251	0.08190852375790951
59.301	0.08191015650168748
59.351	0.08191178498071078
59.401	0.08191340921003284
59.451	0.08191502920464079
59.501	0.08191664497945404
59.551	0.08191280945649666
59.601	0.08191408676814695
59.651	0.08191428550340184
59.701	0.08191577375000146
59.751	0.08191751697544743
59.801	0.08191802254298612
59.851	0.08191688416192715
59.901	0.08191819060910589
59.951	0.0819196836941388
60.001	0.08192076539558818
60.051	0.08192183669821007
60.101	0.08192481210541153
60.151	0.08192507427165978
60.201	0.08192619892110424
60.251	0.081927776275897
60.301	0.08192934957437917
60.351	0.08193091883064255
60.401	0.08193248291760614
60.451	0.08193298754122266
60.501	0.08193435811086869
60.551	0.08193581596054197
60.601	0.08193455702393221
60.651	0.08193686395817878
60.701	0.08193795312464888
60.751	0.08193920890845009
60.801	0.08194078067165059
60.851	0.0819416352525437
60.901	0.08194161689386761
60.951	0.08194081893838664
61.001	0.08194235212508702
61.051	0.08194373469609777
61.101	0.08194423176006078
61.151	0.08194479609362756
61.201	0.08194608129792023
61.251	0.08194655536555691
61.301	0.08194840782634077
61.351	0.08194891893619216
61.401	0.08194974578864866
61.451	0.08195029808609185
61.501	0.08195062908456453
61.551	0.08195213225236712
61.601	0.08195351762311065
61.651	0.0819550134360682
61.701	0.08195650549039687
61.751	0.08195764131185863
61.801	0.08195835679584097
61.851	0.08195894929956117
61.901	0.08195924386353297
61.951	0.08196039778352425
62.001	0.0819613987207038
62.051	0.08196148407456914
62.101	0.08196831299293329
62.151	0.08197375254189547
62.201	0.08196450304282878
62.251	0.08196525585602954
62.301	0.08196671674937675
62.351	0.08196800508772817
62.401	0.08197194798992422
62.451	0.08197632961304259
62.501	0.0819770958038398
62.551	0.08197771274504817
62.601	0.08197900855756127
62.651	0.08197241956068903
62.701	0.08197528611899808
62.751	0.08197671991878235
62.801	0.08197815018029372
62.851	0.08197541035264443
62.901	0.0819739136598476
62.951	0.08197534568057187
63.001	0.0819694927016435
63.051	0.08196865178727827
63.101	0.0819693593585969
63.151	0.08197057093253478
63.201	0.08197140782244773
63.251	0.08197260981328908
63.301	0.08197392922674206
63.351	0.0819752057824499
63.401	0.08197616089088289
63.451	0.08198589129855297
63.501	0.081986956250798
63.551	0.08198733308575597
63.601	0.08198845758638347
63.651	0.08197868360221748
63.701	0.0819796456382128
63.751	0.0819907397965267
63.801	0.08199124796477913
63.851	0.08198211629694152
63.901	0.08198093755560255
63.951	0.08198002951286182
64.001	0.0819814293825213
64.051	0.08198231037238554
64.101	0.08198130661145647
64.151	0.08198246659989208
64.201	0.08199432771830961
64.251	0.08199465949753283
64.301	0.08199647472137982
64.351	0.08198569102190484
64.401	0.08198567710516914
64.451	0.08198689668545298
64.501	0.08198748888346528
64.551	0.08198886502283431
64.601	0.08198927834681186
64.651	0.08198980330021263
64.701	0.08199295722901347
64.751	0.081994447143066
64.801	0.08199399142210713
64.851	0.08199535072609294
64.901	0.08199540652088799
64.951	0.08201108098622083
65.001	0.08199714854418856
65.051	0.08199889884607457
65.101	0.08199883177199563
65.151	0.0819974157238026
65.201	0.08200003604493535
65.251	0.08200265076255847
65.301	0.08201581804983527
65.351	0.08202925871194507
65.401	0.08201589223223714
65.451	0.08201711562778838
65.501	0.08201789583931168
65.551	0.08201920236724107
65.601	0.082004917972167
65.651	0.08201919254926392
65.701	0.08202027652751576
65.751	0.08204929464195602
65.801	0.08204837675327852
65.851	0.08203741030018703
65.901	0.0820417626481352
65.951	0.08205721523970125
66.001	0.08205807062769988
66.051	0.08204471175833274
66.101	0.08203805662344103
66.151	0.08202829103634465
66.201	0.08202485453670506
66.251	0.08202587773231426
66.301	0.08201368206256687
66.351	0.082014393662594
66.401	0.08201225089960437
66.451	0.08201283831006732
66.501	0.08201457257605958
66.551	0.08201573884689749
66.601	0.08201702963452406
66.651	0.08202088554615862
66.701	0.08201856902666099
66.751	0.08201994500583694
66.801	0.08202004839430709
66.851	0.08202023967046429
66.901	0.08201884123460507
66.951	0.0820208453385972
67.001	0.08202194058210954
67.051	0.08202445564428677
67.101	0.08202514584360512
67.151	0.08202597791725288
67.201	0.08202724128126264
67.251	0.0820283571332601
67.301	0.0820276395465369
67.351	0.0820286480835119
67.401	0.08202930705664223
67.451	0.0820297953715141
67.501	0.08203048201400744
67.551	0.08203093133148719
67.601	0.08203069461770623
67.651	0.08203013341572143
67.701	0.0820328240159423
67.751	0.08203270864289436
67.801	0.08203727873174967
67.851	0.0820351901540475
67.901	0.08203642665405186
67.951	0.08203766032869778
68.001	0.08203889118670903
68.051	0.08203956377961541
68.101	0.08204078991664178
68.151	0.08204119409980627
68.201	0.08204193865567438
68.251	0.08204211516677613
68.301	0.08204102958312759
68.351	0.08204168276245173
68.401	0.08204540286566286
68.451	0.08204661384447537
68.501	0.08204351585033391
68.551	0.08204469695615652
68.601	0.08204401237688176
68.651	0.08204474154199143
68.701	0.08204877733839466
68.751	0.0820499780853417
68.801	0.08205118459582315
68.851	0.08204743964873501
68.901	0.08204771638613546
68.951	0.0820472034716862
69.001	0.08204819540585699
69.051	0.08204939221494037
69.101	0.0820505863343288
69.151	0.08205174713741328
69.201	0.08205529772439737
69.251	0.0820562095089044
69.301	0.08205691872484144
69.351	0.08205778793942967
69.401	0.08205498623160767
69.451	0.0820583415559854
69.501	0.08205951533384262
69.551	0.08205779275465244
69.601	0.08205893569065764
69.651	0.08205837747668811
69.701	0.08205600159611195
69.751	0.0820530569392567
69.801	0.0820538784976739
69.851	0.08206010092538225
69.901	0.08205914089928996
69.951	0.08205817221033702
70.001	0.08205933854256761
70.051	0.08206159426227752
70.101	0.08206254518070098
70.151	0.08206345342544463
70.201	0.08206460849080026
70.251	0.08206741272216818
70.301	0.08206553010017166
70.351	0.0820661477656225
70.401	0.08206680001054502
70.451	0.08206526869024008
70.501	0.08206530618405301
70.551	0.08206645309989859
70.601	0.08206746439717108
70.651	0.08206832869821531
70.701	0.08206767258125637
70.751	0.08206894118846152
70.801	0.08207163516181532
70.851	0.08206622726834593
70.901	0.08206943004335718
70.951	0.08207056460253777
71.001	0.08207169667881974
71.051	0.08207282627954833
71.101	0.08207368729324724
71.151	0.08207481237263561
71.201	0.08207590269763461
71.251	0.08207702292638813
71.301	0.08207659365674914
71.351	0.08207496858485984
71.401	0.08207495648699545
71.451	0.08207616670140776
71.501	0.08207545544947167
71.551	0.08207657204553201
71.601	0.0820766774968359
71.651	0.08207684047729279
71.701	0.08207597289300668
71.751	0.08207708572938623
71.801	0.08207820655899715
71.851	0.08207900440896082
71.901	0.08207916097600797
71.951	0.08207545479185102
72.001	0.08207902599770539
72.051	0.08208012995171506
72.101	0.08207824263324112
72.151	0.08207833035654916
72.201	0.08207818924768304
72.251	0.08207929163939569
72.301	0.08208272173227338
72.351	0.08208381585949227
72.401	0.08208490763755963
72.451	0.08208236457496408
72.501	0.08208345714637799
72.551	0.08208315714236769
72.601	0.08208424713230912
72.651	0.08208533478923823
72.701	0.0820862914523317
72.751	0.08208956069697351
72.801	0.08209156073855997
72.851	0.0820910521610049
72.901	0.08208996270424089
72.951	0.08209103769343933
73.001	0.082091047492577
73.051	0.08208850187877448
73.101	0.08209032660326146
73.151	0.0820877743538023
73.201	0.08208862869845729
73.251	0.08208840137284126
73.301	0.08208947400583544
73.351	0.08209036097774763
73.401	0.08209087500643814
73.451	0.08209194193269069
73.501	0.08209262813910824
73.551	0.08209304751282308
73.601	0.08209278087398493
73.651	0.08209358997885134
73.701	0.08209897850521905
73.751	0.08210002933093986
73.801	0.08210107794364836
73.851	0.08209993146266138
73.901	0.08210042544300633
73.951	0.0821012649742288
74.001	0.08210230912607261
74.051	0.08210331571118835
74.101	0.0821043555379425
74.151	0.08210481298757008
74.201	0.08210450666256981
74.251	0.08210554268675532
74.301	0.082116400079804
74.351	0.08210866869632116
74.401	0.08211079560858485
74.451	0.08211181996994651
74.501	0.08210636938137184
74.551	0.08211168469195329
74.601	0.08211164449177313
74.651	0.08211311685429556
74.701	0.08211374413535955
74.751	0.08211476038021943
74.801	0.08211400298033213
74.851	0.08211377381527421
74.901	0.08211285306311257
74.951	0.08211347534533318
75.001	0.08211431221276076
75.051	0.08211514818420527
75.101	0.08211325104172588
75.151	0.08211578010132997
75.201	0.0821167877547557
75.251	0.08211786505827182
75.301	0.08211984025982022
75.351	0.08212443759423334
75.401	0.08212543030640636
75.451	0.0821212520223608
75.501	0.08212207089978675
75.551	0.08212306515714311
75.601	0.08212043265035704
75.651	0.08211960388072317
75.701	0.08212356633066095
75.751	0.0821252041740036
75.801	0.0821261853676558
75.851	0.08212170671620035
75.901	0.08212125893319072
75.951	0.08211950306433269
76.001	0.08211787144696085
76.051	0.08212504338463639
76.101	0.08213008691771825
76.151	0.08212615165422728
76.201	0.08213180608449473
76.251	0.082132755876185
76.301	0.08212071461268691
76.351	0.08212167911587474
76.401	0.08212256591274537
76.451	0.08211556431995352
76.501	0.08211653439387598
76.551	0.08212286819722939
76.601	0.08212304688715458
76.651	0.08211144812219048
76.701	0.08211229891225429
76.751	0.08212547432047904
76.801	0.08211291866298069
76.851	0.08212466335988293
76.901	0.08211779498214632
76.951	0.08212269770292113
77.001	0.08213738081043294
77.051	0.0821352045168621
77.101	0.08213838095116024
77.151	0.08213601681956847
77.201	0.08213466834553881
77.251	0.08214746477630244
77.301	0.08214839695913825
77.351	0.0821523027815414
77.401	0.08214349847361731
77.451	0.08214443988390858
77.501	0.08214537940712575
77.551	0.0821441786288411
77.601	0.08214445302898854
77.651	0.08214630390764412
77.701	0.08214663010689399
77.751	0.08214756374860745
77.801	0.08214841504163628
77.851	0.08214889293825615
77.901	0.0821478499631535
77.951	0.08214857908515932
78.001	0.0821398635136095
78.051	0.08214014715977447
78.101	0.0821395214931077
78.151	0.08213971407609541
78.201	0.08213938706046298
78.251	0.08214032521145725
78.301	0.08214126149808457
78.351	0.08214165750467856
78.401	0.08214259083437558
78.451	0.08214123946909002
78.501	0.08214202790425368
78.551	0.08214345803736553
78.601	0.08214438665541364
78.651	0.08214531343641157
78.701	0.08214623838527402
78.751	0.08214588726217867
78.801	0.08214549424350504
78.851	0.08214614905771345
78.901	0.08214602530510266
78.951	0.0821463066756749
79.001	0.0821472269975421
79.051	0.08214662203343857
79.101	0.08214754084535844
79.151	0.08214798658216402
79.201	0.08214890245653896
79.251	0.08214798913358698
79.301	0.08215072881441168
79.351	0.08215163930744682
79.401	0.0821519017550033
79.451	0.08215280957485786
79.501	0.08215662952672576
79.551	0.08215752982000235
79.601	0.08215504337227034
79.651	0.08215669547978548
79.701	0.08215755352882267
79.751	0.08215878822822735
79.801	0.08215968294931866
79.851	0.0821605759278263
79.901	0.08216146716833939
79.951	0.08216235667543142
80.001	0.08215989618685278
80.051	0.08216074658756498
80.101	0.08216125264467343
80.151	0.08216210023232791
80.201	0.08216260445133146
80.251	0.08216325522897579
80.301	0.08216378821015803
80.351	0.08216467043324722
80.401	0.08216555094984776
80.451	0.08216579295714946
80.501	0.08216272238835484
80.551	0.0821633601636006
80.601	0.08216211291381949
80.651	0.08216299428865577
80.701	0.0821635272672458
80.751	0.08217160539866405
80.801	0.0821718077964312
80.851	0.08217176545042164
80.901	0.08217196842297149
80.951	0.08217283346488401
81.001	0.08217329878010202
81.051	0.08217298148536095
81.101	0.08217299263800072
81.151	0.08217385433412597
81.201	0.08217471438050612
81.251	0.0821746739360781
81.301	0.08217487612467472
81.351	0.08217573332699635
81.401	0.08217658889222285
81.451	0.0821774428245816
81.501	0.08217829512828669
81.551	0.08217514142956817
81.601	0.08217599583590755
81.651	0.08217684861500958
81.701	0.08217754099276532
81.751	0.0821783907365206
81.801	0.08217923886514775
81.851	0.08217866318103581
81.901	0.08218019669808993
81.951	0.08217934451759404
82.001	0.08218062176402888
82.051	0.08218142592619963
82.101	0.08217828242980703
82.151	0.08217912733403399
82.201	0.08217903462465048
82.251	0.08217966919074227
82.301	0.08218040301593088
82.351	0.08218124320029739
82.401	0.08218097480852429
82.451	0.08218181328779285
82.501	0.08218265018624103
82.551	0.08218315239864685
82.601	0.08218398658503336
82.651	0.08218481920175584
82.701	0.08218506869252697
82.751	0.08218659773861069
82.801	0.08218640550504057
82.851	0.08218613913228952
82.901	0.08218696657771485
82.951	0.08218759345693781
83.001	0.08218841806389157
83.051	0.08218924112691563
83.101	0.08218962467339119
83.151	0.08219044523546057
83.201	0.08219126426411008
83.251	0.08219263332439258
83.301	0.08219344858017691
83.351	0.08219415744446425
83.401	0.08219408819099452
83.451	0.08219490018194782
83.501	0.08219571066137833
83.551	0.08219570504023344
83.601	0.08219651356605412
83.651	0.08219732058958285
83.701	0.08219588341843506
83.751	0.08219669036155572
83.801	0.08219709109357327
83.851	0.0821978955703683
83.901	0.08219906919303865
83.951	0.08219979101679944
84.001	0.08219632212753095
84.051	0.08219712583332096
84.101	0.0821979280530116
84.151	0.08219872879031924
84.201	0.08219952804894812
84.251	0.08219621310473091
84.301	0.08219701472489097
84.351	0.08219781486671653
84.401	0.08219510049500035
84.451	0.08219570024005839
84.501	0.08219650077538747
84.551	0.08219808668311361
84.601	0.08219851882171497
84.651	0.08219931447304764
84.701	0.08219924261251599
84.751	0.08220003645761037
84.801	0.08220082884612048
84.851	0.08219814726101493
84.901	0.08219894120408322
84.951	0.08219973369244254
85.001	0.08220052472969767
85.051	0.08220131431944322
85.101	0.08220124525933015
85.151	0.08220203306039453
85.201	0.0822028194224756
85.251	0.08220429258513648
85.301	0.08220507521274459
85.351	0.08220030582784033
85.401	0.08220133753014154
85.451	0.08220212266245329
85.501	0.08220290636511633
85.551	0.08220368864165187
85.601	0.08220370546665692
85.651	0.08220503190406454
85.701	0.08220577315524524
85.751	0.08220510558969643
85.801	0.0822050408972388
85.851	0.0822077763086851
85.901	0.08220707755359845
85.951	0.08220785116492318
86.001	0.0822086233761184
86.051	0.0822060234610245
86.101	0.08220679719396003
86.151	0.08220718979068195
86.201	0.08221520077528316
86.251	0.0822147812210651
86.301	0.08222099861705628
86.351	0.08221899703919484
86.401	0.0822197518960608
86.451	0.08222050539550141
86.501	0.082221257540828
86.551	0.08222200833530925
86.601	0.08222275778223573
86.651	0.08222350588487763
86.701	0.0822242526464943
86.751	0.08222499807033583
86.801	0.08222574215966616
86.851	0.08222648491766739
86.901	0.08222722634758349
86.951	0.08222796645262433
87.001	0.08222870523599014
87.051	0.08222944270087135
87.101	0.08223017885044895
87.151	0.08223091368789345
87.201	0.08223164721636676
87.251	0.08223237943902008
87.301	0.08223311035899558
87.351	0.08223383997942524
87.401	0.08223456830343281
87.451	0.08223529533411664
87.501	0.08223602107460942
87.551	0.082236745527991
87.601	0.08223467509262497
87.651	0.08223540044131507
87.701	0.08223612450552714
87.751	0.08223684728823456
87.801	0.0822375687925033
87.851	0.08223828902138942
87.901	0.0822390079779401
87.951	0.08223568610393628
88.001	0.08222948766064318
88.051	0.08222963459030043
88.101	0.08223036277537671
88.151	0.08223279345464893
88.201	0.08223550750362109
88.251	0.0822362272954702
88.301	0.08223694582032934
88.351	0.08224019655436818
88.401	0.08223564050587588
88.451	0.08223635864446008
88.501	0.08223494543324879
88.551	0.08223779113996559
88.601	0.08223850550287723
88.651	0.08223738188275839
88.701	0.08223764830000516
88.751	0.08223624454610261
88.801	0.08223632500937393
88.851	0.0822373904773878
88.901	0.08223810307723768
88.951	0.08223881443126994
89.001	0.08224858816393125
89.051	0.08224928593693503
89.101	0.08224998249413842
89.151	0.0822506778384042
89.201	0.08224930994406181
89.251	0.08224730865672084
89.301	0.08224436866506847
89.351	0.08224715582041313
89.401	0.08225989974948077
89.451	0.08225985037239139
89.501	0.08226053117852797
89.551	0.08226121080597389
89.601	0.08226209097530701
89.651	0.08225854071430551
89.701	0.0822611320378499
89.751	0.08226180961279649
89.801	0.08226123509491406
89.851	0.08225078106431181
89.901	0.08225147004634549
89.951	0.08225210848645659
90.001	0.08225015388991516
90.051	0.08225084248134122
90.101	0.0822515298853111
90.151	0.08226082689699207
90.201	0.08226150161691165
90.251	0.08226570235549086
90.301	0.08226637058092312
90.351	0.08226605375194466
90.401	0.08226604587236788
90.451	0.0822598346899648
90.501	0.08226050856928337
90.551	0.08226575029188425
90.601	0.08226641645137678
90.651	0.08226708147082427
90.701	0.08226774535286242
90.751	0.08226840810011952
90.801	0.08226827040705506
90.851	0.08226893185477942
90.901	0.08226278143569161
90.951	0.08226344873478168
91.001	0.08226411489526633
91.051	0.08226477991977137
91.101	0.08226544381091447
91.151	0.08226610657130581
91.201	0.08226346594612209
91.251	0.08226413042530344
91.301	0.08226479377407495
91.351	0.08225792885023925
91.401	0.08225859886072477
91.451	0.0822592677321081
91.501	0.08225993546701141
91.551	0.08226060206804374
91.601	0.08225614980705936
91.651	0.08225682013974667
91.701	0.08225080652673766
91.751	0.08225148245895274
91.801	0.08225215724494883
91.851	0.08225205139352516
91.901	0.08225061355734425
91.951	0.08225320670576572
92.001	0.08225387808035416
92.051	0.08225454831967056
92.101	0.0822552174263121
92.151	0.08225588540286763
92.201	0.08226916587334504
92.251	0.08226321985248042
92.301	0.08226378311925998
92.351	0.08226434537525015
92.401	0.0822650010015425
92.451	0.08226565552529048
92.501	0.08226630894900126
92.551	0.08226894626623509
92.601	0.0822699855393958
92.651	0.08227063286974833
92.701	0.08227127911521148
92.751	0.08227183092716679
92.801	0.08227238175326344
92.851	0.08227302497810442
92.901	0.08227211814565903
92.951	0.08227276103529256
93.001	0.08227340285095738
93.051	0.0822624493701365
93.101	0.08226310242713507
93.151	0.08226375439341695
93.201	0.08226440527144516
93.251	0.08226342644379854
93.301	0.08226398477243675
93.351	0.08225919209587505
93.401	0.08225984701867227
93.451	0.08226050085012572
93.501	0.0822611535926959
93.551	0.08226507759952993
93.601	0.08226572435067157
93.651	0.08226637002723954
93.701	0.08226701463164901
93.751	0.08226613956584838
93.801	0.08226583751879242
93.851	0.08226648177520114
93.901	0.08226712496387563
93.951	0.08226776708720976
94.001	0.0822684081475906
94.051	0.08226904814739876
94.101	0.0822696870890078
94.151	0.08227032497478451
94.201	0.0822709618070893
94.251	0.0822715975882754
94.301	0.08227223232068973
94.351	0.08227286600667252
94.401	0.08227349864855725
94.451	0.08227413024867077
94.501	0.08227476080933356
94.551	0.08227539033285944
94.601	0.0822760188215555
94.651	0.08227664627772263
94.701	0.08227727270365502
94.751	0.0822778981016408
94.801	0.08227852247396078
94.851	0.08227914582289016
94.901	0.08227976815069749
94.951	0.08228038945964487
95.001	0.08228100975198809
95.051	0.08228162902997678
95.101	0.0822822472958537
95.151	0.08228286455185603
95.201	0.08228348080021418
95.251	0.08228409604315252
95.301	0.08228471028288897
95.351	0.0822853235216358
95.401	0.08228575711530291
95.451	0.08228228794501742
95.501	0.08228290305696116
95.551	0.08228333913017867
95.601	0.08228395244467471
95.651	0.08228456476233942
95.701	0.08228097968908381
95.751	0.08228165221203843
95.801	0.08228226628737095
95.851	0.08227893874482659
95.901	0.08227441135264921
95.951	0.08234656117880473
96.001	0.082347481277965
96.051	0.0823539513201723
96.101	0.08235459047549068
96.151	0.08227810266068135
96.201	0.08227871837440529
96.251	0.08228089407435649
96.301	0.08228258193087838
96.351	0.08228319168387303
96.401	0.08228380045251536
96.451	0.08228440823895464
96.501	0.08228501504533478
96.551	0.08228291405286794
96.601	0.08228201694860197
96.651	0.08228262556306797
96.701	0.08228183950077239
96.751	0.08228177284884118
96.801	0.08228249536167088
96.851	0.08227986306147836
96.901	0.08228047266274158
96.951	0.08228255394887146
97.001	0.08228851856454637
97.051	0.08228911756184207
97.101	0.08228834646911032
97.151	0.08228991444412809
97.201	0.08228150227199117
97.251	0.08228759725359515
97.301	0.08228819588629689
97.351	0.08228600152182744
97.401	0.08228660139852839
97.451	0.08228720031655996
97.501	0.082288876982677
97.551	0.08228947277428254
97.601	0.08228950487418855
97.651	0.08229009942598597
97.701	0.0822902763333859
97.751	0.08229086952115514
97.801	0.08229146170172542
97.851	0.0822902739685879
97.901	0.08229542680105958
97.951	0.08229601304573296
98.001	0.08229659835976535
98.051	0.08229718274515486
98.101	0.08228801449168659
98.151	0.08228860789166709
98.201	0.082289200350059
98.251	0.08228928630037383
98.301	0.08229630715208289
98.351	0.0822968901834022
98.401	0.08229747229271508
98.451	0.08229805348199391
98.501	0.08229812825715255
98.551	0.08229870817314705
98.601	0.08229928717401848
98.651	0.08229986526172024
98.701	0.08229947594121988
98.751	0.08229896020945973
98.801	0.08229326091584573
98.851	0.08229384450558298
98.901	0.08229652590084764
98.951	0.08229660484773382
99.001	0.08229718391856981
99.051	0.08229776207922197
99.101	0.08229833933162578
99.151	0.08229891567771166
99.201	0.08229949111940499
99.251	0.082299571156325
99.301	0.0822986051460359
99.351	0.08229918007692939
99.401	0.08229975410740469
99.451	0.08229983223594736
99.501	0.08230040501408746
99.551	0.08230304572400247
99.601	0.08230361444058273
99.651	0.08230418226920573
99.701	0.08230634652136205
99.751	0.0823069108357968
99.801	0.08230666252383617
99.851	0.08230722596608525
99.901	0.08230778853115474
99.951	0.08230835022089206