0.001	1.2542440301311065e-8
0.051	0.00001861536782963218
0.101	0.00006346386165727418
0.151	0.00012930174798020242
0.201	0.00021330161835987057
0.251	0.000313489466086618
0.301	0.00042834664295585926
0.351	0.0005566400930864107
0.401	0.000697333339088857
0.451	0.0008495337858581298
0.501	0.0010124588745163846
0.551	0.0011854130218007836
0.601	0.0013677711864257315
0.651	0.0015589667361037322
0.701	0.0017584822292967723
0.751	0.00196584224345485
0.801	0.00218060768297359
0.851	0.0024023711839604956
0.901	0.0026307533494689082
0.951	0.0028653996252381336
1.001	0.003105977677470795
1.051	0.003352175169764439
1.101	0.0036036978614501303
1.151	0.0038602679676921895
1.201	0.0041216227349663145
1.251	0.004387513195403679
1.301	0.00465770307093781
1.351	0.004931967803886827
1.401	0.005210093695004374
1.451	0.005491877133480351
1.501	0.005777123906087578
1.551	0.006065648574831558
1.601	0.006357273914209991
1.651	0.006651830400586191
1.701	0.006949155747335225
1.751	0.007249094480362489
1.801	0.007551497549373907
1.851	0.00785622197092462
1.901	0.008163130499814404
1.951	0.00847209132585308
2.001	0.008782977793403318
2.051	0.00909566814143433
2.101	0.009410045262097698
2.151	0.009725996476074469
2.201	0.010043413323146894
2.251	0.010362191366624534
2.301	0.010682230010406942
2.351	0.011003432327597722
2.401	0.011325704899700284
2.451	0.011648957665526562
2.501	0.011973103779038543
2.551	0.012298059475420347
2.601	0.012623743944747237
2.651	0.012950079212678682
2.701	0.013276990027656432
2.751	0.013604403754136352
2.801	0.013932250271425379
2.851	0.014260461877733017
2.901	0.014588973199080733
2.951	0.01491772110274318
3.001	0.015246644614922505
3.051	0.015575684842381709
3.101	0.015904784897785185
3.151	0.016233889828514717
3.201	0.01656294654874732
3.251	0.01689190377459783
3.301	0.017220711962144045
3.351	0.017549323248165893
3.401	0.01787769139344241
3.451	0.01820577172846168
3.501	0.018533521101409094
3.551	0.018860897828308916
3.601	0.019187861645202572
3.651	0.01951437366225514
3.701	0.019840396319688796
3.751	0.020165893345448604
3.801	0.020490829714512254
3.851	0.020815171609761023
3.901	0.021138886384334466
3.951	0.021461942525396172
4.001	0.02178430961924249
4.051	0.022105958317690095
4.101	0.022426860305682382
4.151	0.022746988270057857
4.201	0.023066315869427468
4.251	0.02338481770511048
4.301	0.023702469293081604
4.351	0.024019247036884708
4.401	0.02433512820147084
4.451	0.024650090887920743
4.501	0.02496411400901407
4.551	0.025277177265609678
4.601	0.025589261123803112
4.651	0.025900346792829265
4.701	0.02621041620367987
4.751	0.026519451988406925
4.801	0.026827437460084765
4.851	0.027134356593404668
4.901	0.027440194005877407
4.951	0.027744934939620144
5.001	0.028048565243705335
5.051	0.02835107135705034
5.101	0.028652440291827456
5.151	0.028952659617375018
5.201	0.029251717444591128
5.251	0.02954960241079244
5.301	0.029846303665021123
5.351	0.030141810853784094
5.401	0.030436114107208877
5.451	0.030729204025602475
5.501	0.031021071666396994
5.551	0.03131170853147123
5.601	0.031601106554833995
5.651	0.031889258090656715
5.701	0.032176155901644216
5.751	0.032461793147731954
5.801	0.032746163375099085
5.851	0.03302926050548687
5.901	0.03331107882581253
5.951	0.033591612978068945
6.001	0.033870857949501024
6.051	0.034148809063049984
6.101	0.034425461968056924
6.151	0.034700812631217715
6.201	0.03497485732778122
6.251	0.03524759263298344
6.301	0.035519015413710185
6.351	0.03578912282038146
6.401	0.036057912279050655
6.451	0.03632538148371225
6.501	0.0365915283888116
6.551	0.03685635120195102
6.601	0.037119848376786106
6.651	0.037382018606106925
6.701	0.03764286081509856
6.751	0.037902374154775854
6.801	0.03816055799558727
6.851	0.03841741192118312
6.901	0.038672935722343364
6.951	0.03892712939106055
7.001	0.03917999311477345
7.051	0.03943152727074725
7.101	0.0396817324205961
7.151	0.03993060930494418
7.201	0.04017815883822143
7.251	0.040398708349004143
7.301	0.040643607512030076
7.351	0.04088718322882151
7.401	0.041129437016760244
7.451	0.041370370543230436
7.501	0.041609985621155414
7.551	0.04184828420464542
7.601	0.042085268384753294
7.651	0.04232094038533533
7.701	0.04255530255901437
7.751	0.0427883573832427
7.801	0.04302010745646194
7.851	0.0432505554943575
7.901	0.04347970432620512
7.951	0.04370755689130747
8.001	0.04393411623551752
8.051	0.04415938550784778
8.101	0.044383367957162315
8.151	0.04460606692894968
8.201	0.04482748586217485
8.251	0.04504762828620798
8.301	0.04526649781782824
8.351	0.045484098158300706
8.401	0.04570043309052459
8.451	0.04591550647625101
8.501	0.04612932225336852
8.551	0.04634188443325486
8.601	0.0465531970981932
8.651	0.04676326439885132
8.701	0.046972090551822186
8.751	0.047179679837224514
8.801	0.0473860365963617
8.851	0.04759116522943792
8.901	0.047795070193329736
8.951	0.047997755999412264
9.001	0.04819922721143817
9.051	0.04839948844346856
9.101	0.04859854435785436
9.151	0.04879639966326704
9.201	0.0489930591127775
9.251	0.049188527501981966
9.301	0.04938280966717381
9.351	0.04957591048356021
9.401	0.04976783486352255
9.451	0.04995858775491966
9.501	0.050148174139432684
9.551	0.05033659903095082
9.601	0.05052386747399686
9.651	0.050709984542191625
9.701	0.05089495533675638
9.751	0.051078784985052424
9.801	0.05126147863915689
9.851	0.051443041474474
9.901	0.05162347868838087
9.951	0.051802795498907234
10.001	0.05198099714344811
10.051	0.052158088877508765
10.101	0.05233407597348126
10.151	0.05250896371945176
10.201	0.052682757418038025
10.251	0.05285546238525625
10.301	0.05302708394941673
10.351	0.05319762745004762
10.401	0.05336709823684615
10.451	0.05353550166865668
10.501	0.053702843112474995
10.551	0.053869127942478445
10.601	0.05403436153908034
10.651	0.05419854928801047
10.701	0.054361696579417675
10.751	0.05452380880699715
10.801	0.05468489136714009
10.851	0.05484494965810582
10.901	0.05500398907921533
10.951	0.055162015030068436
11.001	0.055319032909777154
11.051	0.05547504811622454
11.101	0.055630066045340605
11.151	0.05578409209039849
11.201	0.05593713164132976
11.251	0.056089190084058285
11.301	0.056240272799852345
11.351	0.05639038516469461
11.401	0.05653953254866952
11.451	0.05668772031536772
11.501	0.05683495382130713
11.551	0.056981238415370346
11.601	0.05712657943825791
11.651	0.05727098222195723
11.701	0.05741445208922659
11.751	0.05755699435309418
11.801	0.057698614316371584
11.851	0.05783931727118134
11.901	0.05797910849849925
11.951	0.05811799326770865
12.001	0.0582559768361696
12.051	0.058393064448800026
12.101	0.05852926133767027
12.151	0.05866457272160949
12.201	0.0587990038058245
12.251	0.05891597457315849
12.301	0.05904861136559421
12.351	0.05918038377609975
12.401	0.059311296953162285
12.451	0.05944135602986023
12.501	0.05957056612354989
12.551	0.059698932335562394
12.601	0.05982645975091082
12.651	0.059970121736314205
12.701	0.06009603286313607
12.751	0.060221119950761945
12.801	0.06034538801525806
12.851	0.060468842055100724
12.901	0.06059148705093894
12.951	0.060713327965365695
13.001	0.06083436974269765
13.051	0.060954617308763094
13.101	0.061074075570697856
13.151	0.06119274941674922
13.201	0.06129332283981899
13.251	0.061410405629659784
13.301	0.061526719002641304
13.351	0.06164226776748468
13.401	0.06175705671312713
13.451	0.06187109060856978
13.501	0.06198437420273218
13.551	0.06209691222431345
13.601	0.062208709381659476
13.651	0.06231977036263672
13.701	0.06243009983451184
13.751	0.06253970244383734
13.801	0.06264858281634306
13.851	0.0627567455568332
13.901	0.06286419524908898
13.951	0.06297093645577667
14.001	0.0630769737183609
14.051	0.06318231155702296
14.101	0.06328695447058447
14.151	0.06339090693643555
14.201	0.06349417341046802
14.251	0.06359675832701327
14.301	0.0636986660987845
14.351	0.06379990111682364
14.401	0.06390046775045227
14.451	0.06400037034722769
14.501	0.06409961323290148
14.551	0.06419820071138359
14.601	0.06429613706470975
14.651	0.06439342655301275
14.701	0.06449007341449746
14.751	0.06458608186541988
14.801	0.064681456100068
14.851	0.0647762002907487
14.901	0.0648703185877788
14.951	0.06496381511947294
15.001	0.06505669399214228
15.051	0.06514895929009253
15.101	0.06524061507562558
15.151	0.06533166538904434
15.201	0.06542211424866032
15.251	0.06551196565080405
15.301	0.06560122356983833
15.351	0.065689891958174
15.401	0.06577797474628842
15.451	0.0658654758427465
15.501	0.06595239913422409
15.551	0.06603874848553384
15.601	0.06612452773965342
15.651	0.06620974071775594
15.701	0.0662943912192426
15.751	0.0663784830217775
15.801	0.06646201988132452
15.851	0.06654500553218624
15.901	0.06662744368704501
15.951	0.06670933803700543
16.001	0.06679069225163926
16.051	0.0668715099790318
16.101	0.06695179484583019
16.151	0.06703155045729312
16.201	0.06711078039734325
16.251	0.06718948822861917
16.301	0.06726767749253101
16.351	0.06734535170931645
16.401	0.06742251437809853
16.451	0.06749916897694472
16.501	0.06757531896292755
16.551	0.06765096777218639
16.601	0.06772611881999058
16.651	0.06780077550080416
16.701	0.06787494118835093
16.751	0.06794861923568161
16.801	0.06802181297524174
16.851	0.06809452571894051
16.901	0.06816676075822099
16.951	0.06823852136413117
17.001	0.06830981078739595
17.051	0.06838063225849031
17.101	0.06845098898771307
17.151	0.06852088416526185
17.201	0.06859032096130864
17.251	0.06865930252607637
17.301	0.06872783198991612
17.351	0.06879591246338519
17.401	0.06886354703732582
17.451	0.06893073878294471
17.501	0.06899749075189308
17.551	0.06906380597634752
17.601	0.06912968746909129
17.651	0.06919513822359638
17.701	0.069260161214106
17.751	0.06932475939571713
17.801	0.06938893570446654
17.851	0.06945269305741059
17.901	0.0695160343527135
17.951	0.06957896246973073
18.001	0.06964148026909472
18.051	0.0697035905928006
18.101	0.06976529626429287
18.151	0.06982660008855021
18.201	0.06988750485217486
18.251	0.06994801332347707
18.301	0.07000812825256737
18.351	0.07006785237143784
18.401	0.07012718839405431
18.451	0.0701861390164437
18.501	0.07024470691678235
18.551	0.07030289475548479
18.601	0.07036070517529257
18.651	0.07041814080136326
18.701	0.0704752042413597
18.751	0.07053189808553924
18.801	0.07058822490684324
18.851	0.07064418726098658
18.901	0.07069978768654733
18.951	0.07075502870505646
19.001	0.07080991282108756
19.051	0.07086444252234679
19.101	0.07091862027976265
19.151	0.07097244854757587
19.201	0.07102592976342936
19.251	0.0710790663484581
19.301	0.07113186070737898
19.351	0.07118431522858068
19.401	0.07123643228421352
19.451	0.0712882142302792
19.501	0.07133966340672052
19.551	0.07139078213751053
19.601	0.07144157273074404
19.651	0.07149203747872425
19.701	0.07154217865805393
19.751	0.07159199852972428
19.801	0.07164149933920412
19.851	0.07169068331652871
19.901	0.07173955267638897
19.951	0.07178810961821988
20.001	0.0718363563262892
20.051	0.07188429496978589
20.101	0.07193192770290838
20.151	0.07197925666495257
20.201	0.07202628398039979
20.251	0.07207301175900445
20.301	0.07211944209588153
20.351	0.0721655770715939
20.401	0.07221141875223942
20.451	0.07225696918953768
20.501	0.0723022304209168
20.551	0.07234720446959966
20.601	0.07239189334469023
20.651	0.07243629904125934
20.701	0.07248042354043045
20.751	0.07252426880946479
20.801	0.0725678368018475
20.851	0.07261112945737108
20.901	0.07265414870222094
20.951	0.07269689644905955
21.001	0.07273937459711054
21.051	0.07278158503224241
21.101	0.07282352962705212
21.151	0.0728652102409482
21.201	0.07290662872023385
21.251	0.07294778689818932
21.301	0.07298868659515441
21.351	0.07302932961861043
21.401	0.07306268584360315
21.451	0.07310279973882218
21.501	0.07314266236821004
21.551	0.07318227548882096
21.601	0.07322164084525218
21.651	0.07326076016972376
21.701	0.0732996351821651
21.751	0.07333826759028315
21.801	0.07337665908965106
21.851	0.07341481136377495
21.901	0.07345272608419293
21.951	0.07349040491053252
22.001	0.07352784949059885
22.051	0.07356506146044996
22.101	0.0736020424444739
22.151	0.07363879405546545
22.201	0.07367531789470257
22.251	0.07371161555202234
22.301	0.07374768860589674
22.351	0.07378353862350791
22.401	0.07381916716082317
22.451	0.07385457576266959
22.501	0.07388976596280832
22.551	0.07392473928400842
22.601	0.07395949723812047
22.651	0.07399404132614967
22.701	0.07402837303832877
22.751	0.07406249385419038
22.801	0.07409640524263922
22.851	0.07413010866202374
22.901	0.07416360556020751
22.951	0.07419689737464022
23.001	0.07422998553242839
23.051	0.07426287145040548
23.101	0.07429555653520192
23.151	0.07432804218331458
23.201	0.07436032978117597
23.251	0.07439242070522299
23.301	0.07442431632195151
23.351	0.07445601798803891
23.401	0.07448752705034009
23.451	0.07451884484596905
23.501	0.07454997270242122
23.551	0.07458091193757964
23.601	0.0746116638598076
23.651	0.07464222976800995
23.701	0.0746726109516986
23.751	0.07470280869105762
23.801	0.074732824257008
23.851	0.07476265891127207
23.901	0.07479231390643747
23.951	0.0748217904860208
24.001	0.07485108988453101
24.051	0.07488021332753224
24.101	0.07490916203170636
24.151	0.07493793720491479
24.201	0.07496654004626212
24.251	0.07499497174615485
24.301	0.07502323348636439
24.351	0.07505132644008722
24.401	0.07507925177200603
24.451	0.07510701063834727
24.501	0.0751346041869444
24.551	0.0751620335572949
24.601	0.07518929988061973
24.651	0.07521640427992203
24.701	0.07524334787004533
24.751	0.07527013175773138
24.801	0.07529675704167783
24.851	0.07532322481259432
24.901	0.07534953615326323
24.951	0.07537569213859047
25.001	0.07540169383566532
25.051	0.07542754230381539
25.101	0.07545323859466199
25.151	0.07547878375217523
25.201	0.07550417881272883
25.251	0.07552942480515448
25.301	0.07555452275079592
25.351	0.0755794736635627
25.401	0.07560427854998353
25.451	0.07562893840925934
25.501	0.07565345423331601
25.551	0.07567782700685674
25.601	0.07570205770739977
25.651	0.07572683343317982
25.701	0.0757507825117161
25.751	0.07577459238047206
25.801	0.07579826398904513
25.851	0.07582179828011727
25.901	0.07584519618950497
25.951	0.07586845864620893
26.001	0.07589158657246355
26.051	0.07591458088378594
26.101	0.07593744248902472
26.151	0.07596017229040841
26.201	0.07598277118359358
26.251	0.07600524005771266
26.301	0.07615556233514867
26.351	0.07617791658084697
26.401	0.07620014085436973
26.451	0.07622223600601231
26.501	0.0762442028798691
26.551	0.07626604231387968
26.601	0.07628775513987456
26.651	0.07630934218362075
26.701	0.07633080426486684
26.751	0.07635214219738795
26.801	0.07637335678903026
26.851	0.07626504000360358
26.901	0.07628589665747483
26.951	0.07630663508112069
27.001	0.0763272560713355
27.051	0.07634776041911218
27.101	0.07636814890968491
27.151	0.07638815611371796
27.201	0.07640791854637893
27.251	0.0764279652254512
27.301	0.07644789915122799
27.351	0.07646772108055142
27.401	0.07648743176475474
27.451	0.07650703194970312
27.501	0.07652652237583385
27.551	0.07654590377819648
27.601	0.07656517688649254
27.651	0.07658434242511515
27.701	0.07660340111318811
27.751	0.076622353664605
27.801	0.07664120078806773
27.851	0.07665994318712516
27.901	0.07667858156021098
27.951	0.07669711660068182
28.001	0.07671554899685472
28.051	0.07673387943204459
28.101	0.07675210858460117
28.151	0.07677023712794603
28.201	0.07678826573060896
28.251	0.07680619505626199
28.301	0.07682402576376493
28.351	0.07684175850718705
28.401	0.07685939393585188
28.451	0.07687693269437032
28.501	0.07689437542267553
28.551	0.07691172275605786
28.601	0.07692897532519928
28.651	0.0769461337562078
28.701	0.07696319867065138
28.751	0.07698017068551832
28.801	0.07699705041354003
28.851	0.0770138384627975
28.901	0.07703053543703446
28.951	0.07704714193562133
29.001	0.0770636585535878
29.051	0.07708008588165519
29.101	0.07709642450626866
29.151	0.07711267500962907
29.201	0.0771288379697247
29.251	0.07714491396036263
29.301	0.07716090355120012
29.351	0.07717680730777542
29.401	0.07719262579153871
29.451	0.07720835955988256
29.501	0.0772240091661723
29.551	0.07723957515977609
29.601	0.0772550580860949
29.651	0.07727045848659207
29.701	0.07728577689882288
29.751	0.07730101385646371
29.801	0.0773161698893411
29.851	0.0773312455234606
29.901	0.077346241281035
29.951	0.07736115768051399
30.001	0.07737599523661058
30.051	0.07739075446033016
30.101	0.07740543585899819
30.151	0.07742003993628753
30.201	0.07743456719224595
30.251	0.07744901812332328
30.301	0.07746339322239837
30.351	0.07747769297880587
30.401	0.0774919178783628
30.451	0.07750606840339493
30.501	0.07752014503276144
30.551	0.07753414824188687
30.601	0.07754807850277817
30.651	0.07756193628405603
30.701	0.07757572205097882
30.751	0.07758943626546796
30.801	0.07760307938613287
30.851	0.0776166518682958
30.901	0.0776301541640166
30.951	0.07764358672211712
31.001	0.07765694998820555
31.051	0.07767024440470055
31.101	0.07768347041085522
31.151	0.07769662844278079
31.201	0.07770971893347028
31.251	0.07772274231282192
31.301	0.07773569900766185
31.351	0.0777485894417691
31.401	0.07776141403589541
31.451	0.07777417320779101
31.501	0.0777868673722244
31.551	0.07779949694100782
31.601	0.0778120623230164
31.651	0.07782456392421204
31.701	0.0778370021476648
31.751	0.07784937739357471
31.801	0.07786169005929322
31.851	0.0778739405393447
31.901	0.07788612922543947
31.951	0.07789825650650564
32.001	0.07791032276874658
32.051	0.0779223283955688
32.101	0.0779325044300485
32.151	0.07794438469817372
32.201	0.07795620546444727
32.251	0.07796796710155178
32.301	0.07797966997952806
32.351	0.07799131446579499
32.401	0.07800290092516912
32.451	0.07801442971988454
32.501	0.07802590120961178
32.551	0.07803731575147738
32.601	0.07804867370008266
32.651	0.07805997540752367
32.701	0.0780712212234086
32.751	0.07808241149487727
32.801	0.07809354656661953
32.851	0.07810462678089364
32.901	0.07811565247753051
32.951	0.07812662399400697
33.001	0.07813754166538216
33.051	0.07814840582436905
33.101	0.07815921680133886
33.151	0.07816997492433865
33.201	0.07818068051910879
33.251	0.07819133390910016
33.301	0.07820193541549143
33.351	0.07821248535720586
33.401	0.078222984050929
33.451	0.07823343181112431
33.501	0.07824382895005053
33.551	0.0782541757777781
33.601	0.07826447260220552
33.651	0.07827471972907561
33.701	0.07828491746199172
33.751	0.07829506610243368
33.801	0.07830516594977378
33.851	0.07831521730129253
33.901	0.0783252204521943
33.951	0.07833517569562289
34.001	0.07834508332267696
34.051	0.07835494362242536
34.101	0.07836475688192224
34.151	0.07837452338622225
34.201	0.0783842434183954
34.251	0.07839391725954192
34.301	0.07840354518880707
34.351	0.07841312748339568
34.401	0.07842266441858668
34.451	0.07843215626774751
34.501	0.0784416033023484
34.551	0.07845100579197656
34.601	0.07846036400435023
34.651	0.07846967820533268
34.701	0.07847894865894539
34.751	0.0784881756273843
34.801	0.07849735937095349
34.851	0.07850650014838184
34.901	0.0785155982163916
34.951	0.07852465383000302
35.001	0.07853366724247643
35.051	0.0785426387053251
35.101	0.07855156846832824
35.151	0.07856045677954392
35.201	0.07856930388532186
35.251	0.07857811003031645
35.301	0.07858687545749891
35.351	0.07859560040817018
35.401	0.07860428512197318
35.451	0.07861292983690527
35.501	0.07862153478933047
35.551	0.07863010021399154
35.601	0.07863862634402217
35.651	0.07864711341095883
35.701	0.07865556164475271
35.751	0.0786639712737815
35.801	0.07867234252486123
35.851	0.07868067562325715
35.901	0.0786889707926967
35.951	0.07869722825537932
36.001	0.07870544823198895
36.051	0.07871363094170493
36.101	0.07872177660221276
36.151	0.0787298854297157
36.201	0.0787379576389456
36.251	0.07874599344317378
36.301	0.07875399305422187
36.351	0.0787619566824726
36.401	0.0787698845368804
36.451	0.07877777682498203
36.501	0.07878563375290704
36.551	0.07879345552538819
36.601	0.07880124234577184
36.651	0.07880899441602811
36.701	0.07881671193676115
36.751	0.07882439510721924
36.801	0.07883204412530471
36.851	0.07883965918758402
36.901	0.07884724048929752
36.951	0.0788547882243693
37.001	0.0788623025854169
37.051	0.07886978376376097
37.101	0.07887723194943479
37.151	0.07888464733119381
37.201	0.07889203009652504
37.251	0.07889938043165642
37.301	0.07890669852156613
37.351	0.07891398454999174
37.401	0.07892123869943932
37.451	0.0789284611511926
37.501	0.07893565208532194
37.551	0.07894281168069317
37.601	0.07894994011497657
37.651	0.07895703756465555
37.701	0.07896410420500921
37.751	0.07897114021022465
37.801	0.07897814575325189
37.851	0.07898512100591364
37.901	0.07899206613888873
37.951	0.07899898132172053
38.001	0.07900586672282521
38.051	0.07901272250950007
38.101	0.07901954884797041
38.151	0.0790263459032448
38.201	0.07903311383934966
38.251	0.0790398528191881
38.301	0.0790465630045847
38.351	0.07905324455629334
38.401	0.0790593989105057
38.451	0.07906602273780626
38.501	0.07907261841094854
38.551	0.07907918608643773
38.601	0.07908572591992274
38.651	0.07909223806585469
38.701	0.07909872267772429
38.751	0.0791051799080125
38.801	0.07911160990819782
38.851	0.07911801282876367
38.901	0.07912438881920557
38.951	0.07913073802803837
39.001	0.07913706060280339
39.051	0.07914335669007543
39.101	0.0791496264354699
39.151	0.07915586998364975
39.201	0.07916208747833232
39.251	0.07916827906229536
39.301	0.0791744448773877
39.351	0.07918058506453009
39.401	0.07918669976372586
39.451	0.07919278911406662
39.501	0.07919885325373884
39.551	0.07920489232003043
39.601	0.07921090644933722
39.651	0.07921689577716941
39.701	0.07922286043815804
39.751	0.07922880056606126
39.801	0.07923471629377067
39.851	0.07924060775331758
39.901	0.07924647507587938
39.951	0.07925231839178537
40.001	0.07925813783052313
40.051	0.07926393352074454
40.101	0.07926970559027179
40.151	0.07927545416610329
40.201	0.07928117937441972
40.251	0.07928688134058996
40.301	0.07929256018917667
40.351	0.07929821604394233
40.401	0.07930384902785494
40.451	0.07930945926309364
40.501	0.0793150468710545
40.551	0.07932061197235607
40.601	0.07932615468684492
40.651	0.0793316751336013
40.701	0.07933717343094451
40.751	0.07934264969643841
40.801	0.07934810404689684
40.851	0.07935353659838894
40.901	0.07935894746624453
40.951	0.07936433676505937
41.001	0.07936970460870041
41.051	0.079375051110311
41.101	0.07938037638231606
41.151	0.07938568053642717
41.201	0.07939096368364773
41.251	0.07939622593427796
41.301	0.07940146739791991
41.351	0.07940668818348244
41.401	0.07941188839918618
41.451	0.07941706815256841
41.501	0.07942222755048786
41.551	0.07942736669912967
41.601	0.07943248570401003
41.651	0.07943758466998103
41.701	0.07944266370123533
41.751	0.07944772290131086
41.801	0.0794527623730954
41.851	0.07945778221883129
41.901	0.07946278254011993
41.951	0.07946776343792633
42.001	0.07947272501258362
42.051	0.07947766736379752
42.101	0.07948259059065077
42.151	0.07948749479160752
42.201	0.07949238006451771
42.251	0.07949724650662143
42.301	0.07950209421455312
42.351	0.079506923284346
42.401	0.07951173381143624
42.451	0.07951652589066704
42.501	0.07952129961590776
42.551	0.07952605508158157
42.601	0.07953079238044064
42.651	0.07953551160493685
42.701	0.07954021284704105
42.751	0.07954489619812578
42.801	0.07954956174899927
42.851	0.07955420958990937
42.901	0.07955883981054754
42.951	0.07956345250005264
43.001	0.07956804774701491
43.051	0.07957262563947973
43.101	0.07957718626495147
43.151	0.07958172971039724
43.201	0.0795862560622507
43.251	0.07959076540641567
43.301	0.07959525782826997
43.351	0.07959973341266896
43.401	0.07960419224394924
43.451	0.0796086344059323
43.501	0.079613059981928
43.551	0.07961746905473822
43.601	0.07962186170666036
43.651	0.07962623801949081
43.701	0.07963059807452853
43.751	0.07963494195257838
43.801	0.07963926973395519
43.851	0.07964358149848481
43.901	0.07964787732551104
43.951	0.07965215729389655
44.001	0.07965642148202684
44.051	0.07966066996781357
44.101	0.07966490282869197
44.151	0.07966912014164719
44.201	0.07967332198318317
44.251	0.07967750842934855
44.301	0.07968167955573423
44.351	0.07968583543747654
44.401	0.07968997614926032
44.451	0.07969410176532209
44.501	0.07969821235945306
44.551	0.07970230800500223
44.601	0.07970638877487948
44.651	0.07971045474155847
44.701	0.0797145059770797
44.751	0.0797185425530535
44.801	0.07972256454066293
44.851	0.07972657201066671
44.901	0.07973056503340216
44.951	0.07973454367878806
45.001	0.0797385080163275
45.051	0.0797424581151107
45.101	0.07974639404381792
45.151	0.07975031587072215
45.201	0.07975422366369192
45.251	0.0797581174901941
45.301	0.07976199741729656
45.351	0.07976586351167096
45.401	0.0797697158395954
45.451	0.07977355446695707
45.501	0.07977737945925498
45.551	0.0797811908816025
45.601	0.0797849887987301
45.651	0.07978877327498778
45.701	0.07979254437434782
45.751	0.07979630216040724
45.801	0.0798000466963903
45.851	0.07980377804515114
45.901	0.07980749626917616
45.951	0.07981120143058659
46.001	0.0798148935911409
46.051	0.07981857281223728
46.101	0.07982223915491607
46.151	0.0798258926798621
46.201	0.07982953344740719
46.251	0.07983316151753243
46.301	0.07983677694987061
46.351	0.0798403798037085
46.401	0.07984397013798923
46.451	0.0798475480113145
46.501	0.07985111348194698
46.551	0.07985466660781253
46.601	0.07985820744650243
46.651	0.07986173605527566
46.701	0.07986525249106112
46.751	0.07986875681045977
46.801	0.07987224906974692
46.851	0.07987572932487431
46.901	0.07987919763147233
46.951	0.07988265404485215
47.001	0.07988609862000778
47.051	0.0798895314116183
47.101	0.07989295247404982
47.151	0.07989636186135768
47.201	0.07989975962728843
47.251	0.07990314582528191
47.301	0.07990652050847327
47.351	0.07990988372969503
47.401	0.07991323554147901
47.451	0.07991657599605839
47.501	0.07991990514536965
47.551	0.07992322304105452
47.601	0.07992652973446196
47.651	0.07992982527665002
47.701	0.07993310971838792
47.751	0.07993638311015776
47.801	0.07993964550215651
47.851	0.07994289694424676
47.901	0.079946137486161
47.951	0.07994936717720277
48.001	0.07995258606644709
48.051	0.07995579420269305
48.101	0.07995899163446564
48.151	0.07996217841001757
48.201	0.07996535457733102
48.251	0.07996852018411943
48.301	0.07997167527782922
48.351	0.07997481990564162
48.401	0.0799779541144743
48.451	0.07998107795098312
48.501	0.0799841914615639
48.551	0.07998729469235401
48.601	0.07999038768923415
48.651	0.07999347049782993
48.701	0.0799965431635136
48.751	0.07999960573140566
48.801	0.0800026582463765
48.851	0.08000570075304801
48.901	0.08000873329579523
48.951	0.0800117559187479
49.001	0.08001476866579206
49.051	0.08001777158057165
49.101	0.08002076470649004
49.151	0.08002374808671163
49.201	0.08002672176416334
49.251	0.08002968578153616
49.301	0.08003264018128667
49.351	0.08003558500563857
49.401	0.08003852029658416
49.451	0.08004144609588579
49.501	0.08004436244507741
49.551	0.080047269385466
49.601	0.08005016695813198
49.651	0.08005305520393474
49.701	0.08005593416350805
49.751	0.08005880387726542
49.801	0.08006166438540062
49.851	0.08006451572788897
49.901	0.08006735794448884
49.951	0.08007019107474295
50.001	0.08007301515797978
50.051	0.08007583023331484
50.101	0.08007863633965248
50.151	0.08008143351568649
50.201	0.08008422179990196
50.251	0.08008700123057645
50.301	0.08008977184578135
50.351	0.08009253368338315
50.401	0.08009528678104472
50.451	0.08009803117622664
50.501	0.08010076690618853
50.551	0.08010349400799018
50.601	0.0801062125184929
50.651	0.08010892247436079
50.701	0.08011162391206195
50.751	0.08011431686786973
50.801	0.08011700137786391
50.851	0.080119677477932
50.901	0.08012234520377036
50.951	0.0801250045908855
51.001	0.08012765567459518
51.051	0.08013029849002963
51.101	0.08013293307213272
51.151	0.08013555945566318
51.201	0.08013817767519565
51.251	0.08014078776512196
51.301	0.08014338975965213
51.351	0.08014598369281563
51.401	0.08014856959846244
51.451	0.08015114751026418
51.501	0.08015371746171525
51.551	0.08015627948613391
51.601	0.08015883361666332
51.651	0.08016137988627274
51.701	0.08016391832775854
51.751	0.08016644897374527
51.801	0.08016897185668675
51.851	0.08017148700886711
51.901	0.08017399446240187
51.951	0.08017649424923891
52.001	0.08017897307218011
52.051	0.08018145654762429
52.101	0.08018393244615159
52.151	0.08018640079906192
52.201	0.08018886163749278
52.251	0.0801913149924202
52.301	0.08019376089465977
52.351	0.08019619937486758
52.401	0.08019863046354123
52.451	0.08020105419102082
52.501	0.08020347058748985
52.551	0.08020587968297627
52.601	0.08020828150735335
52.651	0.08021067609034067
52.701	0.08021306346150506
52.751	0.0802154436502615
52.801	0.08021781668587408
52.851	0.08022018259745692
52.901	0.08022254141397503
52.951	0.0802248931642453
53.001	0.08022723787693735
53.051	0.0802295755805744
53.101	0.08023190630353426
53.151	0.08023423007405005
53.201	0.08023654692021126
53.251	0.08023885686996449
53.301	0.08024115995111435
53.351	0.08024345619132432
53.401	0.08024561594784445
53.451	0.08024789832169826
53.501	0.0802501739364211
53.551	0.08025244281912014
53.601	0.08025470499660556
53.651	0.08025696049602607
53.701	0.08025920934392593
53.751	0.08026145156686955
53.801	0.08026368719137962
53.851	0.08026591624357342
53.901	0.08026813874970558
53.951	0.08033039808471146
54.001	0.08033264078302745
54.051	0.08033487673307785
54.101	0.08033710595954167
54.151	0.08033932848697246
54.201	0.08034154433979898
54.251	0.08034375354232606
54.301	0.08034595611873535
54.351	0.08034815209308603
54.401	0.08029000944140281
54.451	0.08029216163081801
54.501	0.08029430757814336
54.551	0.08029644730789787
54.601	0.08029858084447923
54.651	0.08030070821216423
54.701	0.08030282943510965
54.751	0.08030494453700025
54.801	0.08030705354244808
54.851	0.08030915647491314
54.901	0.08031125335807911
54.951	0.0803133442155131
55.001	0.0803154290706664
55.051	0.08031750794687516
55.101	0.08031958086736098
55.151	0.08032164785523163
55.201	0.08032370893348174
55.251	0.08032576412499347
55.301	0.08032781345253709
55.351	0.08032985693877175
55.401	0.08033189460624601
55.451	0.08033416598454501
55.501	0.080336193755981
55.551	0.08033821578017405
55.601	0.0803402320792237
55.651	0.08034224267512206
55.701	0.08034424758975459
55.751	0.08034624684490056
55.801	0.0803482404622338
55.851	0.08035022846332318
55.901	0.08035221086963336
55.951	0.0803541877025253
56.001	0.08035615898325685
56.051	0.08035812473298341
56.101	0.08036008497275851
56.151	0.08036203972353433
56.201	0.08036398900616236
56.251	0.08036593284139396
56.301	0.0803678712498809
56.351	0.080369804252176
56.401	0.08037173186873366
56.451	0.08037365411991038
56.501	0.08037557102596288
56.551	0.08037748260705865
56.601	0.08037938888326156
56.651	0.0803812898745423
56.701	0.08038318560077647
56.751	0.08038507608174515
56.801	0.08038696133713541
56.851	0.08038884138654084
56.901	0.08039071624946213
56.951	0.08039258594530756
57.001	0.0803944504933935
57.051	0.08039630991294501
57.101	0.08039816422309629
57.151	0.08040001344289122
57.201	0.08040185759128388
57.251	0.08040369668713904
57.301	0.08040553074923269
57.351	0.0804073597962525
57.401	0.08040918384679842
57.451	0.080411002919383
57.501	0.08041281703243203
57.551	0.08041462620428504
57.601	0.08041643045319563
57.651	0.08041822979733212
57.701	0.08042002425477797
57.751	0.0804218138435322
57.801	0.08042359858150992
57.851	0.08042537848654281
57.901	0.08042715357637964
57.951	0.08042892386868652
58.001	0.08043068938104764
58.051	0.08043245013096552
58.101	0.08043420613586154
58.151	0.08043595741307642
58.201	0.08043770397987068
58.251	0.08043944585342498
58.301	0.08044118305084065
58.351	0.08044291558914016
58.401	0.08044464348526745
58.451	0.08044636675608847
58.501	0.08044808541839156
58.551	0.0804497994888879
58.601	0.08045150898421193
58.651	0.08045321392092174
58.701	0.08045491431549955
58.751	0.08045661018435213
58.801	0.08045830154381113
58.851	0.0804585712255058
58.901	0.08046025242882537
58.951	0.08046192917223298
59.001	0.08046360147176378
59.051	0.08046526934337994
59.101	0.080466932802971
59.151	0.08046859186635427
59.201	0.08047024654927525
59.251	0.080471896867408
59.301	0.08047354283635552
59.351	0.08047518447165022
59.401	0.08047682178875418
59.451	0.08047845480305962
59.501	0.08048008352988927
59.551	0.08048170798449669
59.601	0.08048332818206676
59.651	0.08048494413771592
59.701	0.08048655586649267
59.751	0.08048816338337782
59.801	0.08048976670328493
59.851	0.08049136584106069
59.901	0.0804929608114852
59.951	0.08049455162927241
60.001	0.08049613830907044
60.051	0.08049772086546195
60.101	0.08049929931296444
60.151	0.08050087366603073
60.201	0.08050244393904915
60.251	0.080504010146344
60.301	0.08050557230217584
60.351	0.08050713042074184
60.401	0.08050868451617618
60.451	0.08051023460255023
60.501	0.08051178069387317
60.551	0.08051332280409199
60.601	0.08051486094709188
60.651	0.080516395136697
60.701	0.08051792538667021
60.751	0.08051945171071372
60.801	0.08052097412246924
60.851	0.08052249263551862
60.901	0.08052400726338378
60.951	0.08052551801952726
61.001	0.0805270249173525
61.051	0.08052852797020402
61.101	0.08053002719136809
61.151	0.08053152259407247
61.201	0.08053301419148726
61.251	0.08053450199672506
61.301	0.08053598602284104
61.351	0.08053746628283329
61.401	0.0805389427896435
61.451	0.08054041555615685
61.501	0.08054188459520259
61.551	0.080543349919554
61.601	0.08054481154192916
61.651	0.08054626947499045
61.701	0.08054772373134585
61.751	0.08054917432354873
61.801	0.08055062126409746
61.851	0.08055206456543727
61.901	0.08055350423995906
61.951	0.08055494030000036
62.001	0.08055637275784609
62.051	0.08055780162571255
62.101	0.08055922691577352
62.151	0.08055870759259562
62.201	0.08056012918996389
62.251	0.08056154723633548
62.301	0.08056296174371735
62.351	0.08056437272406387
62.401	0.08056578018927932
62.451	0.08056718415121636
62.501	0.08056858462167689
62.551	0.08056696004933833
62.601	0.08057013873470566
62.651	0.08057106655289402
62.701	0.0805724561539353
62.751	0.0805738423135947
62.801	0.08057522504340664
62.851	0.08057660435485618
62.901	0.08057798025937996
62.951	0.08057935276836588
63.001	0.08058072189315384
63.051	0.08057579790995173
63.101	0.08057717118428524
63.151	0.08057854107877216
63.201	0.08057945854451293
63.251	0.08058307742444763
63.301	0.08057839192063623
63.351	0.0805797561866141
63.401	0.08058111710464116
63.451	0.08058142460822332
63.501	0.08058297988445469
63.551	0.08058433227318253
63.601	0.08059142823745627
63.651	0.0806016531626197
63.701	0.0806029701998389
63.751	0.08060428403298261
63.801	0.0806055946725939
63.851	0.08060690212917186
63.901	0.08060820641317183
63.951	0.08060950753500563
64.001	0.08061080550504177
64.051	0.08061210033360566
64.101	0.08061339203097982
64.151	0.08061468060740412
64.201	0.080615966073076
64.251	0.08061724843815064
64.301	0.08061852771274122
64.351	0.08061980390691222
64.401	0.08062107703069053
64.451	0.08062234709409019
64.501	0.08062361410704244
64.551	0.08061958532307074
64.601	0.08062085514510878
64.651	0.08061915929153389
64.701	0.08062042843685077
64.751	0.08062169454062547
64.801	0.08063115004406476
64.851	0.08063239598401697
64.901	0.08063363895147876
64.951	0.08063487895618247
65.001	0.08063611600767451
65.051	0.08063735011546248
65.101	0.08063858128901517
65.151	0.08063980953776259
65.201	0.08064103487109649
65.251	0.0806422572983704
65.301	0.08064347682889972
65.351	0.08064469347166751
65.401	0.08064590723650342
65.451	0.08064711813202108
65.501	0.08064832616797324
65.551	0.08064953135319496
65.601	0.08065073369677675
65.651	0.08064308950101547
65.701	0.08064430115899035
65.751	0.08064550996090526
65.801	0.08063901984385807
65.851	0.08064023562372248
65.901	0.08064144854226572
65.951	0.08064265860858691
66.001	0.08064369269017861
66.051	0.08064489736535832
66.101	0.08064609921465622
66.151	0.08063310070763452
66.201	0.08063608704774122
66.251	0.08062952018898878
66.301	0.08063074390293379
66.351	0.080622476248087
66.401	0.08062370952416079
66.451	0.0806189632370617
66.501	0.0806202006437661
66.551	0.08062143515706957
66.601	0.08062266678612386
66.651	0.08062389554004414
66.701	0.08062184791510865
66.751	0.08062307609477944
66.801	0.08062430141394154
66.851	0.08062552388160749
66.901	0.08062674350675406
66.951	0.0806203545045388
67.001	0.08062158073096494
67.051	0.0806228041173837
67.101	0.08062402465970106
67.151	0.08061846910792128
67.201	0.08061936192839829
67.251	0.08062058553056609
67.301	0.08062180630137417
67.351	0.08062302424968872
67.401	0.08061774694281106
67.451	0.08061458497163808
67.501	0.08062344008134165
67.551	0.08063317899066659
67.601	0.08063437414774977
67.651	0.08063556655971751
67.701	0.08063675623510398
67.751	0.08063794318223612
67.801	0.08063912740992335
67.851	0.08064030892643048
67.901	0.08064148774015807
67.951	0.08064266385947365
68.001	0.08063103253901913
68.051	0.08063222400661903
68.101	0.08063341275032587
68.151	0.08064190107370686
68.201	0.08064089094590249
68.251	0.08064206341670445
68.301	0.08064323321740403
68.351	0.08065197429188883
68.401	0.0806531265374295
68.451	0.08065427617043623
68.501	0.08065542319892373
68.551	0.08065656763087549
68.601	0.08065770947424389
68.651	0.08065884873695053
68.701	0.08065674970683097
68.751	0.08065602244820677
68.801	0.08066225111985391
68.851	0.08066338013851622
68.901	0.08066450661566613
68.951	0.08066563055904293
69.001	0.08066675197635602
69.051	0.08066787087528487
69.101	0.08066898726347954
69.151	0.08067010114856053
69.201	0.08067121253811903
69.251	0.08067232143971684
69.301	0.08067342786088708
69.351	0.08067453180913363
69.401	0.08067563329193178
69.451	0.08067673231672783
69.501	0.08067782889094008
69.551	0.08067892302195796
69.601	0.08068001471714298
69.651	0.08068110398382801
69.701	0.08068219082931875
69.751	0.08068327526089264
69.801	0.08064082520259451
69.851	0.08064631094707311
69.901	0.08064241481606133
69.951	0.0806460712584684
70.001	0.08064720810996175
70.051	0.08064834243510695
70.101	0.08064888727828304
70.151	0.08065347545507996
70.201	0.08065459787048314
70.251	0.08065476038643217
70.301	0.08065932109182312
70.351	0.08066043220714943
70.401	0.08066154086622797
70.451	0.08066264707640954
70.501	0.08066375084501289
70.551	0.08066485217933073
70.601	0.0806659510866291
70.651	0.08066704757414349
70.701	0.08066814164908596
70.751	0.08066923331863904
70.801	0.08067032258995784
70.851	0.08067140947017133
70.901	0.08067249396638199
70.951	0.08070896397306053
71.001	0.0807099898322417
71.051	0.08071101345624829
71.101	0.08071203485165952
71.151	0.08071305402502914
71.201	0.08071407098288766
71.251	0.08071508573174062
71.301	0.08071609827806842
71.351	0.08071710862833059
71.401	0.08071811678895954
71.451	0.0807191227663635
71.501	0.08072012656693082
71.551	0.08072112819702186
71.601	0.08072212766297596
71.651	0.08072312497110802
71.701	0.08072411148282245
71.751	0.08071204652761187
71.801	0.08071305725148481
71.851	0.08072708415691857
71.901	0.08071507216617486
71.951	0.08072905529604749
72.001	0.08073003769103804
72.051	0.08073101797784242
72.101	0.08073199616256965
72.151	0.0807200716379181
72.201	0.0807210650998217
72.251	0.0807349181650821
72.301	0.08072304564089158
72.351	0.08071720442371125
72.401	0.08071819953815404
72.451	0.08071919252411211
72.501	0.08070062008405905
72.551	0.0807016380416335
72.601	0.0807026538212214
72.651	0.08068451611873743
72.701	0.08068555563111397
72.751	0.0806865929165746
72.801	0.0806682389247604
72.851	0.08066930058176383
72.901	0.08067035996453345
72.951	0.08067141707966195
73.001	0.08067247193371774
73.051	0.0806735245332452
73.101	0.0806732256486993
73.151	0.08067427624393293
73.201	0.08075299648724368
73.251	0.08075392795995785
73.301	0.08069677533761738
73.351	0.0806784563077712
73.401	0.08067949577663223
73.451	0.0806805330394025
73.501	0.08068156810242222
73.551	0.08068260579960798
73.601	0.08068363647334974
73.651	0.08068466496625024
73.701	0.08068569128455778
73.751	0.08068671543449808
73.801	0.0806877372650441
73.851	0.08068875709717406
73.901	0.08068977477947772
73.951	0.08068696178603267
74.001	0.08068798034417961
74.051	0.08068899675629568
74.101	0.08069001102850161
74.151	0.08069102316688678
74.201	0.08069583451701715
74.251	0.08069683732364812
74.301	0.08069783802891649
74.351	0.08069883663878337
74.401	0.08069983315918691
74.451	0.08070082759604613
74.501	0.08070181995525522
74.551	0.08068736575952802
74.601	0.08068834778830883
74.651	0.08068932778348492
74.701	0.08069030575087427
74.751	0.08069128169627525
74.801	0.08069193095884361
74.851	0.0806929034493645
74.901	0.08069387393573178
74.951	0.08069484242365356
75.001	0.08069580891881922
75.051	0.08069677342689618
75.101	0.08069773595353291
75.151	0.08069869650435715
75.201	0.08069965508493568
75.251	0.08070061170093674
75.301	0.0807015663578897
75.351	0.08070251906134153
75.401	0.08070346981686587
75.451	0.08070441862988323
75.501	0.08070568211826541
75.551	0.08070662648365808
75.601	0.08070757040583465
75.651	0.08070851092124144
75.701	0.08070944952097697
75.751	0.08072597200066808
75.801	0.08072691234106363
75.851	0.08072785075533014
75.901	0.0807287872488041
75.951	0.08069424933100569
76.001	0.08069523232140761
76.051	0.08069621329177022
76.101	0.08069719224771346
76.151	0.08069816919483647
76.201	0.08069914413871931
76.251	0.08070011708492243
76.301	0.0807010880389862
76.351	0.08070205700643283
76.401	0.0807030239927633
76.451	0.08070398900346117
76.501	0.08073987305056794
76.551	0.08074078505807444
76.601	0.08074169521757016
76.651	0.08074260353410614
76.701	0.08074351001274303
76.751	0.08074441465847967
76.801	0.08074531747636961
76.851	0.08074621847138987
76.901	0.08074711764851827
76.951	0.08074801501272144
77.001	0.0807491519687871
77.051	0.08074980432206445
77.101	0.08075069627705529
77.151	0.08075158643878413
77.201	0.08075247481212602
77.251	0.08075336140193913
77.301	0.0807544817823983
77.351	0.08075536384704228
77.401	0.0807562441423927
77.451	0.08075712267324404
77.501	0.08075799944437456
77.551	0.08075887446054589
77.601	0.0807597477265036
77.651	0.08076061924697672
77.701	0.08076148902667842
77.751	0.08076235707030528
77.801	0.08076322338253832
77.851	0.08076408796804237
77.901	0.08076495083146627
77.951	0.08076581197744293
78.001	0.08076667141058992
78.051	0.08076752913550841
78.101	0.08076838515678458
78.151	0.08076923947898751
78.201	0.08071820931077693
78.251	0.08071913294867912
78.301	0.0807200547461597
78.351	0.08072097707868163
78.401	0.08072210932707771
78.451	0.08072302465202025
78.501	0.08072393815614248
78.551	0.08072484984434702
78.601	0.08072575972152017
78.651	0.0807266677925312
78.701	0.08072757406223292
78.751	0.08072847853546174
78.801	0.08072938121703747
78.851	0.08073028211176371
78.901	0.08073118122442753
78.951	0.08073207855979977
79.001	0.08073297412263528
79.051	0.08085018886773743
79.101	0.08085092300763178
79.151	0.08085165572163949
79.201	0.08085238701348658
79.251	0.08085311688688696
79.301	0.08085384534554198
79.351	0.08085457239314114
79.401	0.08085529803336146
79.451	0.080856022269868
79.501	0.08085674510631403
79.551	0.08085746654634028
79.601	0.08085818659357603
79.651	0.08085890525163818
79.701	0.08085962252413223
79.751	0.08086033841465157
79.801	0.08086105292677792
79.851	0.0808617660640812
79.901	0.08086247783011959
79.951	0.08086318822844
80.001	0.08086389726257738
80.051	0.08086460493605557
80.101	0.08086531125238608
80.151	0.08086601621506988
80.201	0.08086671982759622
80.251	0.08086742209344286
80.301	0.0808681230160763
80.351	0.08086882259895195
80.401	0.08086952084551359
80.451	0.0808702177591943
80.501	0.08087091334341612
80.551	0.0808716076015889
80.601	0.08087230053711303
80.651	0.08087299215337664
80.701	0.08087368245375764
80.751	0.08087437144162293
80.801	0.08087505912032776
80.851	0.08087574549321769
80.901	0.08087643056362631
80.951	0.08087711433487783
81.001	0.08087779681028516
81.051	0.0808784779931494
81.101	0.08087915788676289
81.151	0.08087983649440622
81.201	0.08088051381934971
81.251	0.08088118986485379
81.301	0.08088186463416705
81.351	0.08088253813052879
81.401	0.08088321035716807
81.451	0.08088388131730265
81.501	0.08088455101414065
81.551	0.08088521945088034
81.601	0.08088588663070855
81.651	0.08088655255680312
81.701	0.0808872172323308
81.751	0.08088788066044918
81.801	0.08088854284430447
81.851	0.08088920378703447
81.901	0.08088986349176638
81.951	0.08089052196161639
82.001	0.08089117919969258
82.051	0.08089183520909257
82.101	0.08089248999290313
82.151	0.08089314355420124
82.201	0.08089379589605714
82.251	0.08089444702152719
82.301	0.08089509693366052
82.351	0.0808957456354954
82.401	0.08089639313006257
82.451	0.08089703942038125
82.501	0.08089768450946146
82.551	0.08089832840030334
82.601	0.08089897109589994
82.651	0.08089961259923052
82.701	0.0809002529132695
82.751	0.08090089204098032
82.801	0.0809015299853149
82.851	0.08090216674921973
82.901	0.08090280233562866
82.951	0.08090343674746893
83.001	0.08090406998765583
83.051	0.08090470205909919
83.101	0.08090533296469604
83.151	0.08094607396214089
83.201	0.08094665215868087
83.251	0.08094722929485072
83.301	0.08074327186205967
83.351	0.08074410900461199
83.401	0.08074494457488277
83.451	0.08074577857687128
83.501	0.0807466110145664
83.551	0.08074744189194236
83.601	0.08074812182175002
83.651	0.08074895023014164
83.701	0.08074977708960476
83.751	0.08075060240406205
83.801	0.08075142617742093
83.851	0.0807522484135778
83.901	0.08075306911641542
83.951	0.08075388828980522
84.001	0.08075470593760493
84.051	0.08075552206366056
84.101	0.0807563366718066
84.151	0.08075714976586497
84.201	0.08075796134964268
84.251	0.08075877142693987
84.301	0.08075958000153945
84.351	0.08076059852484171
84.401	0.08076140351997774
84.451	0.08076220702402714
84.501	0.08076300904073073
84.551	0.08076380957381589
84.601	0.08076460862700136
84.651	0.08076540620398975
84.701	0.08076620230847396
84.751	0.08076699694413646
84.801	0.08076779011464669
84.851	0.08076858182366241
84.901	0.08076937207482877
84.951	0.08077016087178207
85.001	0.08077094821814434
85.051	0.08077173411753008
85.101	0.08077251857353786
85.151	0.0807733015897556
85.201	0.08077408316976448
85.251	0.08077486331712785
85.301	0.0807756420354032
85.351	0.0807764193281341
85.401	0.08077719519885274
85.451	0.08077796965108087
85.501	0.08077864918726226
85.551	0.08077942095138119
85.601	0.08078019130747952
85.651	0.08078096025903367
85.701	0.0807817278095092
85.751	0.08078249396236084
85.801	0.08078325872103248
85.851	0.0807840220889573
85.901	0.08078478406955773
85.951	0.08078554466624555
86.001	0.08078630388242185
86.051	0.08078706172147719
86.101	0.08078781818679154
86.151	0.08078857328173435
86.201	0.0807893270096646
86.251	0.08079007937393082
86.301	0.08079083037787115
86.351	0.08079158002481339
86.401	0.080792328318075
86.451	0.08079307526096312
86.501	0.08079382085677474
86.551	0.08079456510879654
86.601	0.08079530802030513
86.651	0.08079604959456689
86.701	0.0807967898348382
86.751	0.08079752874436534
86.801	0.08079826632638458
86.851	0.08079900258412222
86.901	0.0807997375207946
86.951	0.08080047113960818
87.001	0.08080120344375954
87.051	0.08080193443643542
87.101	0.0808026641208128
87.151	0.08080339250005886
87.201	0.08080411957733108
87.251	0.08080484535577727
87.301	0.08080556983853555
87.351	0.08080629302873447
87.401	0.08080701492949298
87.451	0.08080773554392048
87.501	0.0808084548751169
87.551	0.08080917292617265
87.601	0.08080988970016872
87.651	0.08081060520017673
87.701	0.08081131942925888
87.751	0.08081203239046808
87.801	0.08081274408684794
87.851	0.08081345452143276
87.901	0.08081416369724767
87.951	0.08081487161730858
88.001	0.08081557828462221
88.051	0.0808162837021862
88.101	0.08081698787298908
88.151	0.0808176908000103
88.201	0.0808183924862203
88.251	0.08081909293458052
88.301	0.08081979214804344
88.351	0.08082049012955261
88.401	0.08082118688204269
88.451	0.08082188240843946
88.501	0.08082250177097253
88.551	0.0808231948207133
88.601	0.08082388665324707
88.651	0.0808245772714643
88.701	0.08082526667824683
88.751	0.08082595487646772
88.801	0.0808266418689915
88.851	0.08082732390889512
88.901	0.08082800850652554
88.951	0.08082869190697793
89.001	0.08082937411308258
89.051	0.08083005512766132
89.101	0.08083073495352748
89.151	0.08083141359348602
89.201	0.08083209105033345
89.251	0.08083276732685797
89.301	0.08083344242583944
89.351	0.08083411635004939
89.401	0.08083478910225113
89.451	0.08083546068519966
89.501	0.08083613110164185
89.551	0.08083680035431633
89.601	0.08083746844595359
89.651	0.08083813537927602
89.701	0.08083880115699789
89.751	0.08083946578182544
89.801	0.08084012925645684
89.851	0.08084079158358226
89.901	0.08084145276588393
89.951	0.08084211280603609
90.001	0.08084277170670506
90.051	0.0808434294705493
90.101	0.0808440861002194
90.151	0.0808447415983581
90.201	0.08084539596760032
90.251	0.08084604921057324
90.301	0.08084670104209243
90.351	0.08084735204092856
90.401	0.08084800192132859
90.451	0.08084834679730954
90.501	0.08084899409289398
90.551	0.0808178847411028
90.601	0.08081856793375887
90.651	0.08085092933126517
90.701	0.08085157220314775
90.751	0.08085221397550092
90.801	0.0808528546508674
90.851	0.0808534942317839
90.901	0.08085413272077797
90.951	0.08085477012037179
91.001	0.08085540643307847
91.051	0.08085604166140373
91.101	0.08085667580784736
91.151	0.08085730887490064
91.201	0.08085794086504863
91.251	0.0808585717807674
91.301	0.08085920162452832
91.351	0.08085983039879303
91.401	0.08086045810601802
91.451	0.08086108474865134
91.501	0.0808617103291338
91.551	0.08086233484990031
91.601	0.08086295831337817
91.651	0.08086358072198672
91.701	0.08086420207814063
91.751	0.08086481420781066
91.801	0.08086543347813016
91.851	0.08086605170318845
91.901	0.08086666888531947
91.951	0.080867285026953
92.001	0.08086790013040952
92.051	0.08086851419808222
92.101	0.08086912723232449
92.151	0.08086973923551434
92.201	0.08087035020994571
92.251	0.08087096015800643
92.301	0.08087156908198566
92.351	0.08087217698421705
92.401	0.08087278386702532
92.451	0.08087338973272126
92.501	0.08087399458360911
92.551	0.08087459842198641
92.601	0.08087520125014416
92.651	0.08087580307036676
92.701	0.08087640388493209
92.751	0.08087700369611149
92.801	0.08087760250616981
92.851	0.08087820031736545
92.901	0.08087879713195027
92.951	0.08087939295216981
93.001	0.08087998778026315
93.051	0.08088058161846293
93.101	0.08088117446899551
93.151	0.08088176633408087
93.201	0.08088235721593266
93.251	0.08088294711675825
93.301	0.08088353603875874
93.351	0.0808841239841289
93.401	0.08088471095505739
93.451	0.08088529695372655
93.501	0.0808858819823126
93.551	0.08088646604298552
93.601	0.08088704913790921
93.651	0.08088763126924137
93.701	0.08088821243913369
93.751	0.0808887926497317
93.801	0.0808893719030903
93.851	0.08082600105828032
93.901	0.08082665237252569
93.951	0.08082730260267726
94.001	0.08082795175118128
94.051	0.0808285998204769
94.101	0.08082925129892789
94.151	0.08082989721089073
94.201	0.08083054205093569
94.251	0.08083118582147418
94.301	0.08083182852491068
94.351	0.08083247016364287
94.401	0.0808331107400616
94.451	0.08083375025655092
94.501	0.08083438871548804
94.551	0.08083502611924347
94.601	0.080835662470181
94.651	0.08083629777065761
94.701	0.08083693202302376
94.751	0.0808375652296231
94.801	0.08083819739279266
94.851	0.08083882851486289
94.901	0.08083945859815764
94.951	0.08084008764499416
95.001	0.08084071565768318
95.051	0.08084134263852885
95.101	0.08084196858982884
95.151	0.08084259351387438
95.201	0.08084321741295013
95.251	0.08084384028933445
95.301	0.08084446214529913
95.351	0.0808450829831097
95.401	0.0808457028050252
95.451	0.0808463216132984
95.501	0.08084693941017569
95.551	0.08084755619789716
95.601	0.08084817197869658
95.651	0.08084878675480155
95.701	0.08084940052843335
95.751	0.08085001330180701
95.801	0.08085062507713142
95.851	0.0808512358566092
95.901	0.08085184564243697
95.951	0.080852454436805
96.001	0.08085306224189753
96.051	0.08085366905989279
96.101	0.08085427489296279
96.151	0.08085487974327354
96.201	0.0808554836129851
96.251	0.08085608650425127
96.301	0.08085668841922014
96.351	0.08085728936003364
96.401	0.08085788932882777
96.451	0.0808584883277326
96.501	0.08085908635887233
96.551	0.08085968342436525
96.601	0.08086027952632366
96.651	0.08086087466685411
96.701	0.08086146884805737
96.751	0.08086206207202828
96.801	0.08086265434085577
96.851	0.08086324565662331
96.901	0.08086383602140838
96.951	0.08086442543728271
97.001	0.08086501390631244
97.051	0.08086560143055785
97.101	0.0808661880120738
97.151	0.08086677365290894
97.201	0.08086735835510706
97.251	0.0808679421207055
97.301	0.08086852083518051
97.351	0.08086910273902366
97.401	0.08086968371233516
97.451	0.08087026375713013
97.501	0.08087084287541864
97.551	0.08087142106920517
97.601	0.0808719983404884
97.651	0.0808725746912619
97.701	0.08087315012351352
97.751	0.08087372463922582
97.801	0.08087429824037594
97.851	0.0809333053813625
97.901	0.08093381288111719
97.951	0.08093431958206933
98.001	0.08093482548591585
98.051	0.08093533059434861
98.101	0.08093583490905555
98.151	0.08093633843171912
98.201	0.08093684116401852
98.251	0.08093734310762733
98.301	0.08093784426421516
98.351	0.08093834463544712
98.401	0.08093884422298395
98.451	0.0809393430284815
98.501	0.08093984105359177
98.551	0.0809403382999619
98.601	0.08094083476923498
98.651	0.0809413304630495
98.701	0.08094182538303932
98.751	0.08094231953083467
98.801	0.08094281290806082
98.851	0.08094330551633888
98.901	0.08094379735728559
98.951	0.0809442884325135
99.001	0.08094477874363092
99.051	0.08094526829224197
99.101	0.08094575707994586
99.151	0.08094624510833838
99.201	0.08094673237901068
99.251	0.0809472188935497
99.301	0.08094770465353823
99.351	0.08094818966055498
99.401	0.08094867391617419
99.451	0.08094915742196598
99.501	0.08094964017949692
99.551	0.08095012219032868
99.601	0.08095060345601886
99.651	0.08095108397812154
99.701	0.08095156375818616
99.751	0.08095204279775847
99.801	0.08095252109837982
99.851	0.08095299866158745
99.901	0.08095347548891463
99.951	0.0809539515818912