0.001	1.5647619509041903e-8
0.051	0.00002303064051006629
0.101	0.00007828619133447144
0.151	0.0001591538761103086
0.201	0.0002620698154790756
0.251	0.00038454727358124636
0.301	0.000524674482957952
0.351	0.0006809004361322966
0.401	0.000851922550190627
0.451	0.0010366201508819417
0.501	0.0012340117405865135
0.551	0.0014432258759012786
0.601	0.0016634804083562847
0.651	0.0018940671531338237
0.701	0.0021343402370481816
0.751	0.002383707030180353
0.801	0.0026416209459262934
0.851	0.002907575626203509
0.901	0.0031811001756488627
0.951	0.003461755205020758
1.001	0.003749129509000918
1.051	0.004042837248500923
1.101	0.004342515539302632
1.151	0.004647822371709026
1.201	0.004958434802623669
1.251	0.005274047373937488
1.301	0.00559437072050474
1.351	0.0059191303381839035
1.401	0.006248065487972452
1.451	0.0065809282166226545
1.501	0.006917482477548335
1.551	0.007795325279085759
1.601	0.00814638400451676
1.651	0.008500471104901269
1.701	0.008857385125785303
1.751	0.009216933549667355
1.801	0.009578932281721752
1.851	0.009943205177363279
1.901	0.010309583607150858
1.951	0.010677906055123967
2.001	0.011048017747168713
2.051	0.011419770306437722
2.101	0.01179302143321195
2.151	0.012167634606904265
2.201	0.012543478808172413
2.251	0.012920428259340106
2.301	0.013298362181525011
2.351	0.013677164567046228
2.401	0.01405672396583539
2.451	0.013765755274361278
2.501	0.014139739156974841
2.551	0.014514256924445832
2.601	0.01488921543851997
2.651	0.015264525093056817
2.701	0.015640099669670875
2.751	0.016015856201097675
2.801	0.01639171484173908
2.851	0.0167675987448903
2.901	0.01714343394619428
2.951	0.01751914925290768
3.001	0.017894676138597684
3.051	0.01826994864291993
3.101	0.018644903276156203
3.151	0.019019478928216028
3.201	0.019393616781829406
3.251	0.019767260229678774
3.301	0.020140354795237368
3.351	0.020528720557678508
3.401	0.020899195051130852
3.451	0.021268977695123096
3.501	0.02163802198059167
3.551	0.02200628317246982
3.601	0.022373718249064936
3.651	0.02274028584390887
3.701	0.023105946189951772
3.751	0.02347066106597892
3.801	0.023834393745137315
3.851	0.024197108945466412
3.901	0.02455877278233381
3.951	0.024919352722682992
4.001	0.025278817541005878
4.051	0.025639584534668275
4.101	0.025997967425450245
4.151	0.026355138926445743
4.201	0.026711072573158127
4.251	0.027065743017619333
4.301	0.02741912599295004
4.351	0.02777119827916826
4.401	0.028121937670191836
4.451	0.028471322941983478
4.501	0.028819333821789504
4.551	0.029165950958426258
4.601	0.029511155893570493
4.651	0.02985493103401224
4.701	0.030197259624830962
4.751	0.030538125723457696
4.801	0.030877514174587575
4.851	0.03121541058590936
4.901	0.03155180130461973
4.951	0.03188667339469211
5.001	0.0322200146148706
5.051	0.03255181339736202
5.101	0.032882058827199245
5.151	0.03321074062225098
5.201	0.0335378491138539
5.251	0.0338633752280445
5.301	0.03418731046736864
5.351	0.0345096468932481
5.401	0.03483037710888416
5.451	0.03514949424267899
5.501	0.0354669919321571
5.551	0.03578286430836883
5.601	0.03609710598075976
5.651	0.03640971202248938
5.701	0.03672067795618437
5.751	0.03702999974011143
5.801	0.0373376737547556
5.851	0.037643696789790605
5.901	0.03794806603142826
5.951	0.038250779050134465
6.001	0.038551833788699814
6.051	0.038851228550653386
6.101	0.03914896198900857
6.151	0.039445033095330394
6.201	0.03973944118911415
6.251	0.040032185907465365
6.301	0.04032326719507187
6.351	0.04061268529445866
6.401	0.04090044073651688
6.451	0.04118653433129851
6.501	0.0414709671590686
6.551	0.04175374056160713
6.601	0.042034856133753046
6.651	0.04231431571518315
6.701	0.04259212138241878
6.751	0.042868275441053545
6.801	0.043142780418195484
6.851	0.043415639055117417
6.901	0.04368685430010935
6.951	0.04395642930152704
7.001	0.044224367401030945
7.051	0.044490672127010265
7.101	0.04475534718818645
7.151	0.045018396467391364
7.201	0.045279824015514794
7.251	0.04553963404561681
7.301	0.04579783092720009
7.351	0.04605441918063782
7.401	0.046309403471752775
7.451	0.04656278860654334
7.501	0.0468145795260525
7.551	0.04706478130137566
7.601	0.0473133991288036
7.651	0.047560438325096835
7.701	0.047805904322887734
7.751	0.04804980266620694
7.801	0.05418009050743425
7.851	0.06027550106260094
7.901	0.06048148228811988
7.951	0.060685991473885675
8.001	0.055067507683707065
8.051	0.04948059541157822
8.101	0.04971368387884468
8.151	0.04994525255583016
8.201	0.05017530780675478
8.251	0.05040385606864281
8.301	0.05063090384801414
8.351	0.050856457717666184
8.401	0.05108052431354267
8.451	0.05130311033168792
8.501	0.051524222525283936
8.551	0.05174386770176845
8.601	0.051962052720031515
8.651	0.05217878448768894
8.701	0.052394069958430066
8.751	0.052607916129438805
8.801	0.052820330038885435
8.851	0.053031318763486886
8.901	0.05324088941613511
8.951	0.05344904914359068
9.001	0.05365580512424024
9.051	0.05386116456591638
9.101	0.05406513470377815
9.151	0.05426772279825067
9.201	0.0544689361330225
9.251	0.05466878201309911
9.301	0.0548672677629112
9.351	0.05506440072447637
9.401	0.055260188255612845
9.451	0.055454637728203936
9.501	0.05564775652651198
9.551	0.055839552045540336
9.601	0.056030031689443136
9.651	0.05621920286997939
9.701	0.05640088255234317
9.751	0.056587350223370546
9.801	0.05677253108897992
9.851	0.05695643258479265
9.901	0.05713906214699271
9.951	0.05732042721103237
10.001	0.057500535210376194
10.051	0.05767939357528242
10.101	0.057857009731621035
10.151	0.0580261998609138
10.201	0.05820123983108096
10.251	0.058375059297734865
10.301	0.058547665666345006
10.351	0.058719066332622166
10.401	0.05888926868153609
10.451	0.05905828008636384
10.501	0.05922610790776783
10.551	0.059392759492903784
10.601	0.059558242174555874
10.651	0.059722563270300504
10.701	0.05988573008169692
10.751	0.06004774989350406
10.801	0.06019991708595836
10.851	0.06035954435533415
10.901	0.06051804594520613
10.951	0.060675429074286094
11.001	0.06083170094095144
11.051	0.060986868722606516
11.101	0.06114093957506523
11.151	0.06129392063195607
11.201	0.06144581900414742
11.251	0.06159664177919374
11.301	0.061746396020801696
11.351	0.06189508876831587
11.401	0.06204272703622332
11.451	0.06218931781367635
11.501	0.062334868064034855
11.551	0.06247938472442376
11.601	0.06262287470530983
11.651	0.06276534489009422
11.701	0.0629068021347216
11.751	0.06304725326730493
11.801	0.06318670508776611
11.851	0.06332516436749153
11.901	0.06346263784900232
11.951	0.06359913224563901
12.001	0.06373465424126022
12.051	0.06386921048995486
12.101	0.06400280761576782
12.151	0.06412336588022007
12.201	0.06425493566906096
12.251	0.06438556582769348
12.301	0.06451526286589902
12.351	0.06464403326221702
12.401	0.06477188346374263
12.451	0.06489881988593567
12.501	0.06502484891244015
12.551	0.06514997689491464
12.601	0.06527421015287212
12.651	0.06539755497353099
12.701	0.06552001761167475
12.751	0.06564160428952151
12.801	0.06576232119660276
12.851	0.06588217448965082
12.901	0.06600117029249582
12.951	0.06611931469596935
13.001	0.0662366137578188
13.051	0.06635307350262777
13.101	0.06646869992174528
13.151	0.06658349897322216
13.201	0.06669747658175511
13.251	0.06681205049853214
13.301	0.06692299100171867
13.351	0.06703453949536708
13.401	0.06714528991044295
13.451	0.0672552480042763
13.501	0.06736441950065084
13.551	0.06747281008979439
13.601	0.06758042542837507
13.651	0.06768727113950312
13.701	0.06779335281273918
13.751	0.06789867600410601
13.801	0.06800324623610757
13.851	0.068107068997752
13.901	0.06821014974458
13.951	0.06831249389869788
14.001	0.06841410684881519
14.051	0.06851499395028719
14.101	0.06861516052516137
14.151	0.06871461186222837
14.201	0.06881335321707717
14.251	0.06891138981215407
14.301	0.06900872683682567
14.351	0.06910536944744558
14.401	0.06920132276742477
14.451	0.06929659188730566
14.501	0.06939118186483914
14.551	0.06948509772506531
14.601	0.06957834446039755
14.651	0.06967092703070915
14.701	0.06976285036342335
14.751	0.06985411935360618
14.801	0.06994473886406213
14.851	0.07003471372543245
14.901	0.0701240487362961
14.951	0.07021274866327328
15.001	0.07030081824113114
15.051	0.07038826217289264
15.101	0.07047508512994624
15.151	0.0705612917521592
15.201	0.07064688664799221
15.251	0.07073187439461626
15.301	0.07081625953803142
15.351	0.07090004659318755
15.401	0.07098324004410672
15.451	0.07106584434400744
15.501	0.07114786391543053
15.551	0.07122930315036656
15.601	0.07131016641038486
15.651	0.07139045802676398
15.701	0.07147018230062353
15.751	0.07154934350305737
15.801	0.07162794587526813
15.851	0.07170599362870288
15.901	0.07178349094519
15.951	0.07186044197707724
16.001	0.07193685084737061
16.051	0.07201272164987459
16.101	0.07208805844933301
16.151	0.07216286528157102
16.201	0.07223714615363784
16.251	0.07231090504395028
16.301	0.07238414590243714
16.351	0.07245687265068419
16.401	0.07252908918207997
16.451	0.07260079936196204
16.501	0.07267200702776394
16.551	0.07274271598916277
16.601	0.07281293002822696
16.651	0.07288265289956504
16.701	0.07295188833047422
16.751	0.07302064002108985
16.801	0.073088911644535
16.851	0.07315670684707049
16.901	0.073224029248245
16.951	0.07329088244104578
17.001	0.07335726999204924
17.051	0.07342319544157187
17.101	0.07348866230382153
17.151	0.07355367406704848
17.201	0.07361823419369663
17.251	0.07368093984728746
17.301	0.07374459115952767
17.351	0.07380780097521777
17.401	0.07385984189556895
17.451	0.07393357826939381
17.501	0.07399549125045417
17.551	0.07405697587514626
17.601	0.07411803540636441
17.651	0.07417797489488236
17.701	0.07423818694165042
17.751	0.07429798368445627
17.801	0.074357368287842
17.851	0.07441634389251077
17.901	0.07447491361547827
17.951	0.07453308055022234
18.001	0.07459084776683278
18.051	0.07464821831216062
18.101	0.07470350707877339
18.151	0.07476007590018606
18.201	0.07481625695836212
18.251	0.07487205320867917
18.301	0.07492746758402156
18.351	0.07498250299492795
18.401	0.07503716232973824
18.451	0.07509144845474032
18.501	0.07514536421431584
18.551	0.07519891243108728
18.601	0.07525209590606198
18.651	0.07530491741877735
18.701	0.0753573797274456
18.751	0.07540948556909796
18.801	0.07546123765972766
18.851	0.07551263869443256
18.901	0.0755636913475586
18.951	0.07561439827284175
19.001	0.07566476210354962
19.051	0.07571478545262011
19.101	0.07576447091280535
19.151	0.07581382105680877
19.201	0.07586074502080516
19.251	0.07590941266418355
19.301	0.07595775249660637
19.351	0.0760057670120345
19.401	0.07605345868508037
19.451	0.07610082997113411
19.501	0.07614788330650576
19.551	0.07619462110855936
19.601	0.07624104577584671
19.651	0.07628715968824194
19.701	0.07633296520707457
19.751	0.07637846467526258
19.801	0.07642366041744399
19.851	0.07646855474010866
19.901	0.07651314993172906
19.951	0.07655505240720262
20.001	0.07659903522207256
20.051	0.07664272557180002
20.101	0.07668612567419351
20.151	0.0773817637363915
20.201	0.07742584610968327
20.251	0.0774696562475302
20.301	0.07751319613374315
20.351	0.07755646773522147
20.401	0.07759947300209472
20.451	0.0776422138678634
20.501	0.07768469224953882
20.551	0.07772691004778211
20.601	0.07776886914704222
20.651	0.07781057141569303
20.701	0.07785201870616967
20.751	0.07789321285510378
20.801	0.07726445254734492
20.851	0.07730375356317148
20.901	0.07734279753900195
20.951	0.07738158641415838
21.001	0.07742012211265974
21.051	0.07745840654333574
21.101	0.077496441599942
21.151	0.07753422916127341
21.201	0.07757177109127954
21.251	0.0776090692391743
21.301	0.07764612543954981
21.351	0.07768294151248888
21.401	0.07771951926366902
21.451	0.07775586048448191
21.501	0.07779196695213637
21.551	0.07782784042976845
21.601	0.07786348266653245
21.651	0.07789889539777349
21.701	0.07793408034503815
21.751	0.07796903921624325
21.801	0.07800377370576562
21.851	0.07803828549454218
21.901	0.07807257625018235
21.951	0.07810664762706496
22.001	0.07814050126644154
22.051	0.07817413879653816
22.101	0.07820756183264951
22.151	0.07824077197727455
22.201	0.07827377082015946
22.251	0.07830655993843556
22.301	0.07833914089671241
22.351	0.07837151524715825
22.401	0.07840368452962244
22.451	0.07843565027171621
22.501	0.07846741398891957
22.551	0.07849897718464091
22.601	0.07853034135034333
22.651	0.07856150796569529
22.701	0.07859247849853414
22.751	0.0786232544050495
22.801	0.07865383712985337
22.851	0.07868422810607058
22.901	0.0787144287554307
22.951	0.07874444048835506
23.001	0.07877426470405044
23.051	0.07880939420490925
23.101	0.07883896803075877
23.151	0.07886835715566244
23.201	0.07889756294074678
23.251	0.07892658673639688
23.301	0.07895542988234086
23.351	0.07898409370773374
23.401	0.07901257953124063
23.451	0.07904088866111943
23.501	0.07906902239530283
23.551	0.07909698202147986
23.601	0.07912476881717671
23.651	0.07915238404983714
23.701	0.0791798289769021
23.751	0.07920710484588897
23.801	0.07923421289447012
23.851	0.07926115435055094
23.901	0.07928793043234725
23.951	0.07931454234846226
24.001	0.07934099129796282
24.051	0.07936727847045517
24.101	0.0793934050461604
24.151	0.07941937219598871
24.201	0.07944518108161379
24.251	0.07947083285554635
24.301	0.07949632866120708
24.351	0.07952166963299916
24.401	0.07954685689638022
24.451	0.0795718915679337
24.501	0.07959677475543982
24.551	0.07962150755794578
24.601	0.07964592654131732
24.651	0.07967036007037741
24.701	0.07969464645106078
24.751	0.0797187867481627
24.801	0.07974278201809051
24.851	0.07976663330892557
24.901	0.07979034166050389
24.951	0.07981390810446358
25.001	0.07983733366432264
25.051	0.07986061935554123
25.101	0.07988376618558637
25.151	0.0799067751539962
25.201	0.07992964725244382
25.251	0.07995238346480033
25.301	0.07997498476719776
25.351	0.07999745212809138
25.401	0.08001978650832144
25.451	0.08004198886117452
25.501	0.08006406013244399
25.551	0.08008600126049222
25.601	0.08010781317630776
25.651	0.08012949680356668
25.701	0.08015105305869104
25.751	0.08017248285090742
25.801	0.08019378708230544
25.851	0.08021496664789474
25.901	0.0802360224356626
25.951	0.08025695532663063
26.001	0.08027776619491107
26.051	0.08029845590776265
26.101	0.08031902532564604
26.151	0.08033947530227885
26.201	0.08035980668469021
26.251	0.08038002031327492
26.301	0.08040011702184717
26.351	0.08042009763769382
26.401	0.08043996298162663
26.451	0.08045971386803741
26.501	0.08047935110494686
26.551	0.08049887549405568
26.601	0.0805182878307997
26.651	0.0805375889043982
26.701	0.08055677949790424
26.751	0.08057586038825527
26.801	0.08059483234632259
26.851	0.08061369613696054
26.901	0.08063245251905551
26.951	0.08065110224557413
27.001	0.08066964606360928
27.051	0.08068808471443671
27.101	0.08070641893354905
27.151	0.08072464945071144
27.201	0.080742776990006
27.251	0.08076080226987789
27.301	0.0807787260031811
27.351	0.08079654889722444
27.401	0.08081427165381573
27.451	0.08083231522757471
27.501	0.08084983766102931
27.551	0.08086726201435855
27.601	0.08088458896782022
27.651	0.08090181919641169
27.701	0.08091895336987337
27.751	0.08093599215275703
27.801	0.08095293620446178
27.851	0.08096978617927607
27.901	0.08098654272641913
27.951	0.08100250531987584
28.001	0.08101907684245438
28.051	0.08103555686080348
28.101	0.08105194600424886
28.151	0.08106824489725002
28.201	0.08108445415943982
28.251	0.08110057440566375
28.301	0.08111660624601895
28.351	0.08113255028589271
28.401	0.08114840712600113
28.451	0.08116417736242672
28.501	0.08117986158665637
28.551	0.0811954603856187
28.601	0.08121097434171833
28.651	0.08122640403288377
28.701	0.0812417500325875
28.751	0.08125701290989314
28.801	0.08127219322948831
28.851	0.0812872915517206
28.901	0.08130230843263268
28.951	0.08131724442399743
29.001	0.08133210007335263
29.051	0.0813468759240355
29.101	0.08136157251521677
29.151	0.08137582758343266
29.201	0.08139036464015603
29.251	0.08140482402038919
29.301	0.08141920624697659
29.351	0.08143351183874425
29.401	0.08144774131055724
29.451	0.0814618951733457
29.501	0.08147597393413693
29.551	0.08148997809608703
29.601	0.08150390815851252
29.651	0.08151776461692138
29.701	0.08153154796304417
29.751	0.08154525868486458
29.801	0.08155889726665001
29.851	0.0815724641889817
29.901	0.0815859599287847
29.951	0.08159938495935756
30.001	0.08161273975040181
30.051	0.08162602476805113
30.101	0.0816392404749004
30.151	0.08165238733003434
30.201	0.08166546578905612
30.251	0.0816784763041155
30.301	0.08169141932393693
30.351	0.08170429529384739
30.401	0.0817171046558038
30.451	0.08172984784842055
30.501	0.08174252530699648
30.551	0.08175513746354195
30.601	0.08176768474680497
30.651	0.08178016758229843
30.701	0.0817925863923258
30.751	0.08180494159600729
30.801	0.08181723360930561
30.851	0.08182946284505158
30.901	0.08184162971296946
30.951	0.08185373461970216
31.001	0.08186577796883615
31.051	0.08187776016092618
31.101	0.08188968159352418
31.151	0.08190154266118659
31.201	0.08190060887267422
31.251	0.08191235903835051
31.301	0.08192405035687451
31.351	0.08193568320695684
31.401	0.08194725796446661
31.451	0.0819587750024591
31.501	0.08197023469119857
31.551	0.08198163739816634
31.601	0.0819929834881417
31.651	0.08200427332313766
31.701	0.08201550726248087
31.751	0.08202668566282609
31.801	0.08203780887814459
31.851	0.0820488772597988
31.901	0.08205989115652466
31.951	0.08207085091447472
32.001	0.0820817568772177
32.051	0.0820926093857769
32.101	0.08210340877864407
32.151	0.08211415539180096
32.201	0.0821248495587396
32.251	0.08213549161048252
32.301	0.08214608187560284
32.351	0.08215662068024397
32.401	0.08216710834813944
32.451	0.08217754520063227
32.501	0.08218793155669422
32.551	0.08219826773294575
32.601	0.08220855404366977
32.651	0.08221879080084732
32.701	0.08222897831415238
32.751	0.08223911689098594
32.801	0.08224920683649076
32.851	0.08225924845356931
32.901	0.08226924204290205
32.951	0.08227918790296528
33.001	0.08228908633004893
33.051	0.08229893761827424
33.101	0.08230874205961114
33.151	0.08231849994389835
33.201	0.08232821155884991
33.251	0.08233787719008796
33.301	0.08234749712114928
33.351	0.08235707163350459
33.401	0.08236660100657517
33.451	0.08237608551774933
33.501	0.08238552544239879
33.551	0.08239492105389475
33.601	0.08240427262362411
33.651	0.08241358042100529
33.701	0.0824228447135039
33.751	0.08243206747562991
33.801	0.08244124540037755
33.851	0.08245038061032862
33.901	0.08245947336529229
33.951	0.08246852392320195
34.001	0.08247753254013035
34.051	0.08248649947030441
34.101	0.08249542496612003
34.151	0.08250430927815668
34.201	0.08251315265519191
34.251	0.08252195534421647
34.301	0.08253071759044579
34.351	0.08253943963733824
34.401	0.08254812172660637
34.451	0.08255676409823164
34.501	0.08256536699047805
34.551	0.0825739306399059
34.601	0.08258245528138537
34.651	0.08259094114810989
34.701	0.08259938847160953
34.751	0.0826077974817642
34.801	0.08261616840681676
34.851	0.08262450147338599
34.901	0.08263279690647951
34.951	0.0826410549295066
35.001	0.08264927576429079
35.051	0.08265745963108245
35.101	0.0826656067485713
35.151	0.08267371733389871
35.201	0.08268179160266995
35.251	0.08268982976896638
35.301	0.0826978320453575
35.351	0.08270579864291282
35.401	0.0827137297712138
35.451	0.08272162563836552
35.501	0.08272948645100837
35.551	0.0827373124143296
35.601	0.08274510373207475
35.651	0.08275285597634323
35.701	0.08276057842640584
35.751	0.0827682668327945
35.801	0.08277592139359935
35.851	0.08278354230552472
35.901	0.08279112976389989
35.951	0.08279868396269002
36.001	0.08280620509450677
36.051	0.08281369335061896
36.101	0.08282114892096305
36.151	0.08282857199415365
36.201	0.08283596275749379
36.251	0.08284332139698761
36.301	0.08285064809734115
36.351	0.08285794304198636
36.401	0.08286520641308193
36.451	0.08287243839152547
36.501	0.0828796391569624
36.551	0.08288680888779956
36.601	0.08289394776120915
36.651	0.08290105595314211
36.701	0.08290813363833674
36.751	0.08291518099032692
36.801	0.08292219818145614
36.851	0.08292918538287984
36.901	0.08293614276449945
36.951	0.08294307049528536
37.001	0.08294996874281942
37.051	0.08295683767361556
37.101	0.08296367745303522
37.151	0.08297048824532233
37.201	0.08297727021359477
37.251	0.08298402351985736
37.301	0.08299074832501596
37.351	0.08299744478886423
37.401	0.08300411307012434
37.451	0.08301075332643418
37.501	0.08301736571436086
37.551	0.083023950389409
37.601	0.08303050750602893
37.651	0.08303703721762476
37.701	0.08304353967656251
37.751	0.08305001503417798
37.801	0.08305646344078481
37.851	0.08306288504568218
37.901	0.08306927999716274
37.951	0.0830756484425202
38.001	0.08308199052805616
38.051	0.08308830639909141
38.101	0.08309459619996784
38.151	0.08310086007410024
38.201	0.08310709816380832
38.251	0.08311331061061748
38.301	0.08311949755502675
38.351	0.0831256591366093
38.401	0.08313177963572345
38.451	0.08313789067900103
38.501	0.08314397677174563
38.551	0.08315003804984294
38.601	0.08315607464827458
38.651	0.08316208670112489
38.701	0.08316807434158781
38.751	0.08317403770197361
38.801	0.08317997691371559
38.851	0.08318589210737679
38.901	0.08319178341265646
38.951	0.08319765095842752
39.001	0.0832034948726215
39.051	0.08320931528241483
39.101	0.08321511231411685
39.151	0.08322088609320535
39.201	0.08322663674430922
39.251	0.08323236439130807
39.301	0.08323806915719999
39.351	0.08324375116419888
39.401	0.08324941053371793
39.451	0.08325504738637537
39.501	0.08326066184200177
39.551	0.08326625401964394
39.601	0.08327182403757215
39.651	0.0832773720132856
39.701	0.08328289806351825
39.751	0.08328840230424453
39.801	0.083293884850685
39.851	0.08329934581731202
39.901	0.08330478531785533
39.951	0.08331020346530761
40.001	0.08331560037192996
40.051	0.08332097614920425
40.101	0.08332633090804843
40.151	0.08333166475851082
40.201	0.08333697780998038
40.251	0.08334227017114129
40.301	0.08334754194997833
40.351	0.08366357434206524
40.401	0.08366870368842551
40.451	0.08367381604241873
40.501	0.08336842537759005
40.551	0.0833735958404579
40.601	0.08337874635450908
40.651	0.08338387702297498
40.701	0.08338898794842797
40.751	0.08339407923278619
40.801	0.08339915097731836
40.851	0.0834042032826486
40.901	0.0834092362487612
40.951	0.08341424997500527
41.001	0.08341924456009946
41.051	0.08342422010213657
41.101	0.08342917669858815
41.151	0.08343411444630909
41.201	0.08343903344154212
41.251	0.08344393377992226
41.301	0.08344881555648134
41.351	0.08345367886564214
41.401	0.08345852380126324
41.451	0.08346335045658336
41.501	0.0834681589242652
41.551	0.08347294929639003
41.601	0.08347772166446174
41.651	0.08348247611941127
41.701	0.0834872127516008
41.751	0.08349193165082722
41.801	0.0834966329063273
41.851	0.08350151214164106
41.901	0.08350617736929342
41.951	0.08351082521978102
42.001	0.08351545578011793
42.051	0.0835200691367777
42.101	0.08352466537569739
42.151	0.08352924458230257
42.201	0.08353380684142722
42.251	0.08353835223737231
42.301	0.08354288085410363
42.351	0.08354739277486621
42.401	0.08355188808245811
42.451	0.08355636685916737
42.501	0.08356082918677563
42.551	0.0835652751465618
42.601	0.08356970481930565
42.651	0.08357411828529142
42.701	0.08357851562431132
42.751	0.08358289691566911
42.801	0.08358726223818363
42.851	0.08359161167019201
42.901	0.08359594528955348
42.951	0.0836002631736526
43.001	0.08360456539944817
43.051	0.08360885204329643
43.101	0.08361312318122176
43.151	0.08361737888863945
43.201	0.08362161924081457
43.251	0.08362584431225559
43.301	0.08363005417711498
43.351	0.083634248909101
43.401	0.08363842858147535
43.451	0.0836425932670578
43.501	0.08364674303822923
43.551	0.08365087796693481
43.601	0.08365499812468695
43.651	0.0836591035825685
43.701	0.08366319441123385
43.751	0.08366727068091923
43.801	0.08367133246143488
43.851	0.08367537982217518
43.901	0.08367941283211977
43.951	0.0836834315598365
44.001	0.08368743607348428
44.051	0.08369142644081644
44.101	0.08369540272918177
44.151	0.08369936500552999
44.201	0.08370331333642035
44.251	0.08370724778799486
44.301	0.08371116842602568
44.351	0.08371507531588836
44.401	0.08371896852257178
44.451	0.083722848110681
44.501	0.08372671414443975
44.551	0.08373056668769321
44.601	0.08373440580391062
44.651	0.0837382315561878
44.701	0.0837420440072499
44.751	0.08374584321945379
44.801	0.08374962925479074
44.851	0.08375340217488887
44.901	0.08375716204101574
44.951	0.08376090891408075
45.001	0.08376464285463366
45.051	0.08376836392288291
45.101	0.08377207217867443
45.151	0.08377576768151834
45.201	0.08377945049055299
45.251	0.08378312066459874
45.301	0.08378677826212627
45.351	0.08379042334126521
45.401	0.08379405595981732
45.451	0.08379767617523702
45.501	0.08380128404465552
45.551	0.08380487962487211
45.601	0.08380846297235862
45.651	0.08381203414326167
45.701	0.08381559319340491
45.751	0.08381914017829109
45.801	0.08382267515310442
45.851	0.08382619817271264
45.901	0.08382970929166915
45.951	0.08383320856421521
46.001	0.08383669604428198
46.051	0.08384017178549272
46.101	0.08384363584116473
46.151	0.08384708826431159
46.201	0.08385052910764505
46.251	0.0838539584235772
46.301	0.08385737626422238
46.351	0.08386078268137931
46.401	0.08386417772661206
46.451	0.08386756145113469
46.501	0.0838709339058907
46.551	0.08387429514153573
46.601	0.08387764520843954
46.651	0.08388098415668792
46.701	0.08388431203608455
46.751	0.083887628896153
46.801	0.08389093478613847
46.851	0.08389422975500968
46.901	0.08389751385146078
46.951	0.08390078712391315
47.001	0.08390404962051716
47.051	0.08390730138915418
47.101	0.0839105424774378
47.151	0.08391377293271643
47.201	0.08391699280207444
47.251	0.08392020213233423
47.301	0.08392340097005772
47.351	0.08392658936154834
47.401	0.08392976735285247
47.451	0.08393293498976137
47.501	0.08393609231781271
47.551	0.08393923938232797
47.601	0.08394237622827287
47.651	0.08394550290046875
47.701	0.08394861944345572
47.751	0.08395172590152868
47.801	0.08395482231873874
47.851	0.0839579087388949
47.901	0.08396098520556569
47.951	0.08396405176208077
48.001	0.08396710845153237
48.051	0.08397015531677686
48.101	0.08397319240043637
48.151	0.08397621974490031
48.201	0.08397923739232682
48.251	0.08398224538467397
48.301	0.08398524376358374
48.351	0.08398823257055815
48.401	0.08399121184684527
48.451	0.08399418163346946
48.501	0.08399714197123268
48.551	0.08400009290071593
48.601	0.0840030344623616
48.651	0.08400596669615454
48.701	0.08400888964209934
48.751	0.08401180333990745
48.801	0.0840147078290765
48.851	0.08401760314889156
48.901	0.08402048933842654
48.951	0.08402336643654565
49.001	0.08402623448190456
49.051	0.08402909351295183
49.101	0.08403194356793037
49.151	0.0840347846848784
49.201	0.08403761690163128
49.251	0.08404044025582226
49.301	0.08404325478495095
49.351	0.08404606052611986
49.401	0.08404885751642875
49.451	0.08405164579271639
49.501	0.08405442539162598
49.551	0.08405719634960647
49.601	0.08405995870291388
49.651	0.08406271248761227
49.701	0.08406545773957518
49.751	0.08406819449448684
49.801	0.08407092278784324
49.851	0.08407364265495326
49.901	0.08407635413094022
49.951	0.08407905725074213
50.001	0.08408175204911494
50.051	0.08408443856063098
50.101	0.08408711681968173
50.151	0.08408978686047881
50.201	0.0840924487170549
50.251	0.08409510242326469
50.301	0.08409774801278636
50.351	0.08410038551912263
50.401	0.08410301497560142
50.451	0.08410563641537779
50.501	0.08410824987143396
50.551	0.08411085537658129
50.601	0.08411345296346087
50.651	0.08411604266454469
50.701	0.08411862451213692
50.751	0.08412119853837402
50.801	0.08412376477522748
50.851	0.08412632325450324
50.901	0.08412887400784334
50.951	0.0841314170667272
51.001	0.08413395246247225
51.051	0.08413648022623497
51.101	0.08413900038901201
51.151	0.0841415129816407
51.201	0.08414401803480123
51.251	0.08414651557901642
51.301	0.08414900564465316
51.351	0.08415148826192304
51.401	0.08415396346088339
51.451	0.08415643127143978
51.501	0.08415889172334372
51.551	0.08416134484619701
51.601	0.0841637906694502
51.651	0.0841662292224045
51.701	0.08416866053421253
51.751	0.08417108463388057
51.801	0.08417350155026607
51.851	0.08417591131208248
51.901	0.08417831394789721
51.951	0.08418070948613422
52.001	0.084183097955074
52.051	0.08418547938285485
52.101	0.08418785379747373
52.151	0.08419022122678703
52.201	0.08419258169851115
52.251	0.08419493524022342
52.301	0.08419728187936419
52.351	0.08419962164323506
52.401	0.08420195455900219
52.451	0.08420428065369685
52.501	0.08420659995421374
52.551	0.08420891248731449
52.601	0.08421121827962837
52.651	0.08421351735765123
52.701	0.08421580974774782
52.751	0.08421809547615167
52.801	0.08422037456896687
52.851	0.08422264705216893
52.901	0.08422491295160375
52.951	0.08422717229298816
53.001	0.08422942510191676
53.051	0.08423167140385343
53.101	0.08423391122413763
53.151	0.08423614458798685
53.201	0.08423837152049067
53.251	0.0842401172679621
53.301	0.08424184360278808
53.351	0.08424405343680187
53.401	0.0842462569318361
53.451	0.08424845411240105
53.501	0.08424424990749337
53.551	0.08424522881323733
53.601	0.08424742278664224
53.651	0.08424961049234492
53.701	0.08425179195448577
53.751	0.08425359527672456
53.801	0.08425408305474488
53.851	0.0842561835031993
53.901	0.08425677210845647
53.951	0.08425708728199655
54.001	0.08425783686971425
54.051	0.08426015089757467
54.101	0.08426229698953402
54.151	0.08426407106279694
54.201	0.08426486379478099
54.251	0.08426540097774031
54.301	0.08427014290979859
54.351	0.08427119165074229
54.401	0.08427330512540672
54.451	0.08427541265151425
54.501	0.08427679376057459
54.551	0.08427889089309955
54.601	0.08428098213999383
54.651	0.08428306752352371
54.701	0.08428256447419419
54.751	0.0842869470845384
54.801	0.08428858578156743
54.851	0.08428998665781735
54.901	0.08429055680677375
54.951	0.08429146094970327
55.001	0.08429661578507842
55.051	0.08429611727605948
55.101	0.08429748739793899
55.151	0.08429604943698835
55.201	0.08429687874579715
55.251	0.08429846162699503
55.301	0.08430023889885237
55.351	0.08430116591448542
55.401	0.08430343374951141
55.451	0.0843047829518437
55.501	0.0843047799899056
55.551	0.08430504748317137
55.601	0.08430878045370867
55.651	0.08430854429473521
55.701	0.08431203443323677
55.751	0.08431060372038922
55.801	0.08431198325405052
55.851	0.08431567755075711
55.901	0.08431442104820006
55.951	0.08431636003343625
56.001	0.08431799214146544
56.051	0.08431936131576316
56.101	0.08432077443199844
56.151	0.08432081681145714
56.201	0.0843225196754033
56.251	0.08432339394224943
56.301	0.08432383673461061
56.351	0.08432541045933978
56.401	0.08432585720673809
56.451	0.08432662491577342
56.501	0.08432738479439357
56.551	0.08434366284309576
56.601	0.08434507640937722
56.651	0.08434697297143451
56.701	0.08434442889931333
56.751	0.08434738011164468
56.801	0.08435318398006912
56.851	0.084355059185414
56.901	0.08435692934679728
56.951	0.08435934687614367
57.001	0.0843675101319849
57.051	0.08436935231906662
57.101	0.08437118957284004
57.151	0.08436094934166394
57.201	0.08436293502821234
57.251	0.08436478011190386
57.301	0.08436735302583834
57.351	0.08437169384839868
57.401	0.0843698806555847
57.451	0.08437170246482872
57.501	0.08437352386415732
57.551	0.08436937494358998
57.601	0.08437096271906802
57.651	0.08437278123893797
57.701	0.08437892587239343
57.751	0.08438570586765397
57.801	0.08438703800985434
57.851	0.08438882086070197
57.901	0.08440272599191437
57.951	0.08440447692616013
58.001	0.0844051920107817
58.051	0.08440693567744874
58.101	0.08440867476039338
58.151	0.08441040927583598
58.201	0.08439439126457304
58.251	0.08440037527981621
58.301	0.08438756585821985
58.351	0.084389333983237
58.401	0.08440300220160284
58.451	0.08440473919412049
58.501	0.08440660549610128
58.551	0.08440833316281371
58.601	0.08440386377374101
58.651	0.0844055940055579
58.701	0.08440731972720346
58.751	0.0843918365847406
58.801	0.08440252519509615
58.851	0.08440425232066301
58.901	0.08440560341662307
58.951	0.08440732226468649
59.001	0.08440903665352298
59.051	0.08440601427932534
59.101	0.08440563572678833
59.151	0.08439703737545466
59.201	0.08440964458110965
59.251	0.0843961323408004
59.301	0.08439785932698174
59.351	0.08439958185094718
59.401	0.08440029446388521
59.451	0.08440200994526748
59.501	0.08440372100561558
59.551	0.08440542766029015
59.601	0.08443363074665447
59.651	0.08443528108098955
59.701	0.08443692718766192
59.751	0.08442362539314353
59.801	0.08442517609021595
59.851	0.08442683653763741
59.901	0.08442821365273885
59.951	0.0844298660887829
60.001	0.08441373167008628
60.051	0.08441231839170175
60.101	0.0844139955982756
60.151	0.08441550782741078
60.201	0.08442460007384456
60.251	0.0844262512816545
60.301	0.08442789829342642
60.351	0.08444272349789608
60.401	0.08442928800018899
60.451	0.08443092597616904
60.501	0.0844407421387896
60.551	0.08444235710293752
60.601	0.08444396798780383
60.651	0.08444195823875551
60.701	0.08444356745386179
60.751	0.08445882472471732
60.801	0.08445992879060414
60.851	0.08444519922614625
60.901	0.08445869580106725
60.951	0.0844455084010652
61.001	0.08443099238999273
61.051	0.08443261303089318
61.101	0.08443422960123124
61.151	0.084435495214339
61.201	0.08443710429516504
61.251	0.08443776845668931
61.301	0.0844393711436847
61.351	0.08444096982226953
61.401	0.08444256450596122
61.451	0.08444541563042081
61.501	0.08444181903709422
61.551	0.08444308382748758
61.601	0.08444895858219775
61.651	0.08444256536190825
61.701	0.08445681277260339
61.751	0.08445837146590532
61.801	0.08446690562572319
61.851	0.08446844435160542
61.901	0.0844700791501739
61.951	0.08447161010083264
62.001	0.08446828905256969
62.051	0.08447371943290702
62.101	0.08447524074045439
62.151	0.08447675830034534
62.201	0.08447827212501752
62.251	0.08447978222689584
62.301	0.0844807612013098
62.351	0.08448692510762774
62.401	0.08448841695682156
62.451	0.08448990515151579
62.501	0.08448738941551719
62.551	0.08448887723014727
62.601	0.08449322953960367
62.651	0.08448760494757912
62.701	0.08450364522989627
62.751	0.08450510088034187
62.801	0.08450126722909197
62.851	0.08450272474624794
62.901	0.08450072815974043
62.951	0.084502803670798
63.001	0.0845042555360222
63.051	0.08450570387983407
63.101	0.08451519187258882
63.151	0.0845166195237403
63.201	0.08450403671513611
63.251	0.08450548129193795
63.301	0.08450692237727335
63.351	0.08450564891492174
63.401	0.0845070877949801
63.451	0.08450852320455143
63.501	0.08450995515490861
63.551	0.08451138365727852
63.601	0.08450906883445336
63.651	0.08451049677445721
63.701	0.0845119212834059
63.751	0.08450256030438741
63.801	0.08449798762075983
63.851	0.08450407003759024
63.901	0.0845055012516498
63.951	0.08450474143148687
64.001	0.08450571104236428
64.051	0.08450002415331184
64.101	0.08451109406949854
64.151	0.08452112318721575
64.201	0.08452251976888027
64.251	0.08452391302419394
64.301	0.08452502595990291
64.351	0.08452627055336866
64.401	0.08452765459456962
64.451	0.08452903535000982
64.501	0.08452738058191285
64.551	0.08454451017099338
64.601	0.08454586004144736
64.651	0.08454720672219172
64.701	0.08454855022332958
64.751	0.08454974798407998
64.801	0.0845513711602779
64.851	0.08454818192636762
64.901	0.08453914616485507
64.951	0.08454049831664595
65.001	0.08454184728615137
65.051	0.08454403709306657
65.101	0.08454534268789315
65.151	0.08456078274936017
65.201	0.08456209453189364
65.251	0.08455893936240665
65.301	0.08456025233426502
65.351	0.08456268899790484
65.401	0.08456399388714965
65.451	0.08456524261859708
65.501	0.08456654151594552
65.551	0.08455246389266681
65.601	0.08455378204006145
65.651	0.08455509711630854
65.701	0.0845564091310417
65.751	0.08455771809385625
65.801	0.08456194328257408
65.851	0.08456324132204936
65.901	0.08456453635072876
65.951	0.08458140828709051
66.001	0.08458267209668918
66.051	0.08458393298692103
66.101	0.08458519096686934
66.151	0.08458644604547766
66.201	0.08458769823187792
66.251	0.08458894753497206
66.301	0.08458723277472642
66.351	0.08458707863439921
66.401	0.08459067213879538
66.451	0.08459039713053988
66.501	0.08459150314583032
66.551	0.08459106545869076
66.601	0.08459230327146411
66.651	0.0845935382506452
66.701	0.08459477040495739
66.751	0.08459599974309011
66.801	0.08459709273177307
66.851	0.08457858918161126
66.901	0.08459790170339436
66.951	0.08459912271078937
67.001	0.08460034093779303
67.051	0.08460155639291979
67.101	0.0846027690846508
67.151	0.08460397902143467
67.201	0.08460518621168726
67.251	0.08460639066379205
67.301	0.08460759238610017
67.351	0.08460879138693045
67.401	0.08460998767456973
67.451	0.08461118125727318
67.501	0.08461237214326138
67.551	0.08461356034073111
67.601	0.08461474585784019
67.651	0.08461592870271752
67.701	0.08461710888346097
67.751	0.08461828640813733
67.801	0.08461946128478258
67.851	0.08462063352140207
67.901	0.08458360970162238
67.951	0.08459543630922141
68.001	0.08459593115832499
68.051	0.08459713737766585
68.101	0.08459834088773277
68.151	0.0845995416967198
68.201	0.08460073981278673
68.251	0.08460193524406502
68.301	0.08460312799865399
68.351	0.0846336119635198
68.401	0.08463475398448937
68.451	0.08463589346157294
68.501	0.08463703040238744
68.551	0.08461876766819029
68.601	0.08461992971865927
68.651	0.08462108918293065
68.701	0.08462224606874418
68.751	0.0846234003838162
68.801	0.08462455213583266
68.851	0.08462570133245015
68.901	0.08462684798129594
68.951	0.08462984014080553
69.001	0.08463097877803796
69.051	0.08463211489751384
69.101	0.0846332485067176
69.151	0.0846343796131094
69.201	0.0846190172443959
69.251	0.08462016862132238
69.301	0.0846213174579291
69.351	0.08462246376176083
69.401	0.08460514281203142
69.451	0.0846008173291803
69.501	0.08461733941589693
69.551	0.08457747850808751
69.601	0.08457825923454763
69.651	0.08457945667793917
69.701	0.08458043300784136
69.751	0.08459272767372304
69.801	0.08459391082561239
69.851	0.0845908598584765
69.901	0.08459204443335509
69.951	0.0845932264087499
70.001	0.08459440579235135
70.051	0.08459558259182093
70.101	0.0845977450624071
70.151	0.08459891508189087
70.201	0.08460008254433042
70.251	0.08460124745726115
70.301	0.08460240982818694
70.351	0.08460290753732343
70.401	0.08460406586563575
70.451	0.08460522167184241
70.501	0.08460637496334479
70.551	0.08461393857206738
70.601	0.08460867403170826
70.651	0.0846098198232361
70.701	0.08461069672705014
70.751	0.0846118379107177
70.801	0.08461297662281982
70.851	0.0846125225786738
70.901	0.08461365886538082
70.951	0.084614792695938
71.001	0.08461915941891036
71.051	0.08462028334532329
71.101	0.08462140484912495
71.151	0.08462252393735117
71.201	0.08462158875720159
71.251	0.08462121590477693
71.301	0.08462217470647136
71.351	0.08462328995369188
71.401	0.08463303038793257
71.451	0.08463759006232818
71.501	0.08463867983117383
71.551	0.08463976726916235
71.601	0.08464084373362095
71.651	0.08463989469069157
71.701	0.08463835496280298
71.751	0.08463944033603071
71.801	0.08464052339468982
71.851	0.08465200601931591
71.901	0.08465567648560302
71.951	0.08464992056900195
72.001	0.08465098527849475
72.051	0.0846452661760722
72.101	0.08464633661404267
72.151	0.08464740478025724
72.201	0.08464847068120664
72.251	0.08464953432330591
72.301	0.08465059571310216
72.351	0.08465836488416832
72.401	0.08465598014112229
72.451	0.08465702987738391
72.501	0.08465807739848248
72.551	0.08466176899969463
72.601	0.08466280815612656
72.651	0.08466384512539661
72.701	0.08466487991134579
72.751	0.08467077615820366
72.801	0.08467179933455816
72.851	0.08467282036529793
72.901	0.08466975928782532
72.951	0.08467078213493487
73.001	0.08466850819704781
73.051	0.08466953164940672
73.101	0.08467055296087997
73.151	0.08467157213749268
73.201	0.08468165077170585
73.251	0.08468265227002823
73.301	0.08468365168245022
73.351	0.08468464901481286
73.401	0.0846856442729366
73.451	0.0846808937977696
73.501	0.08468189341494915
73.551	0.08468289095566017
73.601	0.08468388642570332
73.651	0.08468487983085887
73.701	0.08468587117688671
73.751	0.08469262788238408
73.801	0.0846936066450121
73.851	0.08469458338534068
73.901	0.08469555810876159
73.951	0.08469653082087276
74.001	0.08468519215782586
74.051	0.08468617861052789
74.101	0.08468716302892754
74.151	0.08468814541866775
74.201	0.0846891257853716
74.251	0.08468860581929243
74.301	0.08469168872978967
74.351	0.08469265371269644
74.401	0.08469361672372512
74.451	0.0846836458718657
74.501	0.08468462059823832
74.551	0.08468559333441733
74.601	0.08468656408592086
74.651	0.08468753285824783
74.701	0.08468849965687802
74.751	0.0846876062035495
74.801	0.08468857173249084
74.851	0.084689535298125
74.901	0.08469672080847507
74.951	0.08469767148647361
75.001	0.08470161651406297
75.051	0.08470555950471965
75.101	0.08470650429396832
75.151	0.08470744716359462
75.201	0.08470838811884211
75.251	0.08470932716493627
75.301	0.08471026430708457
75.351	0.08472376295114536
75.401	0.08472467856696113
75.451	0.08472559233306048
75.501	0.08472650425446214
75.551	0.08472741433616758
75.601	0.08472832258316121
75.651	0.08472922900041031
75.701	0.08473013359286524
75.751	0.08473103636545941
75.801	0.0847319373231094
75.851	0.08473283647071499
75.901	0.08473373381315931
75.951	0.08473462935528245
76.001	0.08470283499381034
76.051	0.08470377281049962
76.101	0.08470470874169651
76.151	0.08470564279255535
76.201	0.0847065749681594
76.251	0.08470750527357451
76.301	0.08470990355190754
76.351	0.08467963090538955
76.401	0.08468235672817434
76.451	0.08467723671933836
76.501	0.08467767315719237
76.551	0.0846786047423768
76.601	0.0846760874537287
76.651	0.08467670520341607
76.701	0.08467767203978739
76.751	0.08468904852821638
76.801	0.0846899968678705
76.851	0.0846909433148983
76.901	0.08469132662093481
76.951	0.08469227007662351
77.001	0.08469321165322075
77.051	0.08469415159337816
77.101	0.08470307661544986
77.151	0.0847040014489988
77.201	0.08470492444762992
77.251	0.08470584561630684
77.301	0.08470676519316292
77.351	0.08470768271564744
77.401	0.0847085984227556
77.451	0.084709512319322
77.501	0.08470702925011143
77.551	0.08470794429551427
77.601	0.0847088575365894
77.651	0.08471173720355248
77.701	0.08471263441180914
77.751	0.08471353955226248
77.801	0.08471444291106493
77.851	0.08471534449301601
77.901	0.08471624430282017
77.951	0.08471629166137747
78.001	0.08471718910266574
78.051	0.08471808478336286
78.101	0.08471897870811787
78.151	0.08472794261222312
78.201	0.08472881235033257
78.251	0.0847296900037963
78.301	0.0847305659411513
78.351	0.08473144016898665
78.401	0.0847323126917902
78.451	0.08473318351403479
78.501	0.08473405264017847
78.551	0.08473492007466446
78.601	0.08473578582192128
78.651	0.08473664988636277
78.701	0.08473751227238815
78.751	0.08473837319357579
78.801	0.08473923223511012
78.851	0.08474008960456962
78.901	0.08474094531985504
78.951	0.08474179938055112
79.001	0.08474265199210025
79.051	0.08474350274961488
79.101	0.0847443518633926
79.151	0.08474519933770377
79.201	0.08474604517680473
79.251	0.08474688938493789
79.301	0.08474773196633154
79.351	0.08474857292520031
79.401	0.08474941226574498
79.451	0.08475024999215251
79.501	0.08475108610859623
79.551	0.08475192061923577
79.601	0.0847527535282172
79.651	0.08475358483967303
79.701	0.0847544145577223
79.751	0.08475524268647062
79.801	0.08475606923001022
79.851	0.08475689419442045
79.901	0.08475771757976364
79.951	0.08475853939209506
80.001	0.08475935963531496
80.051	0.08476017830974253
80.101	0.08476099542722319
80.151	0.08476181098777051
80.201	0.08476262499537159
80.251	0.0847634374540006
80.301	0.08476424836761887
80.351	0.08476505774017494
80.401	0.08476586557560459
80.451	0.08476667188018933
80.501	0.08474148377117868
80.551	0.08474232130442792
80.601	0.08474315724623234
80.651	0.08474399160066229
80.701	0.08474482437177584
80.751	0.08474565556361699
80.801	0.08474648518021698
80.851	0.08474731322559402
80.901	0.08474813970375329
80.951	0.08474896461868714
81.001	0.08474978797437492
81.051	0.08475060977478323
81.101	0.08475143002386587
81.151	0.08475224872556389
81.201	0.0847530658838057
81.251	0.08475388150250705
81.301	0.08475469558557112
81.351	0.08475550813688856
81.401	0.08475631916040309
81.451	0.08475712865985077
81.501	0.08475793663914917
81.551	0.08474688896169916
81.601	0.08473006328551717
81.651	0.08474158069317424
81.701	0.08476115343148577
81.751	0.084761953867331
81.801	0.08476275280596456
81.851	0.08476355025107946
81.901	0.08476434620643172
81.951	0.08476514067576539
82.001	0.08476593366281257
82.051	0.08476672517129356
82.101	0.08476751520491681
82.151	0.08479321455799586
82.201	0.08479396958389823
82.251	0.0847947232097184
82.301	0.08479547543894252
82.351	0.08479622627504572
82.401	0.0847969757214923
82.451	0.0847977237817356
82.501	0.08479847045921815
82.551	0.08479921575737173
82.601	0.08479995967961726
82.651	0.08480070222936505
82.701	0.08480144341001469
82.751	0.08480218322495518
82.801	0.08480292167756481
82.851	0.08480365877121147
82.901	0.08480439450938769
82.951	0.08492914517269091
83.001	0.08492972272697934
83.051	0.08493029923319723
83.101	0.0849308746938838
83.151	0.0849314491115706
83.201	0.08493202248878141
83.251	0.08475707195029862
83.301	0.08475786372112912
83.351	0.08475865403475621
83.401	0.08475944289497232
83.451	0.0847602303050246
83.501	0.08476101626867848
83.551	0.0847618007895131
83.601	0.08476258387109627
83.651	0.08476336551698466
83.701	0.08476414573072387
83.751	0.08476492451584823
83.801	0.08476570187588114
83.851	0.08475800059392014
83.901	0.0847587860476768
83.951	0.08475957006489725
84.001	0.08476035264912181
84.051	0.08476113380387976
84.101	0.0847619135326893
84.151	0.08476269183905771
84.201	0.08476346872648129
84.251	0.08476424419844542
84.301	0.08476501825842474
84.351	0.08476579090988295
84.401	0.08476656215652997
84.451	0.08476733200129763
84.501	0.08475974981614119
84.551	0.08476052751363827
84.601	0.08476130379864787
84.651	0.08476207867462777
84.701	0.08476285214502495
84.751	0.08476362421327574
84.801	0.08476439488280584
84.851	0.08476516415703035
84.901	0.08476593203935368
84.951	0.08476669853316975
85.001	0.08476746364186213
85.051	0.08476822736880381
85.101	0.08476898971766039
85.151	0.08476975069118102
85.201	0.08477051029296148
85.251	0.0847712685264246
85.301	0.08477202539484649
85.351	0.08477278090155012
85.401	0.0847735350498127
85.451	0.08477428784293685
85.501	0.08476471075636619
85.551	0.08476547390828462
85.601	0.08476623568918411
85.651	0.0847669961023846
85.701	0.08476994475101114
85.751	0.08477069964197842
85.801	0.08477951972525152
85.851	0.08478026179453167
85.901	0.08477373712024482
85.951	0.0847744854606216
86.001	0.08477523258146628
86.051	0.08477597836843168
86.101	0.08478474299107085
86.151	0.08479348606092296
86.201	0.08479420791010203
86.251	0.08479492847680083
86.301	0.08479564776408625
86.351	0.08480353669300968
86.401	0.08480424452926696
86.451	0.0848049511124084
86.501	0.08480565644541821
86.551	0.0848063605312716
86.601	0.0848070633729348
86.651	0.08480776497336513
86.701	0.08480846533551104
86.751	0.08480916446231207
86.801	0.08480986235669893
86.851	0.08481055902159357
86.901	0.08481125445990913
86.951	0.08481194867455003
87.001	0.08481264166841199
87.051	0.08481333344438206
87.101	0.08481402400523744
87.151	0.08481471335404824
87.201	0.08481540149357653
87.251	0.08481608842667498
87.301	0.08481677415618775
87.351	0.08481745868495053
87.401	0.08481814201579049
87.451	0.08481855515383338
87.501	0.08481923751345762
87.551	0.08481991761434528
87.601	0.08482059652781444
87.651	0.08482127425665249
87.701	0.08482195080363855
87.751	0.08482262617154349
87.801	0.08482330036312999
87.851	0.08482397338115251
87.901	0.08482464522835735
87.951	0.08482531590748271
88.001	0.08482598542125869
88.051	0.08482665377240728
88.101	0.08482732096364246
88.151	0.08482798699767022
88.201	0.08482865187718851
88.251	0.08482931560488732
88.301	0.08482997818344883
88.351	0.0848306396155472
88.401	0.08483129990384873
88.451	0.08483195905101196
88.501	0.08483261705968757
88.551	0.08483327393251842
88.601	0.08483392967213968
88.651	0.0848348608016987
88.701	0.08483551397079293
88.751	0.08483616601511001
88.801	0.08483681693725267
88.851	0.08483746673981597
88.901	0.08483811542538743
88.951	0.08483876299654695
89.001	0.08483940945586699
89.051	0.08484005590394993
89.101	0.08484070124666608
89.151	0.08484134438714898
89.201	0.08484198642597882
89.251	0.08484262736569086
89.301	0.084843267208813
89.351	0.08484390595786578
89.401	0.08484454361536245
89.451	0.08484518018380892
89.501	0.08484581566570384
89.551	0.08484645006353865
89.601	0.08484708337979753
89.651	0.08484771561695748
89.701	0.08484834677748834
89.751	0.08484897661059441
89.801	0.08484960563175596
89.851	0.08485023358364109
89.901	0.08485086046869117
89.951	0.08485148628934057
90.001	0.08485211104801658
90.051	0.08485273474713956
90.101	0.08485335738912286
90.151	0.0848539789763729
90.201	0.08485459910765653
90.251	0.0848552185930161
90.301	0.0848558370916394
90.351	0.0848564544821546
90.401	0.08485707082987266
90.451	0.08485768618858792
90.501	0.08485830045570035
90.551	0.0848589136870959
90.601	0.08485952588511958
90.651	0.08486013705210968
90.701	0.08486074719039782
90.751	0.08486135630230898
90.801	0.08486196439016144
90.851	0.08486249509066912
90.901	0.0848631771018339
90.951	0.08486378213177413
91.001	0.08486438614686537
91.051	0.0848649891493931
91.101	0.0848655911261777
91.151	0.0848661921104705
91.201	0.08486679208901693
91.251	0.08486739106407658
91.301	0.08486798903790267
91.351	0.08486858601274201
91.401	0.08486918200619763
91.451	0.08486977698776893
91.501	0.0848703709770608
91.551	0.08487096397629473
91.601	0.08487155559272089
91.651	0.08487214661895588
91.701	0.08487273666173639
91.751	0.0848733257085993
91.801	0.08487391379116219
91.851	0.08487450089686668
91.901	0.08487508702789079
91.951	0.08487567218640636
92.001	0.08487625637457911
92.051	0.08487683959456874
92.101	0.08487742184852881
92.151	0.08487800313860688
92.201	0.08487858346670552
92.251	0.08487916283543931
92.301	0.08487974124669764
92.351	0.08488031870260412
92.401	0.08488089520527634
92.451	0.08488147075682602
92.501	0.08488204534549314
92.551	0.08488261900116123
92.601	0.0848831189758075
92.651	0.08488369084345417
92.701	0.08488433392322464
92.751	0.08488490381259887
92.801	0.08488547276546977
92.851	0.08488604078390236
92.901	0.08488660786982527
92.951	0.08488717402555067
93.001	0.08488773925299839
93.051	0.0848883035542106
93.101	0.08488886693122381
93.151	0.08488942938606885
93.201	0.08488999092077096
93.251	0.08489055153734973
93.301	0.08489111123781919
93.351	0.08489167002418778
93.401	0.0848922278984584
93.451	0.08489278486262843
93.501	0.08489334091868966
93.551	0.08489389605578869
93.601	0.08489445030163151
93.651	0.08489500364530787
93.701	0.08489555608878777
93.751	0.08489610763403573
93.801	0.08489665828301086
93.851	0.08489720803766694
93.901	0.08489775689995231
93.951	0.08489830487181002
94.001	0.08489885195517775
94.051	0.08489939815198787
94.101	0.08489994346416743
94.151	0.08490048789363824
94.201	0.08490103144231684
94.251	0.08490157411211448
94.301	0.08490211590493722
94.351	0.08490265682268591
94.401	0.0849031968672562
94.451	0.08490373604053855
94.501	0.08490427434441826
94.551	0.08490481178077552
94.601	0.08490534835148536
94.651	0.0849058840584177
94.701	0.0849064189034374
94.751	0.08490695288840422
94.801	0.08490748601516215
94.851	0.0849080182855821
94.901	0.08490855007443017
94.951	0.08490908063708827
95.001	0.08490961034891589
95.051	0.08491013921174276
95.101	0.08491066722739356
95.151	0.08491119439768809
95.201	0.08491172072444118
95.251	0.0849122462094628
95.301	0.084912771222716
95.351	0.08491329502908448
95.401	0.08491381799912125
95.451	0.08491434013461674
95.501	0.08491486143735662
95.551	0.0849153819091217
95.601	0.08491590155168804
95.651	0.08491642036682688
95.701	0.08491693835630469
95.751	0.0849174555218832
95.801	0.08491797186531942
95.851	0.08491848738836562
95.901	0.08491900209276936
95.951	0.08491951598027352
96.001	0.0849200290526163
96.051	0.0849205413117185
96.101	0.08492105275893429
96.151	0.08492156339617542
96.201	0.08492207322516156
96.251	0.08492258224760776
96.301	0.08492309046522453
96.351	0.08492359787971773
96.401	0.08492410449278873
96.451	0.08492461066048998
96.501	0.0849251156751869
96.551	0.08492561989353777
96.601	0.08492612331722606
96.651	0.0849266259479306
96.701	0.08492712778732572
96.751	0.08492762883708133
96.801	0.08492812909886287
96.851	0.0849286285741471
96.901	0.08492912726499412
96.951	0.08492962517280273
97.001	0.08493012229925498
97.051	0.08493061864599434
97.101	0.08493111421465996
97.151	0.08493160935257701
97.201	0.08493210336918933
97.251	0.08493259661280253
97.301	0.08493308908485482
97.351	0.08493358078696378
97.401	0.08493407172072182
97.451	0.0849345618877794
97.501	0.0849350512897208
97.551	0.0849355399281466
97.601	0.08493602780465317
97.651	0.08493651492083268
97.701	0.08493700127827307
97.751	0.08493748687855815
97.801	0.08493797172326756
97.851	0.08493845581397678
97.901	0.08493171921563458
97.951	0.08493942173967595
98.001	0.08493990357779624
98.051	0.08494038466817705
98.101	0.08494086501237333
98.151	0.08494134461193595
98.201	0.08494182346841173
98.251	0.0849423015833434
98.301	0.08494277895826974
98.351	0.08494325559472544
98.401	0.08494373149424123
98.451	0.0849442066583438
98.501	0.084944681088372
98.551	0.08494515478621231
98.601	0.08494562775319574
98.651	0.08494609999083313
98.701	0.08494657150063145
98.751	0.08494704228409371
98.801	0.08493293553739353
98.851	0.08493342054213568
98.901	0.08493390479921165
98.951	0.0849343883097485
99.001	0.08493487107560878
99.051	0.08493535309811087
99.101	0.08493583437889926
99.151	0.08493631491950501
99.201	0.08493679472145522
99.251	0.08493727378627307
99.301	0.0849377521154777
99.351	0.08493822971058435
99.401	0.08492430230869952
99.451	0.08492479380805493
99.501	0.08492528455255051
99.551	0.08492577454374338
99.601	0.0849262637831866
99.651	0.08492675227242917
99.701	0.08492724001301612
99.751	0.08492772700648839
99.801	0.08492821325438296
99.851	0.08494296530524181
99.901	0.08494343492479063
99.951	0.08494390382812095