0.001	1.2922341605621183e-8
0.051	0.000019158134130912542
0.101	0.00006528916093421604
0.151	0.00013298277484143542
0.201	0.00021932191825903177
0.251	0.00032227013458350525
0.301	0.00044026086102051426
0.351	0.0005720222584064938
0.401	0.0007164853620931581
0.451	0.0008727297059974885
0.501	0.0010399483967454457
0.551	0.00121742431664579
0.601	0.0014045131647086075
0.651	0.001600630935358922
0.701	0.0018052444048006807
0.751	0.002017863729143932
0.801	0.002238036569475955
0.851	0.00246534334876786
0.901	0.002699393365787921
0.951	0.0029398215700044646
1.001	0.003186285854593599
1.051	0.003438464761386573
1.101	0.0036960555175281472
1.151	0.003958772342295638
1.201	0.004226344976214207
1.251	0.004498517394789018
1.301	0.004775046676861904
1.351	0.005055702003476219
1.401	0.005340263767679842
1.451	0.00562852277924403
1.501	0.0059202795510901055
1.551	0.0062153436564361805
1.601	0.006513533147486191
1.651	0.006814674027924643
1.701	0.007118599772671979
1.751	0.007425150889326629
1.801	0.007734174516524166
1.851	0.008045524055112429
1.901	0.00835905882860021
1.951	0.008674643769806707
2.001	0.008992149131035378
2.051	0.009311450215432436
2.101	0.009632427127476874
2.151	0.009954964540794402
2.201	0.010278951481698584
2.251	0.01060428112704434
2.301	0.010930850615136526
2.351	0.011258560868573046
2.401	0.011587316428021258
2.451	0.011917025296030602
2.501	0.01224759879007586
2.551	0.012578951404105804
2.601	0.012911000677942912
2.651	0.013243667073942499
2.701	0.01357687386037517
2.751	0.013910547001045912
2.801	0.01424461505070707
2.851	0.014579009055861738
2.901	0.014913662460589215
2.951	0.01524851101705565
3.001	0.015583492700401273
3.051	0.01591854762772109
3.101	0.016253617980878855
3.151	0.01658864793291485
3.201	0.016923583577826803
3.251	0.017258372863520225
3.301	0.01759296552774002
3.351	0.01792731303680902
3.401	0.018261368527012187
3.451	0.01859508674847665
3.501	0.018928424011408523
3.551	0.019261338134557195
3.601	0.01959378839578662
3.651	0.019925735484641476
3.701	0.02025714145680344
3.751	0.02058796969033983
3.801	0.020918184843653223
3.851	0.021247752815046456
3.901	0.02157664070382296
3.951	0.02190481677284727
4.001	0.022232250412495245
4.051	0.022558912105927732
4.101	0.02288477339562556
4.151	0.023209806851127206
4.201	0.023533986037914054
4.251	0.023857285487391307
4.301	0.02417968066791554
4.351	0.024501147956822688
4.401	0.024821664613412755
4.451	0.025141208752850065
4.501	0.025459759320939926
4.551	0.025777296069744816
4.601	0.02609379953400512
4.651	0.026409251008331212
4.701	0.0267236325251355
4.751	0.02703692683327454
4.801	0.027349117377372924
4.851	0.027660188277802047
4.901	0.02797012431128813
4.951	0.02827891089212518
5.001	0.02858653405396975
5.051	0.028892980432195427
5.101	0.029198237246786055
5.151	0.02940485996688978
5.201	0.029707619814253985
5.251	0.03000916621765782
5.301	0.030309488420688965
5.351	0.03060857617224282
5.401	0.030906419712353975
5.451	0.031203009758441022
5.501	0.03149833749195005
5.551	0.03179239454538324
5.601	0.03208517298969913
5.651	0.03237666532207219
5.701	0.03266686445399929
5.751	0.03295576369974179
5.801	0.033243356765091735
5.851	0.03352963773645184
5.901	0.03381460107021878
5.951	0.03409824158246009
6.001	0.03438055443887511
6.051	0.03466153514503102
6.101	0.034941179536865194
6.151	0.0352194837714454
6.201	0.03549644431798014
6.251	0.035772057949070665
6.301	0.03604632173219815
6.351	0.036319233021437976
6.401	0.03659078944939481
6.451	0.036860988919351495
6.501	0.03712982959762538
6.551	0.03739730990612608
6.601	0.03766342851510847
6.651	0.037928184336115306
6.701	0.038191576515103874
6.751	0.03845360442575137
6.801	0.038714267662933684
6.851	0.03897356603637288
6.901	0.03923149956444821
6.951	0.03948806846816638
7.001	0.03974327316528618
7.051	0.03999711426459351
7.101	0.040249592560322296
7.151	0.04050070902671748
7.201	0.04075046481273593
7.251	0.040998861236881665
7.301	0.0412458997821716
7.351	0.041491582091228295
7.401	0.041735909961496266
7.451	0.041978885340578496
7.501	0.04222051032168998
7.551	0.0424607871392251
7.601	0.042699718164435796
7.651	0.042937305901217734
7.701	0.043173552982001435
7.751	0.04340846216374574
7.801	0.04364203632403085
7.851	0.04387427845724845
7.901	0.04410519167088626
7.951	0.04433477918190473
8.001	0.04456304431320332
8.051	0.04478999049017441
8.101	0.04501562123734198
8.151	0.045239940175083676
8.201	0.04546295101643355
8.251	0.04568465756396372
8.301	0.04590506370674291
8.351	0.04612417341736986
8.401	0.04634199074907994
8.451	0.0465585198329228
8.501	0.04677376487500973
8.551	0.04698773015382858
8.601	0.04720042001762494
8.651	0.047411838881847655
8.701	0.04762199122665726
8.751	0.04783088159449578
8.801	0.04803851458771637
8.851	0.048244894866271364
8.901	0.048450027145457236
8.951	0.048653916193715264
9.001	0.048856566830486385
9.051	0.04905798392411904
9.101	0.049258172389828686
9.151	0.04945713718770778
9.201	0.049654883320784986
9.251	0.0498514158331325
9.301	0.050046739808020234
9.351	0.05024086036611591
9.401	0.05043378266372982
9.451	0.0506255118911033
9.501	0.050816053270739854
9.551	0.05095407856282547
9.601	0.05114199305256199
9.651	0.05132873779549612
9.701	0.051514318133941465
9.751	0.051698739434443995
9.801	0.05188200708635191
9.851	0.05206412650042171
9.901	0.05224510310745955
9.951	0.05242494235699701
10.001	0.05260364971600066
10.051	0.05278123066761439
10.101	0.05295769070993399
10.151	0.05313303535481304
10.201	0.053307270126699564
10.251	0.05348040056150257
10.301	0.05365243220548797
10.351	0.05382337061420299
10.401	0.05399322135142867
10.451	0.054161989988159596
10.501	0.05432968210161036
10.551	0.05449630327424806
10.601	0.05466185909285035
10.651	0.05482635514758844
10.701	0.054989797031134255
10.751	0.05515219033779157
10.801	0.05531354066265032
10.851	0.05547385360076363
10.901	0.055633134746347054
10.951	0.0557913896919995
11.001	0.055948624027945454
11.051	0.056104843341297714
11.101	0.056260053215340666
11.151	0.05641425922883315
11.201	0.056567466955330756
11.251	0.05671968196252703
11.301	0.0568709098116132
11.351	0.057021156056655836
11.401	0.05717042624399239
11.451	0.05731872591164378
11.501	0.05746606058874398
11.551	0.05761243579498604
11.601	0.05775785704008426
11.651	0.05790232982325207
11.701	0.058045859632695374
11.751	0.05818845194512059
11.801	0.05833011222525861
11.851	0.05847084592540104
11.901	0.058610658484952435
11.951	0.05874500705077434
12.001	0.058882937207748495
12.051	0.05901996174706234
12.101	0.05915608606368688
12.151	0.0592913155375879
12.201	0.059425655533356214
12.251	0.05955911139984793
12.301	0.05969168846983796
12.351	0.05982339205968429
12.401	0.05995422746900362
12.451	0.06008419998035789
12.501	0.06021331485895145
12.551	0.060341577352338714
12.601	0.060468992690142
12.651	0.06059556608377927
12.701	0.06072130272620172
12.751	0.060846207791640745
12.801	0.06097028643536427
12.851	0.061093543793442166
12.901	0.06121598498252035
12.951	0.061337615099604274
13.001	0.06145843922184948
13.051	0.06157846240636181
13.101	0.06169768969000498
13.151	0.0618161260892162
13.201	0.06193377659982951
13.251	0.062050646196906596
13.301	0.062166739834575
13.351	0.06228206244587348
13.401	0.06239661894260442
13.451	0.06251041421519297
13.501	0.06263003265716156
13.551	0.0627423936434365
13.601	0.06285400834431411
13.651	0.06296488155439081
13.701	0.06307501804635017
13.751	0.0631844225708596
13.801	0.06329309985647294
13.851	0.06340105460953864
13.901	0.06350829151411341
13.951	0.06361481523188138
14.001	0.06372063040207836
14.051	0.06382574164142121
14.101	0.06393015354404243
14.151	0.06403387068142927
14.201	0.0641368976023679
14.251	0.06423923883289206
14.301	0.06434089887623626
14.351	0.0644418822127934
14.401	0.06454219330007667
14.451	0.06464183657268574
14.501	0.06474081644227683
14.551	0.06483913729753651
14.601	0.06493680350416173
14.651	0.0650338194048387
14.701	0.06513018931923044
14.751	0.06522591754396545
14.801	0.06532100835263033
14.851	0.06541546599576589
14.901	0.06550929470086658
14.951	0.06560249867238307
15.001	0.06569508209172813
15.051	0.06578704911728546
15.101	0.0658784038844216
15.151	0.06596915050550067
15.201	0.0660592930699021
15.251	0.06615125594538693
15.301	0.06624023206711545
15.351	0.06632861611914641
15.401	0.06641641209841677
15.451	0.06650362397901806
15.501	0.06659025571222958
15.551	0.06667631122655374
15.601	0.06676179442775386
15.651	0.06684670919889404
15.701	0.0669310594003813
15.751	0.06701484887000968
15.801	0.06709808142300644
15.851	0.06718076085208025
15.901	0.06726289092747118
15.951	0.06734447539700267
16.001	0.06740521195849995
16.051	0.0674856103654076
16.101	0.06756547427140468
16.151	0.06764480733794678
16.201	0.06772361320434288
16.251	0.06780189548781705
16.301	0.06787965778357205
16.351	0.0679569036648541
16.401	0.06803363668301918
16.451	0.06810986036760064
16.501	0.06818557822637811
16.551	0.06826079374544781
16.601	0.06833551038929384
16.651	0.06840973160086081
16.701	0.06848346080162773
16.751	0.06855670139168274
16.801	0.06862945674979906
16.851	0.06870173023351202
16.901	0.06877352517919695
16.951	0.06884484490214798
17.001	0.06891569269665829
17.051	0.06898607183610024
17.101	0.06905598557300736
17.151	0.06912543713915657
17.201	0.06919442974565138
17.251	0.06926296658300582
17.301	0.06933105082122912
17.351	0.06939868560991101
17.401	0.06946587407830764
17.451	0.06953261933542874
17.501	0.06959892447012411
17.551	0.06966479255117196
17.601	0.06973022662736715
17.651	0.0697909727822845
17.701	0.06985553184614589
17.751	0.06991966609235119
17.801	0.06998337849111906
17.851	0.07004667199312271
17.901	0.07010954952957843
17.951	0.07017201401233898
18.001	0.07023406833398517
18.051	0.07029571536791814
18.101	0.07035695796845205
18.151	0.070417798970907
18.201	0.07047824119170226
18.251	0.07053828742844968
18.301	0.07059794046004748
18.351	0.07065720304677414
18.401	0.0707160779303825
18.451	0.07077456783419407
18.501	0.07083267546319356
18.551	0.07089040350412343
18.601	0.07094775462557865
18.651	0.07100473147810155
18.701	0.07106133669427685
18.751	0.07111757288882656
18.801	0.07117344265870523
18.851	0.071228948583195
18.901	0.07128409322400085
18.951	0.07133887912534581
19.001	0.07139330881406615
19.051	0.07144738479970666
19.101	0.07150110957461582
19.151	0.0715544856140409
19.201	0.07160751537622342
19.251	0.07166020130249379
19.301	0.07171254581736654
19.351	0.07176455132863532
19.401	0.07181622022746767
19.451	0.07186755488849973
19.501	0.07191855766993101
19.551	0.07196923091361883
19.601	0.07201957694517261
19.651	0.07206959807404835
19.701	0.07211929659364263
19.751	0.07216867478138649
19.801	0.07221773489883927
19.851	0.07226647919178224
19.901	0.07231490989031199
19.951	0.07236302920893364
20.001	0.07241083934665375
20.051	0.07245834248707364
20.101	0.07250554079848129
20.151	0.07255243643394411
20.201	0.0725990315314011
20.251	0.07264532821375465
20.301	0.07269132858896224
20.351	0.07273703475012788
20.401	0.07278244877559328
20.451	0.07282757272902868
20.501	0.07287240865952356
20.551	0.07291695860167692
20.601	0.07296122457568745
20.651	0.07300520858744321
20.701	0.07304891262861121
20.751	0.07309233867672658
20.801	0.0731354886952815
20.851	0.07317836463381376
20.901	0.07322096842799447
20.951	0.07326330199971841
21.001	0.07330536725718816
21.051	0.07334716609500379
21.101	0.07338870039424925
21.151	0.07342997202257905
21.201	0.07347559962072704
21.251	0.0735163682019326
21.301	0.07355687971053461
21.351	0.07359713596098504
21.401	0.07363713875473472
21.451	0.07367688988031676
21.501	0.07371639111343616
21.551	0.0737556442170458
21.601	0.07379465094143521
21.651	0.07383341302431232
21.701	0.0738719321908869
21.751	0.07391021015395229
21.801	0.0739482486139679
21.851	0.07398604925914094
21.901	0.07402361376550776
21.951	0.07406094379701479
22.001	0.07409804100559927
22.051	0.0741349070312694
22.101	0.07417154350218423
22.151	0.0742079520347332
22.201	0.07424413423361517
22.251	0.0742800916919172
22.301	0.07431582599119287
22.351	0.07435133870154018
22.401	0.0743872935620554
22.451	0.07442235908678993
22.501	0.0744572074574647
22.551	0.07449184019994631
22.601	0.07452625882903378
22.651	0.07456046484853408
22.701	0.07459445975133755
22.751	0.07462824501949225
22.801	0.07466182212427867
22.851	0.0746951925262836
22.901	0.07472835767547374
22.951	0.07476131901126892
23.001	0.07479407796261485
23.051	0.07482663594805572
23.101	0.07485899437579971
23.151	0.07489115464381539
23.201	0.07492311813986663
23.251	0.07495488624160733
23.301	0.07498646031664712
23.351	0.07501784172261658
23.401	0.07504903180724415
23.451	0.07508003190842062
23.501	0.07511084335426921
23.551	0.07514146746321407
23.601	0.07517190554404632
23.651	0.07520215889598124
23.701	0.07523222880878622
23.751	0.075262116562749
23.801	0.0752918234288119
23.851	0.0753213506686208
23.901	0.07535069953459103
23.951	0.07537987126997261
24.001	0.07540886710891533
24.051	0.07543768827653326
24.101	0.07546633598896903
24.151	0.07549481145345761
24.201	0.07552311586838979
24.251	0.07555125042337517
24.301	0.0755792162993049
24.351	0.07560701466841396
24.401	0.07563464669434303
24.451	0.07566211353220008
24.501	0.07568941632862146
24.551	0.07571655622183275
24.601	0.07574353434170915
24.651	0.0757703518098354
24.701	0.07579700973956562
24.751	0.07582350923608239
24.801	0.07584985139645582
24.851	0.075876037309702
24.901	0.07590206805684116
24.951	0.07592794471095556
25.001	0.07595366833724629
25.051	0.07597923999309243
25.101	0.07600466072810477
25.151	0.07602993158418409
25.201	0.07605505359557664
25.251	0.07608002778892983
25.301	0.07610485518334736
25.351	0.07612953679044429
25.401	0.07615407361440142
25.451	0.07617846665201881
25.501	0.07620271689277267
25.551	0.07622682531886427
25.601	0.07625079290527606
25.651	0.0762746206198238
25.701	0.07629830942321
25.751	0.07632186026907171
25.801	0.07656116505506476
25.851	0.07658468527838821
25.901	0.07660806775295212
25.951	0.07663131338363494
26.001	0.07665442306864559
26.051	0.07667739769957392
26.101	0.07670023816144066
26.151	0.07672294533274714
26.201	0.07674552008552461
26.251	0.07676796328538331
26.301	0.076790275791561
26.351	0.07681245845697139
26.401	0.07661588849922671
26.451	0.07663760423808656
26.501	0.07665919551092545
26.551	0.076680663165195
26.601	0.07670200804211867
26.651	0.0767232309767379
26.701	0.07674433279795795
26.751	0.07676531432859333
26.801	0.07678617638541303
26.851	0.07680691977918534
26.901	0.07682754531472248
26.951	0.07684805379092474
27.001	0.07686818353143925
27.051	0.07688845916584051
27.101	0.0769086200996441
27.151	0.07692866710853451
27.201	0.07694860096250115
27.251	0.0769684224258806
27.301	0.07698813225739884
27.351	0.07700773121021298
27.401	0.07702722003195298
27.451	0.07704659946476271
27.501	0.07706587024534105
27.551	0.0770850331049825
27.601	0.07710408876961759
27.651	0.07712303795985297
27.701	0.0771418813910112
27.751	0.07716061977317035
27.801	0.07717925381120318
27.851	0.07719778420481481
27.901	0.0772162116485867
27.951	0.07723453683200726
28.001	0.07725276043951508
28.051	0.07727088315053564
28.101	0.07728890563951878
28.151	0.07730682857594913
28.201	0.07732465262448936
28.251	0.0773423784448602
28.301	0.07736000669198005
28.351	0.07737753801599276
28.401	0.0773949730622357
28.451	0.07741231247137652
28.501	0.07742955687938216
28.551	0.07744670691757044
28.601	0.07746376321264505
28.651	0.0774804261632692
28.701	0.07749729563837
28.751	0.07751407322004475
28.801	0.07753075951684942
28.851	0.07754735513298872
28.901	0.07756386066816802
28.951	0.0775802767177457
29.001	0.07759660387273687
29.051	0.0776128427198459
29.101	0.07762899384149959
29.151	0.0776450578158785
29.201	0.0776610352169496
29.251	0.07767692661449797
29.301	0.07769273257415826
29.351	0.07770845365744612
29.401	0.0777268938940669
29.451	0.07774247818793045
29.501	0.07775797934964952
29.551	0.0777733979236859
29.601	0.07778873445053752
29.651	0.07780398946676846
29.701	0.07781916350503863
29.751	0.0778342570941329
29.801	0.07784927075899233
29.851	0.07786420502074044
29.901	0.07787906039671404
29.951	0.0778938374004913
30.001	0.07790853654192004
30.051	0.07792315832714729
30.101	0.07793770325864512
30.151	0.07795217183524043
30.201	0.07795789095347976
30.251	0.07797218278399944
30.301	0.07798639971461781
30.351	0.07800054223011278
30.401	0.07801461081175182
30.451	0.07802860593731845
30.501	0.07804252808113872
30.551	0.07805637771410745
30.601	0.07807015530371393
30.651	0.07808386131406882
30.701	0.07809749620592821
30.751	0.07811106043672009
30.801	0.07812455446056903
30.851	0.07813797872832247
30.901	0.07815133368757374
30.951	0.07816461978268795
31.001	0.07817783745482622
31.051	0.07819098714196987
31.101	0.07820406927894467
31.151	0.07821708429744464
31.201	0.07823003262605627
31.251	0.07824291469028134
31.301	0.07825573091256087
31.351	0.07826848171229817
31.401	0.07828116750588192
31.451	0.07829378870670904
31.501	0.07830634572520741
31.551	0.07831883896885836
31.601	0.07833126884221901
31.651	0.07834363574694453
31.701	0.07835594008181011
31.751	0.07836818224273287
31.801	0.07838036262279348
31.851	0.07839248161225745
31.901	0.07840453959860079
31.951	0.07841653696652641
32.001	0.07842847409796624
32.051	0.07844035137214805
32.101	0.07845216916558011
32.151	0.07846392785208145
32.201	0.07847562780280223
32.251	0.07848726938624444
32.301	0.07849885296828116
32.351	0.07851037891217713
32.401	0.07852184757860832
32.451	0.07853325932568155
32.501	0.078544614508954
32.551	0.07855591348145259
32.601	0.07856715659369302
32.651	0.07857834419369893
32.701	0.07858947662702083
32.751	0.07860055423675466
32.801	0.07861157736356053
32.851	0.07862254634568115
32.901	0.07863346151896014
32.951	0.07864432321686238
33.001	0.07865513177048937
33.051	0.0786658875085866
33.101	0.07867659075758726
33.151	0.07868724184160936
33.201	0.07869784108247882
33.251	0.07870838879974683
33.301	0.07871888531070702
33.351	0.07872933093041257
33.401	0.07873972597169315
33.451	0.07875007074517179
33.501	0.07876036555928155
33.551	0.07877061072028202
33.601	0.0787808065322758
33.651	0.07879095329722505
33.701	0.07880105131496723
33.751	0.07881110088323146
33.801	0.07882110229765439
33.851	0.07883105585179602
33.901	0.07884096183715535
33.951	0.07885082054318603
34.001	0.07886063225731173
34.051	0.07887039726494151
34.101	0.07888011584948505
34.151	0.0788897882923677
34.201	0.07889941487304551
34.251	0.07890899586902003
34.301	0.07891853155585311
34.351	0.07892802220718154
34.401	0.07893746809473148
34.451	0.07894686948833234
34.501	0.07895622665592116
34.551	0.07896553986360202
34.601	0.07897480937559005
34.651	0.07898403545427252
34.701	0.07899321836021095
34.751	0.07900235835215481
34.801	0.07901145568705524
34.851	0.07902051062007849
34.901	0.07902952340461945
34.951	0.07903849429231487
35.001	0.0790474235330568
35.051	0.0790563113750054
35.101	0.07906515806460222
35.151	0.07907396384658333
35.201	0.07908272896399117
35.251	0.07909145365816064
35.301	0.07910013816884028
35.351	0.07910878273404388
35.401	0.0791173875901687
35.451	0.07912595297198083
35.501	0.07913447911263043
35.551	0.07914296624365956
35.601	0.07915141459501718
35.651	0.07915982439507017
35.701	0.07916819587061538
35.751	0.0791765292468913
35.801	0.07918482474758974
35.851	0.0791930825948675
35.901	0.07920130300935777
35.951	0.07920948621018158
36.001	0.0792176324149591
36.051	0.0792257418398209
36.101	0.07923381469941906
36.151	0.07924185120693845
36.201	0.07924985157410686
36.251	0.0792578160112071
36.301	0.07926574472708707
36.351	0.07927363792917058
36.401	0.07928149582346802
36.451	0.0792893186145869
36.501	0.07929710650574237
36.551	0.07930485969876751
36.601	0.07931257839412373
36.651	0.07932026279091094
36.701	0.0793279130868777
36.751	0.07933552947843135
36.801	0.07934311216064788
36.851	0.07935066132728197
36.901	0.07935817717077671
36.951	0.07936565988227347
37.001	0.07937310965162148
37.051	0.0793805266673875
37.101	0.07938791111686533
37.151	0.07939526318608528
37.201	0.07940258305982353
37.251	0.07940987092161148
37.301	0.07941712695374492
37.351	0.07942435133729331
37.401	0.07943154425210877
37.451	0.07943870587683513
37.501	0.07944583638891696
37.551	0.07945293596460831
37.601	0.0794600047789817
37.651	0.07946704300593674
37.701	0.07947405081820882
37.751	0.0794810283873778
37.801	0.07948797588387652
37.851	0.0794948934769992
37.901	0.07950178133490998
37.951	0.0795086396246512
38.001	0.07951546851215166
38.051	0.07952226816223491
38.101	0.07952903873862735
38.151	0.07953578040396633
38.201	0.0795424933198082
38.251	0.07955168162263394
38.301	0.07955832430355497
38.351	0.0795649387240485
38.401	0.07957152504168218
38.451	0.07957808341297988
38.501	0.07958461399342939
38.551	0.07959111693748995
38.601	0.0795975923985999
38.651	0.07960404052918409
38.701	0.07961046148066134
38.751	0.07961685540345183
38.801	0.07962322244698439
38.851	0.07962956275970377
38.901	0.07963587648907787
38.951	0.07964216378160484
39.001	0.0796484247828202
39.051	0.07965465963730392
39.101	0.07966086848868731
39.151	0.07966705147966001
39.201	0.07967320875197666
39.251	0.07967934044646457
39.301	0.0796854467030292
39.351	0.07969152766066169
39.401	0.07969758345744542
39.451	0.0797036142305625
39.501	0.07970962011630045
39.551	0.0797156012500586
39.601	0.07972155776635463
39.651	0.079727489798831
39.701	0.07973339748026119
39.751	0.07973928094255608
39.801	0.07974514031677046
39.851	0.07975097573310876
39.901	0.07975678732093155
39.951	0.07976257520876162
40.001	0.07976833952429
40.051	0.07977408039438198
40.101	0.07977979794508318
40.151	0.07978549230162535
40.201	0.07979116358843238
40.251	0.07979681192912608
40.301	0.07980243744653197
40.351	0.07980804026268506
40.401	0.07981362049883556
40.451	0.07981917827545454
40.501	0.07982471371223952
40.551	0.07983022692812011
40.601	0.07983600192700072
40.651	0.07984147180587357
40.701	0.07984691981729639
40.751	0.07985234607712581
40.801	0.07985775070054923
40.851	0.07986313380202156
40.901	0.07986849549521652
40.951	0.07987383589313332
41.001	0.07987915510803503
41.051	0.0798844532514702
41.101	0.07988973043427806
41.151	0.07989498676659358
41.201	0.07990022235785249
41.251	0.0799054373167963
41.301	0.07991063175147727
41.351	0.0799158057692634
41.401	0.07992095947684318
41.451	0.0799260929802306
41.501	0.07993120638476983
41.551	0.079936299795075
41.601	0.07994137331529239
41.651	0.07994642704872319
41.701	0.07995146109808007
41.751	0.07995647556542941
41.801	0.079961470552196
41.851	0.07996644615916759
41.901	0.07997140248649941
41.951	0.07997633963366077
42.001	0.07998125769966846
42.051	0.07998615678272675
42.101	0.07999103698055389
42.151	0.07999589839018549
42.201	0.08000074110807487
42.251	0.08000556523007352
42.301	0.08001037085143549
42.351	0.0800151580668215
42.401	0.08001992697030318
42.451	0.08002467765536728
42.501	0.08002941021491973
42.551	0.08003412474133546
42.601	0.08003882132628178
42.651	0.08004350006099045
42.701	0.08004816103609816
42.751	0.08005280434164112
42.801	0.08005743006713978
42.851	0.08006203830154682
42.901	0.08006662913326688
42.951	0.08007120265014339
43.001	0.0800757589395265
43.051	0.08008029808818176
43.101	0.08008482018235565
43.151	0.08008932530776783
43.201	0.08009381354960877
43.251	0.08009828499254754
43.301	0.08010273972073428
43.351	0.0801071778178041
43.401	0.08011159936688043
43.451	0.08011600445055374
43.501	0.0801203931510361
43.551	0.08012476554981157
43.601	0.08012912172804275
43.651	0.08013346176634831
43.701	0.0801377857448566
43.751	0.08014209374320812
43.801	0.08014638584056036
43.851	0.08015066211559047
43.901	0.0801549226464978
43.951	0.08015916751100872
44.001	0.08016339678637897
44.051	0.08016761054939703
44.101	0.08017180887638753
44.151	0.08017599184321432
44.201	0.08018015952528375
44.251	0.0801843119975478
44.301	0.08018844933450722
44.351	0.08019248572433252
44.401	0.08019659280191903
44.451	0.08020068496471468
44.501	0.08020476228544618
44.551	0.08020882483640421
44.601	0.08021287268944657
44.651	0.08021690591600121
44.701	0.08022092458706907
44.751	0.08022492877322716
44.801	0.08022891854463139
44.851	0.08023289397101946
44.901	0.08023685512171375
44.951	0.08024080206562417
45.001	0.080244734871251
45.051	0.08024865360668762
45.101	0.0802525583396234
45.151	0.08025644913734638
45.201	0.08026032606674602
45.251	0.08026418919431608
45.301	0.08026803858615703
45.351	0.08027187430797895
45.401	0.08027569642510414
45.451	0.08027950500246973
45.501	0.08028330010463036
45.551	0.0802870817957607
45.601	0.08029085013965813
45.651	0.0802946051997452
45.701	0.08029834703907214
45.751	0.08030207572031983
45.801	0.08030579130580157
45.851	0.0803094938574661
45.901	0.08031318343689987
45.951	0.08031686010532961
46.001	0.0803205239236246
46.051	0.08032417495229925
46.101	0.08032781325151549
46.151	0.08033143888108478
46.201	0.08033505190047108
46.251	0.08033865236879278
46.301	0.08034224034482514
46.351	0.08034581588700258
46.401	0.080349379053421
46.451	0.08035292990184004
46.501	0.0803564684896853
46.551	0.08035999487405068
46.601	0.0803635091117005
46.651	0.08036701125907174
46.701	0.0803705013722763
46.751	0.08037397950710307
46.801	0.08037744571902015
46.851	0.08038090006317702
46.901	0.08038424557112536
46.951	0.08038767611723371
47.001	0.08039109495881448
47.051	0.08039450214976336
47.101	0.08039789774366782
47.151	0.08040128179382203
47.201	0.08040465435317842
47.251	0.08040801547442446
47.301	0.08041136520992816
47.351	0.08041470361178069
47.401	0.0804180307317562
47.451	0.08042134662134161
47.501	0.08042465133173166
47.551	0.08042794491383085
47.601	0.0804312274182553
47.651	0.08043449889533479
47.701	0.08043775939510465
47.751	0.08044100896734671
47.801	0.08044424766153332
47.851	0.08044747552686726
47.901	0.08045069261227428
47.951	0.08045389896640477
48.001	0.08045709463763571
48.051	0.08046027967407242
48.101	0.08046345412355026
48.151	0.08046661803363653
48.201	0.08046977145169065
48.251	0.08047291442463424
48.301	0.08047604699929695
48.351	0.08047916922219103
48.401	0.08048228113956928
48.451	0.08048538279742669
48.501	0.08048847424150221
48.551	0.08049155551728038
48.601	0.08049462666999295
48.651	0.08049768774462056
48.701	0.08050073878589441
48.751	0.08050377983829782
48.801	0.08050681094606787
48.851	0.080509832153197
48.901	0.08051284350343457
48.951	0.08051584504028851
49.001	0.08051883680702678
49.051	0.08052181884667897
49.101	0.08052479120203788
49.151	0.08052775391566104
49.201	0.0805307070298721
49.251	0.08053365058676255
49.301	0.08053658462819312
49.351	0.08053950919579517
49.401	0.0805424243309723
49.451	0.08054533007490179
49.501	0.08054822646853584
49.551	0.08055111355260373
49.601	0.08055399136761224
49.651	0.08055685995384769
49.701	0.0805597193513773
49.751	0.08056256960005047
49.801	0.08056541073950024
49.851	0.08056824280914472
49.901	0.08057106584818831
49.951	0.08057387989562323
50.001	0.0805766849902308
50.051	0.08057948117058272
50.101	0.08058226847504259
50.151	0.080585046941767
50.201	0.08058781660870706
50.251	0.08059057751360954
50.301	0.08059332969401826
50.351	0.0805960731872754
50.401	0.08059880803052266
50.451	0.08060153426070264
50.501	0.08060425191456008
50.551	0.08060696102864305
50.601	0.08060954694458143
50.651	0.0806122388365103
50.701	0.08061492229679712
50.751	0.08061759736121558
50.801	0.08062026406534888
50.851	0.08062292244459085
50.901	0.08062557253414727
50.951	0.08062821436903699
51.001	0.08063084798409306
51.051	0.08063347341396399
51.101	0.08063609069311485
51.151	0.08063869985582842
51.201	0.08064130093620633
51.251	0.08064389396817025
51.301	0.0806464789854629
51.351	0.0806490560216493
51.401	0.08065162511011778
51.451	0.08065418628408111
51.501	0.08065673957657764
51.551	0.08065928502047229
51.601	0.08066182264845774
51.651	0.08066435249305541
51.701	0.08066687458661657
51.751	0.0806693889613234
51.801	0.08067189564918999
51.851	0.08067439468206343
51.901	0.08067688609162485
51.951	0.08067936990939038
52.001	0.08078070985229752
52.051	0.08078324373080517
52.101	0.08078576990742338
52.151	0.0807882884111783
52.201	0.08079079927094067
52.251	0.08079330251542682
52.301	0.08079579817319969
52.351	0.08079828627266979
52.401	0.08080076684209615
52.451	0.08080323990958738
52.501	0.08070619969781055
52.551	0.08070859481361264
52.601	0.08071098273277229
52.651	0.08071336348460015
52.701	0.08071573709825651
52.751	0.08071810360275217
52.801	0.0807204630269494
52.851	0.08072281539951556
52.901	0.08072516074911125
52.951	0.08072749910411288
53.001	0.08072983049279744
53.051	0.0807321549432979
53.101	0.08073447248360394
53.151	0.08073678314159204
53.201	0.08073908694494103
53.251	0.08074138392118502
53.301	0.0807436740977786
53.351	0.08074595750200833
53.401	0.08074823416102263
53.451	0.08075050410183268
53.501	0.08075276735131325
53.551	0.08075502393620344
53.601	0.08075727388310763
53.651	0.08075951721849615
53.701	0.0807617539687062
53.751	0.08076397144019347
53.801	0.08076620781827852
53.851	0.0807684249696564
53.901	0.08077063563988868
53.951	0.0807728398546585
54.001	0.0807750376393101
54.051	0.0807772290196841
54.101	0.0807794140208772
54.151	0.08078159266806334
54.201	0.08078376498629099
54.251	0.08078593100048397
54.301	0.08078809073544216
54.351	0.08079024421584216
54.401	0.0807923914662383
54.451	0.08079453251106303
54.501	0.08079666737462776
54.551	0.08079879608112367
54.601	0.08080091865462234
54.651	0.08080303511907645
54.701	0.0808051454983205
54.751	0.08080724981607156
54.801	0.08080934809592985
54.851	0.08081144036137951
54.901	0.08081352663578929
54.951	0.0808156069424132
55.001	0.08081768130439115
55.051	0.0808197497447497
55.101	0.08082181228640269
55.151	0.08082386895215185
55.201	0.08082591976468756
55.251	0.08082796474658939
55.301	0.08083000392036978
55.351	0.08083203730830435
55.401	0.08083406493268583
55.451	0.08083608681565724
55.501	0.08083810297925402
55.551	0.0808401134454047
55.601	0.08084211823593151
55.651	0.08084411737255098
55.701	0.08084611087687456
55.751	0.08084809877040777
55.801	0.08085008107455659
55.851	0.08085205781061947
55.901	0.08085402899979363
55.951	0.08085599466317418
56.001	0.0808579548217548
56.051	0.08085990949642824
56.101	0.08086185870798697
56.151	0.0808638024771237
56.201	0.08086574082443201
56.251	0.08086767377040688
56.301	0.08086960133544528
56.351	0.08087152353984674
56.401	0.08087344040381383
56.451	0.08087535194745288
56.501	0.08087725819077435
56.551	0.08087915915369348
56.601	0.08088105485603085
56.651	0.08088294531751285
56.701	0.08088483055777226
56.751	0.08088671059634878
56.801	0.0808885854526896
56.851	0.08089045514614981
56.901	0.08089231969599306
56.951	0.08089402964341577
57.001	0.08089588366605843
57.051	0.0808977326019521
57.101	0.08089957646999926
57.151	0.08090141528901351
57.201	0.0809032490777201
57.251	0.08090507785475616
57.301	0.08090690163867154
57.351	0.08090872044792913
57.401	0.08091053430090535
57.451	0.08091234321589065
57.501	0.0809141472110901
57.551	0.08091594630462356
57.601	0.08091774051452663
57.651	0.0809195298587508
57.701	0.08092131435516384
57.751	0.08092309402155064
57.801	0.08092486887561319
57.851	0.08092663893497164
57.901	0.080928404217164
57.951	0.08093016473964755
58.001	0.0809319205197983
58.051	0.08093367157491223
58.101	0.08093541792220503
58.151	0.08093715957881363
58.201	0.08093889656179513
58.251	0.08094062888812856
58.301	0.08094235657471466
58.351	0.08094407963837646
58.401	0.08094579809585975
58.451	0.08094751196383346
58.501	0.08094922125889017
58.551	0.08095092599754626
58.601	0.08095262619624279
58.651	0.0809543218713455
58.701	0.08095601303914525
58.751	0.08095769971585884
58.801	0.08095938191762903
58.851	0.08096105966052526
58.901	0.08096273296054371
58.951	0.08096440183360717
59.001	0.08096606629556712
59.051	0.08096772636220269
59.101	0.0809693820492218
59.151	0.08097103337226053
59.201	0.08097268034688493
59.251	0.08097432298859039
59.301	0.08097596131280237
59.351	0.08097759533487688
59.401	0.0809792250701004
59.451	0.08098085053369067
59.501	0.08098247174079728
59.551	0.0809840887065014
59.601	0.08098570144581642
59.651	0.08098730997368868
59.701	0.08098891430499773
59.751	0.08099051445455567
59.801	0.08099211043710915
59.851	0.08099370226733832
59.901	0.08099528995985811
59.951	0.08099687352921847
60.001	0.0809969578036489
60.051	0.08099853518263099
60.101	0.08100010848876428
60.151	0.08100167773632214
60.201	0.08100324293951515
60.251	0.08100480411248996
60.301	0.08100636126933095
60.351	0.0810079144240601
60.401	0.08100946359063761
60.451	0.08101100878296115
60.501	0.08101255001486725
60.551	0.08101408730013161
60.601	0.08101562065246895
60.651	0.08101715008553363
60.701	0.08101867561291991
60.751	0.08102019724816178
60.801	0.0810217150047347
60.851	0.08102322889605384
60.901	0.0810247389354765
60.951	0.0810262451363008
61.001	0.0810275372048344
61.051	0.08102903629348193
61.101	0.08103053158112075
61.151	0.0810320230808257
61.201	0.08103351080561459
61.251	0.08103499476844854
61.301	0.08103647498223217
61.351	0.08103795145981403
61.401	0.0810394242139868
61.451	0.08104026438080288
61.501	0.08104173066148658
61.551	0.08104319325712402
61.601	0.08104465218028459
61.651	0.08104673187425301
61.701	0.08104818255517743
61.751	0.08104962960070226
61.801	0.08105107302318386
61.851	0.08105251283492533
61.901	0.08105394904817677
61.951	0.08105538167513558
62.001	0.08105681072794675
62.051	0.08105823621870306
62.101	0.08105965815944544
62.151	0.08106107656216319
62.201	0.08106249143879425
62.251	0.0810639028012255
62.301	0.08106531066129295
62.351	0.08106671503078212
62.401	0.08106811592142818
62.451	0.08106951334491629
62.501	0.0810709073128818
62.551	0.0810722978369106
62.601	0.08107368492853924
62.651	0.08107506859925531
62.701	0.08107644886049763
62.751	0.08107782572365649
62.801	0.08107919920007393
62.851	0.08108056930104401
62.901	0.08108193603781298
62.951	0.08108329942157957
63.001	0.08108465946349526
63.051	0.08108601617466446
63.101	0.08108736956614482
63.151	0.08108871964894741
63.201	0.08109006643403698
63.251	0.08109140993233219
63.301	0.08109275015470588
63.351	0.08109408711198524
63.401	0.0810954208149521
63.451	0.08109675127434311
63.501	0.08109807850085003
63.551	0.08109940250511989
63.601	0.08110072329775528
63.651	0.08110204088931453
63.701	0.08110335529031193
63.751	0.08110466651121799
63.801	0.08110597456245966
63.851	0.0811072794544205
63.901	0.08110858119744095
63.951	0.08110987980181851
64.001	0.081111175277808
64.051	0.08111246763562172
64.101	0.08111472584975965
64.151	0.08111601285139619
64.201	0.08111729675226557
64.251	0.08111857756247165
64.301	0.08111985529207673
64.351	0.08112112995110175
64.401	0.08112240154952646
64.451	0.08112367009728971
64.501	0.08112493560428959
64.551	0.08112619808038363
64.601	0.08112734544517809
64.651	0.08112860216265587
64.701	0.08112985587755857
64.751	0.08113110659958725
64.801	0.08113235433840343
64.851	0.08113359910362926
64.901	0.08113484090484768
64.951	0.0811360797516027
65.001	0.0811313894186383
65.051	0.08113262996332547
65.101	0.0811338675727146
65.151	0.08112218731090887
65.201	0.08112344063942135
65.251	0.08112469100464438
65.301	0.08112593841607284
65.351	0.0811246882379872
65.401	0.08112404077931576
65.451	0.08112528667629235
65.501	0.08112652963816505
65.551	0.0811277696743053
65.601	0.0811290067940462
65.651	0.08111618626726515
65.701	0.08111744067955173
65.751	0.08111869304242877
65.801	0.08111994156859065
65.851	0.08112118716583773
65.901	0.0811363696835942
65.951	0.08113758664647724
66.001	0.08113880076627397
66.051	0.08114001205198437
66.101	0.08113102563545938
66.151	0.08113224780185288
66.201	0.08113346711941145
66.251	0.0811346835971362
66.301	0.08114602538638056
66.351	0.08114721985488213
66.401	0.08114841155130548
66.451	0.08114960048436617
66.501	0.08115261214257334
66.551	0.08115379259007734
66.601	0.08115497030776801
66.651	0.08115614530419656
66.701	0.0811555039967068
66.751	0.08115667653071101
66.801	0.08115784636140058
66.851	0.08115901349721814
66.901	0.08118118878867497
66.951	0.0811823166477489
67.001	0.08118344192220528
67.051	0.08118456462005962
67.101	0.081145789548243
67.151	0.08114697135454962
67.201	0.08112600775343437
67.251	0.08112721930181026
67.301	0.08112842806694044
67.351	0.08112963405749733
67.401	0.08113083728211906
67.451	0.08113208251937382
67.501	0.08113328014048035
67.551	0.08113447502169853
67.601	0.08113566717152963
67.651	0.08113685659844146
67.701	0.08113804331086848
67.751	0.08113922731721199
67.801	0.08114040862584039
67.851	0.08114158724508914
67.901	0.08114276318326102
67.951	0.08114393644862632
68.001	0.0811451070494229
68.051	0.08114627499385645
68.101	0.08114744029010053
68.151	0.08114860294629685
68.201	0.0811497629705553
68.251	0.08115092037095419
68.301	0.0811520751555403
68.351	0.08115322733232917
68.401	0.0811543769093051
68.451	0.08115552389442143
68.501	0.08115666829560056
68.551	0.08115781012073417
68.601	0.08115894937768339
68.651	0.08116008607427885
68.701	0.08116122021832092
68.751	0.08116235181757979
68.801	0.08116348087979562
68.851	0.08116460741267871
68.901	0.08116573142390962
68.951	0.0811668529211393
69.001	0.08116797191198925
69.051	0.08116908840405163
69.101	0.0811729950602148
69.151	0.08117410318703831
69.201	0.08117520882585412
69.251	0.0811763119841991
69.301	0.08117741266958123
69.351	0.08117851088947924
69.401	0.08117960665134505
69.451	0.08118069996260042
69.501	0.08118179083063944
69.551	0.08118287926282797
69.601	0.0811839652665039
69.651	0.08118504884897722
69.701	0.0811861300175301
69.751	0.08118720877941714
69.801	0.08118828514186537
69.851	0.08118935911207444
69.901	0.08119043069721675
69.951	0.08119149990443757
70.001	0.08119256674085513
70.051	0.08119363121356078
70.101	0.08116655919023204
70.151	0.08116761225164357
70.201	0.08116866302815876
70.251	0.08116971152668108
70.301	0.08117075775408791
70.351	0.08117180171723057
70.401	0.08117284342293443
70.451	0.08117487431667479
70.501	0.08117591115855889
70.551	0.08117694575676589
70.601	0.08117797811805982
70.651	0.08117900824917931
70.701	0.08118003615683757
70.751	0.08118106184772259
70.801	0.0811820853284972
70.851	0.08118310660579926
70.901	0.08118412568624168
70.951	0.08118514257641257
71.001	0.0811861572828754
71.051	0.08118713127176408
71.101	0.08118814170665731
71.151	0.08118914997713374
71.201	0.08119015608695825
71.251	0.08119017528280577
71.301	0.0811911775681833
71.351	0.08119217772078571
71.401	0.08122146567425362
71.451	0.08122246681122722
71.501	0.08122346577872702
71.551	0.08122446258309288
71.601	0.08122545723064127
71.651	0.08122644972766542
71.701	0.08122744008494877
71.751	0.08122842829970975
71.801	0.08122941438268748
71.851	0.0812303983377342
71.901	0.0812313801757524
71.951	0.08123235990052254
72.001	0.08123333751817773
72.051	0.08123431303482871
72.101	0.08123528645656383
72.151	0.0812362577894492
72.201	0.08123722703952875
72.251	0.08123819421282434
72.301	0.08123915931533587
72.351	0.08124012235304139
72.401	0.08124108333189713
72.451	0.08124204225783768
72.501	0.08124299913677606
72.551	0.08124395397460375
72.601	0.08124490677719089
72.651	0.08124585755038628
72.701	0.08124680630001754
72.751	0.08124775303189118
72.801	0.08124869775179265
72.851	0.08124964046548654
72.901	0.08125058117871652
72.951	0.08115981275294032
73.001	0.08116075207824959
73.051	0.08116288953214952
73.101	0.08116254118332407
73.151	0.08116360563123555
73.201	0.08116400084320433
73.251	0.08116506175557722
73.301	0.08116718143553858
73.351	0.08116746888506304
73.401	0.08116852263176494
73.451	0.08117120088955931
73.501	0.08117158670079441
73.551	0.08117263231782937
73.601	0.08117215720892383
73.651	0.08117094913815216
73.701	0.08117199373900084
73.751	0.08116803707224651
73.801	0.08116632244401882
73.851	0.08116663071456319
73.901	0.0811657262611802
73.951	0.08116618560177384
74.001	0.08116670966885643
74.051	0.08116775591772225
74.101	0.08116843087405094
74.151	0.08117024859695822
74.201	0.0811712876620671
74.251	0.08117195110674047
74.301	0.08117000348412377
74.351	0.0811760817779341
74.401	0.08117688121645343
74.451	0.08117765215703697
74.501	0.08117706806525897
74.551	0.08117782111884352
74.601	0.08117783161944088
74.651	0.08117714265959557
74.701	0.08117887989286356
74.751	0.08117938887677424
74.801	0.08117977285870033
74.851	0.08118023075397021
74.901	0.0811812462219616
74.951	0.08118194961950696
75.001	0.08118260185466132
75.051	0.08118435451831697
75.101	0.08118287833662882
75.151	0.08118317297439037
75.201	0.08118395961599754
75.251	0.0811843338652202
75.301	0.08118376425436605
75.351	0.0811846316563138
75.401	0.0811834471054695
75.451	0.08118417014645106
75.501	0.08118459423763857
75.551	0.08118559524161251
75.601	0.08118659418028847
75.651	0.08118583058807925
75.701	0.08118682795540773
75.751	0.08118782326884615
75.801	0.08118881653421604
75.851	0.08118642428388335
75.901	0.08118572769245669
75.951	0.08118503655182871
76.001	0.0811837539604302
76.051	0.0811966908206876
76.101	0.08119596637524973
76.151	0.08119692066355223
76.201	0.08118736795854511
76.251	0.0811883333552516
76.301	0.08118929678954678
76.351	0.08119000349032122
76.401	0.08118024970145389
76.451	0.08118143266591807
76.501	0.08117992450767339
76.551	0.08118038976703901
76.601	0.08118098253417586
76.651	0.08118093384494184
76.701	0.08118470926411474
76.751	0.08118552414548047
76.801	0.08118641455937006
76.851	0.08118687829500851
76.901	0.08118404087142
76.951	0.08118748287967913
77.001	0.08118533085774099
77.051	0.08118792372257484
77.101	0.08118880212401226
77.151	0.08119178511894995
77.201	0.08119728406418757
77.251	0.0811981479181597
77.301	0.08119680144945574
77.351	0.08119767064442542
77.401	0.08120170145479444
77.451	0.08120533321917908
77.501	0.0812061753289406
77.551	0.08120704640930014
77.601	0.08120721177682769
77.651	0.08120457277877789
77.701	0.0812054447289147
77.751	0.08120916172296273
77.801	0.08121010112318702
77.851	0.08121103864161144
77.901	0.08121120158353864
77.951	0.08121090212983384
78.001	0.08121183683831297
78.051	0.08121276967916509
78.101	0.08121370065743967
78.151	0.08121340234434957
78.201	0.08120997737283965
78.251	0.08121091058440295
78.301	0.081211841936429
78.351	0.08121277143393144
78.401	0.08121369908190738
78.451	0.08121340765000414
78.501	0.08121433330073037
78.551	0.08121509803681261
78.601	0.08121538046374624
78.651	0.08121630174495989
78.701	0.08121722120014525
78.751	0.08121813883419904
78.801	0.0812190546520012
78.851	0.08121764025666209
78.901	0.08121855568748411
78.951	0.08121956699391711
79.001	0.08122047867852714
79.051	0.08122103477767866
79.101	0.08122194336047232
79.151	0.08122063818384852
79.201	0.08122154624766696
79.251	0.08122245252416797
79.301	0.08122300567544442
79.351	0.08122390887720933
79.401	0.081221977594991
79.451	0.08122188518192576
79.501	0.08122231734844591
79.551	0.08122435031592559
79.601	0.08122575006908404
79.651	0.08122598918300958
79.701	0.08123140378245228
79.751	0.08122747204305583
79.801	0.08122814774758733
79.851	0.08122435105580718
79.901	0.08122396754407042
79.951	0.0812248631477136
80.001	0.08122533672500942
80.051	0.08122603331889158
80.101	0.08122692452568567
80.151	0.08122778118030266
80.201	0.08122885730545094
80.251	0.08122932569238307
80.301	0.08122941049562514
80.351	0.08123024870850329
80.401	0.08122903775550265
80.451	0.08122992125767454
80.501	0.08123101637062961
80.551	0.08123148216755104
80.601	0.08123142172044563
80.651	0.08123238515166908
80.701	0.08123284754120502
80.751	0.0812337228319953
80.801	0.08123732645208623
80.851	0.08123674790299218
80.901	0.08123425093685159
80.951	0.08123691078989484
81.001	0.0812340110196389
81.051	0.08123488170622176
81.101	0.08123575071730416
81.151	0.08123626688716656
81.201	0.08123713303366474
81.251	0.08123696983186034
81.301	0.08124656682721948
81.351	0.08124972961549583
81.401	0.08125022690831336
81.451	0.08124711063929667
81.501	0.0812479593100115
81.551	0.08124940136237349
81.601	0.08125843439204454
81.651	0.08125892002937182
81.701	0.08125975102549118
81.751	0.08126058043954897
81.801	0.08126140827561741
81.851	0.0812723252083588
81.901	0.08127313648601457
81.951	0.08127394622563176
82.001	0.08127441117556879
82.051	0.08127521830777343
82.101	0.0812760239127721
82.151	0.08127682799447061
82.201	0.08127564923116509
82.251	0.08127645291137671
82.301	0.08127725507445964
82.351	0.08127805572428354
82.401	0.08127885486470587
82.451	0.0812796524995724
82.501	0.08128044863271466
82.551	0.08128124326795452
82.601	0.08128203640909845
82.651	0.08128282805994284
82.701	0.0812836182242718
82.751	0.08128440690585595
82.801	0.08128519410845458
82.851	0.0812859798358151
82.901	0.0812867640916723
82.951	0.08125375073197204
83.001	0.0812545762729986
83.051	0.08125411272281066
83.101	0.08125891003104146
83.151	0.08126349797932654
83.201	0.08125545044126128
83.251	0.0812553491697561
83.301	0.08125655912025535
83.351	0.08125780051403315
83.401	0.08125861704756454
83.451	0.08125875129317037
83.501	0.08125854904858405
83.551	0.08125834607214942
83.601	0.08125888263656962
83.651	0.0812585352725101
83.701	0.08125915607530113
83.751	0.08125996765039974
83.801	0.0812607777146901
83.851	0.08126206563701005
83.901	0.08126213626003012
83.951	0.08126211947949166
84.001	0.08126292494275474
84.051	0.0812637289112651
84.101	0.08126453138877571
84.151	0.08126533237902864
84.201	0.08126569503891899
84.251	0.08126649363362531
84.301	0.08126729075107429
84.351	0.08126808639496429
84.401	0.08126888056889363
84.451	0.08126967327670837
84.501	0.08127003106453007
84.551	0.08126750608448431
84.601	0.08126829928298236
84.651	0.08126909101998589
84.701	0.08126988129913898
84.751	0.08127067012407344
84.801	0.08127145749841068
84.851	0.08126725979545085
84.901	0.08126724921829111
84.951	0.0812680397022614
85.001	0.08126750309872306
85.051	0.08126829238494519
85.101	0.08126474185584483
85.151	0.08126758433263802
85.201	0.08126766006836227
85.251	0.08126844742882013
85.301	0.08126923334857732
85.351	0.08126930840606712
85.401	0.0812700923613121
85.451	0.08126668131129472
85.501	0.08126478612778043
85.551	0.08126557457032066
85.601	0.08126636157401804
85.651	0.08126714714242753
85.701	0.08126793127909243
85.751	0.08126871398756375
85.801	0.0812694952713276
85.851	0.08127027465895331
85.901	0.08127105357881646
85.951	0.08127183060953075
86.001	0.08127260622952949
86.051	0.08127338044228258
86.101	0.08127415325124523
86.151	0.08127492465986261
86.201	0.0812756946715693
86.251	0.081276463289789
86.301	0.08129439961579805
86.351	0.08129514371091322
86.401	0.08129588646426317
86.451	0.08129662787912816
86.501	0.08129736795877592
86.551	0.08129810670646397
86.601	0.08129884412544258
86.651	0.08129958021894756
86.701	0.08130031499021015
86.751	0.08130104844244766
86.801	0.08130178057886622
86.851	0.08130251140266696
86.901	0.08130324091703667
86.951	0.0813039691251554
87.001	0.0813046960301905
87.051	0.08130542163530244
87.101	0.08130614594364004
87.151	0.08130686895834499
87.201	0.08130759068254453
87.251	0.0813083111193628
87.301	0.0813090302719068
87.351	0.08130974814328099
87.401	0.08131046473657588
87.451	0.08131118005487403
87.501	0.08131189410124942
87.551	0.08131260687876347
87.601	0.0812897314965679
87.651	0.0812893865636204
87.701	0.08128848781942699
87.751	0.08128890576898912
87.801	0.08128964539242374
87.851	0.08128891781155151
87.901	0.08128918819162428
87.951	0.08129362264192813
88.001	0.08128926589067671
88.051	0.0812894573784744
88.101	0.08129117723018248
88.151	0.08129097800961087
88.201	0.08129171188079788
88.251	0.08129308549645317
88.301	0.0812914710714208
88.351	0.0812911639986906
88.401	0.08129185117785184
88.451	0.0812910891136244
88.501	0.08129307067407494
88.551	0.08129277672227861
88.601	0.0812935052936156
88.651	0.08129423258189869
88.701	0.08129449727019396
88.751	0.08129522257106366
88.801	0.08129548846549857
88.851	0.0812962117839993
88.901	0.0812947580988092
88.951	0.08129548153458502
89.001	0.08129574578205787
89.051	0.08129950314217015
89.101	0.0812990636392095
89.151	0.08129978026796959
89.201	0.08130007449467305
89.251	0.08129923310461383
89.301	0.08129952827698869
89.351	0.08130024283402237
89.401	0.08129723421141341
89.451	0.08129641531257753
89.501	0.08130503595625245
89.551	0.08130160115656565
89.601	0.08130530639983621
89.651	0.0813048713027642
89.701	0.08131389153431497
89.751	0.08131458567707874
89.801	0.08131044466150143
89.851	0.08131488031156163
89.901	0.08131557218107725
89.951	0.08130580447168083
90.001	0.08130427166760996
90.051	0.08130497530101537
90.101	0.08131500193981189
90.151	0.08131569189137276
90.201	0.08131638065085607
90.251	0.08131706822104834
90.301	0.08131553591695584
90.351	0.0813162238065625
90.401	0.08131285437922683
90.451	0.08131354481419739
90.501	0.08131423405931318
90.551	0.08131492211734877
90.601	0.08131340636514904
90.651	0.08131409471660779
90.701	0.08131478188424347
90.751	0.0813154678708113
90.801	0.08131615267905799
90.851	0.08131683631172222
90.901	0.08131751877153506
90.951	0.08131820006121812
91.001	0.0813188801834868
91.051	0.08131955914104708
91.101	0.0813202369365985
91.151	0.08132091357283074
91.201	0.08132158905242694
91.251	0.08134752791869773
91.301	0.08134817102948916
91.351	0.08134881304741023
91.401	0.08133932420249307
91.451	0.08133911108279254
91.501	0.08133976294668568
91.551	0.08134041370328639
91.601	0.0813309818607363
91.651	0.08133164242377487
91.701	0.08133230186479022
91.751	0.0813329601863622
91.801	0.08133361739106085
91.851	0.08133427348144831
91.901	0.08133492846007963
91.951	0.08133926908227444
92.001	0.08133991755687131
92.051	0.08134056493508911
92.101	0.08134121121942833
92.151	0.08132516188070132
92.201	0.08132582569268253
92.251	0.08132648838198292
92.301	0.08132714995117177
92.351	0.08132781040281005
92.401	0.08132846973945178
92.451	0.08132448985517703
92.501	0.08132515235798943
92.551	0.0813258137436814
92.601	0.08132432687219694
92.651	0.08132037198038773
92.701	0.08132103793670696
92.751	0.08132170277164737
92.801	0.08132236648776486
92.851	0.08132293353919517
92.901	0.08132349975693473
92.951	0.08132416035712232
93.001	0.08133292435734661
93.051	0.08133357329307142
93.101	0.0813342211419019
93.151	0.08133467821175577
93.201	0.08133532411738678
93.251	0.08133596894307998
93.301	0.08133902011299574
93.351	0.08133965994593528
93.401	0.0813402043933871
93.451	0.0813408422045644
93.501	0.08134138490934746
93.551	0.0813302732893133
93.601	0.08133092156929445
93.651	0.08133156876917325
93.701	0.08133221489138491
93.751	0.08134684184113382
93.801	0.0813474696876767
93.851	0.08134809649277885
93.901	0.08133706911309635
93.951	0.08133770721365254
94.001	0.08133834425589268
94.051	0.08133898024219162
94.101	0.08133961517491783
94.151	0.08134024905643306
94.201	0.08134088188909193
94.251	0.08134151367524269
94.301	0.08134062047803685
94.351	0.08134125193900799
94.401	0.08134188235729792
94.451	0.08134251173523604
94.501	0.08134162316019553
94.551	0.08133681339310087
94.601	0.08133744771745122
94.651	0.08133808099613044
94.701	0.08133871323147178
94.751	0.0813393444258014
94.801	0.0813384681083811
94.851	0.08133909895703427
94.901	0.08133972876851561
94.951	0.08134035754513323
95.001	0.08134098528918832
95.051	0.08134161200297574
95.101	0.08134223768878404
95.151	0.081342862348895
95.201	0.0813434859855844
95.251	0.08134410860112107
95.301	0.08134473019776796
95.351	0.08134535077778132
95.401	0.08134597034341141
95.451	0.08134658889690179
95.501	0.08134720644049002
95.551	0.08134782297640718
95.601	0.08134843850687826
95.651	0.08134905303412188
95.701	0.08134966656046047
95.751	0.08135027908788275
95.801	0.08135089061869659
95.851	0.08135150115509607
95.901	0.08135211069926884
95.951	0.08135271925339689
96.001	0.08135332681965574
96.051	0.08135393340021498
96.101	0.08135057461009015
96.151	0.08135082727207334
96.201	0.08134748046253301
96.251	0.08134809252841751
96.301	0.08134870360264407
96.351	0.08134931368738653
96.401	0.0813499227848147
96.451	0.08135053089708945
96.501	0.08135113802636822
96.551	0.08135174417480065
96.601	0.08135234934453166
96.651	0.08135277949708127
96.701	0.08134928994218332
96.751	0.08135054061430849
96.801	0.08134739876089758
96.851	0.08134728965449428
96.901	0.0813486645948223
96.951	0.08135163599366609
97.001	0.08135223899469003
97.051	0.08134685492919934
97.101	0.08134702899539976
97.151	0.08135188573066816
97.201	0.08134747719021529
97.251	0.08135381499255138
97.301	0.08135398201464904
97.351	0.08135249982041157
97.401	0.0813588117565128
97.451	0.08135977670815805
97.501	0.0813603676719106
97.551	0.0813594512997437
97.601	0.08135826739918202
97.651	0.0813585113081324
97.701	0.08135910257427674
97.751	0.08136573049743949
97.801	0.08136687941903979
97.851	0.08136746039807081
97.901	0.08136663969173902
97.951	0.08137286261123094
98.001	0.08137343615446918
98.051	0.08137244982443322
98.101	0.08137302328121723
98.151	0.08137359582871513
98.201	0.08137555389431168
98.251	0.08137612309452855
98.301	0.08137669139394342
98.351	0.0813772587944844
98.401	0.08137782529807369
98.451	0.08137839090662881
98.501	0.08137895562206184
98.551	0.0813795194462797
98.601	0.08137555976228081
98.651	0.08137060417380755
98.701	0.0813711764902991
98.751	0.08137123560336083
98.801	0.081368570465287
98.851	0.08136914426850152
98.901	0.08137076034278096
98.951	0.08137133116182796
99.001	0.08137139162047625
99.051	0.08137144976528485
99.101	0.08137201902488328
99.151	0.08137150621318968
99.201	0.08136610259044907
99.251	0.08136180130366899
99.301	0.08136136538678938
99.351	0.0813587476549972
99.401	0.08135932929880853
99.451	0.08135837098301923
99.501	0.08135895245058791
99.551	0.08135953300532019
99.601	0.08135910463880915
99.651	0.08135968448305476
99.701	0.08136026341836049
99.751	0.08136724988705123
99.801	0.08136781999243295
99.851	0.08136838920664229
99.901	0.08136845559257992
99.951	0.08136902358057478