0.001	3.62891782088466e-8
0.051	0.000050954855483827374
0.101	0.00017026313544522012
0.151	0.0003417054655469298
0.201	0.000556576521172106
0.251	0.000808832562642442
0.301	0.0010938548065609931
0.351	0.0014079212224746957
0.401	0.0017479290860134584
0.451	0.0021112303916597363
0.501	0.0024955258957296894
0.551	0.0028987927402466707
0.601	0.003319232734401755
0.651	0.0037552340597004157
0.701	0.004205342086186334
0.751	0.004668236595988421
0.801	0.005142713647766611
0.851	0.0056276708875841784
0.901	0.006122095474540059
0.951	0.0066250540273666645
1.001	0.0071356841586606426
1.051	0.00766289362408131
1.101	0.008186375399608056
1.151	0.00871527082636433
1.201	0.009258098817704204
1.251	0.009795707579996519
1.301	0.010336912478830158
1.351	0.010881195731823508
1.401	0.011428073552221965
1.451	0.01197709357545723
1.501	0.012535212688329984
1.551	0.01308690811632368
1.601	0.013639539782529228
1.651	0.0141927617487279
1.701	0.017195196465419855
1.751	0.01778894231266398
1.801	0.015852829226700765
1.851	0.016405369035831865
1.901	0.016957070078750913
1.951	0.017507698123952378
2.001	0.018057033719473765
2.051	0.018604871311240147
2.101	0.01915101842490778
2.151	0.01969721421657949
2.201	0.020239019978706276
2.251	0.02077863530049418
2.301	0.021315914369178356
2.351	0.021850721085857165
2.401	0.02238292852478504
2.451	0.022912418426818352
2.501	0.0234390807243459
2.551	0.023962813095293536
2.601	0.024483520544021014
2.651	0.025001115007131224
2.701	0.025515514982392434
2.751	0.02602664517913355
2.801	0.026534436188616655
2.851	0.027038824173018384
2.901	0.027539750571766594
2.951	0.028037161824083383
3.001	0.028531009106676792
3.051	0.029021248085609113
3.101	0.029507838681445013
3.151	0.02999074484685171
3.201	0.030469934355886023
3.251	0.03094537860426002
3.301	0.03141705241992861
3.351	0.03188493388338967
3.401	0.03234900415713108
3.451	0.03280924732369727
3.501	0.03329188523444567
3.551	0.03374587530677661
3.601	0.03419604959062293
3.651	0.03464240239544387
3.701	0.035084930222086155
3.751	0.035534180337543644
3.801	0.03596902483074203
3.851	0.03640002902271172
3.901	0.036827196810268595
3.951	0.037250533757454914
4.001	0.03767004700234416
4.051	0.03808574516829765
4.101	0.038507609045795727
4.151	0.03891555543496428
4.201	0.039319702619978136
4.251	0.03972006424453988
4.301	0.0401166550695303
4.351	0.04050949090649423
4.401	0.04089858855424002
4.451	0.04128396573840352
4.501	0.0416656410538349
4.551	0.04204363390967485
4.601	0.042417964476993524
4.651	0.042788653638871944
4.701	0.04315572294281229
4.751	0.04351919455536906
4.801	0.04385431173188684
4.851	0.044209191094452455
4.901	0.04456051180901045
4.951	0.044908299065117015
5.001	0.045217351575163246
5.051	0.04551884308773677
5.101	0.04581841512516757
5.151	0.046148980275211506
5.201	0.04647612279273989
5.251	0.0467998728847769
5.301	0.06006681223307435
5.351	0.05389667366080669
5.401	0.047751074821917545
5.451	0.04806156260955576
5.501	0.048412969286984464
5.551	0.048763365706397915
5.601	0.04911278413989368
5.651	0.049435331410288955
5.701	0.04973416719617179
5.751	0.05002991886155279
5.801	0.05032261443392924
5.851	0.05061228196479724
5.901	0.050898949514982236
5.951	0.0511826451407112
6.001	0.051490329531350534
6.051	0.05176828524374313
6.101	0.052043346754648494
6.151	0.052315541935303925
6.201	0.0525848985953213
6.251	0.05285144447256899
6.301	0.053115207223597874
6.351	0.053376214414589326
6.401	0.05363449351279989
6.451	0.0538900718784825
6.501	0.05414297675726493
6.551	0.05439323527296301
6.601	0.054640874420811385
6.651	0.0548859210610933
6.701	0.05512840191315278
6.751	0.05536834354977117
6.801	0.055605772391893536
6.851	0.05584071470368794
6.901	0.05607319658792617
6.951	0.056303243981667916
7.001	0.056530882652238844
7.051	0.056756138193483144
7.101	0.056979036022291624
7.151	0.05719960137537647
7.201	0.057417859306293804
7.251	0.05763383468269839
7.301	0.05784755218382079
7.351	0.05805903629815727
7.401	0.05826831132136212
7.451	0.05847540135433469
7.501	0.058680330301490835
7.551	0.058883121869212005
7.601	0.05908379956445965
7.651	0.05928420081596586
7.701	0.05948073276688659
7.751	0.05967522042697384
7.801	0.059867686492878686
7.851	0.06005815345630443
7.901	0.060246643603496006
7.951	0.060433179014855426
8.001	0.06061778156466733
8.051	0.06080239266634842
8.101	0.060983208621918285
8.151	0.06116215633055712
8.201	0.0613392568329671
8.251	0.06151453096317991
8.301	0.06168799934889023
8.351	0.06185968241187036
8.401	0.06203162492876521
8.451	0.06219981352416783
8.501	0.062366276986895286
8.551	0.06253103490738077
8.601	0.06269410667270213
8.651	0.06285551146742623
8.701	0.06301526827451316
8.751	0.0631733958762685
8.801	0.06333206684021729
8.851	0.0634870081504698
8.901	0.06364037544200632
8.951	0.06379218668763448
9.001	0.0639424596645673
9.051	0.06409121195565799
9.101	0.06423846095066961
9.151	0.06438422384757655
9.201	0.06452851765389529
9.251	0.06467135918804322
9.301	0.06481276508072173
9.351	0.0649514312404397
9.401	0.06508998827259938
9.451	0.06522578391813284
9.501	0.06536155530728678
9.551	0.06549597087846018
9.601	0.06562904615265984
9.651	0.06575931141652779
9.701	0.06588972351088812
9.751	0.06601884050163435
9.801	0.06614667720128728
9.851	0.06627324825083664
9.901	0.06639856812131388
9.951	0.06652265111537141
10.001	0.06664551136885909
10.051	0.06676716285241079
10.101	0.06688761937303282
10.151	0.06700689457570615
10.201	0.06712318579797855
10.251	0.06724010640524707
10.301	0.06735588528094957
10.351	0.06747053543004458
10.401	0.06758406970337022
10.451	0.0676965007992335
10.501	0.06780784126500186
10.551	0.0679181034986699
10.601	0.06802729975048512
10.651	0.06813544212445853
10.701	0.06824254257996518
10.751	0.06834861293330119
10.801	0.0684536648592387
10.851	0.06855770989256646
10.901	0.06866110701395925
10.951	0.0687631700305263
11.001	0.06886425991132819
11.051	0.06896438764700681
11.101	0.06906356409585045
11.151	0.06916179998528137
11.201	0.06925910591333605
11.251	0.06935549235014038
11.301	0.06945081876622392
11.351	0.06954538972064098
11.401	0.06963907179075692
11.451	0.06973187495023352
11.501	0.0698238090520801
11.551	0.06991488383003101
11.601	0.07000516770548429
11.651	0.07009454743186291
11.701	0.07018309630172738
11.751	0.07027082358625326
11.801	0.07035773844417548
11.851	0.07044384992327359
11.901	0.07052916696166266
11.951	0.07061372058495585
12.001	0.07069746977191584
12.051	0.0707804506582871
12.101	0.07086267175696102
12.151	0.07094414147763657
12.201	0.07102486812804203
12.251	0.07110485991524422
12.301	0.07118300705793623
12.351	0.07126151713220694
12.401	0.07133931680543952
12.451	0.07141641390564589
12.501	0.0714928161659025
12.551	0.07156723672502976
12.601	0.07164223819697865
12.651	0.0717165679579433
12.701	0.07179023338292138
12.751	0.07186324175734136
12.801	0.0719341410865184
12.851	0.07200582546671407
12.901	0.07207687466177966
12.951	0.07214729561876582
13.001	0.07221709520016677
13.051	0.07228628018513084
13.101	0.07235321789374499
13.151	0.07242116563285567
13.201	0.07248851920574337
13.251	0.07182347965952665
13.301	0.07262083318226617
13.351	0.07268672317038763
13.401	0.07275230732217106
13.451	0.07281706967311959
13.501	0.07288127678009586
13.551	0.07294493458897103
13.601	0.07300804897171535
13.651	0.07307062572846156
13.701	0.07313293765917345
13.751	0.07319445715574367
13.801	0.07325545598499124
13.851	0.07331593966543193
13.901	0.07337591364756112
13.951	0.07343538331473039
14.001	0.07349435398401603
14.051	0.07355255798960159
14.101	0.07361054557789742
14.151	0.07366777529234592
14.201	0.07372480035555641
14.251	0.07378135207311551
14.301	0.07383765694026256
14.351	0.07389086305065272
14.401	0.07388668698426427
14.451	0.07394420047757679
14.501	0.07405326547496673
14.551	0.0741054937145385
14.601	0.07389591053295327
14.651	0.07369096496610188
14.701	0.07374822627225731
14.751	0.07380533428138089
14.801	0.07386167567036278
14.851	0.0739178849288763
14.901	0.07397332290277954
14.951	0.07402797424231325
15.001	0.07408216776229655
15.051	0.07413648081201243
15.101	0.0741901342455303
15.151	0.0747125614548816
15.201	0.07476070016300837
15.251	0.07480845471687644
15.301	0.07485582905301563
15.351	0.07490304957804554
15.401	0.07494967505022962
15.451	0.07499593182844491
15.501	0.07504182366657507
15.551	0.07508643710889519
15.601	0.07513160458002131
15.651	0.0751764182792487
15.701	0.07522088178817733
15.751	0.0752649986461078
15.801	0.0753087723510221
15.851	0.07535220635984514
15.901	0.07539513421607023
15.951	0.07543789749250784
16.001	0.07548033125625468
16.051	0.0755224388055565
16.101	0.07556408718875152
16.151	0.07560554960399193
16.201	0.07564669547961651
16.251	0.07568752796301458
16.301	0.07573931069120997
16.351	0.07577939594037018
16.401	0.07581917810915519
16.451	0.0758586602210195
16.501	0.07589806897873429
16.551	0.07593696138082157
16.601	0.07597556252585967
16.651	0.07601387529801754
16.701	0.07605190254772276
16.751	0.07608964709223354
16.801	0.07612711171592015
16.851	0.07616429917079784
16.901	0.07620121217685073
16.951	0.07623785342251609
17.001	0.07627422556499534
17.051	0.07648788448891002
17.101	0.07652676622708729
17.151	0.07656722302462085
17.201	0.07659985120277607
17.251	0.07663413634194409
17.301	0.07648719232518733
17.351	0.07652175311989795
17.401	0.07655606493257813
17.451	0.07659013015694424
17.501	0.0766239511593558
17.551	0.07665753027907736
17.601	0.07669086982862357
17.651	0.07672397209409107
17.701	0.07675683933549467
17.751	0.07678947378709498
17.801	0.07682187765772464
17.851	0.07685405313110785
17.901	0.07688624465725613
17.951	0.07691796958819948
18.001	0.07694947246781385
18.051	0.0769807553828186
18.101	0.07701182039638077
18.151	0.07704266954841116
18.201	0.0770733048558569
18.251	0.07710348862536201
18.301	0.07713370280168125
18.351	0.07716370910465667
18.401	0.07719350946182271
18.451	0.07722648027476009
18.501	0.07725579658251511
18.551	0.07728368257428136
18.601	0.07731262624106176
18.651	0.07734137310693354
18.701	0.07736992498964107
18.751	0.07739828368682235
18.801	0.07742645097625465
18.851	0.07745442861609761
18.901	0.07748221834512968
18.951	0.07750982188298829
19.001	0.07753724093037156
19.051	0.07756447716938115
19.101	0.07759060375246925
19.151	0.0776175072379885
19.201	0.07764423290252218
19.251	0.0776707823478794
19.301	0.07769715715835877
19.351	0.07772110660569871
19.401	0.07774707542369227
19.451	0.0777728741290048
19.501	0.07779850424424303
19.551	0.07782396727542011
19.601	0.07784926471222955
19.651	0.07787439802818906
19.701	0.0778993686808706
19.751	0.07792549821993607
19.801	0.07795009291556733
19.851	0.07797452929957653
19.901	0.077998808781396
19.951	0.078022736996614
20.001	0.07804670590946504
20.051	0.07807052207373653
20.101	0.0780941868390511
20.151	0.07811770154056738
20.201	0.07814030180499842
20.251	0.07816357789168792
20.301	0.0781867067079701
20.351	0.0782096895422052
20.401	0.07823252766928192
20.451	0.07825522235071466
20.501	0.07827777483467521
20.551	0.07830018635625231
20.601	0.07832228152764327
20.651	0.07834441552591055
20.701	0.07836641219405374
20.751	0.07838827271612882
20.801	0.07840999826380361
20.851	0.07843158999649737
20.901	0.07845336550228692
20.951	0.07847454788214554
21.001	0.07849574422964004
21.051	0.0785168112762028
21.101	0.07853775012209321
21.151	0.07855856185612535
21.201	0.07857924755579641
21.251	0.0785998082874136
21.301	0.07862024510610631
21.351	0.07864055905639267
21.401	0.07866096668330685
21.451	0.07868103838320782
21.501	0.07870099026313845
21.551	0.07872082332477011
21.601	0.07874053855943342
21.651	0.07876035424418797
21.701	0.07877983705457894
21.751	0.07879920493084189
21.801	0.07881845882394234
21.851	0.07883759967518641
21.901	0.07885684699084429
21.951	0.07887729120931539
22.001	0.07889618101759073
22.051	0.07891496045756204
22.101	0.07893363041247162
22.151	0.07895219175679467
22.201	0.07897064535634842
22.251	0.07898899206839226
22.301	0.07900723274176884
22.351	0.07902536821685517
22.401	0.07904339932573555
22.451	0.07906132689243019
22.501	0.07907915173282556
22.551	0.07909687465481051
22.601	0.07911471586321063
22.651	0.0791322372426009
22.701	0.07914965905904531
22.751	0.07916698208932894
22.801	0.07918420710266544
22.851	0.07920133486082395
22.901	0.07921836611817337
22.951	0.07923530162178831
23.001	0.07925214211152957
23.051	0.07926888832013222
23.101	0.07928554097324775
23.151	0.07930210078953616
23.201	0.07931854197687975
23.251	0.07933491534572285
23.301	0.07935119794074225
23.351	0.07936739045348357
23.401	0.0793834935688967
23.451	0.07939950796541073
23.501	0.07941543431504877
23.551	0.07943127328335672
23.601	0.07944702552961148
23.651	0.0794626917069699
23.701	0.07947827246217372
23.751	0.07949376843607543
23.801	0.07950918026342263
23.851	0.07952471918018186
23.901	0.07953996396850961
23.951	0.07955512645806129
24.001	0.07957020726013493
24.051	0.07958520698033159
24.101	0.07960012621857442
24.151	0.07961496556924341
24.201	0.07962972562116331
24.251	0.07964440695770202
24.301	0.07965901015682213
24.351	0.07967353579113749
24.401	0.07968798442797634
24.451	0.07970235662943191
24.501	0.07971675928559105
24.551	0.07973098041661793
24.601	0.07974512676644213
24.651	0.07975919887681036
24.701	0.07977319728442714
24.751	0.07978710692595084
24.801	0.0798010170018683
24.851	0.07981479991626315
24.901	0.07982861852456458
24.951	0.07984225871242939
25.001	0.07985582823726337
25.051	0.07986619703416152
25.101	0.07987938808739801
25.151	0.07989275420332255
25.201	0.07990605166947855
25.251	0.07991928097340757
25.301	0.079932442598275
25.351	0.07994490776434181
25.401	0.0799569389752134
25.451	0.07996987537403273
25.501	0.07998281255027774
25.551	0.07999561977200349
25.601	0.08000836247160421
25.651	0.08002111111482448
25.701	0.08003311463982489
25.751	0.0800456480880496
25.801	0.08005811893209934
25.851	0.08007054177403954
25.901	0.08008942713627891
25.951	0.0800983769017708
26.001	0.08011043461677808
26.051	0.08011941219017829
26.101	0.08013136629131844
26.151	0.08014309808435247
26.201	0.08015485249909517
26.251	0.08016646313604647
26.301	0.0801780998607493
26.351	0.08018936598776419
26.401	0.08020112519861433
26.451	0.08021220791400019
26.501	0.08022374572002959
26.551	0.08023533813153758
26.601	0.08024672815074069
26.651	0.08025810034755547
26.701	0.08026956092972325
26.751	0.08027819738322828
26.801	0.08028659401790426
26.851	0.08029721502775966
26.901	0.08030723372027758
26.951	0.08031725515382054
27.001	0.08032535732635908
27.051	0.08033600398238251
27.101	0.08034552540627647
27.151	0.0803562184030066
27.201	0.08036705755379399
27.251	0.08037579703634883
27.301	0.08038253250182992
27.351	0.08039305106753968
27.401	0.08040333938561314
27.451	0.08041495486032621
27.501	0.08042325015773413
27.551	0.08043487098218786
27.601	0.08044024891980552
27.651	0.08045010788018281
27.701	0.08045931297523129
27.751	0.080469013138085
27.801	0.08048013270996761
27.851	0.08048904799338655
27.901	0.08049796488919617
27.951	0.0805067427565123
28.001	0.08051378075889937
28.051	0.08052483122297571
28.101	0.08053339080963874
28.151	0.08054259408952098
28.201	0.08055356339451906
28.251	0.08056115778175205
28.301	0.08057166411495867
28.351	0.08057989113245076
28.401	0.08058950635407669
28.451	0.0805992456304086
28.501	0.08060811997823734
28.551	0.0806178679639265
28.601	0.0806176685526193
28.651	0.08062207651931633
28.701	0.08062984191318091
28.751	0.08064110994381393
28.801	0.08064985324426144
28.851	0.08065266933149891
28.901	0.08066212947607022
28.951	0.08067154777968406
29.001	0.08067832731420402
29.051	0.08068786631830611
29.101	0.0806971710663933
29.151	0.08070631566433414
29.201	0.08070687685193018
29.251	0.08071603294222866
29.301	0.08073882764678143
29.351	0.08074774320009792
29.401	0.0807561227873009
29.451	0.08076523628410197
29.501	0.08077311875891857
29.551	0.08078051685386514
29.601	0.08079055522274206
29.651	0.08079659939422203
29.701	0.08080545504497587
29.751	0.08081347957564974
29.801	0.0808198594869882
29.851	0.0808278101832037
29.901	0.08083613260280158
29.951	0.08084432272536432
30.001	0.08085288199194526
30.051	0.0808599225240039
30.101	0.0808675884904349
30.151	0.08087589352438183
30.201	0.08088325627783836
30.251	0.08089126361174266
30.301	0.0808991893129333
30.351	0.08090535093141295
30.401	0.0809141177939561
30.451	0.08092054925087556
30.501	0.080927815678764
30.551	0.08093535167226207
30.601	0.08094367801823069
30.651	0.0809501607318668
30.701	0.08095837621102234
30.751	0.08096609007667525
30.801	0.08097231389661332
30.851	0.08097990187390713
30.901	0.08098644662954053
30.951	0.08099453790649175
31.001	0.08100192137350361
31.051	0.08100858485911373
31.101	0.08101657597670947
31.151	0.08102354123066248
31.201	0.0810302188996362
31.251	0.08103653388401307
31.301	0.08104315287229191
31.351	0.081050505996655
31.401	0.08105770428650702
31.451	0.08106497561142044
31.501	0.08107163462122965
31.551	0.08107869669280682
31.601	0.08108601595202707
31.651	0.08109223356960693
31.701	0.08109804159742878
31.751	0.08110434328354672
31.801	0.08111191245420882
31.851	0.08111938158493745
31.901	0.08112598456578429
31.951	0.08113344084978479
32.001	0.08114046562439171
32.051	0.08114687409237303
32.101	0.0811542205422761
32.151	0.08116158163196824
32.201	0.08116837185690587
32.251	0.08117567454864637
32.301	0.08118248150407946
32.351	0.08118807894352442
32.401	0.08120127514495636
32.451	0.08120849827076554
32.501	0.08121572093901026
32.551	0.08122153898510401
32.601	0.08122884361025787
32.651	0.0812359830955525
32.701	0.08124210869664085
32.751	0.08124919395990465
32.801	0.08125622178564898
32.851	0.08126207925810836
32.901	0.08126905054205487
32.951	0.08126899487862331
33.001	0.08127589596200771
33.051	0.08128861725474602
33.101	0.0812954567733284
33.151	0.08130024315848502
33.201	0.08130703427562666
33.251	0.08131379835674828
33.301	0.08132057208604297
33.351	0.08132486108446714
33.401	0.08133118148438978
33.451	0.08133924108544474
33.501	0.08134567023235342
33.551	0.08135233205397788
33.601	0.0813574130855405
33.651	0.08136398919551986
33.701	0.0813705325427151
33.751	0.08137705706110994
33.801	0.08136739444639961
33.851	0.08138694449314622
33.901	0.08138621961816264
33.951	0.0813926717099367
34.001	0.08139909869560669
34.051	0.08140173767949566
34.101	0.0814081268015534
34.151	0.08141729535495132
34.201	0.081423010992882
34.251	0.08142931955288436
34.301	0.08143560377716091
34.351	0.08144186379249571
34.401	0.08144727857823506
34.451	0.08145340112275132
34.501	0.08145878814094905
34.551	0.08146541072645669
34.601	0.08147155457861281
34.651	0.08146057341472239
34.701	0.08146439419916779
34.751	0.08146834032914325
34.801	0.08147847862546444
34.851	0.08148061952087875
34.901	0.08149025321438637
34.951	0.08149535878322144
35.001	0.08150100155254297
35.051	0.08150505220729959
35.101	0.08151061368861162
35.151	0.08151523770026038
35.201	0.08152001704606172
35.251	0.08152579841301402
35.301	0.08153151396683986
35.351	0.08153725822885967
35.401	0.08154064405221535
35.451	0.08154611032815184
35.501	0.08155110655854937
35.551	0.08155685732397905
35.601	0.08156280977975303
35.651	0.08156791277272592
35.701	0.08157337273259581
35.751	0.08157847829930082
35.801	0.08158225341129448
35.851	0.08158603053099477
35.901	0.08159170058941308
35.951	0.0815974003585599
36.001	0.08160150103755086
36.051	0.08160742635927058
36.101	0.08161293211496716
36.151	0.08161825631812918
36.201	0.08162142431061477
36.251	0.08162631165167777
36.301	0.08163156194489864
36.351	0.08163704854865232
36.401	0.08164229495825914
36.451	0.08164774261434987
36.501	0.0816160747705585
36.551	0.08162172400076657
36.601	0.08162763792792445
36.651	0.08163299197604929
36.701	0.08163861061024312
36.751	0.08167793798660125
36.801	0.08168325465754603
36.851	0.08168661381098503
36.901	0.08169189800940192
36.951	0.08134610625246488
37.001	0.08170181712584001
37.051	0.08170704542567309
37.101	0.08171229327251103
37.151	0.0817179538341289
37.201	0.08172312685195038
37.251	0.08172829012775662
37.301	0.08173233833956764
37.351	0.0817362775392886
37.401	0.08174075976728923
37.451	0.08174581463751933
37.501	0.08175088681985661
37.551	0.08175591287592446
37.601	0.08176006718402035
37.651	0.08176419465709868
37.701	0.08176868385920052
37.751	0.0817725916063033
37.801	0.0817775852460795
37.851	0.08178170526585998
37.901	0.081786622846121
37.951	0.08179034780178882
38.001	0.08179438479901543
38.051	0.08179830750212765
38.101	0.08180287716722985
38.151	0.08180723348361364
38.201	0.0818100304821604
38.251	0.08181397973677516
38.301	0.08181745988347698
38.351	0.08182141633976217
38.401	0.08182604655787555
38.451	0.08183072231961423
38.501	0.08183253855479182
38.551	0.08183607650417313
38.601	0.08199414516661531
38.651	0.0818450814229075
38.701	0.08184929695384328
38.751	0.08185344070310001
38.801	0.08185711486524146
38.851	0.08186120128302281
38.901	0.08186428387056939
38.951	0.0818683653643479
39.001	0.08187339075968982
39.051	0.08187859839500658
39.101	0.08188358938348755
39.151	0.08188693504959701
39.201	0.08189002113383312
39.251	0.08189457518218729
39.301	0.08189738142219553
39.351	0.08190190903413658
39.401	0.08190642135255158
39.451	0.0819129834937025
39.501	0.08191668853766282
39.551	0.0819199664492678
39.601	0.08192345238294706
39.651	0.08192715425048318
39.701	0.08854337663040776
39.751	0.08854983995025936
39.801	0.08855617767307714
39.851	0.08856239020621365
39.901	0.08194773796547754
39.951	0.08195148991843912
40.001	0.08195538433329688
40.051	0.08195914425899122
40.101	0.08196346397364473
40.151	0.08196762424632992
40.201	0.08197341636282791
40.251	0.08197741440175427
40.301	0.08198007469283038
40.351	0.08198432443814063
40.401	0.08198833819057058
40.451	0.08199279619911765
40.501	0.08199696982628549
40.551	0.08200116394463715
40.601	0.08200412160728239
40.651	0.08200753221157113
40.701	0.08201002169874
40.751	0.08201365186548037
40.801	0.0820176497683512
40.851	0.08202068915929081
40.901	0.08202393413321021
40.951	0.08202754795096424
41.001	0.08203101892707676
41.051	0.0820344922860201
41.101	0.08203855891367333
41.151	0.08204258131005365
41.201	0.08204662164050651
41.251	0.08204979509826121
41.301	0.08205334616281441
41.351	0.08205735062474853
41.401	0.08206126458301287
41.451	0.08206509641324311
41.501	0.0820689113982616
41.551	0.08207270045268832
41.601	0.0820764347387689
41.651	0.08208032899115546
41.701	0.08208391752499407
41.751	0.08208765111417139
41.801	0.08209155357983218
41.851	0.08209535545386253
41.901	0.08209853977060057
41.951	0.08210039375964784
42.001	0.08210447364935843
42.051	0.08210520353501016
42.101	0.08210813918980253
42.151	0.08211166396862081
42.201	0.08211320163927016
42.251	0.08211652154483359
42.301	0.08212027516429962
42.351	0.08212393116651097
42.401	0.08212781071652145
42.451	0.08213246988220543
42.501	0.08213567441237866
42.551	0.08213866979834673
42.601	0.0821418677603214
42.651	0.08214499532022247
42.701	0.0821446887932697
42.751	0.08214862349064374
42.801	0.08215231402892235
42.851	0.08215594836027697
42.901	0.0821585450295512
42.951	0.08216648673199389
43.001	0.082169091064698
43.051	0.08216992526801327
43.101	0.08217332111452946
43.151	0.08217693181155654
43.201	0.08217996577715216
43.251	0.0821820997277945
43.301	0.08218394384736641
43.351	0.08218751838347017
43.401	0.08219470104102067
43.451	0.08219673714254916
43.501	0.08220029613129459
43.551	0.0822015867119874
43.601	0.08220492583636849
43.651	0.08220743781024437
43.701	0.08221067905254852
43.751	0.08221160673237275
43.801	0.08221489808844187
43.851	0.08222022495139192
43.901	0.08222401387206331
43.951	0.08222787676572565
44.001	0.08222853138411476
44.051	0.08223254084799654
44.101	0.08223503796303325
44.151	0.08223676047943232
44.201	0.08224354462320733
44.251	0.08224337887481749
44.301	0.08224608734439105
44.351	0.08224963097670221
44.401	0.0822518261509544
44.451	0.08225572682741146
44.501	0.08225827939416848
44.551	0.08226103667722554
44.601	0.08226960744673162
44.651	0.08226648409381931
44.701	0.08227008008522568
44.751	0.08227258851567183
44.801	0.08227579888769058
44.851	0.08227887519779685
44.901	0.08228196964631307
44.951	0.08228535194869932
45.001	0.08228851253837567
45.051	0.08229207471267913
45.101	0.08229504976664416
45.151	0.08229811636019237
45.201	0.0823010402927987
45.251	0.08230376990760294
45.301	0.082306238656405
45.351	0.08230926501354342
45.401	0.08231490432584797
45.451	0.0823180710866887
45.501	0.08232206630259108
45.551	0.08231953633299038
45.601	0.08232224186520803
45.651	0.08232425481974084
45.701	0.08232698490799296
45.751	0.08232995745928415
45.801	0.08233378095029231
45.851	0.08233627184696114
45.901	0.08233869338474058
45.951	0.08234157969115427
46.001	0.08234311976290831
46.051	0.08234566184799852
46.101	0.08234833090169331
46.151	0.08235174413963786
46.201	0.08235461765333274
46.251	0.08235746259987493
46.301	0.08235968339751693
46.351	0.08236189504300194
46.401	0.08236540275496584
46.451	0.08236829798703789
46.501	0.08237136083276175
46.551	0.08237370501337989
46.601	0.08237625152339662
46.651	0.08249105211018203
46.701	0.08249378299368519
46.751	0.08249650611581655
46.801	0.08249922120812651
46.851	0.0825019286047995
46.901	0.08250462832830006
46.951	0.08250732040790609
47.001	0.08251000487275292
47.051	0.08251268175183431
47.101	0.08251535107400314
47.151	0.08251801286797229
47.201	0.08252066716231554
47.251	0.08252331398546824
47.301	0.08252595336572822
47.351	0.08252858533125662
47.401	0.08253120991006291
47.451	0.08253382713006781
47.501	0.08253643701901196
47.551	0.08253903489383436
47.601	0.08254162990708613
47.651	0.08254421767158591
47.701	0.08254679821457869
47.751	0.08254937156317894
47.801	0.08255193774437146
47.851	0.08255449678501202
47.901	0.08255704871182824
47.951	0.08794606712577507
48.001	0.08793808799989046
48.051	0.0879300500834256
48.101	0.08792195375509959
48.151	0.08791379939276503
48.201	0.08790558737341371
48.251	0.08789731807313805
48.301	0.08788899186718083
48.351	0.08788060912989712
48.401	0.08258217275273821
48.451	0.08258464785911304
48.501	0.08258711616281764
48.551	0.08258957768900034
48.601	0.08259203246268652
48.651	0.08259448050878551
48.701	0.0825969218520885
48.751	0.08259935651727382
48.801	0.08259194491727044
48.851	0.08259438707835952
48.901	0.08259682256825432
48.951	0.08259925803539771
49.001	0.08260167979827626
49.051	0.08261067445896844
49.101	0.0826130695409516
49.151	0.08261545811968612
49.201	0.08261784021883438
49.251	0.08262021586197493
49.301	0.08262258507254744
49.351	0.08262494787390379
49.401	0.08262730428200446
49.451	0.08262965433764341
49.501	0.08263199805343964
49.551	0.08263434257667339
49.601	0.08263667362010738
49.651	0.08264053040657061
49.701	0.08264130899927216
49.751	0.08264362136947108
49.801	0.08264593272761711
49.851	0.08264823275561879
49.901	0.08265052662421568
49.951	0.08265281435549342
50.001	0.08265509597143661
50.051	0.08265737149392978
50.101	0.08265964094475782
50.151	0.08266190434560623
50.201	0.08266416171806247
50.251	0.08266641308361566
50.301	0.08266865846365758
50.351	0.0826694102187372
50.401	0.08267164684170607
50.451	0.08267387753344285
50.501	0.08267610810851907
50.551	0.08268270020995505
50.601	0.08268490441258476
50.651	0.08268710279894961
50.701	0.08268929538960336
50.751	0.08269148821143527
50.801	0.08269366931437407
50.851	0.08269584468265531
50.901	0.0826980143364615
50.951	0.08262124103036786
51.001	0.08263776779188696
51.051	0.08270448144903625
51.101	0.08270662840998536
51.151	0.08270876975703854
51.201	0.08271090550984113
51.251	0.08271304361603857
51.301	0.08271516824892933
51.351	0.08271728734521817
51.401	0.08271940092420364
51.451	0.08271585703235323
51.501	0.08271797080674427
51.551	0.08272008575757289
51.601	0.08272218859635948
51.651	0.08272358511112723
51.701	0.08272567838894415
51.751	0.08272777308371497
51.801	0.08272986478386268
51.851	0.08273193368043527
51.901	0.08273400538873756
51.951	0.08272201365584085
52.001	0.08272410244240715
52.051	0.08273950537124278
52.101	0.08274155714484978
52.151	0.08274360363698728
52.201	0.08274564486570658
52.251	0.0827476362397193
52.301	0.08274966696999772
52.351	0.08275170168766434
52.401	0.08275372201062467
52.451	0.0827557371588442
52.501	0.08275770241669263
52.551	0.08275970724434656
52.601	0.08276170695015674
52.651	0.08276369420898476
52.701	0.0827656928785915
52.751	0.08276767732986981
52.801	0.082769611856965
52.851	0.08277158619708806
52.901	0.0827735555184142
52.951	0.08277551983788078
53.001	0.08278134734104872
53.051	0.08278329418358554
53.101	0.08278656488057892
53.151	0.08278849926705242
53.201	0.08279175490634105
53.251	0.08279367691705251
53.301	0.08279559408953172
53.351	0.08279750644007358
53.401	0.08279941398490276
53.451	0.08280131674017405
53.501	0.08280321472197273
53.551	0.08280511040022695
53.601	0.08280699886042081
53.651	0.08280888259479574
53.701	0.08281076161916918
53.751	0.08281263594929082
53.801	0.08281450560084301
53.851	0.0828163741437113
53.901	0.08281823447842877
53.951	0.08282009018120413
54.001	0.08282194126745374
54.051	0.08282378775252829
54.101	0.08282562965171321
54.151	0.082827466980229
54.201	0.0828292997532315
54.251	0.0828311279858123
54.301	0.08283295169299902
54.351	0.08283477088975572
54.401	0.08283658559098313
54.451	0.08283839581151907
54.501	0.08284020156613872
54.551	0.08284200286955495
54.601	0.08284379973641869
54.651	0.08284559218131916
54.701	0.08284738021878434
54.751	0.08284916386328108
54.801	0.0828509431292156
54.851	0.08285277378864273
54.901	0.08285454392520039
54.951	0.0828563097225475
55.001	0.08285807119490887
55.051	0.08285982835645028
55.101	0.08286158122127874
55.151	0.08286332980344271
55.201	0.08286507411693254
55.251	0.08286693043270432
55.301	0.0828686660052688
55.351	0.08287039734886195
55.401	0.08287212447724623
55.451	0.0828738474041274
55.501	0.08287556614315478
55.551	0.08287728070792155
55.601	0.08287898394073802
55.651	0.08288069040166228
55.701	0.08288239272793209
55.751	0.08288413382680573
55.801	0.0828858280275075
55.851	0.0828875181313203
55.901	0.08288920415142717
55.951	0.08289088610095766
56.001	0.08289256399298799
56.051	0.08289428318372136
56.101	0.08289603961990416
56.151	0.08289770583923864
56.201	0.08289936779149241
56.251	0.0829010257448638
56.301	0.08290267971211232
56.351	0.08290432970594791
56.401	0.08290597573902495
56.451	0.08290761782395176
56.501	0.08290925597328477
56.551	0.08291089019953027
56.601	0.08291252051514464
56.651	0.08291414693253463
56.701	0.08291576946405758
56.751	0.08291738812202172
56.801	0.08291900291868633
56.851	0.08292061396653452
56.901	0.0829222210669104
56.951	0.08292382428987827
57.001	0.08292542365209074
57.051	0.08292661542641545
57.101	0.08292820614226575
57.151	0.08292979307097037
57.201	0.08293137628339114
57.251	0.08293287313819477
57.301	0.08293444927065703
57.351	0.08293578870320836
57.401	0.08293735564216
57.451	0.08293844553413193
57.501	0.0829397630164687
57.551	0.08294131360546035
57.601	0.08294286061256854
57.651	0.08294438684242267
57.701	0.08294592701653437
57.751	0.0829474636438958
57.801	0.08294899673577688
57.851	0.08295051028900459
57.901	0.08295203664418939
57.951	0.0829535594984281
58.001	0.08295507886279445
58.051	0.08295660955400536
58.101	0.08295812166694444
58.151	0.08295343519504486
58.201	0.08295495137304373
58.251	0.08295795082885761
58.301	0.08295945730166145
58.351	0.08295647050914484
58.401	0.08295797819560218
58.451	0.08295948266467673
58.501	0.08296188192035886
58.551	0.08296338601378245
58.601	0.08296488665358355
58.651	0.082966383850207
58.701	0.08296787761405448
58.751	0.0829693679554848
58.801	0.08297085488481412
58.851	0.08297233841231619
58.901	0.08297381854822163
58.951	0.08297529530272343
59.001	0.08297676868596521
59.051	0.08297823870805697
59.101	0.08297970537906317
59.151	0.0829856260599565
59.201	0.08298707817916605
59.251	0.08298852699844257
59.301	0.08298997252761098
59.351	0.0829957851627876
59.401	0.08299721697888507
59.451	0.08299864555677335
59.501	0.08300007090603159
59.551	0.08300149303620066
59.601	0.08300291195678337
59.651	0.08300437942486433
59.701	0.08300579131103089
59.751	0.08300720001419454
59.801	0.08300860554372014
59.851	0.08301000790893563
59.901	0.08301140711913219
59.951	0.08301280318356447
60.001	0.08301428771389002
60.051	0.08301144990742639
60.101	0.08301284382179165
60.151	0.08301423474797871
60.201	0.0830156224244942
60.251	0.08301691916087203
60.301	0.08301834520441595
60.351	0.08302387043627026
60.401	0.08302524099965398
60.451	0.08302660851453285
60.501	0.08302797298972137
60.551	0.08302933443399994
60.601	0.08303069285611499
60.651	0.08303204805734005
60.701	0.0830334004616613
60.751	0.08303474986986918
60.801	0.08303609629057615
60.851	0.08303743973236169
60.901	0.08303878020377246
60.951	0.08303593148949591
61.001	0.08303727321860263
61.051	0.0830386119841539
61.101	0.08303994779463231
61.151	0.0830412806440297
61.201	0.0830426105699759
61.251	0.08304393756610522
61.301	0.08304526164077297
61.351	0.08305075541523019
61.401	0.0830520667067644
61.451	0.08305337511200167
61.501	0.08305459309443808
61.551	0.08305534712180501
61.601	0.08305471499584592
61.651	0.08305588808827209
61.701	0.0830569715884489
61.751	0.08305825048009775
61.801	0.08305952654578738
61.851	0.08306079978317372
61.901	0.08306216541736636
61.951	0.0830633465610445
62.001	0.08306461140872759
62.051	0.08306587346347402
62.101	0.08306713273328711
62.151	0.08306812764460993
62.201	0.08306939206382614
62.251	0.08307046665480594
62.301	0.08307179959884078
62.351	0.08307304419548293
62.401	0.08307437129121907
62.451	0.08307559474804853
62.501	0.08307683069714966
62.551	0.0830780476758655
62.601	0.08308204673002831
62.651	0.0830832882623283
62.701	0.08308452711249195
62.751	0.08307109351516294
62.801	0.08307234970721229
62.851	0.08307363761498937
62.901	0.08307488548957229
62.951	0.0830761306576424
63.001	0.08307737698811264
63.051	0.0830788015023244
63.101	0.08308003959404871
63.151	0.08308125079888522
63.201	0.08306820640032758
63.251	0.08306946161838873
63.301	0.08307071791121313
63.351	0.08307197016045388
63.401	0.08307321401932014
63.451	0.08307445519266411
63.501	0.08307569368832524
63.551	0.08307692951411057
63.601	0.08307815286297468
63.651	0.08307938336182442
63.701	0.08308069262642298
63.751	0.08308191576967403
63.801	0.08308313948990567
63.851	0.0830843606165932
63.901	0.08308557787021012
63.951	0.08308687335061613
64.001	0.0830880853028355
64.051	0.08308929466211894
64.101	0.08309050143596462
64.151	0.08308659167597124
64.201	0.08308780143378452
64.251	0.0830890086095342
64.301	0.08309021321066348
64.351	0.08309141524458823
64.401	0.08309261471869711
64.451	0.08309381164035172
64.501	0.08309500601688659
64.551	0.08309115665872348
64.601	0.08309235396934762
64.651	0.08309857474505711
64.701	0.083099759022879
64.751	0.08310094079182592
64.801	0.08310212179505434
64.851	0.08310329855784133
64.901	0.08310447283318621
64.951	0.08310509800363287
65.001	0.08310626819498793
65.051	0.08310743591781243
65.101	0.08311337489461396
65.151	0.08311471203130856
65.201	0.08311586459707558
65.251	0.08311701474017204
65.301	0.08311816246747551
65.351	0.08311930778583863
65.401	0.08312063194503057
65.451	0.08312177217282644
65.501	0.08312291001281621
65.551	0.08312404547175155
65.601	0.08312517759508352
65.651	0.08312648808813512
65.701	0.08312761614628442
65.751	0.08312874185088044
65.801	0.08313006825802796
65.851	0.08313118969226076
65.901	0.08313248712598366
65.951	0.08313360359223011
66.001	0.08313471772798685
66.051	0.08313582953974734
66.101	0.08313693903398194
66.151	0.08313804621713798
66.201	0.08313915109563993
66.251	0.08314025367588943
66.301	0.0831415300389602
66.351	0.08314262776124726
66.401	0.08314372320502067
66.451	0.08314005939525138
66.501	0.08314115202687072
66.551	0.08314224826388276
66.601	0.08314053148032703
66.651	0.08314145800818332
66.701	0.08314255028486447
66.751	0.08314364030260067
66.801	0.08314472806762788
66.851	0.08314581358616038
66.901	0.08315108549924383
66.951	0.08315236134464167
67.001	0.08315334821992958
67.051	0.08315106307526729
67.101	0.08315213625640762
67.151	0.08315320723124434
67.201	0.08315079162490611
67.251	0.08315186357310378
67.301	0.08315551481554258
67.351	0.08315657844180484
67.401	0.0831576386484899
67.451	0.08315869791331344
67.501	0.08315392353157978
67.551	0.08315498716298482
67.601	0.08315604861758431
67.651	0.0831613144309271
67.701	0.0831623650617667
67.751	0.08316879762050174
67.801	0.08317277951162068
67.851	0.0831738113163009
67.901	0.0831748410225431
67.951	0.08317586863604576
68.001	0.08317689727966536
68.051	0.08317808731581301
68.101	0.08317910838225952
68.151	0.08318012603893303
68.201	0.08318114296522694
68.251	0.08318215783305995
68.301	0.08318317064799792
68.351	0.08318402437748175
68.401	0.08318503336916853
68.451	0.08318604032423338
68.501	0.08318704524815748
68.551	0.08318804698154893
68.601	0.08318904785403729
68.651	0.08318756966050887
68.701	0.08318857020975245
68.751	0.0831895687468684
68.801	0.0831905652772609
68.851	0.08319155980631462
68.901	0.08319255233939715
68.951	0.08319354049939469
69.001	0.08319453143902673
69.051	0.0831955180162176
69.101	0.08319649927251523
69.151	0.08319693206401073
69.201	0.08319791361943367
69.251	0.08319889321473518
69.301	0.08319987085514145
69.351	0.08320084654586
69.401	0.08306215726337256
69.451	0.08320582595941549
69.501	0.08320672216884639
69.551	0.08320768577013392
69.601	0.08320864745660211
69.651	0.08320928421766391
69.701	0.08321024265986876
69.751	0.08321119920177467
69.801	0.08321215384840773
69.851	0.0832131066047772
69.901	0.08321405747587556
69.951	0.08321500646667859
70.001	0.08321595358214523
70.051	0.08321689882721808
70.101	0.0832150940584679
70.151	0.08321603705760697
70.201	0.08321698072283865
70.251	0.0832179225052945
70.301	0.08321886243956812
70.351	0.08321980063676604
70.401	0.08322073689230923
70.451	0.08322167130775257
70.501	0.08322260388791189
70.551	0.08322369073542753
70.601	0.08322461941913158
70.651	0.08322554628270007
70.701	0.08322647141269719
70.751	0.08322754808295528
70.801	0.08322846928207851
70.851	0.08322975587234537
70.901	0.08322952142300183
70.951	0.08323043838027797
71.001	0.08323366695452908
71.051	0.08323457700804524
71.101	0.08323548528886916
71.151	0.08323639180159956
71.201	0.08323729655082006
71.251	0.08323819954109914
71.301	0.08323910079493613
71.351	0.08324000028101844
71.401	0.08324089802177378
71.451	0.08324179402171107
71.501	0.08324242145302577
71.551	0.08324331447585803
71.601	0.0832442057703033
71.651	0.08324509534081426
71.701	0.08324371573205139
71.751	0.0832447428616364
71.801	0.08324380378901515
71.851	0.08324274964222923
71.901	0.08324363198850285
71.951	0.08324452382448819
72.001	0.08324542099316819
72.051	0.08324630246501255
72.101	0.08324718930862486
72.151	0.08325214361946105
72.201	0.08325451797409493
72.251	0.0832558892806988
72.301	0.08325675628738885
72.351	0.08325762163179526
72.401	0.08325848357367568
72.451	0.08325934589166822
72.501	0.08326020625776327
72.551	0.08326107634666495
72.601	0.08326193343972392
72.651	0.08326278889565984
72.701	0.08326364281731723
72.751	0.0832644950111145
72.801	0.08326534558022342
72.851	0.08324050697799734
72.901	0.08324138939780323
72.951	0.08324227012632553
73.001	0.08324314916573447
73.051	0.08324400109001942
73.101	0.0832448767423263
73.151	0.08324575072127706
73.201	0.0832466230312248
73.251	0.08324749367650783
73.301	0.08324836266144998
73.351	0.08324922999036
73.401	0.08325009566753253
73.451	0.08325095969724762
73.501	0.08325182208377083
73.551	0.08325268283135337
73.601	0.08325353612903157
73.651	0.08325434856396341
73.701	0.08325520456788155
73.751	0.08325605895037626
73.801	0.0832408835871333
73.851	0.08324175686597338
73.901	0.08323418014135206
73.951	0.08324140090040508
74.001	0.08322065712549116
74.051	0.08322155693093311
74.101	0.08322245502092153
74.151	0.08322670433499793
74.201	0.08322759436637255
74.251	0.08321985036166644
74.301	0.0832296519639065
74.351	0.0832306649747231
74.401	0.08323134704344533
74.451	0.08323069242224443
74.501	0.08323148419361508
74.551	0.08322804779593668
74.601	0.08322870191138841
74.651	0.08323009503617572
74.701	0.0832226640707942
74.751	0.08322349168561949
74.801	0.08322333036355124
74.851	0.083223778392877
74.901	0.08322352792466033
74.951	0.08320767444746345
75.001	0.08320826485622126
75.051	0.08320819650520297
75.101	0.0832075678061516
75.151	0.0832066110393081
75.201	0.08320727146466073
75.251	0.08320758142335491
75.301	0.08320150875705935
75.351	0.08320283905705539
75.401	0.08320377483065544
75.451	0.08320335843197277
75.501	0.08320422321491096
75.551	0.08320513923991117
75.601	0.08320598046890697
75.651	0.08320657660954824
75.701	0.08320724686853193
75.751	0.08320829218381072
75.801	0.08320924609464578
75.851	0.08321002776447109
75.901	0.0832107368545861
75.951	0.08321156245508263
76.001	0.08321224712482937
76.051	0.08321290674759936
76.101	0.08321520240924599
76.151	0.08321778561407756
76.201	0.08322623871214722
76.251	0.08322687705830147
76.301	0.08322582350206192
76.351	0.08322676919690057
76.401	0.08325005450912112
76.451	0.08324930428838193
76.501	0.08325258018046745
76.551	0.08330785551829653
76.601	0.08330786047954127
76.651	0.08330862140703074
76.701	0.08329505091886205
76.751	0.08329582813980657
76.801	0.08329660393884206
76.851	0.08329737831945551
76.901	0.08332126080209239
76.951	0.08332200191785787
77.001	0.0833231767637152
77.051	0.08332737039265763
77.101	0.08332810205113722
77.151	0.08332883238413409
77.201	0.08332865661496347
77.251	0.0833293855216826
77.301	0.08333011310908209
77.351	0.08333083938042578
77.401	0.08332909295170893
77.451	0.08332981998981114
77.501	0.08333268542617088
77.551	0.0833334068785241
77.601	0.08333412702979158
77.651	0.0833325678460095
77.701	0.08333276458787096
77.751	0.08333543358985733
77.801	0.08333610414742972
77.851	0.08333687058119221
77.901	0.08333758673272613
77.951	0.08333829897048317
78.001	0.08333900992991944
78.051	0.0833397196141073
78.101	0.0833399612203173
78.151	0.08333451284502999
78.201	0.08333522978878236
78.251	0.08333594277316782
78.301	0.08333665447948611
78.351	0.08333736491083138
78.401	0.08333807678660564
78.451	0.08333168590678959
78.501	0.0833324020274674
78.551	0.08333311686265246
78.601	0.08333383041547092
78.651	0.08334189147610693
78.701	0.08334183511181151
78.751	0.08334227409341977
78.801	0.08334260518785376
78.851	0.08333751503910346
78.901	0.08333822017923041
78.951	0.08333892406221056
79.001	0.08334078694957939
79.051	0.08334249392623878
79.101	0.08334203415054202
79.151	0.08334273171626348
79.201	0.0833445816306914
79.251	0.08334527506683842
79.301	0.08334625813023094
79.351	0.08334694871590967
79.401	0.08334792814155308
79.451	0.083349068080714
79.501	0.08334975403774404
79.551	0.08335043878561646
79.601	0.0833511223272299
79.651	0.08335095084172338
79.701	0.08335215864138126
79.751	0.08335283897622192
79.801	0.08335381642205832
79.851	0.08335449397573882
79.901	0.0833551703400006
79.951	0.08335584551765846
80.001	0.08335811872646046
80.051	0.08335878936129454
80.101	0.0833593635089991
80.151	0.08336003191451656
80.201	0.08335970747958366
80.251	0.08336037382367323
80.301	0.08336103957573864
80.351	0.08336170395944749
80.401	0.08336242785075484
80.451	0.0833631549514857
80.501	0.08336371924876078
80.551	0.08336437958374178
80.601	0.08336503818305101
80.651	0.08336569622992329
80.701	0.08336635313352411
80.751	0.08336700889651998
80.801	0.08336766352157597
80.851	0.08336797000698581
80.901	0.08336862288867683
80.951	0.08336927463681473
81.001	0.08336992525404752
81.051	0.08337057474301524
81.101	0.08337122310634988
81.151	0.08337185488348228
81.201	0.0833725009669887
81.251	0.08337314593313461
81.301	0.08337378978453175
81.351	0.08338413466287992
81.401	0.08338476430247628
81.451	0.08338539285676135
81.501	0.08338602032825788
81.551	0.08338664671948105
81.601	0.08338727203293839
81.651	0.08338789473097567
81.701	0.08338851787854412
81.751	0.08338913995583368
81.801	0.08338976096536144
81.851	0.08339038090959952
81.901	0.08340162713693135
81.951	0.0834021896709853
82.001	0.08340279412837583
82.051	0.08340339755046186
82.101	0.08340398155104771
82.151	0.08340458293401896
82.201	0.08340518525122097
82.251	0.08340562314949465
82.301	0.08340621087488156
82.351	0.08340680841194845
82.401	0.08340555774791245
82.451	0.08340615562137962
82.501	0.08340675247664008
82.551	0.08340701322734265
82.601	0.08340760847176763
82.651	0.08340855563245891
82.701	0.08340897399405546
82.751	0.08340900604411633
82.801	0.08340948177696315
82.851	0.08340994800740212
82.901	0.08341050908491268
82.951	0.08341109745990888
83.001	0.08341160476751831
83.051	0.08341236842494938
83.101	0.0834115760586287
83.151	0.08341216268293568
83.201	0.08341283866436555
83.251	0.08341323953184604
83.301	0.08341368890488936
83.351	0.08341427183841264
83.401	0.08341483226827956
83.451	0.0834166996336799
83.501	0.08341725726205003
83.551	0.08341783455780231
83.601	0.0834184110502357
83.651	0.08341877931401248
83.701	0.08341935410738086
83.751	0.08342001398366475
83.801	0.08342058675502889
83.851	0.08342115856680096
83.901	0.08342172942110596
83.951	0.08342206495884863
84.001	0.08342369755991878
84.051	0.08342406937846658
84.101	0.08341227570835004
84.151	0.08342530114291316
84.201	0.08342596549653282
84.251	0.08342652867479983
84.301	0.08342707070545785
84.351	0.08342763203092177
84.401	0.08342819242183214
84.451	0.08342852036383858
84.501	0.08342596910191086
84.551	0.08342660363602344
84.601	0.0834302664080882
84.651	0.08343082229072873
84.701	0.08343137726141976
84.751	0.08343193131036832
84.801	0.08343248443959977
84.851	0.08342964062982142
84.901	0.0834300111245946
84.951	0.08343063678000522
85.001	0.08343460498158499
85.051	0.08343513329306874
85.101	0.08343568091730334
85.151	0.0834362276357423
85.201	0.08342768137245275
85.251	0.08342697911798666
85.301	0.08342880174849926
85.351	0.08342935588511925
85.401	0.08342990910750299
85.451	0.0834303302317456
85.501	0.08343091915626115
85.551	0.08343156313373905
85.601	0.08342161982795862
85.651	0.08342234593560723
85.701	0.08342290350188247
85.751	0.08340525759258974
85.801	0.08340248594599281
85.851	0.08340632545692327
85.901	0.08342513459825579
85.951	0.08341899800877764
86.001	0.08342075994802454
86.051	0.08342114118460096
86.101	0.08344613721751992
86.151	0.08344666658847137
86.201	0.08344704091919401
86.251	0.08344751755139956
86.301	0.08344788723612187
86.351	0.08344841357393713
86.401	0.08344893905246353
86.451	0.08344946367355492
86.501	0.08344998743906014
86.551	0.08345051035082302
86.601	0.08345103241068244
86.651	0.08345155362047238
86.701	0.08345203993125365
86.751	0.08345255954854001
86.801	0.08345307832211873
86.851	0.08345361960237593
86.901	0.08345381953396766
86.951	0.08345432569158613
87.001	0.0834548413897147
87.051	0.08345525918120292
87.101	0.08345545878155781
87.151	0.08345586557958219
87.201	0.08345637853510428
87.251	0.08345689066000817
87.301	0.0834574019560711
87.351	0.08345791242506563
87.401	0.08345842231854923
87.451	0.08345886947051578
87.501	0.08345926198970285
87.551	0.08345971020152364
87.601	0.08346021683914734
87.651	0.08346067945156377
87.701	0.0834611830206344
87.751	0.0834615576778568
87.801	0.0834620612577334
87.851	0.08340737027039305
87.901	0.08340748429295382
87.951	0.083463484112094
88.001	0.08346381207674766
88.051	0.08346417514907803
88.101	0.08346466845687496
88.151	0.08346511531800896
88.201	0.08346561295579488
88.251	0.08346610972099308
88.301	0.08346638782305354
88.351	0.0834668842559291
88.401	0.08346716149064279
88.451	0.08346757525862902
88.501	0.08346789724624125
88.551	0.08346829876396726
88.601	0.0834687909714729
88.651	0.08346911065603624
88.701	0.08346956733537059
88.751	0.083469986488264
88.801	0.08347047588671846
88.851	0.08347096430042643
88.901	0.08347145214586743
88.951	0.08347188883816661
89.001	0.08347244720512502
89.051	0.08347267877530361
89.101	0.08347316378828638
89.151	0.0834734112750416
89.201	0.08347374908354456
89.251	0.0834742322305946
89.301	0.0834690431428186
89.351	0.0834695305514209
89.401	0.08347001830933026
89.451	0.08347050419656019
89.501	0.08347093667713198
89.551	0.08347140982254155
89.601	0.08347177937756864
89.651	0.08347226239196319
89.701	0.08347272534297746
89.751	0.08347314547535502
89.801	0.08347368838400021
89.851	0.08347423662760706
89.901	0.08347471578383828
89.951	0.08347519418571428
90.001	0.08347567183483952
90.051	0.08347614873281392
90.101	0.08347662488123295
90.151	0.08347706162623776
90.201	0.0834831175733876
90.251	0.08348353203448265
90.301	0.08348397182073909
90.351	0.0834844387448371
90.401	0.0834849021554255
90.451	0.0834853372227536
90.501	0.08348580199643527
90.551	0.08352541735089489
90.601	0.08348658923061283
90.651	0.08348703191897285
90.701	0.08348728354833
90.751	0.08348770639367357
90.801	0.08348814728196428
90.851	0.08348856883866795
90.901	0.08348902836852394
90.951	0.0834894316902671
91.001	0.08348973240092576
91.051	0.08349005882003743
91.101	0.08349045587695696
91.151	0.08349091309323926
91.201	0.0834913171022677
91.251	0.08349171052309785
91.301	0.08349216492469456
91.351	0.08349248666128944
91.401	0.08349288847443762
91.451	0.08349323885130627
91.501	0.083493586909334
91.551	0.08349403809107354
91.601	0.08349445540008613
91.651	0.08349490535556123
91.701	0.08349535461497447
91.751	0.08349580317974967
91.801	0.08349625105130701
91.851	0.08349669823106308
91.901	0.08349714472043088
91.951	0.0834975864355359
92.001	0.08349803155174879
92.051	0.0834984759817771
92.101	0.08349891535793134
92.151	0.08349935842452959
92.201	0.08349978986017088
92.251	0.08350023162997491
92.301	0.08350067272081486
92.351	0.08350097423598911
92.401	0.08350112651669846
92.451	0.08350150747360298
92.501	0.08350194210744377
92.551	0.08350235240301596
92.601	0.0835027207613379
92.651	0.08350308845946042
92.701	0.08350341821387156
92.751	0.08350385413748629
92.801	0.08350429004987797
92.851	0.08350464595069462
92.901	0.08350507151385864
92.951	0.08350549055258742
93.001	0.08350587874851857
93.051	0.08350631084773977
93.101	0.08350674024443468
93.151	0.08350712665896504
93.201	0.08350755683703814
93.251	0.08350798636031356
93.301	0.08350838801257679
93.351	0.08350876816234533
93.401	0.08350912782104178
93.451	0.08350943911640471
93.501	0.08350986563913651
93.551	0.08351024072718036
93.601	0.08351056870913681
93.651	0.0835108117665538
93.701	0.08351105860337305
93.751	0.0835114824445596
93.801	0.08351141868402462
93.851	0.08351177823578992
93.901	0.08351219738693377
93.951	0.08351252237329011
94.001	0.0835129097253133
94.051	0.08351317527669005
94.101	0.08351359606479455
94.151	0.08351392550314422
94.201	0.08351414749625985
94.251	0.08351460394717695
94.301	0.08351476217602813
94.351	0.08351564617255156
94.401	0.08351606587466699
94.451	0.08351648177928941
94.501	0.08351689262898139
94.551	0.08351713821095537
94.601	0.08350203363507241
94.651	0.08350246112300984
94.701	0.08350269860372089
94.751	0.08350312451660212
94.801	0.08350352823338383
94.851	0.0835039569223305
94.901	0.08351981469536093
94.951	0.08352003657238448
95.001	0.08352053946159552
95.051	0.08352076060693195
95.101	0.08352116919177405
95.151	0.08352157716563319
95.201	0.08352223881524694
95.251	0.08352264530518912
95.301	0.08352305118817653
95.351	0.08352338823102717
95.401	0.08350212646845574
95.451	0.08350255230977832
95.501	0.0835029801718577
95.551	0.0835034038531151
95.601	0.0835038277899819
95.651	0.08350425109447487
95.701	0.0835046737678857
95.751	0.08350509581150245
95.801	0.0835055172266096
95.851	0.08350593801448802
95.901	0.0835063572593435
95.951	0.08350677679329092
96.001	0.08350719570386904
96.051	0.08350761399234446
96.101	0.08350803165998032
96.151	0.08350844870803617
96.201	0.08350886513776809
96.251	0.08350928151528622
96.301	0.08350969671766999
96.351	0.0835101113054775
96.401	0.08351052527995087
96.451	0.08351090346837854
96.501	0.08351131780948698
96.551	0.08351169491415866
96.601	0.08351186528697213
96.651	0.08351239834053392
96.701	0.08351280889044219
96.751	0.08351317821746755
96.801	0.083513553546593
96.851	0.08351392834416951
96.901	0.08351433659408708
96.951	0.08351464012966489
97.001	0.08351504728465728
97.051	0.08351534993735794
97.101	0.0835157560016973
97.151	0.08351616147002434
97.201	0.08351656634352898
97.251	0.08351697609081105
97.301	0.08351737977478098
97.351	0.08351772754973665
97.401	0.08351807484950907
97.451	0.08351847687774124
97.501	0.08351877169547416
97.551	0.08351910022142274
97.601	0.08351950071934036
97.651	0.08351990063242738
97.701	0.08352029996184247
97.751	0.08352069870874118
97.801	0.08352109687427586
97.851	0.08352149445959578
97.901	0.08352189146584704
97.951	0.08352228789417268
98.001	0.0835226837457126
98.051	0.08352307902160364
98.101	0.08352347539441295
98.151	0.08352386951825115
98.201	0.08352426306982413
98.251	0.08352465605025645
98.301	0.08352504846066966
98.351	0.08352543945711156
98.401	0.0835258307280047
98.451	0.08352622143225938
98.501	0.0835266115709851
98.551	0.08352700114528826
98.601	0.08352738911429898
98.651	0.08352777756174737
98.701	0.08352871407940816
98.751	0.08352901613019281
98.801	0.08352935807252566
98.851	0.08352978792349858
98.901	0.08353014032681078
98.951	0.08353044864935594
99.001	0.08353083342863965
99.051	0.08353121752756243
99.101	0.0835316012960269
99.151	0.08353198438628921
99.201	0.08353236703266836
99.251	0.0835326909511358
99.301	0.08353303599663607
99.351	0.08353341694692326
99.401	0.08353354464392918
99.451	0.0835338598491744
99.501	0.08353369198017896
99.551	0.08353407005024033
99.601	0.08353444863793036
99.651	0.08353482668386805
99.701	0.08353520418909592
99.751	0.08353558088865946
99.801	0.08353595598104309
99.851	0.08353643937692558
99.901	0.08353680833726754
99.951	0.08353717420691747