0.001	2.556631986570898e-8
0.051	0.00003671871068462543
0.101	0.00012372273382255783
0.151	0.0002498772169816752
0.201	0.00040919192589921536
0.251	0.0005974962816887988
0.301	0.0008115923753374719
0.351	0.0010488934770555545
0.401	0.0013072343356965981
0.451	0.0015847587653419596
0.501	0.0018798473628354264
0.551	0.0021910681976660563
0.601	0.0025171416244289735
0.651	0.00285691426579909
0.701	0.0032093392148663737
0.751	0.0035734606074041167
0.801	0.003948401356349164
0.851	0.0043333532322320355
0.901	0.0047275687215364934
0.951	0.005130354257668239
1.001	0.005541064528934284
1.051	0.005959097643779933
1.101	0.006383890987125632
1.151	0.006814917640248213
1.201	0.007251683264955627
1.251	0.007693723373866237
1.301	0.008140600924513415
1.351	0.008591904187159917
1.401	0.009047244845618986
1.451	0.009506256297740202
1.501	0.009968592128031943
1.551	0.010433924729526098
1.601	0.012650632687040942
1.651	0.013152279429266138
1.701	0.013656047333002649
1.751	0.014161647399945455
1.801	0.01279524149612129
1.851	0.013272584273499272
1.901	0.013751065161447298
1.951	0.014230470162947617
2.001	0.014710596024045654
2.051	0.015191249651518243
2.101	0.015672247571698793
2.151	0.01615341542663855
2.201	0.016634587504224228
2.251	0.017118128774584344
2.301	0.017598996346662222
2.351	0.01807942523837838
2.401	0.018559280072273747
2.451	0.019047938176934728
2.501	0.019526797391417057
2.551	0.020004733457638202
2.601	0.02048163546477127
2.651	0.020957398010754455
2.701	0.02143192095122811
2.751	0.02190510916217198
2.801	0.02237687231528785
2.851	0.022847124665256343
2.901	0.023315784848070734
2.951	0.023768545636097295
3.001	0.02423318464328416
3.051	0.02469600268580239
3.101	0.025156934816347728
3.151	0.025615919615453373
3.201	0.026064755663311526
3.251	0.026519334826707135
3.301	0.026971796342271717
3.351	0.02742209173736073
3.401	0.02787017539221954
3.451	0.028316004421633324
3.501	0.02875953856185296
3.551	0.029200740062510156
3.601	0.029639573583255124
3.651	0.0300760060948681
3.701	0.030510006784610643
3.751	0.030941546965599885
3.801	0.03137059999000138
3.851	0.03179714116584897
3.901	0.0322211476773127
3.951	0.032642598508245954
4.001	0.03306147436885358
4.051	0.03347775762533195
4.101	0.033891432232340694
4.151	0.03430248366817399
4.201	0.0347108988725067
4.251	0.035116666186597735
4.301	0.03551977529583958
4.351	0.035920217174549164
4.401	0.03631798403290033
4.451	0.03671306926590453
4.501	0.037105467404350154
4.551	0.037495174067617064
4.601	0.03788218591828478
4.651	0.03826650061846033
4.701	0.03864811678775241
4.751	0.03902703396282387
4.801	0.03940325255845756
4.851	0.03977677383007341
4.901	0.04014759983763818
4.951	0.04051573341091165
5.001	0.040881178115975934
5.051	0.04124393822299704
5.101	0.041604018675170246
5.151	0.04196142505880289
5.201	0.042316163574490674
5.251	0.04266824100934489
5.301	0.04301766471023087
5.351	0.04338060774354117
5.401	0.0437737306420556
5.451	0.044115694862170596
5.501	0.044460166146257564
5.551	0.04479684814631003
5.601	0.04513089267241463
5.651	0.04546230947420286
5.701	0.04579110869538746
5.751	0.04611730085479502
5.801	0.04644089682807775
5.851	0.046761907830079864
5.901	0.047080345397834754
5.951	0.047396221374170336
6.001	0.04770954789190063
6.051	0.04802033735858272
6.101	0.048328602441818955
6.151	0.04863435605508493
6.201	0.062137258269845265
6.251	0.049243708184168976
6.301	0.049542009918195525
6.351	0.049837853023575844
6.401	0.05013125145228322
6.451	0.050422219327442605
6.501	0.05071077093235256
6.551	0.0509969206999029
6.601	0.051280683202375
6.651	0.051562073141611334
6.701	0.051841105339541664
6.751	0.052117794729053785
6.801	0.05239215634519714
6.851	0.052664205316708
6.901	0.05293395685784534
6.951	0.0532014262605268
7.001	0.053466628886755345
7.051	0.05372958016132516
7.101	0.05399029556479954
7.151	0.05425401806452735
7.201	0.05451029394423368
7.251	0.054764379773986
7.301	0.055016291200576335
7.351	0.05526604389536374
7.401	0.055513653548692775
7.451	0.055759135864525626
7.501	0.05600250655528113
7.551	0.056243781336873605
7.601	0.05648297592394498
7.651	0.056720106025284114
7.701	0.056955187339426304
7.751	0.057188235550428144
7.801	0.057419266323811134
7.851	0.0576482953026688
7.901	0.05787533810393193
7.951	0.058100410314786646
8.001	0.05832352748924033
8.051	0.05854470514483014
8.101	0.05876395875947182
8.151	0.058981303768438194
8.201	0.05919675556147105
8.251	0.0594103294800159
8.301	0.05962204081457831
8.351	0.05983190480219703
8.401	0.060039936624030316
8.451	0.060246151403051465
8.501	0.060450564201850306
8.551	0.06065319002053676
8.601	0.06085404379474336
8.651	0.06105314039372315
8.701	0.06125049461854076
8.751	0.061446121200351436
8.801	0.0616400347987678
8.851	0.06183654390643159
8.901	0.06202703590837971
8.951	0.06221585790983049
9.001	0.06240302428030612
9.051	0.06258854931081737
9.101	0.06277244721268711
9.151	0.0629547321164421
9.201	0.06313541807077036
9.251	0.0633145190415422
9.301	0.06349204891089268
9.351	0.06366802147636307
9.401	0.0638424504501001
9.451	0.06401534945811017
9.501	0.06418673203956686
9.551	0.06435661164617033
9.601	0.06452500164155645
9.651	0.06469191530075326
9.701	0.06485736580968499
9.751	0.06502136626472027
9.801	0.06518392967226316
9.851	0.06534506894838646
9.901	0.0655047969185041
9.951	0.06566312631708413
10.001	0.06582006978739727
10.051	0.06597563988130227
10.101	0.06612984905906609
10.151	0.0662827096892169
10.201	0.06643423404842995
10.251	0.06658443432144477
10.301	0.06673332260100907
10.351	0.06688091088785786
10.401	0.06702721109071375
10.451	0.06717223502631732
10.501	0.06731599441948241
10.551	0.06745850090317569
10.601	0.0675997660186204
10.651	0.06773980121542253
10.701	0.06787861785171945
10.751	0.06801622719434842
10.801	0.06815264041903653
10.851	0.06828786861060913
10.901	0.06842192276321735
10.951	0.06855481378058326
11.001	0.06868655247626147
11.051	0.06881714957391848
11.101	0.0689466157076269
11.151	0.06907496142217386
11.201	0.06920219717338522
11.251	0.06932833332846265
11.301	0.06945338016633398
11.351	0.06957734787801614
11.401	0.06970024656698992
11.451	0.06982208624958616
11.501	0.06994287685538289
11.551	0.07006262822761256
11.601	0.07018135012357934
11.651	0.07029905221508574
11.701	0.07041574408886782
11.751	0.07053143524703916
11.801	0.07064613510754261
11.851	0.07075985300460967
11.901	0.07087259818922685
11.951	0.07098437982960899
12.001	0.07109520701167876
12.051	0.07120508873955211
12.101	0.07131403393602949
12.151	0.07142205144309223
12.201	0.07152915002240358
12.251	0.07163533835581501
12.301	0.07174062504587608
12.351	0.07184501861634869
12.401	0.07194852751272482
12.451	0.07205116010274776
12.501	0.0721529246769364
12.551	0.07225382944911246
12.601	0.0723538825569301
12.651	0.07245309206240802
12.701	0.07255146595246373
12.751	0.07264901213944958
12.801	0.0727457384616902
12.851	0.07284168316347926
12.901	0.07293679469237539
12.951	0.07303110946007535
13.001	0.07312463501438612
13.051	0.07320887460075279
13.101	0.07330069085926569
13.151	0.0733917394620525
13.201	0.07900620714200352
13.251	0.07357156273906927
13.301	0.07366035176034363
13.351	0.0737484018210641
13.401	0.07383571992492154
13.451	0.07392231300865353
13.501	0.0740081879425738
13.551	0.07409335153111758
13.601	0.0741778105133778
13.651	0.07426157156364173
13.701	0.07434464129192628
13.751	0.07442702624451225
13.801	0.0745087329044761
13.851	0.07458976769222414
13.901	0.07467013696601739
13.951	0.07474984702249636
14.001	0.07482890409722895
14.051	0.0749073143652015
14.101	0.07498508394136201
14.151	0.07506316510745496
14.201	0.07551353324481899
14.251	0.07557818570097907
14.301	0.07529086838880726
14.351	0.0753655395518887
14.401	0.07543960540233054
14.451	0.07551307164681148
14.501	0.07558594393608462
14.551	0.07565822786547872
14.601	0.07572992897539688
14.651	0.0758010527518126
14.701	0.07587160462676311
14.751	0.0759415899788392
14.801	0.07601101413367377
14.851	0.07607988236442642
14.901	0.0761481998922643
14.951	0.0762159718868451
15.001	0.07628320346678731
15.051	0.07634989970014773
15.101	0.07641606560486852
15.151	0.0764817061493274
15.201	0.07656941573783993
15.251	0.07663435688416262
15.301	0.07669878683936716
15.351	0.07676271037491439
15.401	0.07682613221536365
15.451	0.07688905703880655
15.501	0.07695148947732763
15.551	0.07701343411742341
15.601	0.07707489550047604
15.651	0.07713587812313617
15.701	0.07719638643778527
15.751	0.07725642485285195
15.801	0.07731599773363194
15.851	0.07737510940213084
15.901	0.07743376413784497
15.951	0.07749196617812182
16.001	0.07754971971851413
16.051	0.0776070289132264
16.101	0.07766389787550439
16.151	0.07772033067803873
16.201	0.07777633135336169
16.251	0.07782564898502643
16.301	0.07788072361023153
16.351	0.07791309847034902
16.401	0.0779670942176636
16.451	0.07802067766259876
16.501	0.07807385259735913
16.551	0.07812662277634778
16.601	0.07817899191653935
16.651	0.07823096369785268
16.701	0.07828254176351551
16.751	0.07833372972044324
16.801	0.07838453113958106
16.851	0.07843658315119822
16.901	0.0784866309093814
16.951	0.078536302462379
17.001	0.07858560123982748
17.051	0.07863453063719114
17.101	0.07868309401612543
17.151	0.0787312947047848
17.201	0.07877913599818757
17.251	0.07882662115852372
17.301	0.07887375341551638
17.351	0.07892053596673029
17.401	0.07896697197790185
17.451	0.0790130645832612
17.501	0.07905881688585166
17.551	0.07910423195785764
17.601	0.07916460412000437
17.651	0.07921047665084932
17.701	0.0792560108565801
17.751	0.07930120970107762
17.801	0.07934607611993129
17.851	0.07939061302071519
17.901	0.07943304045403697
17.951	0.07947692179370522
18.001	0.07952048235630815
18.051	0.07956552262941356
18.101	0.0796084545920086
18.151	0.07965107390885724
18.201	0.07969338329897244
18.251	0.07973538545547706
18.301	0.07977708304585929
18.351	0.07981847871222571
18.401	0.07982752548723554
18.451	0.07986919154800892
18.501	0.07990874720765602
18.551	0.07994802087206918
18.601	0.07998701503301818
18.651	0.08002573215767608
18.701	0.08006417468887148
18.751	0.08010234504533985
18.801	0.08014024562198352
18.851	0.0801778787900464
18.901	0.08021524689752227
18.951	0.08025235226920863
19.001	0.08028919720704927
19.051	0.08032578399036674
19.101	0.08036211487602168
19.151	0.08039819209876432
19.201	0.08043401787136303
19.251	0.08046959438485499
19.301	0.0805049238087833
19.351	0.08054000829149408
19.401	0.08057484996019343
19.451	0.08060945092128129
19.501	0.08064381326053412
19.551	0.08067793904332486
19.601	0.08071183031483002
19.651	0.0807454891002288
19.701	0.08077891740481592
19.751	0.08081211721467076
19.801	0.08084509049613264
19.851	0.08087783919649029
19.901	0.08091036524405841
19.951	0.08094267054837413
20.001	0.08097475700039121
20.051	0.08100662647267223
20.101	0.08103828081959061
20.151	0.08106972187747437
20.201	0.08110095146485805
20.251	0.08113197138262367
20.301	0.08116278341419458
20.351	0.08119338932571155
20.401	0.08122379086622826
20.451	0.08125398976786359
20.501	0.08128398774592004
20.551	0.08131378649938903
20.601	0.08134338771050312
20.651	0.08137279304547419
20.701	0.08140200415436695
20.751	0.08143102267144622
20.801	0.08145985021514517
20.851	0.08148848838835578
20.901	0.08151693877855822
20.951	0.08154520295798032
21.001	0.08157328248387341
21.051	0.08160117889820613
21.101	0.08162889372849581
21.151	0.08165642848751935
21.201	0.08168271004161706
21.251	0.08170989084126339
21.301	0.08173689614158225
21.351	0.08176372739751901
21.401	0.08179038605006808
21.451	0.08181687352635449
21.501	0.08184319124018657
21.551	0.08186934059159405
21.601	0.08189532296736018
21.651	0.08192113974106242
21.701	0.08194679227320943
21.751	0.08197228191137478
21.801	0.08199760999033055
21.851	0.08202277783217896
21.901	0.08204778674648272
21.951	0.08207263803039402
22.001	0.08209733296878212
22.051	0.08212187283435951
22.101	0.08214625888780724
22.151	0.08216946973605184
22.201	0.08219355572438876
22.251	0.08221749171340333
22.301	0.08224127891579909
22.351	0.08226491853290749
22.401	0.0822884117546193
22.451	0.08231175975970395
22.501	0.08233496371582293
22.551	0.08235802477966378
22.601	0.08238094409705264
22.651	0.08240372280306556
22.701	0.08242636202210177
22.751	0.08244886286817654
22.801	0.08247122644457626
22.851	0.08249345384466625
22.901	0.08251554615132141
22.951	0.08253750443738886
23.001	0.0825593297657122
23.051	0.08258102318923372
23.101	0.08260258575109541
23.151	0.08262401848473905
23.201	0.08264532241410412
23.251	0.08266649855333769
23.301	0.08268754790746154
23.351	0.08270847147209517
23.401	0.08272927023364203
23.451	0.08274905213312676
23.501	0.08276961031377329
23.551	0.08279004666782958
23.601	0.08281036214454128
23.651	0.0828305576843946
23.701	0.08285063421920537
23.751	0.08287059267219887
23.801	0.08289043395812969
23.851	0.08291015898332009
23.901	0.08292976864577667
23.951	0.08294926383526723
24.001	0.08296864543340435
24.051	0.08298791431372744
24.101	0.0830070713417857
24.151	0.08302611737521816
24.201	0.08304505326383396
24.251	0.08306387984965907
24.301	0.08308259796714211
24.351	0.0831012084430443
24.401	0.08311971209665087
24.451	0.0831373509659553
24.501	0.08315565070489256
24.551	0.08317384608202506
24.601	0.08319193788607888
24.651	0.08320992689863561
24.701	0.08322781389420418
24.751	0.08324559964029139
24.801	0.0832632848974296
24.851	0.08328087041942125
24.901	0.0832983569531897
24.951	0.08331574523877029
25.001	0.08333303600986611
25.051	0.08335022999344549
25.101	0.08336732790989705
25.151	0.08338433047319743
25.201	0.08340123839093089
25.251	0.08341809342192726
25.301	0.0834348146708632
25.351	0.08345144336264547
25.401	0.08346798017984149
25.451	0.08348171274259218
25.501	0.08349813217320651
25.551	0.08351441766595485
25.601	0.08353065784324192
25.651	0.08354680963634004
25.701	0.08356287368635437
25.751	0.08357885062870077
25.801	0.0835947410931294
25.851	0.08361054570379978
25.901	0.08362621693350238
25.951	0.08364185111772834
26.001	0.0836574012841632
26.051	0.08367286803512114
26.101	0.0836882519675935
26.151	0.08370355367330289
26.201	0.08372086089557346
26.251	0.08373591650277433
26.301	0.08375094322196254
26.351	0.083765890014942
26.401	0.08378075745207983
26.451	0.08379560069831374
26.501	0.08381031172271533
26.551	0.08382494507617097
26.601	0.0838395013092685
26.651	0.08385398096815186
26.701	0.08386798409679953
26.751	0.083882320485588
26.801	0.0838961979244868
26.851	0.08391039315357231
26.901	0.0839245144562318
26.951	0.08393496362893735
27.001	0.08394891506628405
27.051	0.08396245123969799
27.101	0.08397775859984272
27.151	0.08399342127278264
27.201	0.08400701542218059
27.251	0.08402147449053325
27.301	0.08403493434004806
27.351	0.08404832478955605
27.401	0.08406164632373507
27.451	0.08407489942313792
27.501	0.08408905014753745
27.551	0.08410217391621057
27.601	0.08411523068771957
27.651	0.08412822092651889
27.701	0.08414114509309506
27.751	0.08415400364405234
27.801	0.08416679703213648
27.851	0.08417952570627346
27.901	0.08419219011160468
27.951	0.08420479068952313
28.001	0.08421732787770911
28.051	0.08422980211016529
28.101	0.08424221381725172
28.151	0.08425456342572032
28.201	0.08426685135873295
28.251	0.08427907803595003
28.301	0.08429124387350367
28.351	0.08430334928404892
28.401	0.08431560692993346
28.451	0.08432761537321277
28.501	0.0843395645902694
28.551	0.08435145497635099
28.601	0.08436328692343739
28.651	0.08437506082026922
28.701	0.08438677705239053
28.751	0.08439843600213885
28.801	0.08441003804871204
28.851	0.0844215835683206
28.901	0.08443307293392222
28.951	0.08444450651548102
29.001	0.08445588467993471
29.051	0.0844672077912233
29.101	0.0844784762103175
29.151	0.08448969029524692
29.201	0.08450085040112756
29.251	0.08450719071152644
29.301	0.08451821665475569
29.351	0.08452918958849141
29.401	0.0845401098565734
29.451	0.08458598126095573
29.501	0.0845967446088389
29.551	0.08460745472400476
29.601	0.08461811195802692
29.651	0.08462871665967653
29.701	0.08463917611979947
29.751	0.08464967141011222
29.801	0.08466011518366798
29.851	0.08467050777886333
29.901	0.08468084953151787
29.951	0.08469114077473597
30.001	0.08470138183939874
30.051	0.0847115730535319
30.101	0.08472171474288658
30.151	0.08472606474823945
30.201	0.08473609531186861
30.251	0.08474607747643162
30.301	0.08475601155951833
30.351	0.08476589787631074
30.401	0.08477573673960949
30.451	0.08478552845984721
30.501	0.08479527334509442
30.551	0.08480497170114906
30.601	0.08481462383145187
30.651	0.08482423003717422
30.701	0.08483379061722078
30.751	0.08484330586824712
30.801	0.08485277608468213
30.851	0.08486220155874243
30.901	0.08487158258046194
30.951	0.08484810811157069
31.001	0.08485749326316411
31.051	0.0848668358667277
31.101	0.0848746796463843
31.151	0.0848824663627836
31.201	0.0848916678228337
31.251	0.08489934858504952
31.301	0.08490697291296079
31.351	0.0849221659335466
31.401	0.08493428645344567
31.451	0.08494330102045335
31.501	0.08495537398920551
31.551	0.08496431909207192
31.601	0.0849732242432694
31.651	0.08498208968414477
31.701	0.08499091565419807
31.751	0.08499970239111461
31.801	0.08500845013078179
31.851	0.08501715910730445
31.901	0.0850257839590969
31.951	0.08503441570241804
32.001	0.08504300937251272
32.051	0.0850515651965115
32.101	0.08506008339984328
32.151	0.08506856420624624
32.201	0.08507700783778555
32.251	0.08508541451493425
32.301	0.08509378445632503
32.351	0.08510211787915435
32.401	0.08511036529885714
32.451	0.08511862590848326
32.501	0.0851268506394507
32.551	0.08513503970251977
32.601	0.08514319330680004
32.651	0.08515131165998455
32.701	0.08515939496819286
32.751	0.08516744343601815
32.801	0.08517545726657341
32.851	0.08518338310366684
32.901	0.08519665165273116
32.951	0.08520458768611706
33.001	0.08521429975288075
33.051	0.0852221770413077
33.101	0.08523002095062081
33.151	0.08523783167353514
33.201	0.08524560940136168
33.251	0.08525335432401926
33.301	0.08526106663005345
33.351	0.08526874650662242
33.401	0.08527639413954696
33.451	0.08528400971328906
33.501	0.08529159341100193
33.551	0.08529914541449374
33.601	0.08530666590427027
33.651	0.08531415505953867
33.701	0.08532161305821805
33.751	0.08532904007695145
33.801	0.08533643629111579
33.851	0.0853438018748334
33.901	0.0853511370009822
33.951	0.08535844184120668
34.001	0.08536571656592841
34.051	0.08537296134435651
34.101	0.08538017634449718
34.151	0.08538736173316888
34.201	0.08539451767601668
34.251	0.08540164433746586
34.301	0.08540874188083371
34.351	0.0854158104682661
34.401	0.08542285026076728
34.451	0.0854298614182073
34.501	0.08543684409933386
34.551	0.08544379846177999
34.601	0.08545072466207501
34.651	0.08545762285564136
34.701	0.08546449319684689
34.751	0.08547133583895204
34.801	0.0854781509341588
34.851	0.08548493863361026
34.901	0.08549169908744893
34.951	0.08549843244462799
35.001	0.08550513885321466
35.051	0.08551181846020382
35.101	0.08551847141156947
35.151	0.08552509785228371
35.201	0.0855316979263154
35.251	0.08553827177665038
35.301	0.0855448195452832
35.351	0.08555134137323796
35.401	0.08555783740054386
35.451	0.08556430776632248
35.501	0.08557075260875001
35.551	0.08557717206498945
35.601	0.08558356627132108
35.651	0.08558993536313864
35.701	0.08559627947477919
35.751	0.08560259873979009
35.801	0.08560889329078383
35.851	0.08561516325944232
35.901	0.08562140877659181
35.951	0.08562762997216522
36.001	0.08563382697521833
36.051	0.08563999991393835
36.101	0.08564613202482932
36.151	0.08564303616048997
36.201	0.08564910116920135
36.251	0.08565514256968387
36.301	0.08566116048620141
36.351	0.08597323545297057
36.401	0.0856731263602257
36.451	0.08567907456215915
36.501	0.08568499976895758
36.551	0.0856909021008363
36.601	0.08569678167718932
36.651	0.08570263861662149
36.701	0.0857001132202899
36.751	0.08570594976407288
36.801	0.08571176390225865
36.851	0.0857175557513048
36.901	0.08572266758514685
36.951	0.08572841712503321
37.001	0.08573414471260725
37.051	0.0857398504613381
37.101	0.08574272670891668
37.151	0.08574733195255914
37.201	0.08575266844286136
37.251	0.08575759678397346
37.301	0.08576320925174603
37.351	0.08576563285348825
37.401	0.08577024077515133
37.451	0.08577542231837545
37.501	0.08578098035105108
37.551	0.08578555611608801
37.601	0.08579105336959321
37.651	0.0857965299593035
37.701	0.08580145319984038
37.751	0.08580611971800567
37.801	0.08581143427413405
37.851	0.08581507666775176
37.901	0.08582014736469902
37.951	0.08582374998527247
38.001	0.08582929233133268
38.051	0.08582991152439977
38.101	0.0858352611432715
38.151	0.08584002692347967
38.201	0.0858393949147074
38.251	0.08584453071447695
38.301	0.08584848952040779
38.351	0.08585347772074717
38.401	0.08585806334315974
38.451	0.08586325310961242
38.501	0.0858684507001036
38.551	0.08587305524157497
38.601	0.0858782163290894
38.651	0.085880786841323
38.701	0.0858845454398682
38.751	0.08588862803091868
38.801	0.08589024172529967
38.851	0.08589532870569369
38.901	0.0858986615950258
38.951	0.08590225155312646
39.001	0.08590661105455549
39.051	0.08591041963244794
39.101	0.08591601324975669
39.151	0.08592163709624132
39.201	0.0859241931569203
39.251	0.0859265368932596
39.301	0.08593023565536895
39.351	0.0859339219519885
39.401	0.08593831198820674
39.451	0.08594062616528018
39.501	0.08594577832993393
39.551	0.08594996508256858
39.601	0.0859527687084789
39.651	0.08595761629235216
39.701	0.08596101043699776
39.751	0.08596456297594286
39.801	0.0859664635278656
39.851	0.0859715331125942
39.901	0.08597568448816184
39.951	0.0859795237110444
40.001	0.08598069652607078
40.051	0.08598440234038643
40.101	0.08598815084443215
40.151	0.08599235721429511
40.201	0.08599493760997873
40.251	0.08599933307839476
40.301	0.08600420471548334
40.351	0.08600885954136221
40.401	0.08601274562297363
40.451	0.08601401412957566
40.501	0.08601750284994975
40.551	0.08602278834874702
40.601	0.0860276043883943
40.651	0.08603097440029338
40.701	0.08603524076228865
40.751	0.08603750620185027
40.801	0.0860403996058533
40.851	0.08604617476707851
40.901	0.08604764895747986
40.951	0.08604991305428888
41.001	0.08605439615805299
41.051	0.08605886371279446
41.101	0.0860619261713517
41.151	0.08606586299116896
41.201	0.08606942754466985
41.251	0.08607384088856967
41.301	0.08607451465745286
41.351	0.08607656340731325
41.401	0.08608168585554128
41.451	0.08608567313994461
41.501	0.08608967268997288
41.551	0.08609401118393295
41.601	0.0860983348192179
41.651	0.08609996683924936
41.701	0.08610403543921069
41.751	0.08610678051970837
41.801	0.0861119627049442
41.851	0.08611505120238813
41.901	0.08611820678694303
41.951	0.08612264111274957
42.001	0.0861259778286232
42.051	0.08612962233222755
42.101	0.08613334456820233
42.151	0.08613783986873629
42.201	0.08614112259423727
42.251	0.08614493203056008
42.301	0.08614615034357222
42.351	0.08614828799306033
42.401	0.08615254070855309
42.451	0.08615580770052636
42.501	0.08615864052979667
42.551	0.08616177856156182
42.601	0.08616277517179256
42.651	0.08616725656413766
42.701	0.08617021922751679
42.751	0.08617285861452804
42.801	0.08617689917616109
42.851	0.08618079671816216
42.901	0.08618448515532837
42.951	0.08618811597836963
43.001	0.08619210477242839
43.051	0.08619588745171908
43.101	0.08619881072108065
43.151	0.08620021831970537
43.201	0.08620234170589859
43.251	0.08620627944897244
43.301	0.08621020421027072
43.351	0.08621331533351384
43.401	0.08621721631147795
43.451	0.08621958414394769
43.501	0.08622262508799844
43.551	0.08622528464674106
43.601	0.08622934685539178
43.651	0.08623287997053378
43.701	0.08623671370460674
43.751	0.08624025620660669
43.801	0.08624325765124775
43.851	0.08624645036496069
43.901	0.08624598712106941
43.951	0.08624968378126523
44.001	0.08625197777682946
44.051	0.08625515694040772
44.101	0.086257334891166
44.151	0.08626119589497384
44.201	0.08626548495625325
44.251	0.08626688485412903
44.301	0.08627061064571666
44.351	0.08627382002896149
44.401	0.08627540855045598
44.451	0.08627842368696212
44.501	0.08628209860549703
44.551	0.08628524677564307
44.601	0.08628889938362742
44.651	0.086290930744183
44.701	0.08629429742068472
44.751	0.08629760534394929
44.801	0.08629962572780167
44.851	0.0863036076838873
44.901	0.08630650575796692
44.951	0.0863104875066194
45.001	0.08631385389365477
45.051	0.08631767071008782
45.101	0.08631964595498094
45.151	0.08632303541621728
45.201	0.08632585234429788
45.251	0.08632937056568128
45.301	0.08633192203871577
45.351	0.08633552012796965
45.401	0.08633805285069851
45.451	0.08634054554681643
45.501	0.08634209081912629
45.551	0.08634291323152261
45.601	0.0863464463372506
45.651	0.08634774528598048
45.701	0.08635090349590563
45.751	0.08635406202596757
45.801	0.08635583959635532
45.851	0.08636028089723109
45.901	0.0863627385604219
45.951	0.0863655389337459
46.001	0.08636850313811746
46.051	0.08637154312872071
46.101	0.08685247411339073
46.151	0.0863771111103397
46.201	0.0863790915208995
46.251	0.08638185332108649
46.301	0.0863844765175041
46.351	0.08638779859664536
46.401	0.08639111042049766
46.451	0.08639464347292843
46.501	0.08639725126710802
46.551	0.08639925167486297
46.601	0.08640092195740232
46.651	0.08640561770840095
46.701	0.0864086609440903
46.751	0.08641067443767647
46.801	0.0864135054041712
46.851	0.08641446131549305
46.901	0.08641762060343085
46.951	0.08642007961748736
47.001	0.08642168471509054
47.051	0.0864239418134419
47.101	0.08642960675771096
47.151	0.08643276799269198
47.201	0.08643606700329133
47.251	0.08643671126212447
47.301	0.08643930627277353
47.351	0.08644203531311627
47.401	0.08644568455552147
47.451	0.08644805248725299
47.501	0.08645561046026529
47.551	0.0864604519696519
47.601	0.08646308141031163
47.651	0.08646563720637002
47.701	0.08646597393274476
47.751	0.08646903497657192
47.801	0.0864693928669907
47.851	0.08647001704856774
47.901	0.08648407182400535
47.951	0.086486577500123
48.001	0.0864875906107117
48.051	0.08649029706682428
48.101	0.0864812643151062
48.151	0.08648439512937686
48.201	0.08649395195307315
48.251	0.08649562435704784
48.301	0.08649533929329167
48.351	0.08649802929098367
48.401	0.08650140392917616
48.451	0.08650186309873652
48.501	0.08650983782678787
48.551	0.08651173192362631
48.601	0.08651212036099266
48.651	0.08651490201900759
48.701	0.0865180202217975
48.751	0.08651804388534083
48.801	0.08652067901305147
48.851	0.08652301197669499
48.901	0.08652588576292593
48.951	0.0865228398928845
49.001	0.08652913096460625
49.051	0.08653150389036977
49.101	0.08653702920486524
49.151	0.08653971896532864
49.201	0.08654245203050742
49.251	0.08655391890343661
49.301	0.08655609146904011
49.351	0.08655787717881024
49.401	0.08656602730558163
49.451	0.08656237175270688
49.501	0.08657415855884462
49.551	0.08658508139248222
49.601	0.08658259177031442
49.651	0.08657031536740707
49.701	0.0865771564125197
49.751	0.08657238669012728
49.801	0.08657522025127118
49.851	0.0865845187952671
49.901	0.08658214043720347
49.951	0.08658482480672951
50.001	0.08658444664822973
50.051	0.08658711930995933
50.101	0.08658719253533016
50.151	0.0865886500487644
50.201	0.08659135668976897
50.251	0.08658982403975746
50.301	0.08659271450149728
50.351	0.08659716461935017
50.401	0.0865960173789097
50.451	0.0865984086973214
50.501	0.08660023987313427
50.551	0.08660086104295506
50.601	0.08660676649412068
50.651	0.08660939562346376
50.701	0.08661330897478925
50.751	0.0866157784352987
50.801	0.08661978339237268
50.851	0.08662637422791343
50.901	0.08662895314523984
50.951	0.08662102596531929
51.001	0.08662361245680834
51.051	0.086626191648595
51.101	0.08662654612002137
51.151	0.08663578912153504
51.201	0.08663852415455123
51.251	0.08664063726355355
51.301	0.0866408770266813
51.351	0.08663502956909987
51.401	0.08663905125368032
51.451	0.08664426856601731
51.501	0.08664859374849569
51.551	0.08664375802875454
51.601	0.08664701025940791
51.651	0.08664796385849671
51.701	0.08664964537491475
51.751	0.08665155878908797
51.801	0.08665383026971557
51.851	0.08665681839496533
51.901	0.08665929678491512
51.951	0.08666176829627384
52.001	0.08666788364122514
52.051	0.08667033441624834
52.101	0.08667255163245172
52.151	0.08667635434798696
52.201	0.0866784525128943
52.251	0.08668929539899767
52.301	0.0866878403084809
52.351	0.08668768118832157
52.401	0.08668792450312544
52.451	0.0866903202044459
52.501	0.0867015617201621
52.551	0.08670132337201059
52.601	0.08670955988306157
52.651	0.0867118512268478
52.701	0.08671397692732229
52.751	0.08671631009317471
52.801	0.0867369229027964
52.851	0.08673670671684736
52.901	0.08673898998960536
52.951	0.08674113867190548
53.001	0.08674248745215363
53.051	0.08674475435973207
53.101	0.0867384134657048
53.151	0.0867344401806105
53.201	0.0867367179769446
53.251	0.08673962449466051
53.301	0.08673466757111406
53.351	0.08673601329693303
53.401	0.0867394209329857
53.451	0.0867576165192134
53.501	0.08675039682902189
53.551	0.08675263157893186
53.601	0.0867978706325294
53.651	0.08680001070527285
53.701	0.08680193978262386
53.751	0.08680420100929209
53.801	0.08680514071209057
53.851	0.08680726053895733
53.901	0.08680901521455414
53.951	0.08681194021100842
54.001	0.08681399097724526
54.051	0.08681439956993552
54.101	0.08681649388276613
54.151	0.08682928951970097
54.201	0.08683530524670252
54.251	0.08683759155368838
54.301	0.08683779516384543
54.351	0.08683983150252082
54.401	0.08683803481369709
54.451	0.08684006151200675
54.501	0.08682639538680785
54.551	0.0868266265210046
54.601	0.0868286715990985
54.651	0.08683071134323185
54.701	0.08683160945947102
54.751	0.08683278125109448
54.801	0.08683480891786441
54.851	0.08683638927849768
54.901	0.08685375974349298
54.951	0.08684255073397608
55.001	0.086842458715822
55.051	0.08684664686724809
55.101	0.08684876506903108
55.151	0.08684784587969506
55.201	0.08685779943022266
55.251	0.0868676302661274
55.301	0.0868695868016022
55.351	0.08687267544665134
55.401	0.08687461979291541
55.451	0.08687655917227
55.501	0.08689228405252233
55.551	0.08687377060653234
55.601	0.0868750003730704
55.651	0.08687548793133433
55.701	0.08687742023227833
55.751	0.08687934754461249
55.801	0.08688126988555113
55.851	0.08688289946621199
55.901	0.08689779040672851
55.951	0.08689957672202749
56.001	0.08690145624210992
56.051	0.08690275202224271
56.101	0.0869046230546299
56.151	0.08690581690473823
56.201	0.08690807388289268
56.251	0.08691002775574745
56.301	0.0869118800691715
56.351	0.08690682996176446
56.401	0.0869086855201577
56.451	0.08691064932447555
56.501	0.08691249522989998
56.551	0.0869143364358595
56.601	0.08690084833811144
56.651	0.0869059312236266
56.701	0.0868914389614897
56.751	0.08689331298749063
56.801	0.0869041610969839
56.851	0.08689209397429189
56.901	0.08689396266444269
56.951	0.0868952361159402
57.001	0.08689709645817643
57.051	0.08689865507845292
57.101	0.08691391179450801
57.151	0.08691573471856898
57.201	0.08691436140313552
57.251	0.08690388443396321
57.301	0.0869054044960277
57.351	0.08690723693676382
57.401	0.08692129628118672
57.451	0.08692309802294465
57.501	0.08693278561304434
57.551	0.08693456440738541
57.601	0.08693642493423578
57.651	0.08693739649516198
57.701	0.08693885750334071
57.751	0.08694190363377213
57.801	0.08694199370662062
57.851	0.08694322339483647
57.901	0.08693098083695862
57.951	0.08693275260865803
58.001	0.08693451996829288
58.051	0.08694154840212956
58.101	0.08693499152540633
58.151	0.08693667845735883
58.201	0.08693843282304725
58.251	0.08697011405486292
58.301	0.08697180695620962
58.351	0.08697349567912746
58.401	0.08697469161197383
58.451	0.08697637291520509
58.501	0.08697778680953909
58.551	0.08697954907080047
58.601	0.08698121826318221
58.651	0.08696967670769867
58.701	0.0869725344526047
58.751	0.08697421267912418
58.801	0.08697588678850583
58.851	0.08697755679433812
58.901	0.08697922271005783
58.951	0.08698049647514218
59.001	0.08698215491496332
59.051	0.08698380930296117
59.101	0.08697045262353
59.151	0.08697212499255652
59.201	0.0869815453111619
59.251	0.08698319630883443
59.301	0.08697156497003604
59.351	0.08697316211107418
59.401	0.08697482410575598
59.451	0.08699025016402825
59.501	0.08699076419555445
59.551	0.08697878351489768
59.601	0.08698836653105467
59.651	0.08698594148557895
59.701	0.08698757627896304
59.751	0.08698920711069187
59.801	0.08699083399355752
59.851	0.08699245694029523
59.901	0.08699778194809792
59.951	0.08699938921682324
60.001	0.08699543055139788
60.051	0.08698901126816376
60.101	0.08699665881348231
60.151	0.08699826298281771
60.201	0.08700469195190991
60.251	0.08700627982000038
60.301	0.08700786388533906
60.351	0.08700944416006828
60.401	0.08701102065630001
60.451	0.08701259338607925
60.501	0.08701416235948604
60.551	0.08701572759231153
60.601	0.08701728909454805
60.651	0.0870061682298787
60.701	0.0870077437310177
60.751	0.08700931548269987
60.801	0.08701088349682241
60.851	0.08701244778523497
60.901	0.08701400835973988
60.951	0.0870155652320925
61.001	0.08701711841400143
61.051	0.08701866791712837
61.101	0.08702021375308894
61.151	0.08701564369849282
61.201	0.0870170157208273
61.251	0.08701856127567333
61.301	0.08702010318199761
61.351	0.08702164145128263
61.401	0.08702317609496536
61.451	0.08702470712443755
61.501	0.08699911993164842
61.551	0.08699239263857722
61.601	0.08700022336524686
61.651	0.08700365307457349
61.701	0.08700520746828942
61.751	0.08699463364911303
61.801	0.0869962062026447
61.851	0.08699777505896962
61.901	0.08699934022964365
61.951	0.08700064718596426
62.001	0.08700220551830191
62.051	0.08700376019992356
62.101	0.08701095284805882
62.151	0.08701806641268378
62.201	0.08701959037995877
62.251	0.0870092335474381
62.301	0.08701077047816595
62.351	0.08701694803287031
62.401	0.08702561761410993
62.451	0.08701978653482428
62.501	0.08701220280458763
62.551	0.08701561433351751
62.601	0.08701713462698449
62.651	0.08701396226829984
62.701	0.0870150047891993
62.751	0.08701652332767233
62.801	0.08701803835636618
62.851	0.08701954988615458
62.901	0.08702883404461924
62.951	0.08703032578511388
63.001	0.08702796424861367
63.051	0.08702898197947276
63.101	0.08703047026281842
63.151	0.08703195512804088
63.201	0.0870457189479743
63.251	0.08704717659581321
63.301	0.08704849059733842
63.351	0.08704994185186754
63.401	0.0870513897911648
63.451	0.08705283442531067
63.501	0.0870542757643471
63.551	0.08705571381827733
63.601	0.08705073443007412
63.651	0.08704422919084288
63.701	0.08704486239679325
63.751	0.08704631224389328
63.801	0.08704614203169264
63.851	0.08704053426798897
63.901	0.08703813039400125
63.951	0.08703197056354302
64.001	0.08702582325953866
64.051	0.08702812573429954
64.101	0.08702926898417836
64.151	0.08703226638709645
64.201	0.0870381316558478
64.251	0.08703660275681889
64.301	0.08704493247004197
64.351	0.0870463631156725
64.401	0.0870542033282779
64.451	0.08706609373447691
64.501	0.08705975558044085
64.551	0.08706090570389545
64.601	0.08706207513510078
64.651	0.087064278509001
64.701	0.08706562863935
64.751	0.08706069417237
64.801	0.0870620913196816
64.851	0.08707039539962891
64.901	0.08706908446004144
64.951	0.08707041777049732
65.001	0.08707533895780924
65.051	0.08707571949666666
65.101	0.08707709449455223
65.151	0.08707846641993996
65.201	0.08708199641086671
65.251	0.08708335851019637
65.301	0.08708676403604115
65.351	0.08709887572489276
65.401	0.08710009741522198
65.451	0.08708706820040182
65.501	0.0870890177330985
65.551	0.0870895052646767
65.601	0.08708619909620487
65.651	0.08709181719836458
65.701	0.08708513450859888
65.751	0.0870846180410697
65.801	0.08708986544292273
65.851	0.08709120522474408
65.901	0.08709151955036401
65.951	0.08709285502678618
66.001	0.0870956561667097
66.051	0.08710131256756724
66.101	0.08709533902721965
66.151	0.08709551575400411
66.201	0.08709660096574605
66.251	0.08709692388790931
66.301	0.08710531968024238
66.351	0.08710662502389324
66.401	0.0871057641121099
66.451	0.08710427851247288
66.501	0.08710048002883425
66.551	0.08710179224124244
66.601	0.08710343259688964
66.651	0.08710474370246006
66.701	0.08711232456128445
66.751	0.08711340892410885
66.801	0.08711462502571306
66.851	0.08711591036324137
66.901	0.08711722623117255
66.951	0.08711118057121289
67.001	0.08710591657680196
67.051	0.08710884776314048
67.101	0.08711013802636687
67.151	0.08711123347183804
67.201	0.08711251841342232
67.251	0.08712479569374339
67.301	0.08711803296764228
67.351	0.0871256964014181
67.401	0.08712695510573312
67.451	0.08712741820116966
67.501	0.08711674934276335
67.551	0.08712550707704582
67.601	0.08712100319616219
67.651	0.08712551443337445
67.701	0.08712758418630961
67.751	0.08712883498952848
67.801	0.0871299373190002
67.851	0.08713323581946147
67.901	0.0871344754308348
67.951	0.08713310986877335
68.001	0.08713434804214458
68.051	0.08713558355487505
68.101	0.08713681641457706
68.151	0.0871383185173608
68.201	0.08713783279140176
68.251	0.08713708596103664
68.301	0.087135656566016
68.351	0.08713739226588048
68.401	0.08713861795852341
68.451	0.08713984103071239
68.501	0.08714020390977555
68.551	0.08713905782666338
68.601	0.08714027802409073
68.651	0.08714097932021074
68.701	0.0871421950890378
68.751	0.08714035460077597
68.801	0.08714133202750068
68.851	0.0871625474979331
68.901	0.08716355501763356
68.951	0.08716493271339447
69.001	0.08716648384063501
69.051	0.0871667108399583
69.101	0.08716816479799835
69.151	0.08717011488282729
69.201	0.08717426658477498
69.251	0.08717512030740918
69.301	0.08717173984033194
69.351	0.08716978799444336
69.401	0.08717049302760842
69.451	0.08717317246009942
69.501	0.08717291496814955
69.551	0.08717318972057471
69.601	0.08717427787190762
69.651	0.08717872633700287
69.701	0.08718152395470875
69.751	0.08718260373840063
69.801	0.08718354705142818
69.851	0.08718429301942772
69.901	0.08718542624582934
69.951	0.08718582200806359
70.001	0.08717883175294733
70.051	0.08717316294963694
70.101	0.08716995522699705
70.151	0.08716633924886907
70.201	0.08716731134049985
70.251	0.08716848001104925
70.301	0.08717211740224586
70.351	0.08717531339605274
70.401	0.08717419402389
70.451	0.08717535023837972
70.501	0.08717706161888883
70.551	0.08717985364624425
70.601	0.08718060779112885
70.651	0.08717949394248953
70.701	0.08718430571500575
70.751	0.08718174049886468
70.801	0.08717859845225018
70.851	0.08716935271650071
70.901	0.08717075658828434
70.951	0.08716901882156228
71.001	0.08717017564328211
71.051	0.08717148586776707
71.101	0.08717252511569175
71.151	0.08717321248420988
71.201	0.08717515666451003
71.251	0.08717630305348291
71.301	0.08717644380779271
71.351	0.08717409604970185
71.401	0.08717483927566766
71.451	0.08717583078732076
71.501	0.08717835613852933
71.551	0.08717933326839634
71.601	0.08718298249612659
71.651	0.08718448588180486
71.701	0.08718483821658046
71.751	0.08719159878882309
71.801	0.08719362758637693
71.851	0.08719329301254852
71.901	0.08719333229211969
71.951	0.08719456632604931
72.001	0.08719565599094745
72.051	0.0871952763365867
72.101	0.08719636363224599
72.151	0.0871974651777825
72.201	0.08720042311881614
72.251	0.08719592746419896
72.301	0.08719375213626929
72.351	0.08719326864117918
72.401	0.08719531384608037
72.451	0.08719245786989407
72.501	0.08719354046298758
72.551	0.0871944975528195
72.601	0.08719399378817422
72.651	0.08719376406989679
72.701	0.08719377597404025
72.751	0.08720476193414983
72.801	0.0872056641581587
72.851	0.08720443324903875
72.901	0.0872054933190373
72.951	0.08720593922871545
73.001	0.08720423677392336
73.051	0.0872169524097502
73.101	0.087206308442156
73.151	0.08720733695611567
73.201	0.0872083891121923
73.251	0.08720977990187541
73.301	0.0872147742779326
73.351	0.08722767445904388
73.401	0.08722165777894285
73.451	0.08722169258108131
73.501	0.08722725029203512
73.551	0.08722827079195784
73.601	0.08722928925694413
73.651	0.08723094916541084
73.701	0.08723196259570705
73.751	0.08723297400955521
73.801	0.0872339834122976
73.851	0.08723272658610881
73.901	0.08723373527906406
73.951	0.08723474196929772
74.001	0.08723574666210711
74.051	0.08723448309792824
74.101	0.08723469706933627
74.151	0.08723570013885534
74.201	0.08723680860430699
74.251	0.08723859444641234
74.301	0.08723959036117131
74.351	0.08724159339749026
74.401	0.08724254981530145
74.451	0.08724354191599179
74.501	0.08724438923903231
74.551	0.08724527113828683
74.601	0.08724713366091089
74.651	0.0872481169309088
74.701	0.08724918497173637
74.751	0.0872500039716221
74.801	0.08725098155368018
74.851	0.08725195727984102
74.901	0.08725452896520815
74.951	0.08725549846447708
75.001	0.08726020417855801
75.051	0.08726115809594673
75.101	0.08728143775222799
75.151	0.08726275708003683
75.201	0.08727010835914756
75.251	0.08728321881646871
75.301	0.08728414476125909
75.351	0.08726749807794845
75.401	0.08726592298422269
75.451	0.08726626814081716
75.501	0.087267946651215
75.551	0.0872676060268065
75.601	0.08726454455012282
75.651	0.08726483183299637
75.701	0.08726587209258999
75.751	0.08726563488899725
75.801	0.0872664535722848
75.851	0.08726687744346957
75.901	0.0872669937024343
75.951	0.08726793487888639
76.001	0.08726903759245457
76.051	0.08726951363963281
76.101	0.08726266940588144
76.151	0.08726639780683926
76.201	0.08726381754925186
76.251	0.08726806618950567
76.301	0.08726876897075098
76.351	0.08726970388567185
76.401	0.08727027719670045
76.451	0.08727160353452829
76.501	0.0872775045503675
76.551	0.08727842543423417
76.601	0.08727934454920884
76.651	0.08728026189978712
76.701	0.08728117749046509
76.751	0.08728139637827223
76.801	0.08728230949746249
76.851	0.08727728382964924
76.901	0.08727879090030957
76.951	0.08728047004448282
77.001	0.08728129642130945
77.051	0.08728127862365215
77.101	0.08728236605455883
77.151	0.08728232296465792
77.201	0.0872832306359532
77.251	0.08728413657653382
77.301	0.08728430863084509
77.351	0.08728452056941773
77.401	0.08731697189391315
77.451	0.0873094479339226
77.501	0.08731006956350208
77.551	0.08731093672536812
77.601	0.08732015205653532
77.651	0.08731115756844049
77.701	0.08729607242490894
77.751	0.08729692212079151
77.801	0.08729733977131074
77.851	0.08729822092721393
77.901	0.08729910041639678
77.951	0.08729997824305223
78.001	0.08730065322662621
78.051	0.08731093659592357
78.101	0.08731217525518016
78.151	0.08731303380494437
78.201	0.08731389074172942
78.251	0.08731222622504693
78.301	0.08731308362711887
78.351	0.08731376119767198
78.401	0.087314185791934
78.451	0.08732070908305928
78.501	0.08732109212443685
78.551	0.08732227082928726
78.601	0.08732292300089452
78.651	0.08732409687830718
78.701	0.08733408694820645
78.751	0.08733565720054842
78.801	0.08733112566990613
78.851	0.08733425897555669
78.901	0.08733508171770005
78.951	0.08733702773439195
79.001	0.0873357559255497
79.051	0.08733657501765846
79.101	0.08733739258652459
79.151	0.08733820852351633
79.201	0.0873390230584337
79.251	0.08733983608134337
79.301	0.08734064759597558
79.351	0.08734145760301877
79.401	0.08734226611224684
79.451	0.08734611477535903
79.501	0.0873467890131704
79.551	0.0873475893034673
79.601	0.08734838811480782
79.651	0.08734911834285791
79.701	0.08734991427393106
79.751	0.08735070873698067
79.801	0.08735150173559661
79.851	0.0873517485372749
79.901	0.08735253938293656
79.951	0.08734815236224852
80.001	0.08735868040775342
80.051	0.0873594611474661
80.101	0.08736024045308972
80.151	0.08735885069495193
80.201	0.08736079359912967
80.251	0.08736070031243155
80.301	0.08736147646956578
80.351	0.08736208727242524
80.401	0.08736068582897553
80.451	0.08736343717774896
80.501	0.08736421285816735
80.551	0.08736498228108192
80.601	0.08736575029898914
80.651	0.08736576125186522
80.701	0.08736326470424952
80.751	0.08736187039569555
80.801	0.08736264094341817
80.851	0.08736341008690524
80.901	0.08736214259595305
80.951	0.08736321131868359
81.001	0.08736397865775526
81.051	0.08736474432163621
81.101	0.08736540714343047
81.151	0.08736617043382303
81.201	0.08736721799243374
81.251	0.08736797816491268
81.301	0.08736867292308327
81.351	0.08736943043364687
81.401	0.08737018657147165
81.451	0.08737029546851761
81.501	0.08737108475926568
81.551	0.08737176769441266
81.601	0.08737251920608498
81.651	0.08737326936023189
81.701	0.08738308357216991
81.751	0.08738364572689579
81.801	0.08738435585557415
81.851	0.08738385613437646
81.901	0.08738458996799979
81.951	0.08738532248184606
82.001	0.08738753757636322
82.051	0.08738826564856175
82.101	0.08738835626228508
82.151	0.08738899000120219
82.201	0.08738971497167972
82.251	0.08738915358604991
82.301	0.08738937645625401
82.351	0.08739046876416418
82.401	0.0873912196915712
82.451	0.0873901875434817
82.501	0.08739012551185558
82.551	0.08739084638685626
82.601	0.0873923883388205
82.651	0.08739226148847527
82.701	0.08739136651519669
82.751	0.08739190843819557
82.801	0.08739470161150634
82.851	0.08739541444617087
82.901	0.08739913166661918
82.951	0.08739983814572833
83.001	0.08740089570228167
83.051	0.08740159918869342
83.101	0.0874008767159366
83.151	0.08740221191927285
83.201	0.08740233450452466
83.251	0.0874011225497032
83.301	0.08740172802063295
83.351	0.08740242825729866
83.401	0.08740306382360814
83.451	0.08740355664838365
83.501	0.08740419341299362
83.551	0.08740663147018009
83.601	0.08740616514832658
83.651	0.08739862903552784
83.701	0.08739933037616344
83.751	0.08740003048163575
83.801	0.08740072935482487
83.851	0.08740142699860315
83.901	0.08739986541114145
83.951	0.08740049734826844
84.001	0.08740119408170419
84.051	0.08740178999179309
84.101	0.0874016710774701
84.151	0.08740273685703065
84.201	0.08740342937897284
84.251	0.08740412068829578
84.301	0.08740461282160236
84.351	0.08739650693904316
84.401	0.08739692222126232
84.451	0.08739868490455753
84.501	0.08739932070743221
84.551	0.08739951360919986
84.601	0.08740018368851858
84.651	0.08740087595015948
84.701	0.08740156700574833
84.751	0.08740225685805952
84.801	0.08740297894710904
84.851	0.08740285157790152
84.901	0.08740711340741693
84.951	0.08740777897319442
85.001	0.08740846075330228
85.051	0.08740914135370653
85.101	0.08740977353012881
85.151	0.0874106689360112
85.201	0.08741123303675866
85.251	0.08741228278151113
85.301	0.0874109974436603
85.351	0.0874123373490138
85.401	0.08741324248448208
85.451	0.08741574070182677
85.501	0.08741631276652892
85.551	0.0874173155504754
85.601	0.08741776913645039
85.651	0.08742171056625284
85.701	0.0874223702593023
85.751	0.08742302882199678
85.801	0.08742289024867146
85.851	0.08742277075084277
85.901	0.0874232371349671
85.951	0.08742389331047769
86.001	0.08742454836470043
86.051	0.08742520230017077
86.101	0.08742585511941718
86.151	0.08742673815699174
86.201	0.0874252369788541
86.251	0.08742939264859144
86.301	0.08742914043186473
86.351	0.08742869636254623
86.401	0.08742961374162522
86.451	0.08743076226864002
86.501	0.08743138925595381
86.551	0.08743203167323954
86.601	0.08743267300034455
86.651	0.08743317305432946
86.701	0.08743381236859209
86.751	0.08743427288118907
86.801	0.08743491024048894
86.851	0.08743527917643433
86.901	0.08743591469345252
86.951	0.08743653273320204
87.001	0.0874370910281919
87.051	0.08743763049460616
87.101	0.08744223254945464
87.151	0.08744073454762816
87.201	0.08744136186980739
87.251	0.08744198813455663
87.301	0.08744461676721538
87.351	0.08744307514013876
87.401	0.0874436984536878
87.451	0.08744432071878502
87.501	0.08744532324949256
87.551	0.08744628723452436
87.601	0.08744690546295658
87.651	0.08744759597292567
87.701	0.08744821196087509
87.751	0.0874493345763898
87.801	0.08744929010985115
87.851	0.08744990319416948
87.901	0.08745051525290388
87.951	0.0874511262883277
88.001	0.08745226437132726
88.051	0.08745265413920233
88.101	0.08745326176049362
88.151	0.0874537114800097
88.201	0.08745431726220686
88.251	0.08744890478284265
88.301	0.08745336261426993
88.351	0.08745402364389472
88.401	0.08745462796442544
88.451	0.08745464791561011
88.501	0.08745475657893428
88.551	0.08745637584843997
88.601	0.08745752335465647
88.651	0.08744700603016042
88.701	0.08744346031288154
88.751	0.0874440747823119
88.801	0.08744600848208366
88.851	0.0874466192470633
88.901	0.08744728392372585
88.951	0.08744794250594376
89.001	0.08745157155147304
89.051	0.08745217465680206
89.101	0.08745430214748122
89.151	0.08745545989310524
89.201	0.0874555445726158
89.251	0.08745614188389426
89.301	0.0874540391347184
89.351	0.08743362226880418
89.401	0.08743424287169596
89.451	0.08743523121589003
89.501	0.08746608744651463
89.551	0.08746667044716548
89.601	0.08746725248937788
89.651	0.08746783357525105
89.701	0.0874582156413303
89.751	0.08745880644599197
89.801	0.08745917163516567
89.851	0.08745976075125507
89.901	0.08746019688950486
89.951	0.0874607842419384
90.001	0.08746137063228006
90.051	0.08746195606263164
90.101	0.08746254053508933
90.151	0.08746353371419252
90.201	0.08746408030669009
90.251	0.087464661484514
90.301	0.0874652417135669
90.351	0.08746582099591482
90.401	0.08746589133829635
90.451	0.08746646931094774
90.501	0.08746704634205739
90.551	0.08746762243367182
90.601	0.08746819758783211
90.651	0.0874687718065739
90.701	0.08746310792465115
90.751	0.08746368737418288
90.801	0.08746419808020643
90.851	0.08746477572478799
90.901	0.08746450328412911
90.951	0.08746508585710316
91.001	0.08746601751801553
91.051	0.08746663850084938
91.101	0.0874672180949709
91.151	0.08746435065778665
91.201	0.08746614612332247
91.251	0.08745686686597942
91.301	0.08746008379150685
91.351	0.0874606635955166
91.401	0.08746124246247855
91.451	0.0874618203944136
91.501	0.08746239739333712
91.551	0.08746297346125916
91.601	0.08746412561563678
91.651	0.08746469900367135
91.701	0.08746587114243903
91.751	0.08746758695792854
91.801	0.08746812365447235
91.851	0.0874648279420387
91.901	0.08746539942182106
91.951	0.08746596998188709
92.001	0.08746749857379923
92.051	0.08746806604881746
92.101	0.08746863261278924
92.151	0.08746919826767059
92.201	0.08746905139368344
92.251	0.08747032743138307
92.301	0.08747071425045928
92.351	0.08747295558101671
92.401	0.08747351488135095
92.451	0.08747407328784546
92.501	0.087474385121638
92.551	0.0874735873723088
92.601	0.08747414507004754
92.651	0.08747470187762424
92.701	0.08747400668679176
92.751	0.08747456309338536
92.801	0.0874779395550037
92.851	0.08746617049367665
92.901	0.0874667347025258
92.951	0.08746729801307257
93.001	0.08746786042723059
93.051	0.08746842194690847
93.101	0.08746898257400981
93.151	0.08746954231043319
93.201	0.08747010165724119
93.251	0.08747065961411103
93.301	0.08747121668597312
93.351	0.08747795107611754
93.401	0.08747849954541626
93.451	0.08747904714674228
93.501	0.08747661949371568
93.551	0.08747736977174132
93.601	0.08747791789330633
93.651	0.08747846514896701
93.701	0.08747901154055521
93.751	0.0874818252214893
93.801	0.08748236561800868
93.851	0.08748287466618546
93.901	0.0874834133961962
93.951	0.08748395127528683
94.001	0.08748448830524656
94.051	0.08748502448786045
94.101	0.0874855598249087
94.151	0.08748609431816695
94.201	0.08748609489297177
94.251	0.08748662826971096
94.301	0.08748715398159676
94.351	0.08748768568832178
94.401	0.08748818618796418
94.451	0.08748871625846256
94.501	0.08748924549671154
94.551	0.08748977390445056
94.601	0.08749030148341458
94.651	0.08749161170727886
94.701	0.08749213686157152
94.751	0.08749633060622158
94.801	0.08749627996614856
94.851	0.08749679934265792
94.901	0.08749731790691838
94.951	0.08749805398453991
95.001	0.08749588852671324
95.051	0.08749640729839281
95.101	0.08749689571989824
95.151	0.0875026052719345
95.201	0.08750556975483438
95.251	0.08750341001477899
95.301	0.08750299853197856
95.351	0.08750350809621642
95.401	0.08750401686821427
95.451	0.087504524849619
95.501	0.08750211605132509
95.551	0.08750262567496087
95.601	0.08750048854908099
95.651	0.08750361299745542
95.701	0.0875041202845008
95.751	0.08750462678481839
95.801	0.08750461494561111
95.851	0.08750512042082333
95.901	0.08750101509943574
95.951	0.08750152416396166
96.001	0.08750203244046166
96.051	0.08750253993056314
96.101	0.08750304663588943
96.151	0.0875035525640286
96.201	0.0875040577046235
96.251	0.08750456206528809
96.301	0.08750506564612177
96.351	0.08750556845191783
96.401	0.08750607049418688
96.451	0.08750436527728425
96.501	0.0875048682301443
96.551	0.08750537040833888
96.601	0.08750587181346073
96.651	0.08750637244709862
96.701	0.08750687231083719
96.751	0.08750805590601488
96.801	0.0875085533560193
96.851	0.08750749409673496
96.901	0.08750799172154697
96.951	0.08750848858358554
97.001	0.0875089374789958
97.051	0.08750750044492138
97.101	0.08750950155794522
97.151	0.08751237402732948
97.201	0.08751030531760418
97.251	0.08751079840199445
97.301	0.08750937833920494
97.351	0.08750931956481238
97.401	0.08750981294946587
97.451	0.08751030558153808
97.501	0.0875107974629144
97.551	0.0875112885944173
97.601	0.08751177897792581
97.651	0.0875122686149606
97.701	0.0875127372028759
97.751	0.08751572790477423
97.801	0.08751439954448413
97.851	0.08751486516078204
97.901	0.08751525345345997
97.951	0.08751040648383447
98.001	0.08751089599087414
98.051	0.08751331434949557
98.101	0.08751076044193815
98.151	0.0875123525340785
98.201	0.08750612835556461
98.251	0.08750662123612052
98.301	0.08750857645505182
98.351	0.0875090688186046
98.401	0.08750955789115786
98.451	0.08751004622513621
98.501	0.08751053382203
98.551	0.08751333859922145
98.601	0.08751200150784104
98.651	0.08751334168504538
98.701	0.08751375535486014
98.751	0.08751423788900685
98.801	0.08750954149108965
98.851	0.08751002810524874
98.901	0.0875104685462069
98.951	0.0875128481824527
99.001	0.08751333072410585
99.051	0.08751381254097543
99.101	0.08751429363451736
99.151	0.08751477400618393
99.201	0.08751525365742376
99.251	0.08752229909216692
99.301	0.0875227705502888
99.351	0.08752324600820939
99.401	0.08751707010364143
99.451	0.0877427412350558
99.501	0.08751775359974356
99.551	0.08752512187878346
99.601	0.0875253336468784
99.651	0.08752580043466016
99.701	0.0875262665262085
99.751	0.08752673192291245
99.801	0.08752719662615487
99.851	0.08752766063732323
99.901	0.08752812395779355
99.951	0.08752858658894107