1.e-10	0.
0.5000000001	0.00004272168886774452
1.0000000001	0.0005251975391803023
1.5000000001	0.002104572183501574
2.0000000001	0.005508544597692624
2.5000000001	0.011413096782747411
3.0000000001	0.02039942422151007
3.5000000001	0.032918834094235405
4.0000000001	0.049291997183271326
4.5000000001	0.0697243104379286
5.0000000001	0.09431622390426368
5.5000000001	0.12307687161414091
6.0000000001	0.15593834848155408
6.5000000001	0.19276684092831958
7.0000000001	0.2333945706354018
7.5000000001	0.277634358203156
8.0000000001	0.32526191688416034
8.5000000001	0.3760255264787983
9.0000000001	0.4296515475533144
9.5000000001	0.4858503651744596
10.0000000001	0.5443318478728043
10.5000000001	0.6048085682198171
11.0000000001	0.6669996188735332
11.5000000001	0.730633039519495
12.0000000001	0.7954516851369261
12.5000000001	0.8612178648874014
13.0000000001	0.9277045049398457
13.5000000001	0.9946948066910798
14.0000000001	1.0619933527071856
14.5000000001	1.1294218112398184
15.0000000001	1.1968161942680957
15.5000000001	1.2640308591923612
16.0000000001	1.330935076847439
16.5000000001	1.3974107369773605
17.0000000001	1.4633528855188858
17.5000000001	1.5286736886736971
18.0000000001	1.5932727339244854
18.5000000001	1.6570566418648787
19.0000000001	1.7199920971745
19.5000000001	1.782051634635967
20.0000000001	1.8431911134790042
20.5000000001	1.9033774385229416
21.0000000001	1.9625851744580114
21.5000000001	2.0207960303734787
22.0000000001	2.0779970485704533
22.5000000001	2.13417972156358
23.0000000001	2.1893422240804856
23.5000000001	2.243489264618775
24.0000000001	2.2966271976218886
24.5000000001	2.3487636789537154
25.0000000001	2.3999093124389077
25.5000000001	2.4500778787981856
26.0000000001	2.499279645703512
26.5000000001	2.547520044644833
27.0000000001	2.594812093564378
27.5000000001	2.6411753848379207
28.0000000001	2.686629599284895
28.5000000001	2.731195188877224
29.0000000001	2.774893159431491
29.5000000001	2.8177449060378823
30.0000000001	2.859772067732679
30.5000000001	2.9009963997905386
31.0000000001	2.9414396620979173
31.5000000001	2.9811235221573296
32.0000000001	3.020069471361884
32.5000000001	3.0582987532692054
33.0000000001	3.0958323026923
33.5000000001	3.1326906945112087
34.0000000001	3.168894101192756
34.5000000001	3.20446225808577
35.0000000001	3.2394144407564123
35.5000000001	3.2737692964909
36.0000000001	3.307545927044845
36.5000000001	3.340763388387791
37.0000000001	3.3734382437684167
37.5000000001	3.4055860211740066
38.0000000001	3.4372227730585427
38.5000000001	3.468364208871193
39.0000000001	3.499025511915203
39.5000000001	3.529221293812963
40.0000000001	3.5589613236330426
40.5000000001	3.5882806381099335
41.0000000001	3.6172440979557132
41.5000000001	3.6458868276644094
42.0000000001	3.6742168358368437
42.5000000001	3.702275188076978
43.0000000001	3.72991568956135
43.5000000001	3.7567741443924865
44.0000000001	3.7826710026972643
44.5000000001	3.8078012645266197
45.0000000001	3.8325509193247247
45.5000000001	3.8570872842995905
46.0000000001	3.8813923838479565
46.5000000001	3.905453827330495
47.0000000001	3.9292303999651628
47.5000000001	3.95270953393316
48.0000000001	3.9759026947618974
48.5000000001	3.9988171622262065
49.0000000001	4.0214600848088375
49.5000000001	4.043838347040362