1.e-10	0.
0.5000000001	0.000040702962842234617
1.0000000001	0.0005021064346349983
1.5000000001	0.0020168077384524093
2.0000000001	0.005290637281797379
2.5000000001	0.010977660528755862
3.0000000001	0.019638060723698586
3.5000000001	0.0317204378107536
4.0000000001	0.04755859291237591
4.5000000001	0.06737650037707388
5.0000000001	0.0912977867721331
5.5000000001	0.1193574576952245
6.0000000001	0.15151445687957119
6.5000000001	0.1876641703043675
7.0000000001	0.22765033042128802
7.5000000001	0.2712760021955434
8.0000000001	0.3183134840731049
8.5000000001	0.36851305814878854
9.0000000001	0.4216106338324982
9.5000000001	0.4773330227249396
10.0000000001	0.5354121850221225
10.5000000001	0.5955889222505919
11.0000000001	0.6575968874854954
11.5000000001	0.7211686154173919
12.0000000001	0.786047803888259
12.5000000001	0.8519923513009399
13.0000000001	0.9187770892966214
13.5000000001	0.9861898235398694
14.0000000001	1.0540311515307648
14.5000000001	1.122115096885488
15.0000000001	1.1902697781450815
15.5000000001	1.258341856073516
16.0000000001	1.3261941512305861
16.5000000001	1.3937015582731407
17.0000000001	1.4607516910698144
17.5000000001	1.5272448595039434
18.0000000001	1.5930966069622106
18.5000000001	1.6582107742947665
19.0000000001	1.7225006004316603
19.5000000001	1.7859362973746045
20.0000000001	1.8484915229152359
20.5000000001	1.9101244183012587
21.0000000001	1.9708034271941877
21.5000000001	2.0305028969836494
22.0000000001	2.089203455022969
22.5000000001	2.1468912813303773
23.0000000001	2.2035574433797995
23.5000000001	2.259198007437637
24.0000000001	2.3138140082794836
24.5000000001	2.3674102970921336
25.0000000001	2.4199928096435617
25.5000000001	2.47156783464797
26.0000000001	2.5221450472084053
26.5000000001	2.5717386707084366
27.0000000001	2.620366042858513
27.5000000001	2.668045153656379
28.0000000001	2.714794207256239
28.5000000001	2.7606328059928513
29.0000000001	2.8055792356112033
29.5000000001	2.84964996815887
30.0000000001	2.8928642795290695
30.5000000001	2.9352437675593666
31.0000000001	2.9768098535184904
31.5000000001	3.0175840107029277
32.0000000001	3.0575876559108774
32.5000000001	3.096842065728058
33.0000000001	3.1353683043459903
33.5000000001	3.1731871618165446
34.0000000001	3.210319101722425
34.5000000001	3.2467842173171273
35.0000000001	3.282602195259272
35.5000000001	3.3177922977328436
36.0000000001	3.352373012189179
36.5000000001	3.386364355160532
37.0000000001	3.4197880432102816
37.5000000001	3.452660989780348
38.0000000001	3.484996176174386
38.5000000001	3.516808615755039
39.0000000001	3.5481143560192563
39.5000000001	3.578928685069298
40.0000000001	3.6092664000625336
40.5000000001	3.639141839019237
41.0000000001	3.6685685116563134
41.5000000001	3.6975596207929957
42.0000000001	3.7261488210655322
42.5000000001	3.7542462754094807
43.0000000001	3.7816179613201717
43.5000000001	3.808147056433071
44.0000000001	3.8339774064096286
44.5000000001	3.8593944259427144
45.0000000001	3.884538504982868
45.5000000001	3.909399755655435
46.0000000001	3.933946469113663
46.5000000001	3.9581636751646525
47.0000000001	3.9820639693705595
47.5000000001	4.005655672930587
48.0000000001	4.028947053524885
48.5000000001	4.051946056819102
49.0000000001	4.0746603386031435
49.5000000001	4.097097275947761