1.e-10	0.
0.5000000001	0.00005881120684098193
1.0000000001	0.0007002121289076435
1.5000000001	0.002745405625644714
2.0000000001	0.007053375159806789
2.5000000001	0.014356632806375919
3.0000000001	0.025221584867458513
3.5000000001	0.040044615058276486
4.0000000001	0.059051340041373766
4.5000000001	0.08228520446124522
5.0000000001	0.10969298442932225
5.5000000001	0.14119835395990205
6.0000000001	0.17664177467744055
6.5000000001	0.21578273737420423
7.0000000001	0.2583399773262489
7.5000000001	0.30404877712179207
8.0000000001	0.3523167117201487
8.5000000001	0.4024842038546856
9.0000000001	0.45450575220395134
9.5000000001	0.5083099181506082
10.0000000001	0.5635453478321688
10.5000000001	0.6199273822021907
11.0000000001	0.6771885751175032
11.5000000001	0.7350837727497312
12.0000000001	0.7933897583520104
12.5000000001	0.8519045356730244
13.0000000001	0.9104477099167942
13.5000000001	0.9688596718965319
14.0000000001	1.026999937802572
14.5000000001	1.0847461449842104
15.0000000001	1.1419929983655703
15.5000000001	1.1986505933326554
16.0000000001	1.2546487975362977
16.5000000001	1.3098920951621453
17.0000000001	1.3642911493992729
17.5000000001	1.4178449418447059
18.0000000001	1.470541420807293
18.5000000001	1.5224002454140044
19.0000000001	1.5734737159195404
19.5000000001	1.6236930048919056
20.0000000001	1.6729958510269543
20.5000000001	1.721401548620475
21.0000000001	1.768928170447769
21.5000000001	1.8155725849443067
22.0000000001	1.8613352728589017
22.5000000001	1.9062313393747359
23.0000000001	1.9502761136803026
23.5000000001	1.9934865540622264
24.0000000001	2.0358808459088387
24.5000000001	2.077478104314999
25.0000000001	2.118298115619756
25.5000000001	2.158361114052885
26.0000000001	2.1976875899046195
26.5000000001	2.2362981258816137
27.0000000001	2.274213258564039
27.5000000001	2.3114533621280837
28.0000000001	2.348038551740857
28.5000000001	2.383988603421018
29.0000000001	2.419322914140545
29.5000000001	2.454059433200269
30.0000000001	2.488238984634467
30.5000000001	2.5217380328501755
31.0000000001	2.554408860073546
31.5000000001	2.5864327961271663
32.0000000001	2.6179597086003166
32.5000000001	2.6490269996142373
33.0000000001	2.6797064189871582
33.5000000001	2.709964210540683
34.0000000001	2.7397664367848815
34.5000000001	2.7691314409068384
35.0000000001	2.798069791179096
35.5000000001	2.8265883636987352
36.0000000001	2.8546982204325304
36.5000000001	2.882414737614801
37.0000000001	2.909753005886724
37.5000000001	2.936725027601905
38.0000000001	2.96334064637947
38.5000000001	2.989609323776246
39.0000000001	3.0155397937297406
39.5000000001	3.0411406188814185
40.0000000001	3.0664204304616964
40.5000000001	3.0913878351222994
41.0000000001	3.1160536162989234
41.5000000001	3.140411701119298
42.0000000001	3.16444806315643
42.5000000001	3.188181576516522
43.0000000001	3.21163783735676
43.5000000001	3.234828435313207
44.0000000001	3.2577677360653023
44.5000000001	3.280468315948815
45.0000000001	3.302933970657804
45.5000000001	3.3251610400195357
46.0000000001	3.3471485171251314
46.5000000001	3.3689007950825376
47.0000000001	3.390424718756743
47.5000000001	3.4117289270021076
48.0000000001	3.432819339373366
48.5000000001	3.4536995823248517
49.0000000001	3.474374250034525
49.5000000001	3.4948467915070274