0.001	-513.1074647507371
0.051	-10.211530593951833
0.101	-5.233307655942013
0.151	-3.552542206114976
0.201	-2.708437104946095
0.251	-2.200989859838614
0.301	-1.8624256404741018
0.351	-1.6205678882230283
0.401	-1.439238407573023
0.451	-1.2983025750587704
0.501	-1.1856636085423167
0.551	-1.0936156419538614
0.601	-1.0170171710027527
0.651	-0.9523063088576093
0.701	-0.8969374327543164
0.751	-0.849042884111412
0.801	-0.8072213550091383
0.851	-0.770400902020886
0.901	-0.7377475591376347
0.951	-0.7086027609351033
1.001	-0.6824395483801788
1.051	-0.6588312601717574
1.101	-0.6374287581948732
1.151	-0.6179435890476099
1.201	-0.6001353515786646
1.251	-0.5838020938494771
1.301	-0.5687729246181655
1.351	-0.5549022659924612
1.401	-0.5420653312674835
1.451	-0.5301545540975541
1.501	-0.5190767050693478
1.551	-0.5087505923394905
1.601	-0.4991052825466965
1.651	-0.49007803379721626
1.701	-0.48161409116355247
1.751	-0.47366457421488195
1.801	-0.46618613433218625
1.851	-0.459140115362612
1.901	-0.45249193606946925
1.951	-0.4462105653292669
2.001	-0.4402680890482801
2.051	-0.4346393181785825
2.101	-0.4293014609312921
2.151	-0.42423386836950705
2.201	-0.4194177415283968
2.251	-0.41483600357212247
2.301	-0.41047304339602997
2.351	-0.4063145584870879
2.401	-0.40234749558660515
2.451	-0.3985598365821485
2.501	-0.39494053813907487
2.551	-0.39147942686922516
2.601	-0.38816711862852865
2.651	-0.3849949390165316
2.701	-0.3819548612469631
2.751	-0.37903944692691544
2.801	-0.376241792082097
2.851	-0.3735554810613703
2.901	-0.3709745442896643
2.951	-0.3684934199841341
3.001	-0.3661069219022174
3.051	-0.36381020577951284
3.101	-0.3615987433996101
3.151	-0.3594683010396855
3.201	-0.3574149013125663
3.251	-0.35543482602310594
3.301	-0.35352457648714697
3.351	-0.3516808778098236
3.401	-0.34990063872964705
3.451	-0.3481809536938932
3.501	-0.34651908570774476
3.551	-0.34491245443965113
3.601	-0.3433586244080848
3.651	-0.34185529651277863
3.701	-0.3404002983127647
3.751	-0.33899157502580235
3.801	-0.33762718173080364
3.851	-0.3363052769993936
3.901	-0.33502411577565555
3.951	-0.3337820427368847
4.001	-0.3325774877799834
4.051	-0.3314089593885426
4.101	-0.3302750411991934
4.151	-0.3291743863970909
4.201	-0.32810571364536445
4.251	-0.32706780446320644
4.301	-0.3260594975841543
4.351	-0.3250796867389365
4.401	-0.32412731793926447
4.451	-0.32320138540661053
4.501	-0.32230092959842643
4.551	-0.3214250344462561
4.601	-0.32057282486635863
4.651	-0.31974346512938523
4.701	-0.3189361557726027
4.751	-0.31815013234135103
4.801	-0.317384663362979
4.851	-0.3166390486362519
4.901	-0.31591261771059986
4.951	-0.3152047282982568
5.001	-0.31451476456212824
5.051	-0.3138421361066225
5.101	-0.3131862766149772
5.151	-0.3125466434280612
5.201	-0.31192271524934145
5.251	-0.31131399032194307
5.301	-0.3107199883710545
5.351	-0.3101402475658786
5.401	-0.30957432035082555
5.451	-0.3090217855787336
5.501	-0.30848223268656483
5.551	-0.3079552611283074
5.601	-0.3074404923939396
5.651	-0.30693756079297224
5.701	-0.30644611370372865
5.751	-0.3059658117255042
5.801	-0.3054963267214315
5.851	-0.3050373446918511
5.901	-0.30458856062539946
5.951	-0.30414968134613385
6.001	-0.3037204238435121
6.051	-0.3033005152493108
6.101	-0.3028896921053737
6.151	-0.3024877000801877
6.201	-0.30209429363788104
6.251	-0.3017092354250189
6.301	-0.3013322964426853
6.351	-0.30096325493101417
6.401	-0.30060189747506494
6.451	-0.3002480165727888
6.501	-0.29990141250970187
6.551	-0.2995618920067147
6.601	-0.29922926704421526
6.651	-0.2989033568693582
6.701	-0.29858398612120235
6.751	-0.29827098513521644
6.801	-0.2979641895410483
6.851	-0.2976634401892822
6.901	-0.2973685829361376
6.951	-0.2970794684059381
7.001	-0.29679595190075936
7.051	-0.29651789315405586
7.101	-0.2962451561952807
7.151	-0.2959776092082459
7.201	-0.29571512435152514
7.251	-0.2954575776354439
7.301	-0.29520484888062226
7.351	-0.2949568210957141
7.401	-0.29471338131052127
7.451	-0.29447441950883557
7.501	-0.2942398289951525
7.551	-0.29400950615897953
7.601	-0.2937833504005626
7.651	-0.2935612640048705
7.701	-0.2933431520530979
7.751	-0.2931289223543364
7.801	-0.2929184852972661
7.851	-0.2927117537900622
7.901	-0.2925086434777867
7.951	-0.2923090715191046
8.001	-0.29211295818749955
8.051	-0.2919202254193038
8.101	-0.2917307980971598
8.151	-0.291544602338139
8.201	-0.29136156656791323
8.251	-0.2911816211118767
8.301	-0.29100469817892316
8.351	-0.2908307317714253
8.401	-0.29065965769746654
8.451	-0.2904914134432177
8.501	-0.29032593811116203
8.551	-0.29016317245308654
8.601	-0.29000305815281086
8.651	-0.2898455401586998
8.701	-0.2896905630994804
8.751	-0.2895380737616181
8.801	-0.28938802006621417
8.851	-0.2892403508364207
8.901	-0.2890950182557952
8.951	-0.28895197218971536
9.001	-0.2888111665809512
9.051	-0.28867255472049147
9.101	-0.28853609382026923
9.151	-0.2884016822757091
9.201	-0.2882694495541157
9.251	-0.28813918228829777
9.301	-0.2880108961813668
9.351	-0.2878845544338856
9.401	-0.28776011706803356
9.451	-0.2876375469827829
9.501	-0.2875168088918708
9.551	-0.2873978639654323
9.601	-0.28728067902536597
9.651	-0.2871652198151393
9.701	-0.287051453199252
9.751	-0.2869393467274592
9.801	-0.2868288686859626
9.851	-0.2867199750106489
9.901	-0.2866126747744558
9.951	-0.28650689916397976
10.001	-0.2864026324362034
10.051	-0.28629984633574546
10.101	-0.28619851330844664
10.151	-0.2860986065124485
10.201	-0.28600009957031886
10.251	-0.28590296678364185
10.301	-0.28580718301518515
10.351	-0.2857127236888564
10.401	-0.2856195647784602
10.451	-0.2855276826524671
10.501	-0.2854370546203827
10.551	-0.2853476580457078
10.601	-0.2852594709979628
10.651	-0.28517247200161927
10.701	-0.28508663997050954
10.751	-0.28500195438106807
10.801	-0.2849183950924095
10.851	-0.28483594242275034
10.901	-0.28475457710215424
10.951	-0.28467427990681776
11.001	-0.28459503313643963
11.051	-0.28451681834688725
11.101	-0.28443961786188804
11.151	-0.284363414373851
11.201	-0.2842881909408427
11.251	-0.28421393094794856
11.301	-0.28414061811532904
11.351	-0.2840682367405851
11.401	-0.2839967740125764
11.451	-0.28392620887029657
11.501	-0.28385652607010414
11.551	-0.2837877172238221
11.601	-0.2837197649133464
11.651	-0.2836526550953839
11.701	-0.28358637399547465
11.751	-0.28352090813316444
11.801	-0.283456244281911
11.851	-0.2833923694811963
11.901	-0.28332927106034267
11.951	-0.28326693439852424
12.001	-0.2832053517112783
12.051	-0.2831445087748971
12.101	-0.28308438119840146
12.151	-0.28302499715385326
12.201	-0.28296630392404043
12.251	-0.28290830489931934
12.301	-0.28285098219640575
12.351	-0.28279434636554207
12.401	-0.28273836579741385
12.451	-0.2826830373221848
12.501	-0.28262835091297744
12.551	-0.28257429673282214
12.601	-0.2825208482125931
12.651	-0.2824680466287748
12.701	-0.2824158319435648
12.751	-0.2823642119539061
12.801	-0.2823131777139936
12.851	-0.28226272044243106
12.901	-0.2822128315260283
12.951	-0.2821635024995975
13.001	-0.2821147250661289
13.051	-0.28206649107312953
13.101	-0.28201879255496654
13.151	-0.281971621592997
13.201	-0.2819249705062046
13.251	-0.2818788317243038
13.301	-0.28183319781282645
13.351	-0.28178806150332025
13.401	-0.28174341556208227
13.451	-0.28169925298473564
13.501	-0.2816555668230058
13.551	-0.28161235033257936
13.601	-0.28156959681906907
13.651	-0.28152729972937784
13.701	-0.28148545262215524
13.751	-0.281444049168885
13.801	-0.2814030831570934
13.851	-0.2813625484772407
13.901	-0.2813224391257762
13.951	-0.28128274920847735
14.001	-0.2812434729274305
14.051	-0.28120460458431784
14.101	-0.2811661385693576
14.151	-0.2811280693958204
14.201	-0.28109039163071337
14.251	-0.2810531000055264
14.301	-0.2810161892633211
14.351	-0.28097965426723326
14.401	-0.2809434899792739
14.451	-0.28090769139313065
14.501	-0.2808722536451677
14.551	-0.28083717192809826
14.601	-0.28080244153039824
14.651	-0.28076805778338715
14.701	-0.28073401615931803
14.751	-0.28070031357012964
14.801	-0.2806669428021243
14.851	-0.2806339007253864
14.901	-0.28060118324333855
14.951	-0.2805687861040173
15.001	-0.28053670361414357
15.051	-0.28050493478853045
15.101	-0.28047347405983575
15.151	-0.2804423175485718
15.201	-0.28041146130711625
15.251	-0.28038090155896317
15.301	-0.2803506345256477
15.351	-0.2803206565182593
15.401	-0.280290963877128
15.451	-0.2802615530879254
15.501	-0.28023242050769326
15.551	-0.28020356271873065
15.601	-0.2801749763354993
15.651	-0.28014665796462185
15.701	-0.2801186044489997
15.751	-0.2800908120111776
15.801	-0.28006327803089304
15.851	-0.28003599912294264
15.901	-0.2800089721742623
15.951	-0.27998219524995066
16.001	-0.2799556619007625
16.051	-0.27992937262228135
16.101	-0.2799033233180477
16.151	-0.2798775111028715
16.201	-0.27985193316505624
16.251	-0.2798265866496038
16.301	-0.2798014688041137
16.351	-0.2797765769855389
16.401	-0.27975190844969194
16.451	-0.27972746058303755
16.501	-0.27970323079087084
16.551	-0.27967921651364314
16.601	-0.27965541521108317
16.651	-0.2796318199233278
16.701	-0.2796084417263634
16.751	-0.2795852646639939
16.801	-0.2795622908885135
16.851	-0.27953951804708105
16.901	-0.27951694383124287
16.951	-0.2794945659657558
17.001	-0.27947238220667664
17.051	-0.27945039034632546
17.101	-0.2794285881817215
17.151	-0.27940697360973155
17.201	-0.2793855444903799
17.251	-0.2793642987360491
17.301	-0.27934323428855445
17.351	-0.27932234911864606
17.401	-0.27930164122562207
17.451	-0.2792811086766303
17.501	-0.27926074944602564
17.551	-0.2792405616610911
17.601	-0.2792205483323516
17.651	-0.2792006977778555
17.701	-0.2791810081432785
17.751	-0.27916148747004405
17.801	-0.2791421271544961
17.851	-0.2791229291705954
17.901	-0.2791038899210816
17.951	-0.2790850076865405
18.001	-0.27906628077915463
18.051	-0.2790477075173746
18.101	-0.279029286253852
18.151	-0.2790110172798468
18.201	-0.27899289516630144
18.251	-0.2789749202395026
18.301	-0.27895709093584736
18.351	-0.27893940571276743
18.401	-0.2789218630525797
18.451	-0.2789044614515502
18.501	-0.2788871995543157
18.551	-0.27887007564522365
18.601	-0.27885308842559997
18.651	-0.2788362364598771
18.701	-0.27881951832646934
18.751	-0.27880293265003225
18.801	-0.2787864780972867
18.851	-0.2787701532437592
18.901	-0.2787539567492982
18.951	-0.27873788738824545
19.001	-0.27872194381515997
19.051	-0.2787061247471837
19.101	-0.27869042891763646
19.151	-0.2786748550693595
19.201	-0.27865940198094297
19.251	-0.27864406842647815
19.301	-0.2786288532027256
19.351	-0.2786137551209979
19.401	-0.2785987730022806
19.451	-0.27858390641044534
19.501	-0.2785691527710431
19.551	-0.27855451166517703
19.601	-0.27853998198007945
19.651	-0.2785255626101424
19.701	-0.27851125237001256
19.751	-0.27849705038086114
19.801	-0.27848295548295926
19.851	-0.27846896662742265
19.901	-0.27845508277820674
19.951	-0.27844130222975
20.001	-0.2784276253403008
20.051	-0.27841405044002376
20.101	-0.27840057651559974
20.151	-0.27838720259834665
20.201	-0.2783739277105761
20.251	-0.2783607509407024
20.301	-0.27834767131621024
20.351	-0.27833468793390953
20.401	-0.2783217998586507
20.451	-0.2783090061920832
20.501	-0.2782963060364777
20.551	-0.2782836985421452
20.601	-0.2782711831289728
20.651	-0.2782587583897481
20.701	-0.2782464235180494
20.751	-0.2782341778461039
20.801	-0.27822202051429823
20.851	-0.27820995034989915
20.901	-0.2781979672592141
20.951	-0.27818607007505275
21.001	-0.27817425800119616
21.051	-0.2781625302505213
21.101	-0.27815088604508525
21.151	-0.2781393246158159
21.201	-0.2781278452044888
21.251	-0.2781164470518328
21.301	-0.27810512942818993
21.351	-0.2780938915877782
21.401	-0.27808273280827683
21.451	-0.2780716523717699
21.501	-0.27806064956846416
21.551	-0.278049723683839
21.601	-0.278038874050041
21.651	-0.2780280999677793
21.701	-0.2780174007586495
21.751	-0.27800677573705646
21.801	-0.2779962242803512
21.851	-0.27798574569990686
21.901	-0.27797533935442065
21.951	-0.2779650045972527
22.001	-0.2779547407986187
22.051	-0.2779445473197083
22.101	-0.2779344235625087
22.151	-0.277924368918213
22.201	-0.27791438273394814
22.251	-0.2779044644718701
22.301	-0.27789461347988176
22.351	-0.27788482920358215
22.401	-0.2778751110592753
22.451	-0.27786545843018756
22.501	-0.27785587081844065
22.551	-0.27784634763109956
22.601	-0.27783688832101766
22.651	-0.2778274923139472
22.701	-0.27781815907001595
22.751	-0.2778088880738775
22.801	-0.27779951582950396
22.851	-0.2777905306147441
22.901	-0.27778144313062003
22.951	-0.2777724157795924
23.001	-0.27776344875609377
23.051	-0.27775454015148254
23.101	-0.2777456901651754
23.151	-0.2777368983042372
23.201	-0.2777281640782065
23.251	-0.2777194870149274
23.301	-0.27771086586621213
23.351	-0.27770230160683756
23.401	-0.27769379311239645
23.451	-0.27768533988352767
23.501	-0.27767694145641764
23.551	-0.2776685964340914
23.601	-0.27766030623158866
23.651	-0.27765206949421317
23.701	-0.2776438857689635
23.751	-0.27763575461482676
23.801	-0.27762767559373824
23.851	-0.2776196492690278
23.901	-0.2776116732577872
23.951	-0.27760374811699845
24.001	-0.27759587342962866
24.051	-0.2775880487813669
24.101	-0.2775802737763206
24.151	-0.2775725480061978
24.201	-0.277564871071945
24.251	-0.27755724257265546
24.301	-0.27754966212795623
24.351	-0.2775421293505779
24.401	-0.2775346438599091
24.451	-0.27752720526628843
24.501	-0.27751981319971203
24.551	-0.27751246728858314
24.601	-0.2775051671698307
24.651	-0.2774979124712027
24.701	-0.277490702833294
24.751	-0.27748353790067454
24.801	-0.27747641727558947
24.851	-0.27746934069553597
24.901	-0.2774623077694286
24.951	-0.2774553181540277
25.001	-0.2774483715095945
25.051	-0.27744146749930493
25.101	-0.27743460578959145
25.151	-0.27742778605010604
25.201	-0.27742100795368185
25.251	-0.2774142711762972
25.301	-0.2774075753970385
25.351	-0.2774009202980649
25.401	-0.2773943055645729
25.451	-0.27738773088476104
25.501	-0.2773811959497959
25.551	-0.27737470045377793
25.601	-0.27736824409370797
25.651	-0.27736182661265507
25.701	-0.2773554476273204
25.751	-0.2773491068860079
25.801	-0.27734280409699424
25.851	-0.27733653897129534
25.901	-0.27733031117288637
25.951	-0.27732412051711935
26.001	-0.2773179666206803
26.051	-0.2773118492934365
26.101	-0.2773057682429832
26.151	-0.2772997231778652
26.201	-0.27729371382733614
26.251	-0.2772877399229604
26.301	-0.2772818011831605
26.351	-0.277275897376996
26.401	-0.27727002822337904
26.451	-0.2772641934698033
26.501	-0.27725839286772125
26.551	-0.2772526261475445
26.601	-0.27724689306458805
26.651	-0.2772411934257985
26.701	-0.2772355268645283
26.751	-0.2772298932083322
26.801	-0.2772242922129168
26.851	-0.27721872362282557
26.901	-0.2772131872144335
26.951	-0.2772076863384799
27.001	-0.2772022135588897
27.051	-0.2771967687092839
27.101	-0.27719135867514116
27.151	-0.2771859796493177
27.201	-0.2771806314155915
27.251	-0.27717531375114624
27.301	-0.2771700264338095
27.351	-0.2771647692448037
27.401	-0.2771595419658
27.451	-0.27715434438721204
27.501	-0.27714917634427966
27.551	-0.2771440375099977
27.601	-0.277138927732352
27.651	-0.27713384680473496
27.701	-0.2771287945320268
27.751	-0.27712377056575266
27.801	-0.2771187749638148
27.851	-0.27711380739774977
27.901	-0.27710886766987186
27.951	-0.2771039555819771
28.001	-0.2770990445083187
28.051	-0.2770942135419454
28.101	-0.2770893832149144
28.151	-0.2770845797465344
28.201	-0.2770798029582244
28.251	-0.2770750526648789
28.301	-0.27707032880034554
28.351	-0.27706563092834
28.401	-0.27706095899238814
28.451	-0.2770563128136296
28.501	-0.2770516922119291
28.551	-0.2770470970178216
28.601	-0.2770425270487917
28.651	-0.2770379821194468
28.701	-0.27703346206595225
28.751	-0.27702896671119004
28.801	-0.2770244958817839
28.851	-0.27702004942595426
28.901	-0.2770156271578019
28.951	-0.2770112289207475
29.001	-0.2770068545473862
29.051	-0.2770025038723932
29.101	-0.27699817673728383
29.151	-0.2769938729793821
29.201	-0.27698959243922777
29.251	-0.27698533495861183
29.301	-0.27698110038087154
29.351	-0.27697688855041475
29.401	-0.2769726906386294
29.451	-0.27696853250135006
29.501	-0.27696438799687423
29.551	-0.2769602655291264
29.601	-0.27695616514757987
29.651	-0.2769520859291399
29.701	-0.27694802908053523
29.751	-0.27694399378080736
29.801	-0.2769399798708527
29.851	-0.2769359872361277
29.901	-0.27693201572378884
29.951	-0.2769280651708607
30.001	-0.27692414009275584
30.051	-0.2769202310538035
30.101	-0.27691634257750464
30.151	-0.27691247454228224
30.201	-0.2769086267832957
30.251	-0.27690479917688365
30.301	-0.27690099159868076
30.351	-0.276897203907983
30.401	-0.27689343598215677
30.451	-0.276889687687573
30.501	-0.27688595889518136
30.551	-0.2768822494773787
30.601	-0.2768785593071608
30.651	-0.2768748882587425
30.701	-0.2768712362078658
30.751	-0.2768676030297636
30.801	-0.27686398860257955
30.851	-0.27686039280362096
30.901	-0.2768568155165019
30.951	-0.2768532566171698
31.001	-0.27684971598665087
31.051	-0.2768461934698953
31.101	-0.27684268903451636
31.151	-0.27683920249179617
31.201	-0.2768357337655415
31.251	-0.2768322827271094
31.301	-0.2768288492555939
31.351	-0.2768254296437499
31.401	-0.2768220314501136
31.451	-0.2768186492097515
31.501	-0.2768152849369617
31.551	-0.2768119388561593
31.601	-0.27680860853315314
31.651	-0.2768052950600925
31.701	-0.276801998238548
31.751	-0.2767987180089558
31.801	-0.27679545426570057
31.851	-0.2767922069049192
31.901	-0.2767889758122009
31.951	-0.2767857609070192
32.001	-0.27678256207655
32.051	-0.2767793792197725
32.101	-0.2767762122364369
32.151	-0.27677306102705784
32.201	-0.2767699254929073
32.251	-0.27676680553623767
32.301	-0.27676370105935566
32.351	-0.27676061196599394
32.401	-0.2767575381603861
32.451	-0.2767544795474896
32.501	-0.27675144567054905
32.551	-0.2767484075245188
32.601	-0.27674539392664493
32.651	-0.27674239514842197
32.701	-0.27673941109833067
32.751	-0.27673644168837414
32.801	-0.2767334868227349
32.851	-0.2767305464137081
32.901	-0.2767276203535822
32.951	-0.2767247085996179
33.001	-0.2767218110344024
33.051	-0.27671892758001454
33.101	-0.2767160581308774
33.151	-0.27671320268944294
33.201	-0.27671036103381186
33.251	-0.2767075331443284
33.301	-0.2767047189374286
33.351	-0.276701918328293
33.401	-0.27669913123535256
33.451	-0.27669635763597794
33.501	-0.2766935973306105
33.551	-0.2766908502977054
33.601	-0.27668811645836905
33.651	-0.2766853957308071
33.701	-0.2766826880372903
33.751	-0.2766799932987232
33.801	-0.2766773113775436
33.851	-0.2766746423182235
33.901	-0.27667198598309045
33.951	-0.2766693422960809
34.001	-0.27666671118168223
34.051	-0.2766640925649278
34.101	-0.27666148637056176
34.151	-0.2766588925263653
34.201	-0.2766563109601551
34.251	-0.2766537415950685
34.301	-0.27665118436118447
34.351	-0.2766486391859942
34.401	-0.27664610599858763
34.451	-0.2766435847282029
34.501	-0.27664107530458404
34.551	-0.27663857765797656
34.601	-0.27663609171912296
34.651	-0.27663361741925896
34.701	-0.2766311546539688
34.751	-0.2766287034282167
34.801	-0.27662626363807225
34.851	-0.27662383521670203
34.901	-0.27662141805871565
34.951	-0.2766190121761037
35.001	-0.27661661746458893
35.051	-0.2766142338592052
35.101	-0.2766118612975786
35.151	-0.2766094997113835
35.201	-0.27660714903914835
35.251	-0.2766048092226006
35.301	-0.27660248018901373
35.351	-0.27660016188147296
35.401	-0.27659785423788874
35.451	-0.27659555719684736
35.501	-0.27659327071949263
35.551	-0.2765909947010537
35.601	-0.27658872912863897
35.651	-0.27658647389224983
35.701	-0.27658423102969304
35.751	-0.27658199633888236
35.801	-0.27657977163797526
35.851	-0.27657755726948385
35.901	-0.27657535090276886
35.951	-0.27657315661288195
36.001	-0.27657097226580013
36.051	-0.2765687978165613
36.101	-0.27656663320930225
36.151	-0.27656447839242265
36.201	-0.2765623333022074
36.251	-0.27656019782061464
36.301	-0.2765580720169216
36.351	-0.2765559557986531
36.401	-0.27655384908574465
36.451	-0.27655175183245584
36.501	-0.2765496639854846
36.551	-0.2765475856617349
36.601	-0.2765455164704593
36.651	-0.2765434565284607
36.701	-0.27654140572346125
36.751	-0.2765393641251824
36.801	-0.2765373316279919
36.851	-0.27653530816940136
36.901	-0.27653329370504937
36.951	-0.2765312881848559
37.001	-0.27652929155926537
37.051	-0.27652730377886575
37.101	-0.2765253247943581
37.151	-0.27652335455851357
37.201	-0.27652139305554135
37.251	-0.27651944016902086
37.301	-0.27651749588596075
37.351	-0.2765155601855858
37.401	-0.27651363296801756
37.451	-0.2765117142124676
37.501	-0.2765098038731995
37.551	-0.27650790190373153
37.601	-0.2765060082582386
37.651	-0.27650412289989273
37.701	-0.276502245766029
37.751	-0.27650037682047157
37.801	-0.27649851601859227
37.851	-0.27649666331571615
37.901	-0.2764948186684807
37.951	-0.27649298204561473
38.001	-0.2764911533779862
38.051	-0.2764893326352506
38.101	-0.27648751977450675
38.151	-0.2764857147531335
38.201	-0.2764839176414084
38.251	-0.27648212817196754
38.301	-0.2764803463938218
38.351	-0.27647857230918044
38.401	-0.27647680585493023
38.451	-0.2764750469900862
38.501	-0.27647329567392875
38.551	-0.27647155186610023
38.601	-0.2764698155262093
38.651	-0.2764680866144191
38.701	-0.2764663650910517
38.751	-0.2764646509211075
38.801	-0.27646294405657296
38.851	-0.2764612444629532
38.901	-0.2764595521027818
38.951	-0.27645786693523566
39.001	-0.276456188922147
39.051	-0.2764545180279825
39.101	-0.2764528542138561
39.151	-0.27645119744113034
39.201	-0.2764495476749814
39.251	-0.27644790487605814
39.301	-0.27644626901000086
39.351	-0.27644464003911806
39.401	-0.27644301792595777
39.451	-0.27644140265392814
39.501	-0.27643979420306014
39.551	-0.27643819245988216
39.601	-0.27643659742535465
39.651	-0.2764350090717847
39.701	-0.27643342736425985
39.751	-0.2764318521543207
39.801	-0.2764302836336531
39.851	-0.27642872165709576
39.901	-0.2764271661905571
39.951	-0.27642561719871533
40.001	-0.27642407464651925
40.051	-0.2764225385034295
40.101	-0.2764210087319919
40.151	-0.2764194853048547
40.201	-0.2764179681201198
40.251	-0.27641645727634884
40.301	-0.27641495267343646
40.351	-0.27641345428513014
40.401	-0.2764119620763926
40.451	-0.2764104760154391
40.501	-0.27640899607102215
40.551	-0.27640752221107034
40.601	-0.2764060544047248
40.651	-0.27640459262098005
40.701	-0.2764031368302462
40.751	-0.27640168699943474
40.801	-0.27640024310054434
40.851	-0.276398805099098
40.901	-0.27639737297164024
40.951	-0.2763959465676645
41.001	-0.27639452609633536
41.051	-0.2763931114015724
41.101	-0.276391702458771
41.151	-0.2763902992387764
41.201	-0.27638890171288444
41.251	-0.2763875098517503
41.301	-0.27638612342592667
41.351	-0.2763847428086048
41.401	-0.2763833677712368
41.451	-0.27638199826394183
41.501	-0.2763806343038757
41.551	-0.2763792758364883
41.601	-0.27637792284293733
41.651	-0.2763765752901672
41.701	-0.2763752331551774
41.751	-0.2763738963980506
41.801	-0.27637256520442893
41.851	-0.27637123913982925
41.901	-0.2763699183813459
41.951	-0.27636860291230925
42.001	-0.2763672926868585
42.051	-0.27636598768864573
42.101	-0.2763646878950137
42.151	-0.27636339327347303
42.201	-0.27636210380168336
42.251	-0.2763608194544013
42.301	-0.2763595401947155
42.351	-0.276358266019745
42.401	-0.2763569968933488
42.451	-0.2763557327857416
42.501	-0.27635447368088895
42.551	-0.2763532195513064
42.601	-0.27635197037150444
42.651	-0.2763507261161129
42.701	-0.2763494817994214
42.751	-0.27634824738252073
42.801	-0.2763470178212757
42.851	-0.2763457930858291
42.901	-0.2763445731556223
42.951	-0.2763433580071774
43.001	-0.27634214761631365
43.051	-0.2763409419615075
43.101	-0.2763397410188529
43.151	-0.27633854476369624
43.201	-0.27633735758139805
43.251	-0.27633617058308607
43.301	-0.2763349882409152
43.351	-0.2763338104669171
43.401	-0.27633263725809853
43.451	-0.27633146857659174
43.501	-0.2763303044675761
43.551	-0.27632914486945037
43.601	-0.27632798937019665
43.651	-0.2763268387340596
43.701	-0.27632569254607625
43.751	-0.2763245507808074
43.801	-0.276323413422608
43.851	-0.276322280443121
43.901	-0.27632115182493994
43.951	-0.27632002754716645
44.001	-0.2763189075891533
44.051	-0.27631779192998096
44.101	-0.27631668054923997
44.151	-0.27631557342650864
44.201	-0.2763144650891878
44.251	-0.27631336643033266
44.301	-0.27631227740403513
44.351	-0.27631118711145275
44.401	-0.2763101009765112
44.451	-0.27630901897947907
44.501	-0.27630794110073825
44.551	-0.2763068673207813
44.601	-0.27630579762019697
44.651	-0.2763047319797302
44.701	-0.27630367039546266
44.751	-0.2763026128177179
44.801	-0.27630155924300337
44.851	-0.2763005096522049
44.901	-0.2762994640267079
44.951	-0.2762984223478731
45.001	-0.27629738459716563
45.051	-0.27629635075613773
45.101	-0.27629532080649916
45.151	-0.2762942947300091
45.201	-0.2762932725085472
45.251	-0.2762922541240752
45.301	-0.2762912395587139
45.351	-0.27629022879462706
45.401	-0.2762892218140973
45.451	-0.27628821859948566
45.501	-0.27628721913331333
45.551	-0.27628622344692205
45.601	-0.276285231427634
45.651	-0.2762842431043275
45.701	-0.27628325845940105
45.751	-0.27628227747765544
45.801	-0.2762813001407507
45.851	-0.2762803264323259
45.901	-0.2762793563360969
45.951	-0.27627838983491027
46.001	-0.27627742684747153
46.051	-0.27627646748512413
46.101	-0.27627551166838504
46.151	-0.2762745593788306
46.201	-0.27627361060464883
46.251	-0.2762726653274075
46.301	-0.27627172353114987
46.351	-0.2762707851999353
46.401	-0.276269850317983
46.451	-0.2762689188693831
46.501	-0.2762679908385281
46.551	-0.27626706620892894
46.601	-0.2762661449711856
46.651	-0.27626522710039547
46.701	-0.27626431258548617
46.751	-0.27626340141032657
46.801	-0.2762624935615009
46.851	-0.27626158902303904
46.901	-0.2762606877799336
46.951	-0.27625978981725896
47.001	-0.27625889512017027
47.051	-0.2762580036739036
47.101	-0.27625711546377485
47.151	-0.27625623047509323
47.201	-0.2762553486935062
47.251	-0.27625447010448045
47.301	-0.2762535946926587
47.351	-0.2762527224452407
47.401	-0.2762518533476895
47.451	-0.27625098737484177
47.501	-0.2762501245349188
47.551	-0.2762492648020908
47.601	-0.27624840816285484
47.651	-0.2762475546066633
47.701	-0.2762467041129133
47.751	-0.2762458566701753
47.801	-0.2762450122613182
47.851	-0.2762441708853954
47.901	-0.2762433325197774
47.951	-0.27624249715248483
48.001	-0.27624166477010464
48.051	-0.27624083535942495
48.101	-0.27624000888340877
48.151	-0.27623918537661524
48.201	-0.27623836480223796
48.251	-0.27623754751672
48.301	-0.27623673276922317
48.351	-0.2762359209160854
48.401	-0.27623511194301104
48.451	-0.27623430583809927
48.501	-0.2762335025887885
48.551	-0.27623270220808066
48.601	-0.2762319046322315
48.651	-0.2762311098743272
48.701	-0.27623031792214453
48.751	-0.2762295287633035
48.801	-0.27622874200295217
48.851	-0.2762279583930188
48.901	-0.2762271775400586
48.951	-0.2762263994316963
49.001	-0.27622562403078615
49.051	-0.276224851187756
49.101	-0.2762240812466966
49.151	-0.2762233139995668
49.201	-0.27622254943723207
49.251	-0.27622178754867255
49.301	-0.2762210283229123
49.351	-0.27622027174032393
49.401	-0.27621951780362075
49.451	-0.2762187664952181
49.501	-0.2762180178041281
49.551	-0.27621727171636323
49.601	-0.27621652822628673
49.651	-0.2762157873147792
49.701	-0.276215048975839
49.751	-0.2762143131960116
49.801	-0.2762135799695282
49.851	-0.27621284927721435
49.901	-0.27621212111228355
49.951	-0.2762113954638782
50.001	-0.27621067232119645
50.051	-0.2762099516734921
50.101	-0.2762092335101493
50.151	-0.2762085178203817
50.201	-0.2762078045936829
50.251	-0.2762070938195254
50.301	-0.27620638548319837
50.351	-0.27620567957943604
50.401	-0.27620497556773005
50.451	-0.276204274499558
50.501	-0.2762035758313284
50.551	-0.2762028795535981
50.601	-0.27620218565637783
50.651	-0.27620149412914635
50.701	-0.2762008049673188
50.751	-0.2762001181484717
50.801	-0.2761994336708928
50.851	-0.27619875205734457
50.901	-0.2761980722323096
50.951	-0.2761973947179494
51.001	-0.2761967195072701
51.051	-0.2761960465897684
51.101	-0.27619537594912325
51.151	-0.276194707313136
51.201	-0.2761940412060239
51.251	-0.27619337735190747
51.301	-0.2761927157395283
51.351	-0.2761920563763231
51.401	-0.2761913996517552
51.451	-0.27619074471521377
51.501	-0.2761900919846663
51.551	-0.27618944145096347
51.601	-0.27618879310556377
51.651	-0.2761881469380599
51.701	-0.27618750294000116
51.751	-0.27618686110242124
51.801	-0.27618622141617183
51.851	-0.27618558387237657
51.901	-0.2761849484630016
51.951	-0.27618431517657915
52.001	-0.2761836840039924
52.051	-0.2761830549435764
52.101	-0.27618242797932424
52.151	-0.27618180310474166
52.201	-0.2761811803104501
52.251	-0.27618055958931587
52.301	-0.276179940931825
52.351	-0.27617932433131487
52.401	-0.27617870977622877
52.451	-0.2761780972595781
52.501	-0.2761774867729546
52.551	-0.27617687830804344
52.601	-0.27617627185682075
52.651	-0.27617566741040145
52.701	-0.27617506496086885
52.751	-0.27617446450003535
52.801	-0.2761738660208631
52.851	-0.27617326951302357
52.901	-0.2761726749695606
52.951	-0.2761720823803331
53.001	-0.276171491730166
53.051	-0.27617090303623876
53.101	-0.27617031627049093
53.151	-0.2761697314293692
53.201	-0.2761691484951136
53.251	-0.27616856747981644
53.301	-0.2761679883663302
53.351	-0.2761674111671401
53.401	-0.27616683583239265
53.451	-0.2761662623758345
53.501	-0.27616569078985753
53.551	-0.27616512106689023
53.601	-0.27616455319939776
53.651	-0.2761639871786762
53.701	-0.27616342299967256
53.751	-0.2761628606537575
53.801	-0.27616230013340565
53.851	-0.27616174143153227
53.901	-0.27616118454068384
53.951	-0.27616062945197034
54.001	-0.27616007616200705
54.051	-0.2761595246606662
54.101	-0.27615897494142455
54.151	-0.27615842699713733
54.201	-0.27615788082069415
54.251	-0.2761573364050185
54.301	-0.27615679367392565
54.351	-0.2761562527584188
54.401	-0.2761557135788817
54.451	-0.276155176135927
54.501	-0.2761546404188644
54.551	-0.27615410642144655
54.601	-0.27615357413557123
54.651	-0.27615304355505854
54.701	-0.27615251467313046
54.751	-0.2761519874836601
54.801	-0.2761514620026427
54.851	-0.27615093817592096
54.901	-0.27615041602111673
54.951	-0.27614989553148633
55.001	-0.27614937670044226
55.051	-0.27614885952142837
55.101	-0.2761483439879194
55.151	-0.27614783010994703
55.201	-0.27614731784798985
55.251	-0.2761468072121458
55.301	-0.27614629819601194
55.351	-0.27614579079321566
55.401	-0.2761452849974141
55.451	-0.2761447808022942
55.501	-0.27614427820157283
55.551	-0.2761437771910038
55.601	-0.27614327776070674
55.651	-0.2761427799057824
55.701	-0.27614228361998083
55.751	-0.27614178889816954
55.801	-0.2761412957335412
55.851	-0.2761408041201451
55.901	-0.2761403140519295
55.951	-0.27613982552300165
56.001	-0.27613933852710487
56.051	-0.27613885305840213
56.101	-0.27613836911230083
56.151	-0.27613788668019096
56.201	-0.27613740575753876
56.251	-0.2761369263385451
56.301	-0.27613644841726376
56.351	-0.2761359719879494
56.401	-0.27613549704429413
56.451	-0.27613502358161607
56.501	-0.27613455159397937
56.551	-0.27613408107504017
56.601	-0.27613361202031894
56.651	-0.27613314442245174
56.701	-0.27613267827699156
56.751	-0.2761322135777109
56.801	-0.2761317503190302
56.851	-0.27613128849607377
56.901	-0.276130828103304
56.951	-0.27613036913460776
57.001	-0.27612991158483285
57.051	-0.27612945551921503
57.101	-0.27612900079149355
57.151	-0.27612854975742074
57.201	-0.27612809779006586
57.251	-0.27612764728683575
57.301	-0.2761271974691894
57.351	-0.2761267474245717
57.401	-0.27612630169572167
57.451	-0.27612585667464556
57.501	-0.2761254130222294
57.551	-0.2761249707271588
57.601	-0.2761245297876398
57.651	-0.2761240901979408
57.701	-0.27612365195322813
57.751	-0.27612321504839943
57.801	-0.27612277947471037
57.851	-0.2761223452344532
57.901	-0.2761219123189112
57.951	-0.2761214807230739
58.001	-0.27612105044195323
58.051	-0.27612062146957783
58.101	-0.2761201938030221
58.151	-0.27611976743810407
58.201	-0.27611934236648966
58.251	-0.276118918584988
58.301	-0.27611849608874456
58.351	-0.2761180748729267
58.401	-0.27611765493272356
58.451	-0.27611723626454043
58.501	-0.2761168188614876
58.551	-0.27611640271884136
58.601	-0.2761159878311409
58.651	-0.27611557419761135
58.701	-0.2761151617840359
58.751	-0.27611475063264146
58.801	-0.2761143407268781
58.851	-0.27611393205439
58.901	-0.2761135246105077
58.951	-0.27611311838949987
59.001	-0.2761127133892549
59.051	-0.27611230960407784
59.101	-0.2761119070293101
59.151	-0.2761115056605238
59.201	-0.2761111054112046
59.251	-0.2761107064273308
59.301	-0.27611030865071406
59.351	-0.27610991206220215
59.401	-0.27610951665753436
59.451	-0.2761091224310626
59.501	-0.2761087293812229
59.551	-0.27610833750167785
59.601	-0.2761079468153721
59.651	-0.2761075572641953
59.701	-0.27610716887087117
59.751	-0.2761067812537663
59.801	-0.27610639516532604
59.851	-0.2761060102360841
59.901	-0.27610562643312925
59.951	-0.27610524376755174
60.001	-0.2761048622339028
60.051	-0.2761044818286484
60.101	-0.2761041029105379
60.151	-0.2761037247475658
60.201	-0.2761033477000553
60.251	-0.27610297176484
60.301	-0.27610259693752826
60.351	-0.2761022232139889
60.401	-0.2761018505901932
60.451	-0.27610147906217175
60.501	-0.2761011086258483
60.551	-0.2761007393778935
60.601	-0.2761003711133713
60.651	-0.2761000039286699
60.701	-0.27609963781994856
60.751	-0.27609926858220674
60.801	-0.2760989088147443
60.851	-0.2760985459104602
60.901	-0.2760981840614598
60.951	-0.2760978232740198
61.001	-0.27609746353944714
61.051	-0.276097104853814
61.101	-0.27609674721348626
61.151	-0.27609639051076945
61.201	-0.2760960349490002
61.251	-0.2760956804211059
61.301	-0.27609532692311695
61.351	-0.2760949744518128
61.401	-0.2760946230032549
61.451	-0.2760942725737654
61.501	-0.27609392315968256
61.551	-0.27609357475736
61.601	-0.27609322736316727
61.651	-0.2760928809734892
61.701	-0.2760925355847264
61.751	-0.2760921911932947
61.801	-0.2760918477917067
61.851	-0.27609150538424665
61.901	-0.27609116396345695
61.951	-0.2760908235258143
62.001	-0.27609048406781056
62.051	-0.27609014558595235
62.101	-0.2760898080767613
62.151	-0.2760894715367738
62.201	-0.2760891359700429
62.251	-0.2760888013581324
62.301	-0.27608846770533774
62.351	-0.2760881350078226
62.401	-0.2760878032624125
62.451	-0.27608747246573095
62.501	-0.2760871426144161
62.551	-0.2760868137051201
62.601	-0.2760864857269328
62.651	-0.2760861586786664
62.701	-0.27608583257534364
62.751	-0.27608550740029
62.801	-0.2760851831496687
62.851	-0.2760848598220397
62.901	-0.2760845374141736
62.951	-0.2760842159220472
63.001	-0.2760838953124471
63.051	-0.276083575642474
63.101	-0.2760832568785543
63.151	-0.27608293901756137
63.201	-0.27608262205632594
63.251	-0.2760823059921981
63.301	-0.27608199082153095
63.351	-0.2760816765574806
63.401	-0.2760813631640945
63.451	-0.2760810506579971
63.501	-0.2760807390262464
63.551	-0.2760804282756711
63.601	-0.2760801184001901
63.651	-0.2760798093964334
63.701	-0.27607950126156244
63.751	-0.27607919399245123
63.801	-0.27607888758624544
63.851	-0.2760785820396247
63.901	-0.27607827734975976
63.951	-0.27607797351367414
64.001	-0.27607767052840376
64.051	-0.27607736839099684
64.101	-0.27607706709885504
64.151	-0.2760767666483672
64.201	-0.27607646703696054
64.251	-0.27607616826173176
64.301	-0.27607587031913483
64.351	-0.2760755732075991
64.401	-0.2760752769236033
64.451	-0.27607498146257015
64.501	-0.2760746868358806
64.551	-0.27607439302065273
64.601	-0.27607410001832994
64.651	-0.27607380782909086
64.701	-0.27607351645093087
64.751	-0.27607322588036354
64.801	-0.2760729361148173
64.851	-0.27607264715156365
64.901	-0.2760723589877809
64.951	-0.2760720716207639
65.001	-0.27607178504711943
65.051	-0.2760714992654601
65.101	-0.27607121427241205
65.151	-0.27607093006559147
65.201	-0.27607064664168796
65.251	-0.27607036399834095
65.301	-0.27607008213367
65.351	-0.2760698010434599
65.401	-0.2760695207258493
65.451	-0.27606924117770276
65.501	-0.27606896239741113
65.551	-0.2760686843818589
65.601	-0.27606840712844727
65.651	-0.276068130634588
65.701	-0.2760678548977034
65.751	-0.27606757991522607
65.801	-0.27606730568459903
65.851	-0.2760670322032758
65.901	-0.27606675946871995
65.951	-0.2760664874784056
66.001	-0.27606621622981686
66.051	-0.27606594572044796
66.101	-0.2760656759478034
66.151	-0.27606540690939757
66.201	-0.276065138602755
66.251	-0.276064871025214
66.301	-0.27606460417924605
66.351	-0.276064338053137
66.401	-0.27606407264898825
66.451	-0.27606380796435764
66.501	-0.27606354398402627
66.551	-0.2760632807312765
66.601	-0.2760630181908405
66.651	-0.2760627563585864
66.701	-0.2760624952354281
66.751	-0.2760622348170331
66.801	-0.27606197510210023
66.851	-0.27606171608776275
66.901	-0.27606145777142693
66.951	-0.27606120015089103
67.001	-0.2760609432238335
67.051	-0.27606068698794195
67.101	-0.2760604314409132
67.151	-0.2760601765804532
67.201	-0.2760599223933476
67.251	-0.27605966889919664
67.301	-0.27605941608109946
67.351	-0.2760591639441806
67.401	-0.27605891248212167
67.451	-0.27605866169343324
67.501	-0.2760584115755091
67.551	-0.276058162126127
67.601	-0.2760579133430735
67.651	-0.2760576652237671
67.701	-0.2760574177667651
67.751	-0.27605717096950366
67.801	-0.2760569248298041
67.851	-0.2760566793454961
67.901	-0.27605643451441836
67.951	-0.2760561903340392
68.001	-0.27605594680297063
68.051	-0.2760557039186983
68.101	-0.2760554616790945
68.151	-0.2760552200820397
68.201	-0.2760549791157797
68.251	-0.27605473879754594
68.301	-0.2760544991155527
68.351	-0.27605426006771355
68.401	-0.2760540216519503
68.451	-0.27605378386619284
68.501	-0.27605354670838783
68.551	-0.2760533101764645
68.601	-0.27605307426838493
68.651	-0.2760528389820699
68.701	-0.2760526043155714
68.751	-0.27605237026682655
68.801	-0.2760521368338337
68.851	-0.2760519040145619
68.901	-0.2760516718070246
68.951	-0.2760514402092309
69.001	-0.2760512092191976
69.051	-0.2760509788349494
69.101	-0.2760507490653002
69.151	-0.2760505198866907
69.201	-0.276050291307986
69.251	-0.2760500633272724
69.301	-0.27604983594254845
69.351	-0.2760496091519359
69.401	-0.2760493829534745
69.451	-0.2760491573452676
69.501	-0.27604893232540767
69.551	-0.2760487078633456
69.601	-0.2760484840145721
69.651	-0.27604826074846656
69.701	-0.27604803806404066
69.751	-0.27604781595764094
69.801	-0.27604759442829535
69.851	-0.27604737347414704
69.901	-0.27604715309334604
69.951	-0.2760469332840499
70.001	-0.2760467140444229
70.051	-0.2760464953726365
70.101	-0.27604627726686903
70.151	-0.27604605972208646
70.201	-0.27604584274611
70.251	-0.27604562632753915
70.301	-0.2760454104677704
70.351	-0.2760451951650168
70.401	-0.27604498041749803
70.451	-0.2760447662234409
70.501	-0.27604455258107846
70.551	-0.276044339488651
70.601	-0.2760441269444051
70.651	-0.2760439149465943
70.701	-0.27604370348162866
70.751	-0.27604349257149313
70.801	-0.2760432822025927
70.851	-0.27604307237320724
70.901	-0.2760428630816231
70.951	-0.2760426543257615
71.001	-0.2760424461051917
71.051	-0.2760422384162662
71.101	-0.2760420312588792
71.151	-0.27604182463082216
71.201	-0.2760416185302476
71.251	-0.2760414129558312
71.301	-0.27604120790573816
71.351	-0.2760410033783122
71.401	-0.276040799371948
71.451	-0.2760405958849125
71.501	-0.276040392919628
71.551	-0.2760401904653565
71.601	-0.27603998852663353
71.651	-0.27603978710077026
71.701	-0.27603958618615354
71.751	-0.27603938578130677
71.801	-0.2760391858843656
71.851	-0.27603898649382236
71.901	-0.2760387876082301
71.951	-0.27603858922585833
72.001	-0.2760383913451805
72.051	-0.27603819396467844
72.101	-0.2760379970256868
72.151	-0.2760378006404011
72.201	-0.2760376047505068
72.251	-0.276037409331509
72.301	-0.27603721445165486
72.351	-0.2760370200387706
72.401	-0.27603682611532987
72.451	-0.2760366326796767
72.501	-0.27603643973014674
72.551	-0.27603624726538567
72.601	-0.27603605528380654
72.651	-0.2760358638676933
72.701	-0.27603567284829006
72.751	-0.27603548230761593
72.801	-0.27603529224418505
72.851	-0.2760351036573364
72.901	-0.27603491454427487
72.951	-0.27603472590446626
73.001	-0.2760345377352143
73.051	-0.27603435003650223
73.101	-0.2760341618034355
73.151	-0.2760339750395616
73.201	-0.2760337887412399
73.251	-0.2760336029070331
73.301	-0.27603341753550936
73.351	-0.276033232625242
73.401	-0.27603304817480956
73.451	-0.2760328641827958
73.501	-0.27603268064778996
73.551	-0.276032497568386
73.601	-0.2760323149432188
73.651	-0.2760321327708217
73.701	-0.2760318761782712
73.751	-0.2760317697788885
73.801	-0.2760315889565867
73.851	-0.2760314085815596
73.901	-0.276031228652437
73.951	-0.27603104916785365
74.001	-0.27603087012767674
74.051	-0.27603069152749776
74.101	-0.2760305133683891
74.151	-0.27603033564840873
74.201	-0.27603015836621625
74.251	-0.27602998152047603
74.301	-0.2760298051098574
74.351	-0.2760296291330346
74.401	-0.27602945358868636
74.451	-0.2760292784754966
74.501	-0.2760291037915763
74.551	-0.27602892953677555
74.601	-0.27602875571162083
74.651	-0.27602858230880284
74.701	-0.27602840933183204
74.751	-0.2760282367782217
74.801	-0.27602806464668855
74.851	-0.2760278929329975
74.901	-0.2760277216411249
74.951	-0.27602755076818375
75.001	-0.2760273803122332
75.051	-0.27602721027201266
75.101	-0.27602704064626665
75.151	-0.27602687106798734
75.201	-0.2760267022675401
75.251	-0.2760265342428376
75.301	-0.27602636626252464
75.351	-0.2760261986904752
75.401	-0.27602603152546035
75.451	-0.27602586476625574
75.501	-0.27602569841355273
75.551	-0.2760255324623041
75.601	-0.2760253669132186
75.651	-0.27602520176508943
75.701	-0.27602503701463127
75.751	-0.27602487266481157
75.801	-0.2760247087123531
75.851	-0.276024545156066
75.901	-0.27602438199724366
75.951	-0.2760242191955668
76.001	-0.27602405681879666
76.051	-0.27602389483547524
76.101	-0.2760237332407713
76.151	-0.2760235720346128
76.201	-0.27602341121863544
76.251	-0.2760232507894878
76.301	-0.2760230907459925
76.351	-0.27602293108700143
76.401	-0.27602277181134643
76.451	-0.2760226125083343
76.501	-0.27602245440560974
76.551	-0.27602229627323605
76.601	-0.27602213854187163
76.651	-0.27602198117973853
76.701	-0.2760218241840009
76.751	-0.27602166756025714
76.801	-0.276021511310866
76.851	-0.27602135543124856
76.901	-0.2760211999272421
76.951	-0.27602104478867845
77.001	-0.27602089002567376
77.051	-0.2760207356315201
77.101	-0.2760205816051287
77.151	-0.2760204279474691
77.201	-0.2760202746533336
77.251	-0.2760201217237173
77.301	-0.27601996914731075
77.351	-0.27601981694358796
77.401	-0.27601966510117504
77.451	-0.2760195136190098
77.501	-0.27601936249796416
77.551	-0.27601921176407596
77.601	-0.2760190613542892
77.651	-0.2760189113005918
77.701	-0.2760187616037828
77.751	-0.27601861226090596
77.801	-0.2760184632709266
77.851	-0.27601831463284826
77.901	-0.2760181663456235
77.951	-0.2760180184082266
78.001	-0.27601787081963547
78.051	-0.2760177235790512
78.101	-0.2760175766848938
78.151	-0.27601743013662405
78.201	-0.2760172839331073
78.251	-0.2760171380733391
78.301	-0.27601699255631856
78.351	-0.27601684738104826
78.401	-0.27601670254653415
78.451	-0.2760165580516557
78.501	-0.27601641389568543
78.551	-0.27601627007751006
78.601	-0.2760161265961492
78.651	-0.2760159834506261
78.701	-0.27601584063996715
78.751	-0.27601569816320226
78.801	-0.27601555601936467
78.851	-0.2760154142074908
78.901	-0.27601527272662063
78.951	-0.27601513157575197
79.001	-0.2760149907538964
79.051	-0.2760148502603053
79.101	-0.27601470979468895
79.151	-0.27601456995536383
79.201	-0.27601443044135054
79.251	-0.27601429125172133
79.301	-0.27601415238552296
79.351	-0.27601401384183427
79.401	-0.27601387561973706
79.451	-0.2760137377182879
79.501	-0.27601360013643644
79.551	-0.2760134628735414
79.601	-0.2760133259285496
79.651	-0.27601318930040925
79.701	-0.27601305298849094
79.751	-0.2760129169917496
79.801	-0.27601278130599227
79.851	-0.2760126459364325
79.901	-0.27601251087963274
79.951	-0.276012376134124
80.001	-0.27601224169978683
80.051	-0.2760121075775932
80.101	-0.2760119737619825
80.151	-0.2760118402544142
80.201	-0.27601170705401
80.251	-0.27601157415989463
80.301	-0.27601144157119595
80.351	-0.2760113092870445
80.401	-0.27601117730643593
80.451	-0.27601104562878287
80.501	-0.27601091425321145
80.551	-0.27601078317874767
80.601	-0.276010652404396
80.651	-0.27601052220409206
80.701	-0.27601039202687094
80.751	-0.2760102621473483
80.801	-0.2760101325646811
80.851	-0.27601000327802894
80.901	-0.27600987428703483
80.951	-0.27600974558860186
81.001	-0.2760096171849797
81.051	-0.2760094890740396
81.101	-0.2760093612549553
81.151	-0.27600923372690345
81.201	-0.2760091064890631
81.251	-0.2760089795400921
81.301	-0.2760088528802228
81.351	-0.27600872650811953
81.401	-0.2760086004230303
81.451	-0.27600847462403283
81.501	-0.2760083491103803
81.551	-0.2760082238812592
81.601	-0.2760080990332362
81.651	-0.2760079743709163
81.701	-0.27600784999075617
81.751	-0.27600772589215344
81.801	-0.2760076020740329
81.851	-0.2760074785355946
81.901	-0.2760073552762706
81.951	-0.27600723229874924
82.001	-0.2760071095957437
82.051	-0.2760069871687719
82.101	-0.27600686501758986
82.151	-0.27600674314924556
82.201	-0.2760066215510246
82.251	-0.27600650022293033
82.301	-0.27600637917114107
82.351	-0.27600625838795617
82.401	-0.27600613787608863
82.451	-0.27600601763478366
82.501	-0.27600589766328887
82.551	-0.27600577795738407
82.601	-0.27600565851975845
82.651	-0.2760055393532051
82.701	-0.27600542045000703
82.751	-0.2760053018163651
82.801	-0.27600518344807135
82.851	-0.27600506534092023
82.901	-0.27600494750112
82.951	-0.27600482992463793
83.001	-0.2760047126137447
83.051	-0.27600459556119317
83.101	-0.2760044787226818
83.151	-0.27600436219127567
83.201	-0.27600424591940526
83.251	-0.2760041299048474
83.301	-0.2760040141499118
83.351	-0.27600389865237124
83.401	-0.2760037834112303
83.451	-0.27600366842635493
83.501	-0.2760035536967548
83.551	-0.27600343922149234
83.601	-0.27600332500282887
83.651	-0.2760032110348354
83.701	-0.2760030973193233
83.751	-0.27600298380155536
83.801	-0.27600287058895945
83.851	-0.2760027576267735
83.901	-0.2760026448775877
83.951	-0.27600253241413025
84.001	-0.27600242019920446
84.051	-0.27600230823178235
84.101	-0.2760021965143816
84.151	-0.2760020850402907
84.201	-0.2760019738118545
84.251	-0.276001862828988
84.301	-0.27600175208985234
84.351	-0.2760016415943665
84.401	-0.27600153134186634
84.451	-0.2760014213316901
84.501	-0.2760013115631781
84.551	-0.2760012020356728
84.601	-0.27600109274851875
84.651	-0.2760009837010627
84.701	-0.2760008749270367
84.751	-0.276000766340482
84.801	-0.2760006580082168
84.851	-0.276000549913289
84.901	-0.2760004420545927
84.951	-0.2760003344319498
85.001	-0.27600022704425947
85.051	-0.2760001198911163
85.101	-0.27600001297211646
85.151	-0.27599990628616594
85.201	-0.2759997998330956
85.251	-0.27599969361181603
85.301	-0.2759995876219314
85.351	-0.27599948186281736
85.401	-0.27599937633385163
85.451	-0.2759992710344137
85.501	-0.2759991659636559
85.551	-0.27599906112142075
85.601	-0.27599895650686435
85.651	-0.27599885211964026
85.701	-0.2759987479586059
85.751	-0.2759986440231903
85.801	-0.2759985403132442
85.851	-0.2759984368279342
85.901	-0.27599833356642955
85.951	-0.27599823049564026
86.001	-0.2759981276806697
86.051	-0.275998025087936
86.101	-0.27599792271684437
86.151	-0.27599782056680144
86.201	-0.2759977186372161
86.251	-0.27599761692749897
86.301	-0.2759975154372893
86.351	-0.2759974141655479
86.401	-0.275997313111918
86.451	-0.275997220836084
86.501	-0.2759971202366106
86.551	-0.2759970198361216
86.601	-0.27599691106690255
86.651	-0.27599681109513846
86.701	-0.27599671133802217
86.751	-0.27599661179411217
86.801	-0.2759965124645788
86.851	-0.27599641334798614
86.901	-0.2759963144437685
86.951	-0.27599621575136224
87.001	-0.2759961172702057
87.051	-0.2759960189997385
87.101	-0.27599592093940245
87.151	-0.27599582308864085
87.201	-0.27599572544689893
87.251	-0.27599562801362365
87.301	-0.27599553078826367
87.351	-0.27599543377026925
87.401	-0.2759953369590928
87.451	-0.27599524035418793
87.501	-0.2759951439550104
87.551	-0.27599504776101735
87.601	-0.2759949517716679
87.651	-0.2759948559864227
87.701	-0.2759947604047442
87.751	-0.2759946650314753
87.801	-0.27599456985531196
87.851	-0.27599457156015345
87.901	-0.27599438010834626
87.951	-0.2759942855364837
88.001	-0.2759941911691348
88.051	-0.27599409699748556
88.101	-0.27599400302516236
88.151	-0.27599390925023726
88.201	-0.2759938156749989
88.251	-0.2759937222975236
88.301	-0.2759936291172936
88.351	-0.2759935361337927
88.401	-0.2759934433465065
88.451	-0.27599335075492193
88.501	-0.27599325835852784
88.551	-0.2759931661568143
88.601	-0.27599307414927327
88.651	-0.27599298233539826
88.701	-0.27599289071468414
88.751	-0.27599279928662757
88.801	-0.2759927080507267
88.851	-0.2759926170064812
88.901	-0.27599252615339237
88.951	-0.2759924354909629
89.001	-0.2759923450186973
89.051	-0.2759922547361013
89.101	-0.2759921646426824
89.151	-0.2759920747379495
89.201	-0.275991985021413
89.251	-0.27599189549258496
89.301	-0.27599180615097885
89.351	-0.2759917169961096
89.401	-0.2759916280272769
89.451	-0.2759915392444325
89.501	-0.2759914506300245
89.551	-0.2759913622171798
89.601	-0.2759912739374508
89.651	-0.27599118589249255
89.701	-0.27599109803093913
89.751	-0.27599101035227697
89.801	-0.27599092285923355
89.851	-0.27599083554498616
89.901	-0.27599074841225973
89.951	-0.27599066146054607
90.001	-0.27599057468939964
90.051	-0.2759904880983745
90.101	-0.2759904016454006
90.151	-0.2759903154132518
90.201	-0.27599022936017836
90.251	-0.27599014348535955
90.301	-0.2759900577882416
90.351	-0.2759899722685617
90.401	-0.27598988692576826
90.451	-0.2759898017593132
90.501	-0.275989716768935
90.551	-0.27598963195408777
90.601	-0.2759895473143223
90.651	-0.27598946284919096
90.701	-0.2759893785583399
90.751	-0.2759892944411385
90.801	-0.2759892104972362
90.851	-0.2759891267261905
90.901	-0.2759890431275606
90.951	-0.2759889597009069
91.001	-0.27598887644579106
91.051	-0.2759887933625117
91.101	-0.2759887104491626
91.151	-0.2759886277060445
91.201	-0.27598854513163656
91.251	-0.27598846272768357
91.301	-0.27598838049266644
91.351	-0.27598829842615613
91.401	-0.275988216527725
91.451	-0.2759881347969464
91.501	-0.27598805323376574
91.551	-0.27598797191641977
91.601	-0.27598789068638296
91.651	-0.2759878096223317
91.701	-0.27598772872381877
91.751	-0.27598764799042513
91.801	-0.2759875674217335
91.851	-0.27598748701732745
91.901	-0.27598740677679195
91.951	-0.27598732669971326
92.001	-0.2759872467910973
92.051	-0.2759871670396967
92.101	-0.27598708745051903
92.151	-0.2759870080231554
92.201	-0.27598692875719827
92.251	-0.27598684965224113
92.301	-0.27598677070787897
92.351	-0.2759866919237078
92.401	-0.2759866132993249
92.451	-0.2759865348343287
92.501	-0.27598645652831894
92.551	-0.27598637838089646
92.601	-0.2759863003916634
92.651	-0.27598622256022287
92.701	-0.27598614488553086
92.751	-0.27598606736849063
92.801	-0.2759859900080599
92.851	-0.27598591280384666
92.901	-0.2759858357624531
92.951	-0.27598575886949017
93.001	-0.2759856821315756
93.051	-0.2759856055491867
93.101	-0.27598552912020824
93.151	-0.2759854528452431
93.201	-0.27598537672044715
93.251	-0.2759853007519868
93.301	-0.2759852249362679
93.351	-0.27598514927303364
93.401	-0.2759850737616574
93.451	-0.27598499840188434
93.501	-0.27598492319333756
93.551	-0.27598484813564095
93.601	-0.27598477322714904
93.651	-0.2759846984700294
93.701	-0.2759846238626616
93.751	-0.2759845494046281
93.801	-0.2759844750955813
93.851	-0.2759844009343824
93.901	-0.2759843269222251
93.951	-0.2759842530579263
94.001	-0.2759841793411432
94.051	-0.27598410577151095
94.101	-0.2759840323486654
94.151	-0.2759839590722439
94.201	-0.275983885942658
94.251	-0.2759838129578936
94.301	-0.2759837400096905
94.351	-0.2759836673153827
94.401	-0.27598359476492484
94.451	-0.2759835223595117
94.501	-0.2759834500981192
94.551	-0.2759833779801794
94.601	-0.27598330600544557
94.651	-0.2759832341735655
94.701	-0.27598316248418775
94.751	-0.27598309093706885
94.801	-0.27598301953164595
94.851	-0.2759829482676776
94.901	-0.2759828771447097
94.951	-0.2759828061619945
95.001	-0.2759827353202006
95.051	-0.2759826646185853
95.101	-0.2759825940565917
95.151	-0.2759825236340911
95.201	-0.27598245335052896
95.251	-0.2759823832057785
95.301	-0.2759823131994989
95.351	-0.2759822433317875
95.401	-0.2759821736822418
95.451	-0.27598210411587343
95.501	-0.2759820346603108
95.551	-0.27598196534066843
95.601	-0.275981896157377
95.651	-0.2759818271101039
95.701	-0.27598175820055076
95.751	-0.27598168942432805
95.801	-0.27598162078313243
95.851	-0.2759815522766355
95.901	-0.27598148390450966
95.951	-0.27598141566642836
96.001	-0.27598134756206594
96.051	-0.2759812795910976
96.101	-0.2759812117531996
96.151	-0.27598114404804913
96.201	-0.2759810764753244
96.251	-0.27598100903470424
96.301	-0.2759809417258686
96.351	-0.27598087454849857
96.401	-0.2759808075022757
96.451	-0.27598074058688293
96.501	-0.2759806738020037
96.551	-0.27598060714732275
96.601	-0.2759805406225253
96.651	-0.27598047422729793
96.701	-0.27598040796132767
96.751	-0.2759803418243029
96.801	-0.27598027581591256
96.851	-0.27598020993600825
96.901	-0.27598014418395767
96.951	-0.27598007855961404
97.001	-0.2759800130626699
97.051	-0.27597994769281897
97.101	-0.2759798824497554
97.151	-0.2759798173331746
97.201	-0.2759797523427726
97.251	-0.2759796874782464
97.301	-0.27597962273929394
97.351	-0.27597955811470826
97.401	-0.27597949362604657
97.451	-0.2759794292620571
97.501	-0.2759793650224412
97.551	-0.27597930090690104
97.601	-0.2759792369151396
97.651	-0.27597917304686065
97.701	-0.27597910930176905
97.751	-0.27597904567957016
97.801	-0.2759789821799705
97.851	-0.2759789188026772
97.901	-0.27597885554739837
97.951	-0.2759787924138428
98.001	-0.2759787294017203
98.051	-0.2759786665107413
98.101	-0.2759786037406172
98.151	-0.27597854109106024
98.201	-0.275978478561757
98.251	-0.2759784161524772
98.301	-0.27597835386290576
98.351	-0.2759782916927582
98.401	-0.2759782296417509
98.451	-0.2759781677096006
98.501	-0.2759781058960253
98.551	-0.2759780442007437
98.601	-0.27597798262347506
98.651	-0.27597792116393977
98.701	-0.2759778598218587
98.751	-0.27597779859695376
98.801	-0.27597773748856763
98.851	-0.27597767649719257
98.901	-0.2759776156194505
98.951	-0.27597755486049125
99.001	-0.2759774942173288
99.051	-0.2759774336896897
99.101	-0.275977373277301
99.151	-0.2759773129798909
99.201	-0.2759772527971881
99.251	-0.2759771927289221
99.301	-0.2759771327748233
99.351	-0.27597707293462265
99.401	-0.27597701333129276
99.451	-0.2759769535947372
99.501	-0.275976894094625
99.551	-0.2759768347073428
99.601	-0.27597677543262533
99.651	-0.27597671627020814
99.701	-0.27597665721982756
99.751	-0.2759765982812207
99.801	-0.2759765394541251
99.851	-0.2759764807381549
99.901	-0.2759764221332979
99.951	-0.27597636363917
500.	-0.27593588805038394