0.001	-513.1159062040938
0.051	-10.21964873379596
0.101	-5.2411087171746304
0.151	-3.5600323163108945
0.201	-2.7156222879701146
0.251	-2.207876032672507
0.301	-1.8690186298776603
0.351	-1.6268734104751283
0.401	-1.4452620722227807
0.451	-1.3040499205028038
0.501	-1.191140077769571
0.551	-1.0988265609524381
0.601	-1.0219677861132612
0.651	-0.9570017760281291
0.701	-0.9013828195899042
0.751	-0.8532431674026855
0.801	-0.811181433147244
0.851	-0.7741255890607319
0.901	-0.7412415789046863
0.951	-0.7118707596506526
1.001	-0.685486091912223
1.051	-0.6616608354876617
1.101	-0.6400457747281816
1.151	-0.6203523799534273
1.201	-0.6023401750086468
1.251	-0.5858071166959313
1.301	-0.5705822762296071
1.351	-0.5565199689770113
1.401	-0.5434953751618106
1.451	-0.5314008377991057
1.501	-0.5201430631862799
1.551	-0.5096407915671157
1.601	-0.4998229179347391
1.651	-0.4906269543258863
1.701	-0.4819977633305875
1.751	-0.47388650851771813
1.801	-0.4662498103564888
1.851	-0.45904889081781586
1.901	-0.4522491402471201
1.951	-0.44581947193506855
2.001	-0.4397319089402054
2.051	-0.4339612050049798
2.101	-0.42848451960116735
2.151	-0.42328113829701536
2.201	-0.4183322312391102
2.251	-0.41362064382264135
2.301	-0.4091307146539527
2.351	-0.4048481167422988
2.401	-0.40075971853462194
2.451	-0.3968534619597852
2.501	-0.393118255101889
2.551	-0.3895438774955411
2.601	-0.38612089634462055
2.651	-0.38284059222235456
2.701	-0.37969489302409865
2.751	-0.3766763151228579
2.801	-0.37377791082752426
2.851	-0.37099322137008267
2.901	-0.3683162347547228
2.951	-0.36574134789221585
3.001	-0.3632631289056248
3.051	-0.3608773044721164
3.101	-0.3585786959255517
3.151	-0.35636322811672194
3.201	-0.35422689732471313
3.251	-0.35216594099464976
3.301	-0.3501768278387577
3.351	-0.3482562384980757
3.401	-0.3464010499511731
3.451	-0.34460831951030835
3.501	-0.34287527894093295
3.551	-0.34119931174725737
3.601	-0.33957794951238074
3.651	-0.3380088600407148
3.701	-0.3364898381452779
3.751	-0.33501879717193095
3.801	-0.33359376119269557
3.851	-0.3322128578073428
3.901	-0.3308743114986774
3.951	-0.32957643749246746
4.001	-0.32831763607787057
4.051	-0.32709638842475125
4.101	-0.32591124627751766
4.151	-0.3247608383993692
4.201	-0.32364385525401806
4.251	-0.3225590508967007
4.301	-0.3215052379040432
4.351	-0.3204812842026957
4.401	-0.31948610986827286
4.451	-0.318518684188531
4.501	-0.3175780228656209
4.551	-0.3166631868831781
4.601	-0.3157732748828075
4.651	-0.31490742759462753
4.701	-0.31406482480675835
4.751	-0.31324467827547375
4.801	-0.31244623830143947
4.851	-0.3116687721497245
4.901	-0.31091159438754556
4.951	-0.31017404145527694
5.001	-0.30945547687080993
5.051	-0.30875528988336937
5.101	-0.3080728942065688
5.151	-0.3074077268253176
5.201	-0.3067592468716115
5.251	-0.30612693456461293
5.301	-0.30551030761391573
5.351	-0.30490885277643637
5.401	-0.3043221240337111
5.451	-0.30374964978725405
5.501	-0.3031910501036721
5.551	-0.3026458899511032
5.601	-0.30211377206468354
5.651	-0.3015943136528243
5.701	-0.3010871457579536
5.751	-0.30059191265065616
5.801	-0.30010827125519557
5.851	-0.2996358906045395
5.901	-0.2991744513231396
5.951	-0.29872364513583144
6.001	-0.2982831744013317
6.051	-0.29785275166890857
6.101	-0.29743209925689645
6.151	-0.29702094885181013
6.201	-0.2966190411268965
6.251	-0.29622612537903464
6.301	-0.29584195918296385
6.351	-0.2954663080618857
6.401	-0.295098945173543
6.451	-0.29473970727630616
6.501	-0.29438821311689023
6.551	-0.29404442581172463
6.601	-0.2937080899333446
6.651	-0.29337901258908483
6.701	-0.2930570069187017
6.751	-0.2927418918679308
6.801	-0.29243349197206736
6.851	-0.2921316371490564
6.901	-0.29183616250161076
6.951	-0.2915469081279014
7.001	-0.2912637189403911
7.051	-0.2909864444924071
7.101	-0.2907149388120713
7.151	-0.2904490602432268
7.201	-0.29018867129302134
7.251	-0.2899336384858245
7.301	-0.28968383222317684
7.351	-0.2894391266494814
7.401	-0.289199399523167
7.451	-0.2889645320930656
7.501	-0.2887344089797597
7.551	-0.2885089180616705
7.601	-0.288287950365666
7.651	-0.28807139996198444
7.701	-0.28785916386327476
7.751	-0.2876511419275691
7.801	-0.28744723676500994
7.851	-0.2872474271768637
7.901	-0.2870513147649319
7.951	-0.28685928743974315
8.001	-0.28667092744535105
8.051	-0.28648631596871804
8.101	-0.2863052099258374
8.151	-0.2861276088489427
8.201	-0.28595343440652116
8.251	-0.2857826103236124
8.301	-0.28561506231811973
8.351	-0.28545071803942784
8.401	-0.28528950700923245
8.451	-0.28513136056448884
8.501	-0.2849762118023921
8.551	-0.28482399552730603
8.601	-0.284674648199561
8.651	-0.2845281078860449
8.701	-0.28438431421251514
8.751	-0.2842432083175618
8.801	-0.2841047328081576
8.851	-0.28396883171673054
8.901	-0.2838354504596989
8.951	-0.28370453579741295
9.001	-0.2835760357954464
9.051	-0.28344989978718704
9.101	-0.283326078337675
9.151	-0.2832045232086411
9.201	-0.2830851871800232
9.251	-0.28296802459472614
9.301	-0.28285299046268764
9.351	-0.2827400410052346
9.401	-0.28262913348204777
9.451	-0.28252022616250605
9.501	-0.28241327829794904
9.551	-0.2823082500948242
9.601	-0.2822051026886854
9.651	-0.2821037981190124
9.701	-0.2820042993048218
9.751	-0.2819065700210396
9.801	-0.2818105748756101
9.851	-0.28171627912600916
9.901	-0.28162356227834295
9.951	-0.2815325652285231
10.001	-0.2814431686538858
10.051	-0.28135534100786624
10.101	-0.2812690514536101
10.151	-0.2811842698455495
10.201	-0.2811009667115306
10.251	-0.2810191132354754
10.301	-0.28093868124055754
10.351	-0.28085964317287715
10.401	-0.28078197208561506
10.451	-0.28070564162365247
10.501	-0.2806306260086392
10.551	-0.28055689984446264
10.601	-0.2804844388219299
10.651	-0.28041321862900925
10.701	-0.2803432156535739
10.751	-0.2802744067918361
10.801	-0.28020676943581285
10.851	-0.2801402814611473
10.901	-0.2800749212152734
10.951	-0.28001066750591325
11.001	-0.2799474995898958
11.051	-0.27988539716228783
11.101	-0.2798243403458258
11.151	-0.2797643096806406
11.201	-0.2797052861142641
11.251	-0.2796472509919108
11.301	-0.27959018604702424
11.351	-0.2795340733920805
11.401	-0.27947889550964133
11.451	-0.2794246352436483
11.501	-0.2793712757909512
11.551	-0.27931880069306353
11.601	-0.27926719382813725
11.651	-0.2792164394031516
11.701	-0.2791665219463084
11.751	-0.27911742629962794
11.801	-0.2790691376117392
11.851	-0.27902164133085927
11.901	-0.2789749253708642
11.951	-0.2789289714378156
12.001	-0.2788837679860833
12.051	-0.27883930159561376
12.101	-0.2787955616084306
12.151	-0.27875253016768986
12.201	-0.27871019710659384
12.251	-0.2786685500382006
12.301	-0.2786275768195946
12.351	-0.2785862609054176
12.401	-0.2785465984215196
12.451	-0.27850858238100806
12.501	-0.27847018782628674
12.551	-0.2784324098823875
12.601	-0.2783952377615053
12.651	-0.2783586608846962
12.701	-0.2783226688773405
12.751	-0.27828725156471656
12.801	-0.27825239896768383
12.851	-0.27821810154725113
12.901	-0.2781843492069791
12.951	-0.2781511327767575
13.001	-0.27811844301866007
13.051	-0.2780862708702785
13.101	-0.27805460744099525
13.151	-0.2780234440083463
13.201	-0.27799277201446976
13.251	-0.27796258306263977
13.301	-0.2779328689138821
13.351	-0.27790362148366987
13.401	-0.2778748328386972
13.451	-0.2778464951937287
13.501	-0.2778186009085228
13.551	-0.2777911424848264
13.601	-0.27776411256344014
13.651	-0.2777375039213517
13.701	-0.27771130919145703
13.751	-0.27768552196798646
13.801	-0.2776601351442066
13.851	-0.2776351420144849
13.901	-0.2776105359960025
13.951	-0.2775863106262605
14.001	-0.2775624595606429
14.051	-0.2775389765700349
14.101	-0.27751585553849456
14.151	-0.27749309046097753
14.201	-0.27747067544111265
14.251	-0.2774486046890272
14.301	-0.2774268725192214
14.351	-0.27740547334848936
14.401	-0.27738439838788215
14.451	-0.2773636488537371
14.501	-0.27734321616295765
14.551	-0.2773230951216337
14.601	-0.2773032806284271
14.651	-0.27728376767275337
14.701	-0.2772645513330038
14.751	-0.2772456233968176
14.801	-0.27722698586198874
14.851	-0.27720863069513313
14.901	-0.2771905533135212
14.951	-0.27717274921507096
15.001	-0.2771552139767888
15.051	-0.2771379432532434
15.101	-0.2771209333044453
15.151	-0.27710417836458034
15.201	-0.27708767586605154
15.251	-0.27707142124677125
15.301	-0.2770554105273508
15.351	-0.27703969459991784
15.401	-0.27702410085619067
15.451	-0.2770087986601178
15.501	-0.27699372512396353
15.551	-0.27697887660082154
15.601	-0.2769642495065588
15.651	-0.2769498403186345
15.701	-0.27693564604561893
15.751	-0.2769216623424889
15.801	-0.27690789056872467
15.851	-0.2768943189563024
15.901	-0.27688094852181055
15.951	-0.27686777608879776
16.001	-0.27685479853479517
16.051	-0.2768420127903161
16.101	-0.27682941583787746
16.151	-0.27681700471103976
16.201	-0.2768047764934678
16.251	-0.27679272831800944
16.301	-0.27678085736579366
16.351	-0.2767691608653464
16.401	-0.27675763609172455
16.451	-0.27674628036566684
16.501	-0.2767350910527624
16.551	-0.2767240655626352
16.601	-0.2767132013481455
16.651	-0.27670249590460666
16.701	-0.2766919467690177
16.751	-0.27668155151931123
16.801	-0.27667130777361587
16.851	-0.2766612131895335
16.901	-0.27665122272310333
16.951	-0.276641372795535
17.001	-0.27663175719032895
17.051	-0.2766223270625367
17.101	-0.2766129442025272
17.151	-0.27660369724090184
17.201	-0.2765945840925054
17.251	-0.27658560270636084
17.301	-0.27657675106506396
17.351	-0.27656802718418994
17.401	-0.2765594291117116
17.451	-0.27655095492742815
17.501	-0.2765426027424056
17.551	-0.2765343706984276
17.601	-0.27652625696745675
17.651	-0.27651825975110644
17.701	-0.2765103772801225
17.751	-0.276502607813875
17.801	-0.2764949496398592
17.851	-0.2764874010732068
17.901	-0.27647996045620543
17.951	-0.27647262615782836
18.001	-0.27646539657327174
18.051	-0.2764582701235018
18.101	-0.2764512452548099
18.151	-0.2764443204383759
18.201	-0.2764374941698401
18.251	-0.2764307649688826
18.301	-0.27642413137881117
18.351	-0.2764175919661563
18.401	-0.27641114532027394
18.451	-0.27640479005295576
18.501	-0.27639852479804605
18.551	-0.27639234821106673
18.601	-0.27638625896884805
18.651	-0.27638025576916736
18.701	-0.2763743373303933
18.751	-0.2763685023911374
18.801	-0.27636274970991176
18.851	-0.27635707806479287
18.901	-0.27635148625309186
18.951	-0.2763459730910305
19.001	-0.2763405374134231
19.051	-0.2763351780733646
19.101	-0.2763298939419236
19.151	-0.27632468390784165
19.201	-0.2763195468772376
19.251	-0.2763144817733173
19.301	-0.27630948753608864
19.351	-0.2763045631220818
19.401	-0.2762997075040741
19.451	-0.27629491967082037
19.501	-0.27629019862678783
19.551	-0.2762855433918955
19.601	-0.27628095300125877
19.651	-0.27627642650493806
19.701	-0.27627196296769246
19.751	-0.27626756146873693
19.801	-0.27626322110150475
19.851	-0.2762589409734135
19.901	-0.27625472020563563
19.951	-0.27625055793287245
20.001	-0.27624645330313297
20.051	-0.27624240547751594
20.101	-0.276238413629996
20.151	-0.2762344769472136
20.201	-0.2762305946282684
20.251	-0.27622676588451656
20.301	-0.27622298993937144
20.351	-0.27621926602810765
20.401	-0.27621559339766877
20.451	-0.27621197130647823
20.501	-0.27620839902425354
20.551	-0.2762048758318236
20.601	-0.2762014010209497
20.651	-0.2761979738941487
20.701	-0.27619459376451994
20.751	-0.27619125995557536
20.801	-0.27618797180107163
20.851	-0.27618472864484606
20.901	-0.2761815298406546
20.951	-0.2761783747520135
21.001	-0.27617526275204274
21.051	-0.27617219322331277
21.101	-0.27616916555769344
21.151	-0.27616617915620606
21.201	-0.2761632334288774
21.251	-0.2761603277945964
21.301	-0.2761574616809736
21.351	-0.2761546345242023
21.401	-0.27615184576892293
21.451	-0.27614909486808864
21.501	-0.2761463812828344
21.551	-0.27614370448234726
21.601	-0.2761410639437393
21.651	-0.27613845915192264
21.701	-0.27613588959948676
21.751	-0.2761333547865772
21.801	-0.27613085422077716
21.851	-0.2761283874169904
21.901	-0.2761259538973267
21.951	-0.27612355319098847
22.001	-0.27612118483416004
22.051	-0.27611884836989836
22.101	-0.27611654334802543
22.151	-0.2761142693250229
22.201	-0.2761120258639282
22.251	-0.27610981253423217
22.301	-0.2761076289117789
22.351	-0.27610547457866674
22.401	-0.27610334912315126
22.451	-0.27610125213954956
22.501	-0.2760991832281465
22.551	-0.2760971419951022
22.601	-0.27609512805236097
22.651	-0.27609314101756194
22.701	-0.2760911805139514
22.751	-0.2760892461702959
22.801	-0.2760873376207973
22.851	-0.27608545450500915
22.901	-0.2760835964677544
22.951	-0.276081763159044
23.001	-0.2760799542339978
23.051	-0.27607816935276563
23.101	-0.27607640818045065
23.151	-0.2760746703870332
23.201	-0.2760729556472962
23.251	-0.27607126364075196
23.301	-0.2760695940515696
23.351	-0.27606794656850436
23.401	-0.2760663208848273
23.451	-0.27606471669825694
23.501	-0.2760631337108912
23.551	-0.2760615716291409
23.601	-0.2760600301636646
23.651	-0.27605850902930357
23.701	-0.2760569898714245
23.751	-0.2760555086970608
23.801	-0.27605404702189623
23.851	-0.2760526045768842
23.901	-0.2760511810968538
23.951	-0.27604977632045125
24.001	-0.27604838999008285
24.051	-0.2760470218518576
24.101	-0.27604567165553173
24.151	-0.2760443391544541
24.201	-0.2760430241055116
24.251	-0.2760417262690766
24.301	-0.27604044540895406
24.351	-0.2760391812923305
24.401	-0.2760379336897232
24.451	-0.27603670237493
24.501	-0.27603548712498077
24.551	-0.2760342877200886
24.601	-0.2760331039436026
24.651	-0.2760319355819609
24.701	-0.2760307824246445
24.751	-0.2760296442641324
24.801	-0.2760285208958562
24.851	-0.2760274121181569
24.901	-0.2760263177322411
24.951	-0.27602523754213887
25.001	-0.27602417135466145
25.051	-0.27602311897936027
25.101	-0.2760220802284863
25.151	-0.2760210549169499
25.201	-0.2760200428622817
25.251	-0.27601904388459375
25.301	-0.27601805780654126
25.351	-0.2760170844532853
25.401	-0.27601612365245565
25.451	-0.27601517523411445
25.501	-0.2760142390307204
25.551	-0.27601331487709346
25.601	-0.27601240261038007
25.651	-0.2760115020700191
25.701	-0.276010613097708
25.751	-0.2760097355373699
25.801	-0.27600886923512064
25.851	-0.2760080140392368
25.901	-0.2760071698001242
25.951	-0.27600633637028654
26.001	-0.2760055136042948
26.051	-0.276004701358757
26.101	-0.27600389949228854
26.151	-0.2760031078654827
26.201	-0.2760023263408821
26.251	-0.27600155478295013
26.301	-0.2760007930580429
26.351	-0.2760000410343819
26.401	-0.27599929858202665
26.451	-0.2759985655728482
26.501	-0.27599784188050275
26.551	-0.2759971273804056
26.601	-0.275996421949706
26.651	-0.2759957254672616
26.701	-0.275995037813614
26.751	-0.2759943588709643
26.801	-0.27599368852314904
26.851	-0.27599302665561676
26.901	-0.2759923731554043
26.951	-0.27599172791111454
27.001	-0.2759910908128931
27.051	-0.2759904617524066
27.101	-0.2759898406228206
27.151	-0.27598922731877795
27.201	-0.2759886217363776
27.251	-0.2759880237731538
27.301	-0.2759874333280551
27.351	-0.27598685030142456
27.401	-0.2759862745949794
27.451	-0.2759857061117913
27.501	-0.2759851447562671
27.551	-0.27598459043412976
27.601	-0.2759840430523994
27.651	-0.27598350251937454
27.701	-0.2759829687446143
27.751	-0.27598244163892016
27.801	-0.2759819211143181
27.851	-0.2759814070840412
27.901	-0.27598089946251264
27.951	-0.27598039816532854
28.001	-0.27597990310924125
28.051	-0.27597941421214295
28.101	-0.2759789313930495
28.151	-0.27597845457208436
28.201	-0.2759779836704629
28.251	-0.2759775186104769
28.301	-0.2759770593154795
28.351	-0.27597661484281677
28.401	-0.2759761667797637
28.451	-0.275975724258511
28.501	-0.27597528720650444
28.551	-0.275974855552178
28.601	-0.27597442922493975
28.651	-0.27597400815515816
28.701	-0.2759735922741486
28.751	-0.27597318151415984
28.801	-0.27597277580836094
28.851	-0.27597237509082845
28.901	-0.27597198838890885
28.951	-0.27597159691182027
29.001	-0.2759712108446427
29.051	-0.27597082993491706
29.101	-0.2759704532702919
29.151	-0.27597008121634314
29.201	-0.27596971413209875
29.251	-0.27596935111872706
29.301	-0.2759689921234057
29.351	-0.27596863792101867
29.401	-0.2759682880377025
29.451	-0.27596794200762303
29.501	-0.2759676005647191
29.551	-0.2759672532815535
29.601	-0.2759669200549876
29.651	-0.2759665908754287
29.701	-0.27596626569056704
29.751	-0.2759659444487966
29.801	-0.2759656270992052
29.851	-0.27596531359156495
29.901	-0.2759650038763227
29.951	-0.27596469790459066
30.001	-0.275964395628137
30.051	-0.27596409699937696
30.101	-0.27596380197136366
30.151	-0.2759635104977794
30.201	-0.27596322253292677
30.251	-0.2759629380317201
30.301	-0.2759626569496771
30.351	-0.2759623792429102
30.401	-0.27596210486811873
30.451	-0.2759618337825804
30.501	-0.27596156594414345
30.551	-0.2759613009397653
30.601	-0.27596103947300143
30.651	-0.27596078113022315
30.701	-0.2759605258714831
30.751	-0.2759602736573662
30.801	-0.275960024448982
30.851	-0.2759597782079578
30.901	-0.2759595348964315
30.951	-0.27595929447704415
31.001	-0.27595905691293354
31.051	-0.27595882088188806
31.101	-0.2759585889206935
31.151	-0.27595835971164157
31.201	-0.27595813321065554
31.251	-0.27595791138567044
31.301	-0.2759576902029616
31.351	-0.2759574716308452
31.401	-0.275957255636193
31.451	-0.2759570421820837
31.501	-0.275956831244775
31.551	-0.2759566227881527
31.601	-0.2759564167808066
31.651	-0.2759562131917416
31.701	-0.2759560119903715
31.751	-0.2759558131465139
31.801	-0.27595561663038454
31.851	-0.2759554224125917
31.901	-0.2759552304641311
31.951	-0.27595504075638055
32.001	-0.27595485326109453
32.051	-0.27595466795039925
32.101	-0.2759544847967878
32.151	-0.27595430377311453
32.201	-0.2759541248525908
32.251	-0.2759539480087797
32.301	-0.27595377321559156
32.351	-0.2759536004472789
32.401	-0.275953429678432
32.451	-0.2759532564863443
32.501	-0.27595308967859933
32.551	-0.27595292479577477
32.601	-0.2759527618137689
32.651	-0.2759526007087953
32.701	-0.27595244145737885
32.751	-0.2759522840363513
32.801	-0.2759521284228471
32.851	-0.2759519745942996
32.901	-0.27595182252843664
32.951	-0.2759516722032767
33.001	-0.27595152359712527
33.051	-0.27595137668857045
33.101	-0.2759512314564795
33.151	-0.27595108787999495
33.201	-0.275950945938531
33.251	-0.27595080561176966
33.301	-0.2759506668796574
33.351	-0.27595052972240136
33.401	-0.2759503941204659
33.451	-0.2759502600545693
33.501	-0.2759501275056801
33.551	-0.2759499964550139
33.601	-0.27594986688403006
33.651	-0.27594973877442824
33.701	-0.27594961210814545
33.751	-0.2759494868673526
33.801	-0.27594936303445156
33.851	-0.27594924059207193
33.901	-0.2759491195230681
33.951	-0.2759489998105162
34.001	-0.275948881437711
34.051	-0.27594876438816335
34.101	-0.2759486486455967
34.151	-0.27594853419394494
34.201	-0.27594842101734907
34.251	-0.2759483091001546
34.301	-0.27594819842690904
34.351	-0.2759480661491011
34.401	-0.2759479350089971
34.451	-0.2759478279019091
34.501	-0.27594772197676276
34.551	-0.27594764020754037
34.601	-0.2759475596697692
34.651	-0.27594745728788656
34.701	-0.27594735603328097
34.751	-0.2759472558921992
34.801	-0.2759471568510644
34.851	-0.275947058896474
34.901	-0.2759469620151971
34.951	-0.2759468661941724
35.001	-0.27594677142050605
35.051	-0.275946677681469
35.101	-0.27594658496449526
35.151	-0.27594649325717957
35.201	-0.27594640254727515
35.251	-0.2759463128226919
35.301	-0.275946224071494
35.351	-0.27594613628189796
35.401	-0.27594604944227097
35.451	-0.27594596354112827
35.501	-0.2759458785671317
35.551	-0.2759457945090875
35.601	-0.2759457113559446
35.651	-0.27594562909679254
35.701	-0.2759455477208597
35.751	-0.27594546721751156
35.801	-0.27594538757624876
35.851	-0.27594530878670537
35.901	-0.2759452308386471
35.951	-0.2759451537219696
36.001	-0.2759450774266968
36.051	-0.2759450019429792
36.101	-0.2759449272610921
36.151	-0.2759448533714341
36.201	-0.2759447802645253
36.251	-0.27594470793100595
36.301	-0.2759446363616347
36.351	-0.2759445655472872
36.401	-0.2759444954789542
36.451	-0.27594442614774056
36.501	-0.2759443583433264
36.551	-0.2759442904577737
36.601	-0.27594422328332585
36.651	-0.2759441568115283
36.701	-0.275944091034033
36.751	-0.2759440259425974
36.801	-0.27594396152908246
36.851	-0.2759438977854517
36.901	-0.2759438347037699
36.951	-0.2759437722762014
37.001	-0.27594371049500926
37.051	-0.27594364935255367
37.101	-0.2759435888412908
37.151	-0.2759435289537714
37.201	-0.27594346968263994
37.251	-0.27594341102063286
37.301	-0.27594335296057776
37.351	-0.27594329549539226
37.401	-0.27594323861808245
37.451	-0.2759431823217421
37.501	-0.2759431265995512
37.551	-0.2759430714447753
37.601	-0.275943016850764
37.651	-0.2759429628109498
37.701	-0.2759429093188476
37.751	-0.2759428563680528
37.801	-0.275942803952241
37.851	-0.2759427520651666
37.901	-0.27594270070066174
37.951	-0.27594264985263545
38.001	-0.2759425995150726
38.051	-0.27594254968203286
38.101	-0.2759425003476499
38.151	-0.27594245222904623
38.201	-0.27594240387243724
38.251	-0.27594235599732325
38.301	-0.2759423085981239
38.351	-0.27594226166932834
38.401	-0.2759422152054936
38.451	-0.27594216920124465
38.501	-0.27594212365127274
38.551	-0.2759420785503349
38.601	-0.2759420338932532
38.651	-0.2759419896749135
38.701	-0.2759419458902652
38.751	-0.27594190253431977
38.801	-0.27594185960215056
38.851	-0.2759418170888916
38.901	-0.27594177498973693
38.951	-0.27594173329994004
39.001	-0.27594169201481267
39.051	-0.2759416511297245
39.101	-0.27594161064010214
39.151	-0.27594157054142854
39.201	-0.2759415308292421
39.251	-0.2759414914991361
39.301	-0.2759414525467581
39.351	-0.27594141396780897
39.401	-0.27594137575804234
39.451	-0.275941337913264
39.501	-0.27594130042933107
39.551	-0.27594126330215163
39.601	-0.27594122652768366
39.651	-0.2759411901019348
39.701	-0.2759411540209613
39.751	-0.2759411182808679
39.801	-0.27594108287780683
39.851	-0.27594104780797735
39.901	-0.275941013067625
39.951	-0.27594097865304124
40.001	-0.2759409445605628
40.051	-0.27594091078657096
40.101	-0.2759408773274911
40.151	-0.27594084417979226
40.201	-0.27594081133998627
40.251	-0.2759407788046275
40.301	-0.275940746570312
40.351	-0.27594071463367753
40.401	-0.27594068299140234
40.451	-0.27594065164020515
40.501	-0.2759406205768445
40.551	-0.2759405897981181
40.601	-0.2759405593008626
40.651	-0.27594052908195277
40.701	-0.27594049913830143
40.751	-0.2759404694668586
40.801	-0.27594044006461105
40.851	-0.27594041092858224
40.901	-0.2759403820558313
40.951	-0.2759403534434531
41.001	-0.27594032508857724
41.051	-0.2759402969883682
41.101	-0.2759402691400244
41.151	-0.2759402415407781
41.201	-0.27594021418789494
41.251	-0.2759401870786733
41.301	-0.275940160210444
41.351	-0.27594013358057007
41.401	-0.2759401071864461
41.451	-0.27594008102549794
41.501	-0.2759400550951824
41.551	-0.2759400293929865
41.601	-0.2759400039164277
41.651	-0.275939978663053
41.701	-0.27593995363043855
41.751	-0.2759399288161899
41.801	-0.27593990422094505
41.851	-0.27593987983635465
41.901	-0.2759398556631162
41.951	-0.27593983169894715
42.001	-0.27593980794159245
42.051	-0.27593978438882366
42.101	-0.27593976103843904
42.151	-0.275939737888263
42.201	-0.2759397149361457
42.251	-0.275939692179963
42.301	-0.2759396696176159
42.351	-0.2759396472470303
42.401	-0.27593962506615666
42.451	-0.27593960307296983
42.501	-0.2759395812654686
42.551	-0.2759395596416754
42.601	-0.2759395381996361
42.651	-0.27593951693741964
42.701	-0.27593949585311783
42.751	-0.2759394749448449
42.801	-0.27593945421073746
42.851	-0.2759394336489539
42.901	-0.2759394132576745
42.951	-0.2759393930351009
43.001	-0.27593937297945587
43.051	-0.2759393530889831
43.101	-0.27593933336194687
43.151	-0.27593931379663195
43.201	-0.2759392943913431
43.251	-0.2759392751473199
43.301	-0.2759392560570741
43.351	-0.27593923609012344
43.401	-0.27593921731195875
43.451	-0.27593919868562855
43.501	-0.2759391802095534
43.551	-0.27593916188217205
43.601	-0.2759391437019418
43.651	-0.27593912566733775
43.701	-0.27593910777685277
43.751	-0.2759390900289974
43.801	-0.27593907242229937
43.851	-0.2759390549553037
43.901	-0.2759390376265721
43.951	-0.27593902043468327
44.001	-0.27593900337823213
44.051	-0.27593898645583004
44.101	-0.2759389696661045
44.151	-0.2759389530076987
44.201	-0.2759389364792718
44.251	-0.2759389200794982
44.301	-0.2759389038070679
44.351	-0.27593888766068586
44.401	-0.2759388716390718
44.451	-0.27593885574096066
44.501	-0.2759388399651016
44.551	-0.27593882431025823
44.601	-0.27593880877520854
44.651	-0.2759387933587444
44.701	-0.2759387780596716
44.751	-0.27593876287680974
44.801	-0.2759387478089918
44.851	-0.2759387328550643
44.901	-0.2759387180138869
44.951	-0.27593870801039144
45.001	-0.2759386933843667
45.051	-0.27593867886774176
45.101	-0.27593866445942755
45.151	-0.2759386501583476
45.201	-0.2759386359634376
45.251	-0.27593862187364543
45.301	-0.27593860788793084
45.351	-0.2759385940052655
45.401	-0.2759385802246328
45.451	-0.2759385665450276
45.501	-0.2759385529654561
45.551	-0.27593853948493596
45.601	-0.27593852610249586
45.651	-0.2759385128171754
45.701	-0.2759384996280252
45.751	-0.27593848653410646
45.801	-0.275938473534491
45.851	-0.27593846062826133
45.901	-0.27593844781450994
45.951	-0.27593843509233984
46.001	-0.27593842246086403
46.051	-0.27593840991920543
46.101	-0.27593839746649684
46.151	-0.2759383851018809
46.201	-0.2759383728245098
46.251	-0.27593836063354504
46.301	-0.27593834852815785
46.351	-0.2759383365075286
46.401	-0.2759383245708466
46.451	-0.2759383127173105
46.501	-0.2759383009461278
46.551	-0.2759382892565148
46.601	-0.27593827764769663
46.651	-0.27593826611890687
46.701	-0.2759382542661542
46.751	-0.27593824289664254
46.801	-0.2759382316049067
46.851	-0.27593821633204196
46.901	-0.27593820519935847
46.951	-0.27593819414228377
47.001	-0.275938183160109
47.051	-0.27593817225213313
47.101	-0.27593816141766286
47.151	-0.2759381506560125
47.201	-0.275938139966504
47.251	-0.27593812934846673
47.301	-0.27593811880123736
47.351	-0.27593810832415994
47.401	-0.27593809791658563
47.451	-0.2759380875778729
47.501	-0.27593807730738706
47.551	-0.27593806710450036
47.601	-0.2759380569685921
47.651	-0.27593804689904805
47.701	-0.2759380368952611
47.751	-0.2759380269566304
47.801	-0.2759380170825618
47.851	-0.2759380072724676
47.901	-0.2759379975257665
47.951	-0.27593798784188345
48.001	-0.27593797822024974
48.051	-0.27593796866030273
48.101	-0.27593795916148595
48.151	-0.27593794972324887
48.201	-0.275937940345047
48.251	-0.2759379310263417
48.301	-0.2759379217666
48.351	-0.2759379125652949
48.401	-0.27593790342190494
48.451	-0.2759378943359143
48.501	-0.27593788530681274
48.551	-0.27593787633409533
48.601	-0.2759378674172628
48.651	-0.275937858555821
48.701	-0.27593784974928115
48.751	-0.2759378409971598
48.801	-0.27593783229897856
48.851	-0.27593782365426406
48.901	-0.2759378150625481
48.951	-0.27593780652336747
49.001	-0.2759377980362638
49.051	-0.2759377896007836
49.101	-0.2759377812164782
49.151	-0.2759377728829038
49.201	-0.27593776459962105
49.251	-0.2759377563661955
49.301	-0.2759377481821971
49.351	-0.2759377400472004
49.401	-0.2759377319607845
49.451	-0.2759377239225329
49.501	-0.27593771593203337
49.551	-0.2759377079888781
49.601	-0.27593770009266366
49.651	-0.2759376922429906
49.701	-0.27593768443946376
49.751	-0.2759376766816923
49.801	-0.2759376689692892
49.851	-0.27593766130187153
49.901	-0.2759376536790604
49.951	-0.275937646100481
50.001	-0.27593763856576214
50.051	-0.27593763107453667
50.101	-0.2759376236264411
50.151	-0.27593760721949745
50.201	-0.27593759991656586
50.251	-0.2759375926553175
50.301	-0.275937585435406
50.351	-0.2759375782564885
50.401	-0.27593757111822587
50.451	-0.2759375640202823
50.501	-0.2759375569623255
50.551	-0.27593754994402664
50.601	-0.2759375429650601
50.651	-0.2759375360251039
50.701	-0.2759375291238391
50.751	-0.27593752226095014
50.801	-0.27593751543612466
50.851	-0.27593750864905353
50.901	-0.27593750189943067
50.951	-0.2759374951869532
51.001	-0.27593748851132144
51.051	-0.2759374818722385
51.101	-0.27593747526941065
51.151	-0.27593746870254715
51.201	-0.27593746217136017
51.251	-0.2759374556755648
51.301	-0.27593744921487906
51.351	-0.27593744278902366
51.401	-0.2759374363977223
51.451	-0.2759374300407013
51.501	-0.2759374237176899
51.551	-0.27593741742842
51.601	-0.275937411172626
51.651	-0.27593740495004526
51.701	-0.2759373987604176
51.751	-0.2759373926034855
51.801	-0.2759373864789938
51.851	-0.27593738038669025
51.901	-0.27593737432632476
51.951	-0.2759373682976499
52.001	-0.27593736230042076
52.051	-0.27593735633439465
52.101	-0.2759373503993314
52.151	-0.2759373444949933
52.201	-0.2759373386211448
52.251	-0.2759373327775527
52.301	-0.2759373269639863
52.351	-0.27593732118021685
52.401	-0.2759373154260182
52.451	-0.2759369730021363
52.501	-0.27593696818945884
52.551	-0.275936963404236
52.601	-0.27593695864624723
52.651	-0.2759372870908167
52.701	-0.2759372815094113
52.751	-0.275937275956053
52.801	-0.27593727043053234
52.851	-0.27593726493264215
52.901	-0.2759372594621772
52.951	-0.2759372540189341
53.001	-0.2759372486027116
53.051	-0.2759372432133104
53.101	-0.275937237850533
53.151	-0.2759372325141838
53.201	-0.27593722720406916
53.251	-0.2759372219199972
53.301	-0.27593721666177795
53.351	-0.2759372114292232
53.401	-0.27593720622214657
53.451	-0.27593720104036346
53.501	-0.27593719588369103
53.551	-0.27593719075194806
53.601	-0.27593718564495523
53.651	-0.27593718056253475
53.701	-0.27593717550451063
53.751	-0.2759371704707084
53.801	-0.2759371654609555
53.851	-0.27593716047508066
53.901	-0.2759371555129144
53.951	-0.27593715057428886
54.001	-0.2759371456590376
54.051	-0.2759371407669959
54.101	-0.27593713589800045
54.151	-0.2759371310518896
54.201	-0.275937126228503
54.251	-0.275937121427682
54.301	-0.2759371166492693
54.351	-0.275937111893109
54.401	-0.27593710715904685
54.451	-0.2759371024469298
54.501	-0.27593709775660635
54.551	-0.27593709308792636
54.601	-0.275937088440741
54.651	-0.2759370838149029
54.701	-0.275937079210266
54.751	-0.27593707462668554
54.801	-0.2759370700640182
54.851	-0.27593706552212177
54.901	-0.27593706100085547
54.951	-0.27593705650007977
55.001	-0.2759370518083893
55.051	-0.2759370473490403
55.101	-0.2759370429097677
55.151	-0.27593703849043705
55.201	-0.27593703409091497
55.251	-0.27593702971106937
55.301	-0.27593702535076925
55.351	-0.2759370210098848
55.401	-0.27593701668828746
55.451	-0.2759370123858498
55.501	-0.27593700810244537
55.551	-0.27593700383794906
55.601	-0.2759369995922367
55.651	-0.2759369953651854
55.701	-0.27593699115667314
55.751	-0.2759369869665791
55.801	-0.27593698279478357
55.851	-0.2759369786411678
55.901	-0.27593697430934233
55.951	-0.2759369701925387
56.001	-0.27593696609356205
56.051	-0.2759369620122977
56.101	-0.2759369579486321
56.151	-0.2759369539024526
56.201	-0.2759369498736476
56.251	-0.27593694586210643
56.301	-0.27593694186771944
56.351	-0.2759369378903778
56.401	-0.2759369339299738
56.451	-0.2759369299864005
56.501	-0.27593692605955195
56.551	-0.2759369221493231
56.601	-0.27593691825560984
56.651	-0.27593691437830886
56.701	-0.27593691418115623
56.751	-0.27593691030882717
56.801	-0.27593690645278135
56.851	-0.2759369026129179
56.901	-0.2759368987891369
56.951	-0.2759368949813391
57.001	-0.2759368911894262
57.051	-0.2759368871363789
57.101	-0.2759368833759717
57.151	-0.2759368796311593
57.201	-0.2759368759018467
57.251	-0.27593687218397783
57.301	-0.2759368684853955
57.351	-0.27593686480203244
57.401	-0.2759368611337967
57.451	-0.275936857480597
57.501	-0.275936853842343
57.551	-0.275936850218945
57.601	-0.275936846610314
57.651	-0.2759368430163618
57.701	-0.27593683945876896
57.751	-0.2759368358937921
57.801	-0.2759368323432343
57.851	-0.27593682880701026
57.901	-0.27593682534674524
57.951	-0.2759368218386258
58.001	-0.27593681834458944
58.051	-0.27593681486455357
58.101	-0.2759368113984362
58.151	-0.27593680794615594
58.201	-0.27593680450763225
58.251	-0.2759368010827851
58.301	-0.2759367976715351
58.351	-0.2759367942738036
58.401	-0.2759367908895124
58.451	-0.27593678751858414
58.501	-0.27593678416094186
58.551	-0.2759367808165094
58.601	-0.27593677748521106
58.651	-0.2759367741669719
58.701	-0.2759367708617173
58.751	-0.2759367675693736
58.801	-0.27593676428986735
58.851	-0.275936761023126
58.901	-0.2759367577690773
58.951	-0.2759367545276497
59.001	-0.27593675129877226
59.051	-0.2759367480823745
59.101	-0.2759367448783865
59.151	-0.2759367416867388
59.201	-0.2759367385073628
59.251	-0.27593673534019
59.301	-0.2759367321851527
59.351	-0.27593672904218364
59.401	-0.2759367259112161
59.451	-0.2759367227921839
59.501	-0.275936719571011
59.551	-0.27593671647657414
59.601	-0.27593671339386966
59.651	-0.27593671032283335
59.701	-0.2759367072634016
59.751	-0.2759367042155112
59.801	-0.2759367011790994
59.851	-0.275936698154104
59.901	-0.27593669514046326
59.951	-0.2759366921381158
60.001	-0.2759366891470008
60.051	-0.27593668616705797
60.101	-0.27593668319822723
60.151	-0.2759366802404492
60.201	-0.2759366772936648
60.251	-0.2759366743578154
60.301	-0.27593667143284284
60.351	-0.2759366685186894
60.401	-0.2759366656152977
60.451	-0.275936662722611
60.501	-0.2759366598405727
60.551	-0.2759366569691268
60.601	-0.27593665410821755
60.651	-0.2759366512577898
60.701	-0.27593664841778875
60.751	-0.2759366455881599
60.801	-0.27593664276884916
60.851	-0.275936639959803
60.901	-0.2759366371609681
60.951	-0.27593663437229154
61.001	-0.27593663159372095
61.051	-0.2759366288252041
61.101	-0.27593662606668923
61.151	-0.2759366233181251
61.201	-0.27593662057946056
61.251	-0.2759366178506451
61.301	-0.2759366151316283
61.351	-0.2759366124223604
61.401	-0.2759366097227917
61.451	-0.27593660703287304
61.501	-0.27593660435255557
61.551	-0.27593660168179074
61.601	-0.27593659902053036
61.651	-0.2759365963687266
61.701	-0.2759365937263319
61.751	-0.27593659109329916
61.801	-0.2759365884695815
61.851	-0.2759365858551324
61.901	-0.2759365832499057
61.951	-0.2759365806538555
62.001	-0.27593657806693617
62.051	-0.2759365754891026
62.101	-0.27593657292030976
62.151	-0.27593657036051306
62.201	-0.27593656780966813
62.251	-0.275936565267731
62.301	-0.27593656273465805
62.351	-0.2759365602104057
62.401	-0.275936557694931
62.451	-0.27593655518819094
62.501	-0.27593655269014317
62.551	-0.27593655020074526
62.601	-0.2759365477199554
62.651	-0.2759365452477319
62.701	-0.2759365427840333
62.751	-0.27593654032881854
62.801	-0.2759365378820467
62.851	-0.27593653544367724
62.901	-0.27593653301366994
62.951	-0.27593653059198464
63.001	-0.27593652817858166
63.051	-0.2759365257734215
63.101	-0.27593652337646485
63.151	-0.27593652098767285
63.201	-0.27593651860700663
63.251	-0.2759365162344279
63.301	-0.27593651386989826
63.351	-0.27593651151337983
63.401	-0.2759365091648349
63.451	-0.275936506824226
63.501	-0.2759365044915159
63.551	-0.2759365021666676
63.601	-0.27593649984964436
63.651	-0.27593649754040966
63.701	-0.27593649523892727
63.751	-0.27593649294516115
63.801	-0.27593649065907544
63.851	-0.27593648838063456
63.901	-0.27593648610980326
63.951	-0.27593648384654634
64.001	-0.27593648159082895
64.051	-0.27593647934261634
64.101	-0.27593647710187413
64.151	-0.27593647486856804
64.201	-0.2759364726426641
64.251	-0.27593647042412844
64.301	-0.27593646858885645
64.351	-0.27593646675783917
64.401	-0.27593646455816034
64.451	-0.27593646242706943
64.501	-0.27593646018047324
64.551	-0.27593645800239974
64.601	-0.2759364550978965
64.651	-0.2759364529371156
64.701	-0.2759364507834082
64.751	-0.27593644863674255
64.801	-0.275936446497087
64.851	-0.2759364443644102
64.901	-0.27593644223868113
64.951	-0.2759364401198687
65.001	-0.27593643800794215
65.051	-0.2759364359028708
65.101	-0.2759364338046244
65.151	-0.2759364317131726
65.201	-0.2759364296284854
65.251	-0.275936427550533
65.301	-0.27593642547928565
65.351	-0.27593642341471386
65.401	-0.27593642135678836
65.451	-0.2759364193054799
65.501	-0.2759364172607596
65.551	-0.2759364152225987
65.601	-0.2759364131909685
65.651	-0.27593641116584056
65.701	-0.27593640914718665
65.751	-0.27593640713497863
65.801	-0.2759364051291885
65.851	-0.27593640312978857
65.901	-0.27593640113675116
65.951	-0.2759363992637926
66.001	-0.2759363972829948
66.051	-0.27593639530847897
66.101	-0.27593639334021824
66.151	-0.2759363913781857
66.201	-0.27593638942235477
66.251	-0.27593638747269894
66.301	-0.2759363855291918
66.351	-0.2759363835918072
66.401	-0.2759363816605191
66.451	-0.2759363797333919
66.501	-0.27593637781421904
66.551	-0.2759363827531322
66.601	-0.2759363809184534
66.651	-0.2759363790294434
66.701	-0.27593637720582137
66.751	-0.27593637532833215
66.801	-0.27593637345669403
66.851	-0.2759363706110482
66.901	-0.27593636875776756
66.951	-0.2759363678766403
67.001	-0.27593636602816124
67.051	-0.2759363641854114
67.101	-0.2759363622908831
67.151	-0.2759363604597659
67.201	-0.27593635156643886
67.251	-0.27593634973494796
67.301	-0.27593634790910954
67.351	-0.2759363460889001
67.401	-0.2759363442742966
67.451	-0.2759363424652757
67.501	-0.27593634066181455
67.551	-0.2759363388638903
67.601	-0.27593633707148024
67.651	-0.27593633528456174
67.701	-0.2759363335031123
67.751	-0.27593633172710963
67.801	-0.2759363299565315
67.851	-0.2759363281913557
67.901	-0.2759363264315604
67.951	-0.2759363246771237
68.001	-0.27593632292802384
68.051	-0.27593632118423916
68.101	-0.27593631944574815
68.151	-0.2759363177125295
68.201	-0.2759363159845619
68.251	-0.2759363142618242
68.301	-0.2759363125442953
68.351	-0.27593631083195436
68.401	-0.27593630912478045
68.451	-0.27593630742275305
68.501	-0.27593630572585137
68.551	-0.27593630403405506
68.601	-0.2759363023473436
68.651	-0.2759363006656969
68.701	-0.2759362989890947
68.751	-0.275936297317517
68.801	-0.27593629565094385
68.851	-0.2759362939893554
68.901	-0.27593629233273187
68.951	-0.2759362906810537
69.001	-0.27593628903430134
69.051	-0.2759362873892577
69.101	-0.27593628575229956
69.151	-0.2759362841202094
69.201	-0.27593628249296787
69.251	-0.27593628087055605
69.301	-0.27593627925293546
69.351	-0.27593627764010703
69.401	-0.2759362760320714
69.451	-0.27593627445134894
69.501	-0.2759362728302456
69.551	-0.2759362712396464
69.601	-0.27593626965051765
69.651	-0.2759362680660699
69.701	-0.27593626648628516
69.751	-0.2759362649111453
69.801	-0.27593626334063237
69.851	-0.27593626177472846
69.901	-0.27593626021341583
69.951	-0.2759362586566768
70.001	-0.2759362571044938
70.051	-0.27593625555684925
70.101	-0.2759362540137258
70.151	-0.27593625247510606
70.201	-0.27593625103266045
70.251	-0.2759362495026121
70.301	-0.27593624797701755
70.351	-0.2759362464558598
70.401	-0.275936244939122
70.451	-0.27593624342678724
70.501	-0.27593624191883886
70.551	-0.2759362404152602
70.601	-0.2759362389160347
70.651	-0.27593623742114587
70.701	-0.27593623592866917
70.751	-0.2759362344424048
70.801	-0.2759362329604281
70.851	-0.2759362314827229
70.901	-0.2759362300092732
70.951	-0.27593622854006294
71.001	-0.27593622707507626
71.051	-0.2759362256142972
71.101	-0.2759362241577101
71.151	-0.2759362227052992
71.201	-0.275936221257049
71.251	-0.2759362198129438
71.301	-0.2759362183729683
71.351	-0.275936216937107
71.401	-0.27593621550534464
71.451	-0.275936214077666
71.501	-0.27593621265405593
71.551	-0.27593621123449924
71.601	-0.27593620981898104
71.651	-0.27593620840748634
71.701	-0.27593620700000027
71.751	-0.275936205596508
71.801	-0.2759362041969948
71.851	-0.27593620280144615
71.901	-0.2759362014098473
71.951	-0.27593620002218383
72.001	-0.2759361986384412
72.051	-0.2759361972586052
72.101	-0.27593619588266133
72.151	-0.2759361945105954
72.201	-0.2759361931423933
72.251	-0.27593619177804096
72.301	-0.2759361904175242
72.351	-0.2759361890608292
72.401	-0.27593618770794187
72.451	-0.27593618635884853
72.501	-0.27593618456839725
72.551	-0.27593618322996644
72.601	-0.27593618189526714
72.651	-0.27593618056428576
72.701	-0.2759361792370091
72.751	-0.27593617804591314
72.801	-0.27593617672565285
72.851	-0.27593617540905824
72.901	-0.2759361746483498
72.951	-0.27593617333574766
73.001	-0.275936172026793
73.051	-0.2759361707214728
73.101	-0.275936169419774
73.151	-0.2759361677135373
73.201	-0.2759361664218921
73.251	-0.2759361651338101
73.301	-0.2759361638492785
73.351	-0.2759361625682847
73.401	-0.2759361612908163
73.451	-0.27593616001686067
73.501	-0.2759361587464055
73.551	-0.2759361574794383
73.601	-0.27593615621594686
73.651	-0.27593615495591883
73.701	-0.27593615369934216
73.751	-0.2759361524462045
73.801	-0.2759361511964939
73.851	-0.2759361499501983
73.901	-0.27593614870730565
73.951	-0.27593614746780404
74.001	-0.2759361462316817
74.051	-0.27593614499892666
74.101	-0.27593614376952724
74.151	-0.27593614254347165
74.201	-0.27593614132074834
74.251	-0.27593614010134554
74.301	-0.27593613888525187
74.351	-0.2759361383948686
74.401	-0.27593613718535953
74.451	-0.2759361359791251
74.501	-0.275936134776154
74.551	-0.2759361335764348
74.601	-0.27593613237995646
74.651	-0.27593613118670757
74.701	-0.2759361299966771
74.751	-0.27593612880985385
74.801	-0.2759361276262268
74.851	-0.275936126445785
74.901	-0.2759361252685174
74.951	-0.2759361240944131
75.001	-0.27593612292346126
75.051	-0.27593612175565096
75.101	-0.2759361205909716
75.151	-0.2759361194294123
75.201	-0.2759361182709625
75.251	-0.2759361171156115
75.301	-0.27593611596334866
75.351	-0.2759361148141635
75.401	-0.2759361136680456
75.451	-0.2759361125249844
75.501	-0.27593611138496954
75.551	-0.27593611024799064
75.601	-0.2759361091140374
75.651	-0.27593610798309953
75.701	-0.2759361068551668
75.751	-0.27593610573022903
75.801	-0.2759361046082761
75.851	-0.275936103489298
75.901	-0.2759361023732845
75.951	-0.27593610126022566
76.001	-0.2759361001482548
76.051	-0.27593609904107613
76.101	-0.2759360979368224
76.151	-0.2759360968354837
76.201	-0.27593609573705025
76.251	-0.2759360946415123
76.301	-0.2759360935488602
76.351	-0.2759360924590841
76.401	-0.27593609137217456
76.451	-0.2759360902881219
76.501	-0.27593608920691653
76.551	-0.27593608812854903
76.601	-0.27593608705300987
76.651	-0.27593608598028957
76.701	-0.27593608491037885
76.751	-0.2759360838432683
76.801	-0.27593608277894854
76.851	-0.2759360817174104
76.901	-0.2759360806586446
76.951	-0.2759360796026419
77.001	-0.2759360785493932
77.051	-0.2759360774988894
77.101	-0.2759360764511213
77.151	-0.27593607540607995
77.201	-0.27593607436375633
77.251	-0.27593607332414144
77.301	-0.27593607228722633
77.351	-0.2759360712530022
77.401	-0.27593607022146005
77.451	-0.27593606919259117
77.501	-0.27593606816638666
77.551	-0.2759360671428379
77.601	-0.2759360661219361
77.651	-0.2759360651036726
77.701	-0.27593606408803867
77.751	-0.27593606307502583
77.801	-0.27593606206462545
77.851	-0.275936061056829
77.901	-0.2759360600516279
77.951	-0.2759360590490138
78.001	-0.2759360580489782
78.051	-0.27593605705151275
78.101	-0.275936056056609
78.151	-0.27593605506425867
78.201	-0.27593605407445343
78.251	-0.27593605308718505
78.301	-0.2759360521024453
78.351	-0.27593605112022596
78.401	-0.27593605014051886
78.451	-0.2759360491633159
78.501	-0.2759360481886089
78.551	-0.2759360472163899
78.601	-0.2759360462466508
78.651	-0.27593604527938365
78.701	-0.2759360443145804
78.751	-0.2759360433522332
78.801	-0.27593604239233405
78.851	-0.27593604143487516
78.901	-0.27593604047984865
78.951	-0.2759360395272467
79.001	-0.2759360385770615
79.051	-0.2759360376292854
79.101	-0.2759360366839106
79.151	-0.2759360357409294
79.201	-0.2759360348003342
79.251	-0.27593603386211735
79.301	-0.2759360329262712
79.351	-0.2759360319927883
79.401	-0.27593603106166104
79.451	-0.27593603013288187
79.501	-0.2759360292064434
79.551	-0.2759360282823381
79.601	-0.27593602736055856
79.651	-0.2759360264410975
79.701	-0.2759360255239474
79.751	-0.2759360246091011
79.801	-0.2759360236965511
79.851	-0.27593602278629037
79.901	-0.2759360218783114
79.951	-0.27593602097260717
80.001	-0.2759360200691704
80.051	-0.27593601916799393
80.101	-0.27593601826907066
80.151	-0.2759360173723935
80.201	-0.27593601647795524
80.251	-0.27593601558574904
80.301	-0.27593601469576773
80.351	-0.2759360138080043
80.401	-0.2759360129224519
80.451	-0.2759360120391035
80.501	-0.27593601115795224
80.551	-0.2759360102789911
80.601	-0.27593600940221347
80.651	-0.27593600852761224
80.701	-0.2759360076551808
80.751	-0.27593600678491226
80.801	-0.2759360059167999
80.851	-0.275936005050837
80.901	-0.27593600489710035
80.951	-0.27593600403936747
81.001	-0.27593600317863787
81.051	-0.27593600232003224
81.101	-0.275936001463544
81.151	-0.27593600060916657
81.201	-0.27593599975689337
81.251	-0.27593599890671794
81.301	-0.27593599805863367
81.351	-0.27593599721263423
81.401	-0.275935996368713
81.451	-0.2759359955268637
81.501	-0.2759359946870799
81.551	-0.2759359938493552
81.601	-0.2759359930136832
81.651	-0.27593599218005765
81.701	-0.2759359913484722
81.751	-0.27593599051892054
81.801	-0.2759359896913965
81.851	-0.2759359888658938
81.901	-0.2759359880424062
81.951	-0.2759359872226105
82.001	-0.275935986403135
82.051	-0.27593598558565613
82.101	-0.2759359847701678
82.151	-0.27593598395666386
82.201	-0.27593598314513823
82.251	-0.275935982335585
82.301	-0.275935981527998
82.351	-0.27593598072237124
82.401	-0.2759359799186988
82.451	-0.27593597911697465
82.501	-0.27593597831719296
82.551	-0.27593597751934773
82.601	-0.27593597672343306
82.651	-0.27593597592944313
82.701	-0.2759359751373721
82.751	-0.27593597434721406
82.801	-0.2759359735589633
82.851	-0.275935972772614
82.901	-0.2759359719881604
82.951	-0.2759359712055967
83.001	-0.2759359704249173
83.051	-0.2759359696461164
83.101	-0.27593596886918836
83.151	-0.2759359680941275
83.201	-0.27593596732092823
83.251	-0.2759359665512762
83.301	-0.27593596578178353
83.351	-0.27593596501413564
83.401	-0.27593596424832695
83.451	-0.275935963484352
83.501	-0.27593596272220516
83.551	-0.2759359619618811
83.601	-0.2759359612033742
83.651	-0.2759359604466791
83.701	-0.2759359596917904
83.751	-0.27593595893870254
83.801	-0.27593595818741024
83.851	-0.2759359574379081
83.901	-0.27593595669019083
83.951	-0.2759359559425583
84.001	-0.2759359551983944
84.051	-0.2759359544559994
84.101	-0.275935953715368
84.151	-0.2759359529764949
84.201	-0.27593595223937495
84.251	-0.2759359515040029
84.301	-0.27593595077037353
84.351	-0.27593595003848165
84.401	-0.2759359493083221
84.451	-0.2759359485798898
84.501	-0.2759359478531796
84.551	-0.27593594712818637
84.601	-0.275935946404905
84.651	-0.27593594568333046
84.701	-0.2759359449634577
84.751	-0.2759359442452817
84.801	-0.2759359435287974
84.851	-0.27593594281399986
84.901	-0.275935942100884
84.951	-0.275935941389445
85.001	-0.27593594067797933
85.051	-0.2759359399698789
85.101	-0.27593593926344057
85.151	-0.27593593855865933
85.201	-0.2759359378555304
85.251	-0.2759359371540488
85.301	-0.27593593645420983
85.351	-0.27593593575600855
85.401	-0.27593593505944025
85.451	-0.27593593436450015
85.501	-0.27593593367118335
85.551	-0.27593593297948527
85.601	-0.27593593228940105
85.651	-0.27593593160092605
85.701	-0.2759359309140555
85.751	-0.27593593022878476
85.801	-0.27593592954510915
85.851	-0.27593592886302404
85.901	-0.27593592818252477
85.951	-0.27593592750360674
86.001	-0.27593592682626533
86.051	-0.275935926150496
86.101	-0.27593592547459317
86.151	-0.27593592480195417
86.201	-0.2759359241308735
86.251	-0.2759359234613467
86.301	-0.27593592279336926
86.351	-0.2759359221269367
86.401	-0.2759359214620445
86.451	-0.27593592079868823
86.501	-0.27593592013686347
86.551	-0.27593591947656576
86.601	-0.2759359188177908
86.651	-0.275935918160534
86.701	-0.2759359175047911
86.751	-0.2759359168505577
86.801	-0.2759359161978295
86.851	-0.2759359155466021
86.901	-0.27593591489687114
86.951	-0.27593591424863245
87.001	-0.2759359136018817
87.051	-0.2759359129566145
87.101	-0.27593591231282677
87.151	-0.2759359116705141
87.201	-0.2759359110296724
87.251	-0.27593591039029736
87.301	-0.2759359097506831
87.351	-0.27593590911422883
87.401	-0.2759359084792287
87.451	-0.27593590784567856
87.501	-0.27593590721357425
87.551	-0.2759359065829116
87.601	-0.2759359059536866
87.651	-0.27593590532589507
87.701	-0.2759359046995329
87.751	-0.27593590407459606
87.801	-0.27593590345108054
87.851	-0.2759359028289822
87.901	-0.2759359018657741
87.951	-0.2759359009725061
88.001	-0.2759359003560949
88.051	-0.2759358997410803
88.101	-0.2759358991274583
88.151	-0.27593589851522504
88.201	-0.2759358979043765
88.251	-0.27593589729490886
88.301	-0.27593589668681817
88.351	-0.27593589608010055
88.401	-0.27593589547475217
88.451	-0.2759358948707691
88.501	-0.2759358942681475
88.551	-0.2759358936668836
88.601	-0.2759358930669736
88.651	-0.27593589246841355
88.701	-0.2759358918711998
88.751	-0.2759358912753285
88.801	-0.27593589068079594
88.851	-0.2759358900875983
88.901	-0.27593588949573183
88.951	-0.2759358889051929
89.001	-0.27593588831597765
89.051	-0.27593588772808253
89.101	-0.2759358871415037
89.151	-0.2759358865562376
89.201	-0.27593588597228047
89.251	-0.2759358853896287
89.301	-0.27593588480827863
89.351	-0.2759358842282267
89.401	-0.2759358836494692
89.451	-0.27593588307200256
89.501	-0.2759358824958232
89.551	-0.27593588192092744
89.601	-0.2759358813473119
89.651	-0.27593588077497283
89.701	-0.2759358802039068
89.751	-0.27593587963411026
89.801	-0.27593587906557965
89.851	-0.27593587849831147
89.901	-0.2759358779323023
89.951	-0.2759358773675485
90.001	-0.2759358768040467
90.051	-0.27593587624179344
90.101	-0.2759358756807852
90.151	-0.2759358751193219
90.201	-0.2759358745607936
90.251	-0.2759358740035001
90.301	-0.27593587344743803
90.351	-0.2759358728926039
90.401	-0.2759358723389943
90.451	-0.275935871786606
90.501	-0.2759358712354355
90.551	-0.2759358706854795
90.601	-0.27593587013673465
90.651	-0.27593586958919764
90.701	-0.2759358686399851
90.751	-0.27593586809700976
90.801	-0.27593586755522104
90.851	-0.2759358670146157
90.901	-0.2759358664751905
90.951	-0.2759358659369423
91.001	-0.27593586539986786
91.051	-0.275935864863964
91.101	-0.2759358643292275
91.151	-0.2759358637956552
91.201	-0.27593586326324404
91.251	-0.2759358627319908
91.301	-0.27593586220189237
91.351	-0.2759358616729456
91.401	-0.2759358611451474
91.451	-0.2759358606184946
91.501	-0.27593586009298426
91.551	-0.27593585956861316
91.601	-0.2759358590453783
91.651	-0.27593585852327657
91.701	-0.2759358580023049
91.751	-0.2759358574824603
91.801	-0.27593585696373973
91.851	-0.27593585644614016
91.901	-0.2759358559296585
91.951	-0.27593585541429194
92.001	-0.27593585490003725
92.051	-0.2759358543868916
92.101	-0.2759358538748519
92.151	-0.27593585336391535
92.201	-0.27593585285407884
92.251	-0.27593585234533946
92.301	-0.2759358518376943
92.351	-0.2759358513311404
92.401	-0.27593585082567496
92.451	-0.27593585032129486
92.501	-0.27593584981799735
92.551	-0.2759358493157795
92.601	-0.27593584881463845
92.651	-0.2759358483145713
92.701	-0.2759358478155752
92.751	-0.2759358473176473
92.801	-0.2759358468207847
92.851	-0.27593584632498463
92.901	-0.2759358458302443
92.951	-0.2759358453365608
93.001	-0.2759358448439313
93.051	-0.27593584435235313
93.101	-0.2759358438618234
93.151	-0.27593584337233934
93.201	-0.2759358428838982
93.251	-0.27593584239649727
93.301	-0.27593584191013365
93.351	-0.2759358414248047
93.401	-0.27593584094050766
93.451	-0.2759358404572398
93.501	-0.2759358399749984
93.551	-0.27593583949378075
93.601	-0.2759358390135841
93.651	-0.27593583853440584
93.701	-0.2759358380562432
93.751	-0.2759358375790936
93.801	-0.2759358371029543
93.851	-0.2759358366278226
93.901	-0.27593583615369593
93.951	-0.2759358356805716
94.001	-0.27593583520844706
94.051	-0.27593583473731953
94.101	-0.2759358342671865
94.151	-0.2759358337980453
94.201	-0.2759358333298934
94.251	-0.2759358328627281
94.301	-0.27593583446410075
94.351	-0.27593583399785054
94.401	-0.27593583353257756
94.451	-0.2759358329826511
94.501	-0.2759358325193262
94.551	-0.2759358320569708
94.601	-0.2759358315955825
94.651	-0.2759358311351587
94.701	-0.2759358306756968
94.751	-0.275935830131574
94.801	-0.27593582967402996
94.851	-0.27593582921744036
94.901	-0.27593582876180284
94.951	-0.2759358283071148
95.001	-0.2759358278533739
95.051	-0.2759358274861905
95.101	-0.27593582703433506
95.151	-0.2759358265834193
95.201	-0.27593582613344086
95.251	-0.2759358256843973
95.301	-0.27593582523628607
95.351	-0.2759358248747102
95.401	-0.2759358244284553
95.451	-0.27593582398312566
95.501	-0.27593582353871876
95.551	-0.2759358211400393
95.601	-0.2759358206985609
95.651	-0.2759358202579996
95.701	-0.27593581981835325
95.751	-0.27593581937961936
95.801	-0.2759358189417956
95.851	-0.2759358185048795
95.901	-0.27593581806886897
95.951	-0.2759358176337615
96.001	-0.2759358171995548
96.051	-0.2759358167662465
96.101	-0.27593581633383435
96.151	-0.2759358159023161
96.201	-0.2759358154716893
96.251	-0.2759358150419518
96.301	-0.27593581461310124
96.351	-0.27593581418513535
96.401	-0.2759358137580519
96.451	-0.2759358133318486
96.501	-0.27593581290652314
96.551	-0.2759358124820734
96.601	-0.275935812058497
96.651	-0.2759358116357918
96.701	-0.2759358112139555
96.751	-0.27593581079298596
96.801	-0.2759358103728809
96.851	-0.27593580995363814
96.901	-0.2759358095352555
96.951	-0.2759358091177307
97.001	-0.2759358087010616
97.051	-0.27593580828524605
97.101	-0.2759358078702819
97.151	-0.27593580745616686
97.201	-0.2759358070428989
97.251	-0.27593580663047573
97.301	-0.27593580621889535
97.351	-0.2759358058081555
97.401	-0.27593580539825413
97.451	-0.27593580498918907
97.501	-0.2759358045809582
97.551	-0.2759358041735594
97.601	-0.27593580376699056
97.651	-0.27593580336124957
97.701	-0.27593580295633435
97.751	-0.2759358025522428
97.801	-0.27593580214897284
97.851	-0.2759358017465224
97.901	-0.2759358013448894
97.951	-0.2759358009440718
98.001	-0.27593580054406747
98.051	-0.2759358001448744
98.101	-0.2759357997464906
98.151	-0.27593579934891393
98.201	-0.27593579895214243
98.251	-0.275935798556174
98.301	-0.2759357981610067
98.351	-0.2759357977666385
98.401	-0.27593579737306734
98.451	-0.27593579698029125
98.501	-0.2759357965883082
98.551	-0.2759357961971162
98.601	-0.27593579580671335
98.651	-0.27593579541709756
98.701	-0.27593579502826693
98.751	-0.27593579464021945
98.801	-0.27593579425295317
98.851	-0.2759357938664661
98.901	-0.27593579348075636
98.951	-0.275935793095822
99.001	-0.275935792711661
99.051	-0.27593579232827153
99.101	-0.2759357919456516
99.151	-0.27593579156379927
99.201	-0.27593579118271266
99.251	-0.27593579080238984
99.301	-0.27593579042282895
99.351	-0.275935790044028
99.401	-0.27593578966598525
99.451	-0.27593578928869866
99.501	-0.2759357889121664
99.551	-0.2759357885363867
99.601	-0.27593578816135744
99.651	-0.275935787787077
99.701	-0.2759357874135434
99.751	-0.27593578704075483
99.801	-0.27593578666870944
99.851	-0.27593578629740534
99.901	-0.2759357859268407
99.951	-0.27593578555701376
500.	-0.2759355410372573