0.001	-513.1047924369475
0.051	-10.20916258218138
0.101	-5.231235360060443
0.151	-3.5507572481096292
0.201	-2.706931312612937
0.251	-2.199755260646579
0.301	-1.8614544568562983
0.351	-1.6198525334143983
0.401	-1.4387714684689183
0.451	-1.298076852117148
0.501	-1.1856720590668002
0.551	-1.0938513916352153
0.601	-1.0174735221381344
0.651	-0.9529767289562211
0.701	-0.897815551846553
0.751	-0.8501224769070644
0.801	-0.80849636811407
0.851	-0.7718654283938214
0.901	-0.7393958310806538
0.951	-0.7104291586067598
1.001	-0.6844385912229116
1.051	-0.6609976042748771
1.101	-0.6397571926039576
1.151	-0.6204290354297117
1.201	-0.6027728542569285
1.251	-0.586586823939532
1.301	-0.571700173742886
1.351	-0.5579674435949832
1.401	-0.5452639652489093
1.451	-0.5334822789819813
1.501	-0.522529272105642
1.551	-0.512323859199626
1.601	-0.5027951030006236
1.651	-0.4938806826697703
1.701	-0.48552562708260133
1.751	-0.4776812585100891
1.801	-0.4703043233223868
1.851	-0.46335625852708395
1.901	-0.4568025738624257
1.951	-0.4506123198134508
2.001	-0.4447576929406845
2.051	-0.4392135585033141
2.101	-0.43395722388486374
2.151	-0.42896810976953975
2.201	-0.4242275185282305
2.251	-0.41971842517491037
2.301	-0.4154252953992122
2.351	-0.41133393154637393
2.401	-0.40743130676264494
2.451	-0.40370549933103367
2.501	-0.40014552806161424
2.551	-0.39674128660827346
2.601	-0.39348345382503924
2.651	-0.3903634197207308
2.701	-0.38737321945253905
2.751	-0.38450547384521955
2.801	-0.3817533381599132
2.851	-0.37911045409131366
2.901	-0.3765709080563081
2.951	-0.37412919330918826
3.001	-0.37178017593078455
3.051	-0.3695190763000465
3.101	-0.3673413804505369
3.151	-0.3652429348177535
3.201	-0.3632198120036023
3.251	-0.36126833059657476
3.301	-0.3593850441897354
3.351	-0.3575667148869126
3.401	-0.35581029927341046
3.451	-0.35411293431493507
3.501	-0.35247192491731333
3.551	-0.35088473097387474
3.601	-0.3493489572809162
3.651	-0.3478623433260179
3.701	-0.34642275417066154
3.751	-0.34502817167018973
3.801	-0.34367668730124373
3.851	-0.34236649450559525
3.901	-0.3410958822505761
3.951	-0.33986322889260195
4.001	-0.3386669968583488
4.051	-0.33750572612852187
4.101	-0.33637803122473775
4.151	-0.33528259774966085
4.201	-0.33421816794018777
4.251	-0.3331835574984692
4.301	-0.33217763107664416
4.351	-0.3311993106166801
4.401	-0.3302475677725902
4.451	-0.3293214234257224
4.501	-0.3284199451371835
4.551	-0.3275422333952545
4.601	-0.32668744743703
4.651	-0.32585477267948804
4.701	-0.32504342844516987
4.751	-0.32425267509315725
4.801	-0.3234818012442665
4.851	-0.32273013079214435
4.901	-0.3219970123899582
4.951	-0.32128182409123374
5.001	-0.3205839703504821
5.051	-0.3199028780783065
5.101	-0.3192380009247236
5.151	-0.31858881380512616
5.201	-0.31795481301344997
5.251	-0.31733551511553015
5.301	-0.3167304560309512
5.351	-0.3161391909333958
5.401	-0.3155612897849468
5.451	-0.3149963421577563
5.501	-0.3144439523705759
5.551	-0.3139037400103157
5.601	-0.3133753382064602
5.651	-0.3128583966603298
5.701	-0.3123525756824562
5.751	-0.31185754860492404
5.801	-0.31137300121759215
5.851	-0.31089863072161605
5.901	-0.3104341452761786
5.951	-0.30997926114589924
6.001	-0.30953371435679333
6.051	-0.3090972359994819
6.101	-0.30866957609904555
6.151	-0.30825049109825853
6.201	-0.30783974587181223
6.251	-0.3074371133801219
6.301	-0.3070423692021556
6.351	-0.3066553122057113
6.401	-0.30627573233066085
6.451	-0.30590343632954253
6.501	-0.305538223738484
6.551	-0.30517991439916226
6.601	-0.3048283295576464
6.651	-0.30448329631279464
6.701	-0.3041446471853448
6.751	-0.303812220246343
6.801	-0.30348585875020373
6.851	-0.30316541084383125
6.901	-0.30285072953860087
6.951	-0.3025416724099858
7.001	-0.30223810138420937
7.051	-0.30193988296232505
7.101	-0.30164688784353966
7.151	-0.3013589893873079
7.201	-0.3010760667017134
7.251	-0.30079800131820866
7.301	-0.3005246786607627
7.351	-0.30025598677769355
7.401	-0.29999181936360386
7.451	-0.2997320708528301
7.501	-0.2994766394878129
7.551	-0.2992250115785141
7.601	-0.29897833824177633
7.651	-0.2987352783747558
7.701	-0.2984961577593649
7.751	-0.29826088870502715
7.801	-0.2980293857660235
7.851	-0.2978015659878504
7.901	-0.29757734879373937
7.951	-0.2973566566094405
8.001	-0.29713941118759146
8.051	-0.2969255387121106
8.101	-0.2967149679456595
8.151	-0.29650762923166823
8.201	-0.2963034542845716
8.251	-0.2961023753289702
8.301	-0.2959043283242029
8.351	-0.2957092503181795
8.401	-0.29551708001032123
8.451	-0.2953277576573936
8.501	-0.2951412252324267
8.551	-0.2949574260576129
8.601	-0.29477630496617385
8.651	-0.2945978082326566
8.701	-0.29442188343550535
8.751	-0.29424847954714123
8.801	-0.29407754671526143
8.851	-0.2939090366405943
8.901	-0.2937429029748271
8.951	-0.2935790964426659
9.001	-0.29341757524761536
9.051	-0.2932582946117135
9.101	-0.2931012113979223
9.151	-0.2929462840385261
9.201	-0.29279347180192666
9.251	-0.292642734916721
9.301	-0.2924940345817089
9.351	-0.2923473329089033
9.401	-0.2922025929266568
9.451	-0.2920597785192947
9.501	-0.2919188544577322
9.551	-0.2917797862640972
9.601	-0.29164254030961034
9.651	-0.2915070805280975
9.701	-0.2913733812984941
9.751	-0.29124141125167147
9.801	-0.2911111332462848
9.851	-0.2909825205992704
9.901	-0.2908555440093432
9.951	-0.29073017487271574
10.001	-0.2906063852043903
10.051	-0.29048414769281833
10.101	-0.2903634355642191
10.151	-0.290244222658039
10.201	-0.2901264833877704
10.251	-0.2900101927482943
10.301	-0.2898953262484841
10.351	-0.2897818599379122
10.401	-0.28966977024592055
10.451	-0.28955903451138404
10.501	-0.2894496301554077
10.551	-0.28934153521099726
10.601	-0.2892347281744155
10.651	-0.2891291880035386
10.701	-0.28902489408769033
10.751	-0.28892182623999985
10.801	-0.2888199646502785
10.851	-0.28871929006804853
10.901	-0.2886197834967138
10.951	-0.2885214263636279
11.001	-0.2884242003349472
11.051	-0.288328087922523
11.101	-0.2882330714392758
11.151	-0.28813913379613765
11.201	-0.2880462584980295
11.251	-0.28795442900666757
11.301	-0.28786362871139115
11.351	-0.2877738416880548
11.401	-0.28768505344421097
11.451	-0.28759724833944456
11.501	-0.2875104114627353
11.551	-0.2874245282767444
11.601	-0.2873395844088299
11.651	-0.2872555660189694
11.701	-0.28717245902211536
11.751	-0.2870902500748879
11.801	-0.28700892571265263
11.851	-0.2869284733794419
11.901	-0.2868488801107791
11.951	-0.2867701333943956
12.001	-0.28669222095458124
12.051	-0.28661513091042967
12.101	-0.28653885113216265
12.151	-0.2864633701336167
12.201	-0.28638867652590916
12.251	-0.2863147591381351
12.301	-0.28624160702513596
12.351	-0.2861692128886655
12.401	-0.28609755910239437
12.451	-0.28602663519161053
12.501	-0.2859564381145717
12.551	-0.28588695428586614
12.601	-0.2858181738365705
12.651	-0.2857500870995017
12.701	-0.28568268457228013
12.751	-0.2856159569071188
12.801	-0.28554989494433575
12.851	-0.2854844896617023
12.901	-0.28541973220253597
12.951	-0.2853556138711643
13.001	-0.28529212595638875
13.051	-0.2852292602833687
13.101	-0.28516700856093513
13.151	-0.2851053627858717
13.201	-0.2850443146159937
13.251	-0.28498385637830376
13.301	-0.28492398034629846
13.351	-0.28486467894603995
13.401	-0.28480594472611237
13.451	-0.2847477702991069
13.501	-0.2846901484864101
13.551	-0.28463307218238004
13.601	-0.2845765344862105
13.651	-0.2845205283597093
13.701	-0.2844650471334029
13.751	-0.28441008418181357
13.801	-0.2843556350906102
13.851	-0.2843016890804478
13.901	-0.2842482428379039
13.951	-0.2841952864562072
14.001	-0.2841428188276927
14.051	-0.28409083103902805
14.101	-0.2840393186285764
14.151	-0.28398827500957813
14.201	-0.28393769446210093
14.251	-0.28388757129725484
14.301	-0.2838378989716932
14.351	-0.28378867500325644
14.401	-0.2837398909691514
14.451	-0.2836915425609063
14.501	-0.28364362454976466
14.551	-0.2835961317863509
14.601	-0.28354905920800294
14.651	-0.283502401787715
14.701	-0.28345615461990603
14.751	-0.28341031164308705
14.801	-0.28336487176514497
14.851	-0.28331983406787975
14.901	-0.28327517267831365
14.951	-0.28323090551955826
15.001	-0.2831870206079507
15.051	-0.28314351363615836
15.101	-0.2831003799879547
15.151	-0.2830576154971481
15.201	-0.28301521592785556
15.251	-0.2829731771105087
15.301	-0.2829314949015349
15.351	-0.28289016257851435
15.401	-0.28284918157507155
15.451	-0.28280854794947224
15.501	-0.2827682523812395
15.551	-0.28272829377381387
15.601	-0.2826886682823082
15.651	-0.2826493723085224
15.701	-0.28261040295900103
15.751	-0.28257175501722537
15.801	-0.28253342489206573
15.851	-0.2824954107038221
15.901	-0.2824577081796844
15.951	-0.2824203139097482
16.001	-0.28238322453073955
16.051	-0.2823464367190789
16.101	-0.28230994721270564
16.151	-0.2822737527837505
16.201	-0.2822378502219037
16.251	-0.28220223643115777
16.301	-0.28216690830954205
16.351	-0.28213186280004576
16.401	-0.2820970968579306
16.451	-0.2820626074248469
16.501	-0.2820283917842877
16.551	-0.2819944469521716
16.601	-0.28196076999798925
16.651	-0.2819273583292474
16.701	-0.2818942089018971
16.751	-0.2818613190878779
16.801	-0.2818286861784974
16.851	-0.28179630749010964
16.901	-0.2817641804260324
16.951	-0.2817323023659807
17.001	-0.2817006703779431
17.051	-0.28166928265838476
17.101	-0.2816381363598719
17.151	-0.28160722900487306
17.201	-0.28157655816203747
17.251	-0.2815461214325087
17.301	-0.28151591643048296
17.351	-0.2814859408252297
17.401	-0.2814561923133888
17.451	-0.2814266686070699
17.501	-0.28139736745210303
17.551	-0.2813682866253254
17.601	-0.2813394239388179
17.651	-0.2813107772095511
17.701	-0.2812823443028978
17.751	-0.2812541231613788
17.801	-0.2812261115806616
17.851	-0.2811983083876649
17.901	-0.28117070942315203
17.951	-0.2811433144456677
18.001	-0.2811161209962481
18.051	-0.2810891271136375
18.101	-0.2810623308605364
18.151	-0.28103573032420265
18.201	-0.28100932361388586
18.251	-0.28098310886431593
18.301	-0.2809570842293575
18.351	-0.2809312478922208
18.401	-0.2809055980767625
18.451	-0.28088013293259695
18.501	-0.2808548507634597
18.551	-0.28082974981705217
18.601	-0.28080482829803993
18.651	-0.2807800846696645
18.701	-0.28075551718226593
18.751	-0.2807311241541777
18.801	-0.28070690400748693
18.851	-0.28068285511669766
18.901	-0.28065897584042676
18.951	-0.280635264626959
19.001	-0.28061171991672607
19.051	-0.2805883401379479
19.101	-0.2805651238388674
19.151	-0.2805420694636623
19.201	-0.2805191755404867
19.251	-0.28049644058856565
19.301	-0.28047386315803413
19.351	-0.2804514418151125
19.401	-0.28042917518867905
19.451	-0.28040706177149655
19.501	-0.2803851002283406
19.551	-0.28036328919125997
19.601	-0.28034162730386436
19.651	-0.2803201131962332
19.701	-0.28029874558181117
19.751	-0.28027752314516013
19.801	-0.2802564445760723
19.851	-0.2802355085958875
19.901	-0.28021471393750386
19.951	-0.2801940593473466
20.001	-0.2801735435691646
20.051	-0.28015316543493496
20.101	-0.2801329236723581
20.151	-0.28011281709883823
20.201	-0.2800928445451115
20.251	-0.2800730048242371
20.301	-0.2800532967622851
20.351	-0.2800337192505789
20.401	-0.28001427113564714
20.451	-0.27999495129647156
20.501	-0.27997575836745875
20.551	-0.2799566917645356
20.601	-0.27993775011962246
20.651	-0.27991893241214755
20.701	-0.27990023755158905
20.751	-0.27988166449258944
20.801	-0.279863212432094
20.851	-0.2798448798344001
20.901	-0.279826665954211
20.951	-0.27980856979674
21.001	-0.27979059033677534
21.051	-0.2797727266074953
21.101	-0.2797549776239937
21.151	-0.27973734242876835
21.201	-0.27971982005944634
21.251	-0.27970240958517656
21.301	-0.27968511006255814
21.351	-0.27966792056016043
21.401	-0.2796508401635135
21.451	-0.2796338679814695
21.501	-0.27961700311066745
21.551	-0.27960024466275923
21.601	-0.27958359213110573
21.651	-0.2795670439022998
21.701	-0.2795505995012717
21.751	-0.2795342580550969
21.801	-0.2795180185902491
21.851	-0.2795018805630587
21.901	-0.27948584300380375
21.951	-0.2794699050950552
22.001	-0.2794540660282758
22.051	-0.27943832500315186
22.101	-0.27942268123025815
22.151	-0.27940713392211175
22.201	-0.2793916865126268
22.251	-0.2793763298331838
22.301	-0.279361063076699
22.351	-0.2793458939521926
22.401	-0.279330817490826
22.451	-0.27931583295606127
22.501	-0.2793009396157496
22.551	-0.2792861369023914
22.601	-0.27927142378265907
22.651	-0.2792567997202627
22.701	-0.27924226399947855
22.751	-0.27922781592900014
22.801	-0.27921345483067617
22.851	-0.2791991799610103
22.901	-0.2791849906923739
22.951	-0.27917088640467647
23.001	-0.27915686639093995
23.051	-0.27914293000891843
23.101	-0.2791290765847946
23.151	-0.27911530548885255
23.201	-0.27910161609135803
23.251	-0.2790880077474101
23.301	-0.2790744798394275
23.351	-0.2790610317475625
23.401	-0.27904766286424515
23.451	-0.27903437180588275
23.501	-0.279021159516642
23.551	-0.2790080246308156
23.601	-0.2789949673335759
23.651	-0.27898198549634096
23.701	-0.27896907931153564
23.751	-0.2789562482116927
23.801	-0.27894349161746784
23.851	-0.27893080897122297
23.901	-0.27891819972250115
23.951	-0.2789056633159595
24.001	-0.27889319922773537
24.051	-0.27888080693941025
24.101	-0.27886848580326984
24.151	-0.27885623546353877
24.201	-0.27884405694484754
24.251	-0.278831946293177
24.301	-0.2788199029966777
24.351	-0.27880793006576304
24.401	-0.2787960252560189
24.451	-0.2787841880482147
24.501	-0.27877241794457547
24.551	-0.2787607144534363
24.601	-0.27874907715452457
24.651	-0.27873750542785664
24.701	-0.2787259988633531
24.751	-0.27871455698572445
24.801	-0.27870317922831567
24.851	-0.2786918652948295
24.901	-0.27868061464190463
24.951	-0.2786694268120785
25.001	-0.27865830135930914
25.051	-0.2786472376990163
25.101	-0.2786362356298863
25.151	-0.27862529458849983
25.201	-0.27861441416286326
25.251	-0.27860359387440015
25.301	-0.27859283331075846
25.351	-0.2785821320510015
25.401	-0.27857148966881284
25.451	-0.27856090572336306
25.501	-0.2785503798430339
25.551	-0.27853991157361985
25.601	-0.27852950055996134
25.651	-0.2785191463424286
25.701	-0.2785088485536403
25.751	-0.27849860678491545
25.801	-0.2784884206474564
25.851	-0.2784782897567894
25.901	-0.27846821369986524
25.951	-0.27845819209144534
26.001	-0.27844822458483515
26.051	-0.27843831078597936
26.101	-0.2784284503211966
26.151	-0.278418642819776
26.201	-0.2784088879141206
26.251	-0.27839918522166757
26.301	-0.27838953441635483
26.351	-0.2783799351231191
26.401	-0.27837038697354477
26.451	-0.2783608896423213
26.501	-0.27835144276753615
26.551	-0.2783420460165843
26.601	-0.27833269902384955
26.651	-0.27832340145346
26.701	-0.2783141529794393
26.751	-0.278304953284238
26.801	-0.2782958019840168
26.851	-0.27828669877810014
26.901	-0.27827764334133215
26.951	-0.27826863535325963
27.001	-0.2782596744877959
27.051	-0.2782507604298426
27.101	-0.27824189286419687
27.151	-0.2782330714782618
27.201	-0.2782242959567753
27.251	-0.2782155660030025
27.301	-0.27820688130129034
27.351	-0.27819824156027706
27.401	-0.2781896464746831
27.451	-0.278181095647354
27.501	-0.2781725889836424
27.551	-0.27816412608921404
27.601	-0.27815570668242157
27.651	-0.2781473305640492
27.701	-0.278138997251658
27.751	-0.2781307065641164
27.801	-0.27812245822065207
27.851	-0.2781142519427747
27.901	-0.2781060874545886
27.951	-0.278097964496615
28.001	-0.2780898827681143
28.051	-0.2780818420142226
28.101	-0.2780738419677853
28.151	-0.2780658823638025
28.201	-0.27805796293907525
28.251	-0.27805008343274173
28.301	-0.27804224358603497
28.351	-0.27803444314222975
28.401	-0.27802668184599433
28.451	-0.27801895944574545
28.501	-0.2780112756911702
28.551	-0.2780036332848951
28.601	-0.2779960231021039
28.651	-0.2779884537988043
28.701	-0.27798092215805176
28.751	-0.2779734279392555
28.801	-0.27796597090048136
28.851	-0.27795855080725773
28.901	-0.277951167426715
28.951	-0.277943820524857
29.001	-0.2779365098687984
29.051	-0.27792923523974805
29.101	-0.27792199638856274
29.151	-0.27791479309996936
29.201	-0.27790762569583627
29.251	-0.27790049286256857
29.301	-0.27789339437553173
29.351	-0.2778863311110738
29.401	-0.2778793023050431
29.451	-0.2778723077415808
29.501	-0.27786534720575695
29.551	-0.2778584204918837
29.601	-0.2778515273784589
29.651	-0.27784466765905075
29.701	-0.2778378411318849
29.751	-0.2778310475861209
29.801	-0.27782428681845
29.851	-0.27781755862666596
29.901	-0.277810862809228
29.951	-0.2778041991666821
30.001	-0.2777975679024136
30.051	-0.2777909680180423
30.101	-0.27778439971858726
30.151	-0.2777778628099897
30.201	-0.2777713570997872
30.251	-0.2777648819805174
30.301	-0.2777584380904818
30.351	-0.27775202483228567
30.401	-0.2777456420204157
30.451	-0.2777392894696248
30.501	-0.2777329669890905
30.551	-0.277726674404762
30.601	-0.2777204115315916
30.651	-0.2777141781906055
30.701	-0.27770797420122767
30.751	-0.27770179884993357
30.801	-0.2776956530403005
30.851	-0.277689536600747
30.901	-0.27768344827288743
30.951	-0.27767738842730694
31.001	-0.27767135689280964
31.051	-0.27766535350112914
31.101	-0.27765937806558055
31.151	-0.2776534304548818
31.201	-0.277647510478112
31.251	-0.2776416179881706
31.301	-0.2776357528274484
31.351	-0.27762991480407134
31.401	-0.2776241037726376
31.451	-0.2776183195734181
31.501	-0.2776125620482007
31.551	-0.27760683103952455
31.601	-0.27760112636856915
31.651	-0.27759544792634405
31.701	-0.27758979552810015
31.751	-0.2775841690367685
31.801	-0.2775785682925032
31.851	-0.2775729931449528
31.901	-0.27756744344463197
31.951	-0.2775619190431995
32.001	-0.2775564197940914
32.051	-0.2775509455493896
32.101	-0.2775454961647007
32.151	-0.27754007149576465
32.201	-0.2775346713995616
32.251	-0.2775292957338817
32.301	-0.27752394435759714
32.351	-0.2775186171305368
32.401	-0.27751331392619344
32.451	-0.2775080345809754
32.501	-0.2775027789709934
32.551	-0.27749754695856954
32.601	-0.27749233840450327
32.651	-0.27748715318567563
32.701	-0.27748199116265476
32.751	-0.277476852203187
32.801	-0.2774717361753308
32.851	-0.2774666429489792
32.901	-0.27746157239454905
32.951	-0.27745652441374324
33.001	-0.2774514988169559
33.051	-0.2774464955082765
33.101	-0.27744151436192416
33.151	-0.27743655525329114
33.201	-0.277431618056641
33.251	-0.27742670264913705
33.301	-0.27742180890827245
33.351	-0.27741693671247075
33.401	-0.27741208605188356
33.451	-0.2774072565891788
33.501	-0.2774024481716045
33.551	-0.277397660955295
33.601	-0.2773928946932154
33.651	-0.2773881492572058
33.701	-0.277383424537076
33.751	-0.27737872041761796
33.801	-0.2773740368039312
33.851	-0.27736937353270336
33.901	-0.2773647305312591
33.951	-0.27736010767695213
34.001	-0.2773555048588964
34.051	-0.2773509219667497
34.101	-0.2773463588902099
34.151	-0.2773418154997809
34.201	-0.2773372912521442
34.251	-0.2773327869750069
34.301	-0.2773283020824264
34.351	-0.27732383693755447
34.401	-0.27731939049295407
34.451	-0.2773149631152752
34.501	-0.27731055401778687
34.551	-0.27730616446657574
34.601	-0.27730179367289176
34.651	-0.27729744153476044
34.701	-0.2772931066811534
34.751	-0.27728879282007535
34.801	-0.27728449604327243
34.851	-0.27728021818755727
34.901	-0.2772759578187121
34.951	-0.27727171550852303
35.001	-0.2772674911578333
35.051	-0.27726328467149464
35.101	-0.27725909595254533
35.151	-0.2772549249028509
35.201	-0.27725077143358934
35.251	-0.27724663544764255
35.301	-0.27724251685138435
35.351	-0.27723841555198425
35.401	-0.27723433145720844
35.451	-0.277230264470957
35.501	-0.2772262145075402
35.551	-0.27722218147908023
35.601	-0.2772181652826661
35.651	-0.2772141658473845
35.701	-0.2772101831450359
35.751	-0.2772062169487916
35.801	-0.2772022672413577
35.851	-0.27719833393249466
35.901	-0.2771944169372579
35.951	-0.27719051617026635
36.001	-0.2771866315488497
36.051	-0.27718276296842786
36.101	-0.27717891038781023
36.151	-0.27717507368459454
36.201	-0.27717125279067445
36.251	-0.27716744761804946
36.301	-0.27716365808726456
36.351	-0.27715988413788106
36.401	-0.2771561244561778
36.451	-0.2771523813648094
36.501	-0.27714865357734375
36.551	-0.27714494223708463
36.601	-0.2771412448735938
36.651	-0.27713756257807637
36.701	-0.277133895289643
36.751	-0.27713024292486244
36.801	-0.27712660540914175
36.851	-0.2771229826654143
36.901	-0.2771193746003807
36.951	-0.2771157811692068
37.001	-0.2771122022864327
37.051	-0.27710863787584145
37.101	-0.2771050878613951
37.151	-0.2771015521701751
37.201	-0.27709803072670736
37.251	-0.27709452346245067
37.301	-0.27709103030744286
37.351	-0.27708755117947664
37.401	-0.27708408601268064
37.451	-0.2770806347360586
37.501	-0.27707719727905705
37.551	-0.2770737735744117
37.601	-0.27707036354905573
37.651	-0.2770669671323849
37.701	-0.2770635842757071
37.751	-0.277060214873954
37.801	-0.27705685887754766
37.851	-0.2770535162190233
37.901	-0.2770501868321747
37.951	-0.27704687064802125
38.001	-0.2770435676015302
38.051	-0.27704027762711575
38.101	-0.277037000658932
38.151	-0.277033736631942
38.201	-0.277030485481382
38.251	-0.27702724714301
38.301	-0.27702402155284933
38.351	-0.277020808647409
38.401	-0.27701760835885214
38.451	-0.2770144206348088
38.501	-0.2770112454062712
38.551	-0.277008082609684
38.601	-0.27700493218850075
38.651	-0.27700179509215356
38.701	-0.2769986692363681
38.751	-0.27699555449556884
38.801	-0.27699245295626335
38.851	-0.2769893634842916
38.901	-0.2769862860264519
38.951	-0.2769832205204985
39.001	-0.27698016690789784
39.051	-0.27697712512945327
39.101	-0.27697409512782034
39.151	-0.27697107684527483
39.201	-0.27696807029096604
39.251	-0.2769650752759101
39.301	-0.2769620918089076
39.351	-0.2769591198339906
39.401	-0.276956159296189
39.451	-0.27695321013758273
39.501	-0.27695027229398894
39.551	-0.2769473457294613
39.601	-0.2769444303829
39.651	-0.2769415326211201
39.701	-0.27693863312403955
39.751	-0.27693575109750457
39.801	-0.27693288007127803
39.851	-0.27693001999210687
39.901	-0.27692717080779705
39.951	-0.276924332466687
40.001	-0.27692150491349926
40.051	-0.27691868809847875
40.101	-0.27691588196974176
40.151	-0.27691308647630497
40.201	-0.2769103015674363
40.251	-0.27690752719208606
40.301	-0.27690476330007435
40.351	-0.2769020098415939
40.401	-0.27689926722981995
40.451	-0.27689653402628817
40.501	-0.27689381157100124
40.551	-0.2768910993517245
40.601	-0.276888397320211
40.651	-0.276885705427919
40.701	-0.2768830236309824
40.751	-0.2768803500003243
40.801	-0.27687769011140845
40.851	-0.2768750382991095
40.901	-0.2768723963897325
40.951	-0.2768697643581274
41.001	-0.27686714208537744
41.051	-0.27686452960236785
41.101	-0.2768619268369106
41.151	-0.2768593337422753
41.201	-0.27685675027370016
41.251	-0.2768541763866695
41.301	-0.27685161203524944
41.351	-0.2768490571754402
41.401	-0.27684651176293557
41.451	-0.27684397572424746
41.501	-0.27684144907395597
41.551	-0.2768389317398303
41.601	-0.27683642367828903
41.651	-0.27683392484634883
41.701	-0.27683143520101133
41.751	-0.2768289546998175
41.801	-0.27682648330041154
41.851	-0.2768240209603939
41.901	-0.2768215676404115
41.951	-0.2768191232947239
42.001	-0.2768166878838699
42.051	-0.27681426136667153
42.101	-0.27681184370330325
42.151	-0.2768094350948778
42.201	-0.2768070350148863
42.251	-0.2768046436659579
42.301	-0.2768022607620648
42.351	-0.27679988680608125
42.401	-0.27679752140571323
42.451	-0.27679516458332265
42.501	-0.2767928162941044
42.551	-0.27679047649941824
42.601	-0.27678814516102984
42.651	-0.2767858222395203
42.701	-0.27678350769708326
42.751	-0.2767812014956578
42.801	-0.27677890359694235
42.851	-0.27677661396420117
42.901	-0.276774332559546
42.951	-0.2767720593457494
43.001	-0.2767697942857892
43.051	-0.2767675373428466
43.101	-0.2767652884807345
43.151	-0.27676304766217574
43.201	-0.2767608148513875
43.251	-0.2767585900105361
43.301	-0.27675637310786333
43.351	-0.276754164105082
43.401	-0.2767519629668551
43.451	-0.2767497696589123
43.501	-0.27674758414525985
43.551	-0.276745406391353
43.601	-0.27674323636316284
43.651	-0.2767410740249465
43.701	-0.2767389193430485
43.751	-0.276736772283454
43.801	-0.27673463281207145
43.851	-0.27673250089525303
43.901	-0.2767303764994477
43.951	-0.27672825959078745
44.001	-0.27672615018804375
44.051	-0.27672404815548013
44.101	-0.27672195351149265
44.151	-0.2767198662234865
44.201	-0.27671778625872323
44.251	-0.27671571358321834
44.301	-0.2767136481690489
44.351	-0.27671158998178225
44.401	-0.27670953898975853
44.451	-0.27670749516142273
44.501	-0.2767054584651387
44.551	-0.2767034288707922
44.601	-0.2767014063457592
44.651	-0.2766993908572504
44.701	-0.2766973823795815
44.751	-0.27669538088775175
44.801	-0.27669338633361806
44.851	-0.2766913986963622
44.901	-0.2766894179456508
44.951	-0.27668744396631256
45.001	-0.2766854768515306
45.051	-0.27668351658288465
45.101	-0.27668156308182185
45.151	-0.2766796163189919
45.201	-0.27667767626264317
45.251	-0.2766757428888455
45.301	-0.27667381616343795
45.351	-0.27667189606049397
45.401	-0.2766699825515348
45.451	-0.2766680756076284
45.501	-0.2766661752007811
45.551	-0.27666428129792214
45.601	-0.2766623938864074
45.651	-0.276660513005232
45.701	-0.27665863845571614
45.751	-0.27665677031577285
45.801	-0.2766549085268167
45.851	-0.2766530531010134
45.901	-0.27665120399121257
45.951	-0.2766493611702205
46.001	-0.27664752461159536
46.051	-0.27664569428842806
46.101	-0.27664387017408815
46.151	-0.2766420522422647
46.201	-0.27664024046659913
46.251	-0.2766384348209313
46.301	-0.2766366352792352
46.351	-0.27663484181561937
46.401	-0.27663305440391994
46.451	-0.27663127301932366
46.501	-0.27662949763592964
46.551	-0.27662772822837445
46.601	-0.27662596477095425
46.651	-0.27662420723981623
46.701	-0.27662245560889676
46.751	-0.27662071004329364
46.801	-0.2766189701370527
46.851	-0.27661723605801614
46.901	-0.27661550778091176
46.951	-0.2766137852813262
47.001	-0.2766120685351049
47.051	-0.27661035751808793
47.101	-0.2766086522063599
47.151	-0.2766069525759017
47.201	-0.2766052586030683
47.251	-0.27660357026514126
47.301	-0.2766018875558161
47.351	-0.27660021041499977
47.401	-0.276598538838123
47.451	-0.2765968728021495
47.501	-0.2765952122838542
47.551	-0.2765935572370517
47.601	-0.2765919076569511
47.651	-0.2765902635550795
47.701	-0.2765886248799541
47.751	-0.27658699160922806
47.801	-0.2765853637205657
47.851	-0.276583741191743
47.901	-0.2765821240006475
47.951	-0.2765805119609315
48.001	-0.27657890538036295
48.051	-0.2765773040719453
48.101	-0.27657570801390335
48.151	-0.2765741171846709
48.201	-0.2765725315627973
48.251	-0.2765709511269141
48.301	-0.2765693758557758
48.351	-0.2765678057282577
48.401	-0.2765662407242405
48.451	-0.2765646808209444
48.501	-0.27656312599856636
48.551	-0.27656157623310285
48.601	-0.27656003151019987
48.651	-0.2765584918061829
48.701	-0.2765569571007618
48.751	-0.2765554273736535
48.801	-0.27655390260453927
48.851	-0.27655238277317185
48.901	-0.2765508678892164
48.951	-0.27654935787374885
49.001	-0.2765478527315719
49.051	-0.27654635245253933
49.101	-0.2765448570255213
49.151	-0.27654336640850247
49.201	-0.2765418805872576
49.251	-0.27654039954611026
49.301	-0.276538923266487
49.351	-0.2765374517288943
49.401	-0.27653598491404435
49.451	-0.27653452280625906
49.501	-0.27653306538311473
49.551	-0.2765316126239649
49.601	-0.27653016450512463
49.651	-0.27652872102507386
49.701	-0.27652728214999145
49.751	-0.27652584786854967
49.801	-0.2765244181636383
49.851	-0.27652299301712135
49.901	-0.2765215724039197
49.951	-0.2765201563082827
50.001	-0.27651874471495946
50.051	-0.27651733760557834
50.101	-0.2765159349620111
50.151	-0.27651453676632304
50.201	-0.2765131430008749
50.251	-0.2765117536481115
50.301	-0.27651036869056234
50.351	-0.2765089881108401
50.401	-0.2765076118907597
50.451	-0.27650624001520213
50.501	-0.2765048724654709
50.551	-0.2765035092251796
50.601	-0.27650215027597547
50.651	-0.2765007956028863
50.701	-0.2764994451880577
50.751	-0.27649809901508
50.801	-0.2764967570671365
50.851	-0.276495419327488
50.901	-0.2764940857799646
50.951	-0.2764927564080938
51.001	-0.2764914311922173
51.051	-0.27649011011979985
51.101	-0.2764887931765321
51.151	-0.27648748034418014
51.201	-0.27648617160616124
51.251	-0.27648486694390906
51.301	-0.2764835663475759
51.351	-0.2764822697979254
51.401	-0.2764809772797734
51.451	-0.276479688777185
51.501	-0.27647840427429826
51.551	-0.27647712375586786
51.601	-0.2764758472064663
51.651	-0.2764745746107576
51.701	-0.2764733059534068
51.751	-0.27647204121927454
51.801	-0.27647078039303663
51.851	-0.2764695234597353
51.901	-0.27646827040132144
51.951	-0.2764670212063638
52.001	-0.276465775860332
52.051	-0.2764645343487981
52.101	-0.27646329667050634
52.151	-0.2764620627628234
52.201	-0.27646083266334376
52.251	-0.2764596063383999
52.301	-0.2764583837739243
52.351	-0.27645716495532285
52.401	-0.2764559498674827
52.451	-0.27645473849799673
52.501	-0.27645353083153984
52.551	-0.276452326853749
52.601	-0.2764511261559203
52.651	-0.2764499295203512
52.701	-0.27644873653074353
52.751	-0.27644754717680387
52.801	-0.27644636143880746
52.851	-0.27644518113261507
52.901	-0.27644400076559844
52.951	-0.2764428258027092
53.001	-0.27644165440966534
53.051	-0.2764404865627587
53.101	-0.27643932225352075
53.151	-0.2764381614685792
53.201	-0.27643700419765427
53.251	-0.2764358504215253
53.301	-0.27643470012984783
53.351	-0.27643355330952696
53.401	-0.2764324099475131
53.451	-0.2764312700309434
53.501	-0.276430133544242
53.551	-0.27642900047952446
53.601	-0.2764278708206441
53.651	-0.27642674455645716
53.701	-0.2764256216734289
53.751	-0.2764245021588983
53.801	-0.27642338600109767
53.851	-0.2764222726275949
53.901	-0.27642116314415455
53.951	-0.2764200569783238
54.001	-0.2764189541185426
54.051	-0.2764178545484923
54.101	-0.27641675826389756
54.151	-0.27641566524875694
54.201	-0.2764145754902989
54.251	-0.2764134889770362
54.301	-0.27641240569689807
54.351	-0.27641132563770887
54.401	-0.2764102487875967
54.451	-0.27640917513456126
54.501	-0.2764081046666085
54.551	-0.2764070379334574
54.601	-0.27640597380055165
54.651	-0.276404912818524
54.701	-0.2764038549741917
54.751	-0.2764028002567619
54.801	-0.2764017486547138
54.851	-0.27640070015657797
54.901	-0.276399654750936
54.951	-0.2763986124263681
55.001	-0.2763975731716233
55.051	-0.27639653697545646
55.101	-0.2763955038266136
55.151	-0.2763944737139267
55.201	-0.2763934466262774
55.251	-0.2763924225525965
55.301	-0.2763914014818635
55.351	-0.27639038340266175
55.401	-0.2763893683049569
55.451	-0.2763883561774293
55.501	-0.27638734572892193
55.551	-0.2763863407896428
55.601	-0.2763853375077551
55.651	-0.2763843371531329
55.701	-0.2763833397150259
55.751	-0.27638234518283966
55.801	-0.27638135354602883
55.851	-0.2763803647940938
55.901	-0.2763793789161641
55.951	-0.2763783959026655
56.001	-0.27637741547221273
56.051	-0.2763764381556898
56.101	-0.2763754636716322
56.151	-0.2763744922822559
56.201	-0.2763735234342923
56.251	-0.2763725573890197
56.301	-0.276371594135986
56.351	-0.2763706336653196
56.401	-0.2763696759670131
56.451	-0.27636872103111737
56.501	-0.2763677688476824
56.551	-0.27636681940684493
56.601	-0.27636587269727747
56.651	-0.27636492871161566
56.701	-0.2763639874397344
56.751	-0.2763630488713645
56.801	-0.27636211299660074
56.851	-0.27636117980700864
56.901	-0.27636024929121167
56.951	-0.27635932143963704
57.001	-0.2763583962455202
57.051	-0.27635747369667724
57.101	-0.27635655378454854
57.151	-0.2763556364996273
57.201	-0.2763547218328293
57.251	-0.2763538097747282
57.301	-0.2763529003157031
57.351	-0.2763519934470937
57.401	-0.2763510891596851
57.451	-0.27635018744417333
57.501	-0.2763492882914562
57.551	-0.27634839169265707
57.601	-0.27634749763837824
57.651	-0.27634660611981987
57.701	-0.276345717128034
57.751	-0.2763448306541108
57.801	-0.27634394668917783
57.851	-0.27634306542780873
57.901	-0.27634218645487146
57.951	-0.27634130996434475
58.001	-0.2763404359457983
58.051	-0.27633956439263424
58.101	-0.2763386953014091
58.151	-0.27633782865672374
58.201	-0.27633696444927264
58.251	-0.27633610246186496
58.301	-0.27633524310706364
58.351	-0.2763343861661031
58.401	-0.27633353163055085
58.451	-0.2763326794920098
58.501	-0.2763318297421182
58.551	-0.2763309823725493
58.601	-0.27633013737501155
58.651	-0.2763292947412479
58.701	-0.27632845446303606
58.751	-0.2763276165386498
58.801	-0.276326780947182
58.851	-0.2763259476858856
58.901	-0.2763251167478725
58.951	-0.27632428812437393
59.001	-0.27632346180866924
59.051	-0.276322637795782
59.101	-0.27632181607003903
59.151	-0.27632099662737564
59.201	-0.2763201794599064
59.251	-0.2763193645597783
59.301	-0.2763185519191713
59.351	-0.27631774153029776
59.401	-0.27631693338540203
59.451	-0.2763161274767609
59.501	-0.2763153237966831
59.551	-0.2763145223352292
59.601	-0.2763137230893243
59.651	-0.27631292604915225
59.701	-0.2763121312071941
59.751	-0.2763113385553881
59.801	-0.27631054808693833
59.851	-0.2763097597936057
59.901	-0.2763089736694117
59.951	-0.27630818970599513
60.001	-0.2763074078955672
60.051	-0.276306628228614
60.101	-0.27630585070280955
60.151	-0.2763050753084223
60.201	-0.2763043020381929
60.251	-0.2763035308235657
60.301	-0.2763027617800077
60.351	-0.2763019948390072
60.401	-0.2763012299936549
60.451	-0.27630046723259943
60.501	-0.27629970655654457
60.551	-0.2762989479490974
60.601	-0.27629819141435985
60.651	-0.27629743763845493
60.701	-0.27629668521619183
60.751	-0.2762959348386394
60.801	-0.27629518580783563
60.851	-0.2762944395045987
60.901	-0.2762936952268671
60.951	-0.27629295296753187
61.001	-0.2762922127191041
61.051	-0.2762914744792045
61.101	-0.2762907382415969
61.151	-0.27629000398987286
61.201	-0.27628927172317674
61.251	-0.276288541703777
61.301	-0.2762878133876963
61.351	-0.2762870870366036
61.401	-0.27628636237375476
61.451	-0.27628563993277405
61.501	-0.27628491943719896
61.551	-0.2762842008754701
61.601	-0.27628348425131616
61.651	-0.27628276955317144
61.701	-0.2762820567746405
61.751	-0.2762813459093335
61.801	-0.27628063695083455
61.851	-0.2762799298927941
61.901	-0.2762792247288141
61.951	-0.27627852145270054
62.001	-0.27627782005820195
62.051	-0.27627712058425713
62.101	-0.2762764229491551
62.151	-0.2762757271617501
62.201	-0.27627503323106006
62.251	-0.2762743411510182
62.301	-0.2762736509153338
62.351	-0.27627296251807176
62.401	-0.2762722759530728
62.451	-0.27627159121433387
62.501	-0.27627090829572787
62.551	-0.276270227191291
62.601	-0.2762695478954081
62.651	-0.27626887039850057
62.701	-0.27626819470081615
62.751	-0.27626752079283673
62.801	-0.2762668486640508
62.851	-0.276266178319878
62.901	-0.27626550974934344
62.951	-0.27626484294496617
63.001	-0.2762641779026352
63.051	-0.2762635146148761
63.101	-0.27626285307675585
63.151	-0.27626219328262147
63.201	-0.2762615352267327
63.251	-0.2762608789036555
63.301	-0.2762602243072357
63.351	-0.27625957143208457
63.401	-0.2762589202726861
63.451	-0.27625827082322196
63.501	-0.2762576230615926
63.551	-0.276256977015802
63.601	-0.27625633209644285
63.651	-0.2762556899989584
63.701	-0.2762550490169075
63.751	-0.2762544097117942
63.801	-0.27625377207822194
63.851	-0.2762531361107475
63.901	-0.27625250165139886
63.951	-0.27625186899216
64.001	-0.27625123798301077
64.051	-0.27625060862717277
64.101	-0.2762499809093857
64.151	-0.27624935483939034
64.201	-0.27624873050731574
64.251	-0.27624810767765173
64.301	-0.27624748646482783
64.351	-0.27624686686591343
64.401	-0.2762462488739722
64.451	-0.2762456324847031
64.501	-0.2762450176715576
64.551	-0.2762444044724141
64.601	-0.27624379286061107
64.651	-0.27624318283025484
64.701	-0.27624257437719874
64.751	-0.27624196749667823
64.801	-0.2762413621836052
64.851	-0.2762408935462755
64.901	-0.27624015549182757
64.951	-0.27623955485191976
65.001	-0.2762389557589622
65.051	-0.27623835820812737
65.101	-0.27623776219452584
65.151	-0.2762371677132562
65.201	-0.2762365744898244
65.251	-0.2762359830596462
65.301	-0.27623539387291574
65.351	-0.2762348057368562
65.401	-0.2762342188478463
65.451	-0.27623363345600815
65.501	-0.27623304956261835
65.551	-0.2762324671629841
65.601	-0.2762318862523695
65.651	-0.27623130682678915
65.701	-0.2762307288802758
65.751	-0.27623015241425986
65.801	-0.2762295774127004
65.851	-0.27622900387675003
65.901	-0.2762284318017797
65.951	-0.27622786120469145
66.001	-0.27622729203768925
66.051	-0.27622672431788664
66.101	-0.2762261580407242
66.151	-0.2762255932016599
66.201	-0.27622502979639263
66.251	-0.27622446781996757
66.301	-0.27622390726811696
66.351	-0.27622334813664656
66.401	-0.2762227904205408
66.451	-0.27622223411564173
66.501	-0.276221679217518
66.551	-0.276221125721767
66.601	-0.27622057362399827
66.651	-0.276220022919838
66.701	-0.2762194736676675
66.751	-0.27621892573768375
66.801	-0.2762183791883178
66.851	-0.27621783401519184
66.901	-0.2762172902157179
66.951	-0.27621674778491534
67.001	-0.27621620671494057
67.051	-0.27621566700675554
67.101	-0.2762151286512536
67.151	-0.2762145916462036
67.201	-0.27621405598775833
67.251	-0.27621352167165225
67.301	-0.2762129886962469
67.351	-0.2762124570524769
67.401	-0.27621192673859113
67.451	-0.2762113977479853
67.501	-0.2762108700840589
67.551	-0.27621034370353303
67.601	-0.27620981863649985
67.651	-0.276209294917347
67.701	-0.2762087724970125
67.751	-0.27620825137808663
67.801	-0.27620773155655504
67.851	-0.27620721302841855
67.901	-0.2762066957896925
67.951	-0.2762061798364071
68.001	-0.2762056651646072
68.051	-0.2762051517703522
68.101	-0.27620463964638975
68.151	-0.27620412879547235
68.201	-0.2762036192092511
68.251	-0.276203110886074
68.301	-0.27620260382095546
68.351	-0.2762020980100408
68.401	-0.2762015934494901
68.451	-0.2762010901354769
68.501	-0.2762005880641609
68.551	-0.27620008723174194
68.601	-0.2761995876344095
68.651	-0.2761990892685645
68.701	-0.27619859212923537
68.751	-0.27619809621488245
68.801	-0.27619760152067335
68.851	-0.27619710804271996
68.901	-0.276196615777665
68.951	-0.2761961247215267
69.001	-0.27619563487087173
69.051	-0.27619514622191743
69.101	-0.2761946587710208
69.151	-0.27619417251457934
69.201	-0.2761936874488894
69.251	-0.2761932035703857
69.301	-0.27619272087547264
69.351	-0.2761922393605676
69.401	-0.2761917590219268
69.451	-0.2761912798520384
69.501	-0.27619080185579037
69.551	-0.2761903250253489
69.601	-0.27618984935719587
69.651	-0.27618937484782585
69.701	-0.27618890149365843
69.751	-0.27618842937904425
69.801	-0.27618795832465387
69.851	-0.276187488415149
69.901	-0.27618701964717773
69.951	-0.2761865520202245
70.001	-0.2761860855278084
70.051	-0.2761856201636306
70.101	-0.2761851559272496
70.151	-0.27618469281528435
70.201	-0.27618423082457977
70.251	-0.2761837699515649
70.301	-0.2761833101926651
70.351	-0.2761828515448225
70.401	-0.2761823940046386
70.451	-0.27618193748527486
70.501	-0.2761814821509356
70.551	-0.2761810279143934
70.601	-0.2761805747723746
70.651	-0.27618012272140136
70.701	-0.2761796717586542
70.751	-0.27617922188067856
70.801	-0.27617877308424726
70.851	-0.2761783253661442
70.901	-0.2761778787237094
70.951	-0.2761774331522842
71.001	-0.2761769886499845
71.051	-0.27617654521323515
71.101	-0.27617610283893335
71.151	-0.2761756615239028
71.201	-0.27617522126500704
71.251	-0.27617478205912016
71.301	-0.27617434390312756
71.351	-0.2761739067939256
71.401	-0.2761734707283939
71.451	-0.2761730357035065
71.501	-0.27617260171616487
71.551	-0.27617216876328976
71.601	-0.2761717368418703
71.651	-0.2761713059492113
71.701	-0.27617087608156077
71.751	-0.2761704472362639
71.801	-0.2761700194100949
71.851	-0.27616959260043705
71.901	-0.27616916680420445
71.951	-0.2761687420183631
72.001	-0.2761683182399486
72.051	-0.27616789546589005
72.101	-0.27616747369347855
72.151	-0.27616705291282895
72.201	-0.27616663313499423
72.251	-0.2761662140751718
72.301	-0.27616579628174664
72.351	-0.27616537947527703
72.401	-0.2761649636614084
72.451	-0.2761645488203186
72.501	-0.2761641349573595
72.551	-0.27616372206799084
72.601	-0.27616331015337425
72.651	-0.27616289920641746
72.701	-0.27616248922860615
72.751	-0.27616208020749666
72.801	-0.2761616721547618
72.851	-0.2761612650606093
72.901	-0.27616085886642444
72.951	-0.27616045368097053
73.001	-0.2761600494457075
73.051	-0.2761596461610057
73.101	-0.2761592438180967
73.151	-0.2761588424202215
73.201	-0.2761584419586529
73.251	-0.27615804243058334
73.301	-0.27615764383946506
73.351	-0.2761572461824705
73.401	-0.2761568494510333
73.451	-0.27615645364540803
73.501	-0.2761560587629248
73.551	-0.276155664800923
73.601	-0.2761552717536418
73.651	-0.27615487962464647
73.701	-0.2761544884082053
73.751	-0.27615409809855335
73.801	-0.2761537086993466
73.851	-0.2761533202048757
73.901	-0.2761529326124888
73.951	-0.27615254591965216
74.001	-0.2761521601237315
74.051	-0.2761517752773978
74.101	-0.2761513912677523
74.151	-0.2761510081477068
74.201	-0.2761506259140583
74.251	-0.2761502445645593
74.301	-0.27614986409671016
74.351	-0.2761494845079155
74.401	-0.2761491057958195
74.451	-0.2761487279576021
74.501	-0.2761483509912554
74.551	-0.27614797489507215
74.601	-0.2761475996645358
74.651	-0.27614722529820046
74.701	-0.2761468517936073
74.751	-0.2761464791483058
74.801	-0.27614610735992645
74.851	-0.2761457364258902
74.901	-0.276145366343844
74.951	-0.27614499711137047
75.001	-0.2761446287260606
75.051	-0.2761442611855858
75.101	-0.2761438944874081
75.151	-0.2761435286292152
75.201	-0.2761431636086305
75.251	-0.27614279942328535
75.301	-0.27614243607082234
75.351	-0.27614207354888226
75.401	-0.27614171185512715
75.451	-0.27614135098721304
75.501	-0.2761409909428147
75.551	-0.2761406317196145
75.601	-0.276140273315292
75.651	-0.27613991572754903
75.701	-0.2761395589540803
75.751	-0.2761392029925995
75.801	-0.27613884783172926
75.851	-0.2761384934873853
75.901	-0.2761381399482719
75.951	-0.27613778721199606
76.001	-0.2761374352763729
76.051	-0.27613708413917365
76.101	-0.27613673380719045
76.151	-0.2761363842601044
76.201	-0.27613603550472376
76.251	-0.2761356875388492
76.301	-0.2761353403602627
76.351	-0.2761349939641034
76.401	-0.27613464835353896
76.451	-0.2761343035237019
76.501	-0.2761339594724044
76.551	-0.2761336161981598
76.601	-0.2761332736974475
76.651	-0.27613293195973165
76.701	-0.2761325910012432
76.751	-0.2761322508102565
76.801	-0.2761319113761125
76.851	-0.27613157271421235
76.901	-0.27613123481372964
76.951	-0.2761308976725154
77.001	-0.2761305612884633
77.051	-0.2761302256594739
77.101	-0.27612989078345485
77.151	-0.2761295567426677
77.201	-0.27612922336581025
77.251	-0.2761288908189462
77.301	-0.2761285589329755
77.351	-0.2761282277888888
77.401	-0.2761278973861026
77.451	-0.27612756772183794
77.501	-0.27612723879405704
77.551	-0.27612691060109296
77.601	-0.2761265831401923
77.651	-0.27612625646755873
77.701	-0.2761259304684119
77.751	-0.2761256052047859
77.801	-0.27612528057893687
77.851	-0.2761249567524484
77.901	-0.27612463364490186
77.951	-0.2761243112548573
78.001	-0.27612398958121914
78.051	-0.27612366862215065
78.101	-0.27612334837562863
78.151	-0.27612302883970047
78.201	-0.27612271001242017
78.251	-0.2761223918918479
78.301	-0.2761220744760503
78.351	-0.2761217577631003
78.401	-0.276121441751077
78.451	-0.27612112643806597
78.501	-0.27612081182215886
78.551	-0.27612049790179344
78.601	-0.2761201846742636
78.651	-0.27611987213811856
78.701	-0.2761195602916953
78.751	-0.2761192491328931
78.801	-0.27611893865985565
78.851	-0.27611862887020705
78.901	-0.27611831976307477
78.951	-0.2761180113362455
79.001	-0.27611770358777543
79.051	-0.2761173965158235
79.101	-0.2761170901185545
79.151	-0.27611678439204634
79.201	-0.2761164781746203
79.251	-0.27611617495658225
79.301	-0.27611587115379405
79.351	-0.27611556809947274
79.401	-0.27611526571731415
79.451	-0.2761149639932105
79.501	-0.27611466292876985
79.551	-0.2761143625185643
79.601	-0.2761140627691983
79.651	-0.27611376367495466
79.701	-0.2761134652335184
79.751	-0.2761131674538402
79.801	-0.27611287032652804
79.851	-0.27611257383105275
79.901	-0.2761122779845468
79.951	-0.2761119827824106
80.001	-0.2761116882228538
80.051	-0.2761113943042683
80.101	-0.2761111010248157
80.151	-0.27611080838289903
80.201	-0.27611051637674994
80.251	-0.2761102250046643
80.301	-0.2761099342648847
80.351	-0.276109644155895
80.401	-0.27610935467583053
80.451	-0.2761090658239699
80.501	-0.2761087775968303
80.551	-0.2761084899936441
80.601	-0.27610820301308286
80.651	-0.27610791665280937
80.701	-0.27610763091150636
80.751	-0.2761073457875825
80.801	-0.27610706127927476
80.851	-0.2761067773850021
80.901	-0.2761064941031888
80.951	-0.2761062114320875
81.001	-0.27610592937013284
81.051	-0.27610564791576453
81.101	-0.2761053670672507
81.151	-0.2761050868230413
81.201	-0.27610480718037317
81.251	-0.27610452813995845
81.301	-0.276104249699052
81.351	-0.27610397185606506
81.401	-0.27610369460941403
81.451	-0.27610341795728877
81.501	-0.27610314189857854
81.551	-0.27610286643144516
81.601	-0.2761025915544012
81.651	-0.2761023172658498
81.701	-0.2761020435642574
81.751	-0.27610177044803413
81.801	-0.27610149791565636
81.851	-0.27610122596557046
81.901	-0.2761009545962707
81.951	-0.27610068380621317
82.001	-0.27610041359385884
82.051	-0.27610014400320293
82.101	-0.27609987494174076
82.151	-0.27609960645345033
82.201	-0.2760993385368258
82.251	-0.2760990711903452
82.301	-0.2760988044127733
82.351	-0.27609853820433716
82.401	-0.2760982725594129
82.451	-0.2760980074786963
82.501	-0.27609774296070955
82.551	-0.2760974790040262
82.601	-0.27609721560713135
82.651	-0.27609695276853546
82.701	-0.27609669048680485
82.751	-0.2760964287604493
82.801	-0.27609616758805394
82.851	-0.2760959069681729
82.901	-0.2760956468993186
82.951	-0.2760953873348461
83.001	-0.2760951286008362
83.051	-0.2760948699397517
83.101	-0.2760946120609292
83.151	-0.2760943547262344
83.201	-0.27609409793353457
83.251	-0.27609384168227774
83.301	-0.2760935859395848
83.351	-0.27609333076632286
83.401	-0.27609307612996586
83.451	-0.2760928220291208
83.501	-0.27609256846239916
83.551	-0.27609231542841683
83.601	-0.2760920628819611
83.651	-0.2760918109093254
83.701	-0.276091559465565
83.751	-0.27609130855969444
83.801	-0.27609105816879875
83.851	-0.27609080831333094
83.901	-0.27609055897012624
83.951	-0.2760903099429318
84.001	-0.27609006164154026
84.051	-0.27608981390255954
84.101	-0.2760895666382482
84.151	-0.2760893198894992
84.201	-0.276089073656779
84.251	-0.276088827937987
84.301	-0.27608858273139375
84.351	-0.27608833803574273
84.401	-0.2760880938499439
84.451	-0.27608785012957765
84.501	-0.27608760695956236
84.551	-0.2760873642957117
84.601	-0.2760871221374339
84.651	-0.27608688067204873
84.701	-0.27608663951865997
84.751	-0.2760863988660494
84.801	-0.27608615871293035
84.851	-0.27608591905801827
84.901	-0.27608567990003896
84.951	-0.27608544123771034
85.001	-0.27608520651934215
85.051	-0.2760849653950054
85.101	-0.2760847282120959
85.151	-0.2760844915197952
85.201	-0.2760842553168771
85.251	-0.2760840196020821
85.301	-0.27608378437416703
85.351	-0.2760835496318802
85.401	-0.27608331537401004
85.451	-0.27608308159931255
85.501	-0.2760828483066109
85.551	-0.27608261549457663
85.601	-0.2760823831775804
85.651	-0.2760821513233726
85.701	-0.27608191994623316
85.751	-0.2760816890453518
85.801	-0.27608145861872124
85.851	-0.2760812286655404
85.901	-0.27608099918461054
85.951	-0.27608077017473626
86.001	-0.27608054163472606
86.051	-0.2760803135633918
86.101	-0.2760800859595491
86.151	-0.27607985882201685
86.201	-0.27607963214961784
86.251	-0.27607940594117825
86.301	-0.2760791801955278
86.351	-0.2760789549114997
86.401	-0.2760787300666236
86.451	-0.2760785057024992
86.501	-0.27607828179651694
86.551	-0.276078058347524
86.601	-0.27607783535437097
86.651	-0.276077612815912
86.701	-0.27607739073100457
86.751	-0.27607716909156454
86.801	-0.27607694791041215
86.851	-0.2760767271793823
86.901	-0.2760765068975988
86.951	-0.2760762870634751
87.001	-0.2760760676762155
87.051	-0.27607584873450813
87.101	-0.2760756302373342
87.151	-0.2760754121832559
87.201	-0.27607519457181284
87.251	-0.27607497740157694
87.301	-0.2760747606716601
87.351	-0.27607454438053614
87.401	-0.2760743285273225
87.451	-0.2760741131109267
87.501	-0.2760738981296586
87.551	-0.2760736835836298
87.601	-0.27607346947116096
87.651	-0.2760732557911727
87.701	-0.2760730425426951
87.751	-0.27607282972443825
87.801	-0.27607261733544264
87.851	-0.2760724053746414
87.901	-0.27607219384097104
87.951	-0.276071982733354
88.001	-0.2760717720510057
88.051	-0.27607156170403346
88.101	-0.2760713518661568
88.151	-0.2760711424512026
88.201	-0.27607093354825535
88.251	-0.2760707249749885
88.301	-0.2760705168204559
88.351	-0.27607030908362207
88.401	-0.27607010176345426
88.451	-0.2760698948589229
88.501	-0.27606968836900153
88.551	-0.2760694822926666
88.601	-0.2760692766288975
88.651	-0.27606907137708087
88.701	-0.27606886653539886
88.751	-0.2760686621032392
88.801	-0.2760684580795933
88.851	-0.27606825446345523
88.901	-0.276068051253956
88.951	-0.276067848449829
89.001	-0.27606764605021084
89.051	-0.2760674440541076
89.101	-0.2760672424605282
89.151	-0.2760670412684847
89.201	-0.2760668404769917
89.251	-0.2760666400850853
89.301	-0.27606644009173725
89.351	-0.27606624049600775
89.401	-0.27606604129691675
89.451	-0.2760658424934933
89.501	-0.2760656440848124
89.551	-0.2760654460698272
89.601	-0.2760652484476171
89.651	-0.27606505121721586
89.701	-0.2760648543785297
89.751	-0.27606465792898416
89.801	-0.27606446186835454
89.851	-0.2760642661957577
89.901	-0.2760640709103597
89.951	-0.27606387601092985
90.001	-0.2760636814968217
90.051	-0.2760634873670691
90.101	-0.2760632936203452
90.151	-0.2760631002559883
90.201	-0.27606290727364985
90.251	-0.2760627146712974
90.301	-0.27606252244876683
90.351	-0.27606233029240945
90.401	-0.27606213882596864
90.451	-0.2760619480487144
90.501	-0.2760617573353452
90.551	-0.27606156699737094
90.601	-0.2760613770328187
90.651	-0.27606118744145897
90.701	-0.2760609982223887
90.751	-0.27606080937470756
90.801	-0.27606062089751776
90.851	-0.2760604327899921
90.901	-0.2760602450511032
90.951	-0.2760600576800279
91.001	-0.2760598706758785
91.051	-0.2760596840377703
91.101	-0.2760594977648207
91.151	-0.27605931185614996
91.201	-0.2760591263108806
91.251	-0.27605894112802165
91.301	-0.2760587563065603
91.351	-0.27605857184625243
91.401	-0.2760583877456248
91.451	-0.27605820400301195
91.501	-0.2760580206162938
91.551	-0.2760578375904886
91.601	-0.2760576549211541
91.651	-0.2760574726074371
91.701	-0.27605729064848505
91.751	-0.276057109043448
91.801	-0.27605692779147806
91.851	-0.27605674689173
91.901	-0.27605656634336084
91.951	-0.27605638614872
92.001	-0.27605620630058164
92.051	-0.2760560268013096
92.101	-0.27605584765006724
92.151	-0.2760556688460253
92.201	-0.27605549038835514
92.251	-0.2760553122762305
92.301	-0.2760551345091124
92.351	-0.27605495708560945
92.401	-0.2760547800051872
92.451	-0.2760546032693073
92.501	-0.27605442687259213
92.551	-0.27605425081651397
92.601	-0.27605407510026286
92.651	-0.2760539045341405
92.701	-0.2760537246840133
92.751	-0.2760535499824062
92.801	-0.27605337562423327
92.851	-0.27605320159194596
92.901	-0.27605302789772634
92.951	-0.2760528545377657
93.001	-0.276052681511234
93.051	-0.2760525088173417
93.101	-0.27605233645530136
93.151	-0.2760521644243278
93.201	-0.27605199272351627
93.251	-0.27605182135232986
93.301	-0.2760516503098679
93.351	-0.27605147959535387
93.401	-0.2760513092080137
93.451	-0.2760511391459944
93.501	-0.276050969410687
93.551	-0.276050800000244
93.601	-0.2760506309138995
93.651	-0.2760504621508903
93.701	-0.276050293373639
93.751	-0.27605012525736716
93.801	-0.27604995746221567
93.851	-0.27604978998734964
93.901	-0.27604962283154044
93.951	-0.2760494559949912
94.001	-0.27604928947647583
94.051	-0.2760491232752479
94.101	-0.276048957390563
94.151	-0.27604879182167913
94.201	-0.27604862656785606
94.251	-0.27604846162835567
94.301	-0.27604829700240363
94.351	-0.27604813268934275
94.401	-0.27604796868840265
94.451	-0.2760478050002857
94.501	-0.2760476416213802
94.551	-0.27604747855241185
94.601	-0.27604731579265696
94.651	-0.27604715334143215
94.701	-0.27604699119797865
94.751	-0.27604682936157915
94.801	-0.2760466677410981
94.851	-0.27604650651728296
94.901	-0.276046345598531
94.951	-0.2760461849838306
95.001	-0.2760460246723186
95.051	-0.27604586466390024
95.101	-0.2760457049559636
95.151	-0.27604554555110516
95.201	-0.27604538653266747
95.251	-0.2760452277279035
95.301	-0.27604506922227084
95.351	-0.27604491101523204
95.401	-0.2760447531060947
95.451	-0.2760445954941683
95.501	-0.2760444381787642
95.551	-0.27604428115919577
95.601	-0.27604412443477866
95.651	-0.2760439680048277
95.701	-0.2760438118697683
95.751	-0.27604365602671277
95.801	-0.2760435004766069
95.851	-0.2760433452177791
95.901	-0.2760431902500326
95.951	-0.27604303557269566
96.001	-0.2760428811850984
96.051	-0.27604272708657274
96.101	-0.27604257327645243
96.151	-0.2760424197540731
96.201	-0.27604226652579045
96.251	-0.2760421135769295
96.301	-0.2760419609139986
96.351	-0.27604180853599825
96.401	-0.2760416564424439
96.451	-0.2760415046311993
96.501	-0.2760413531051293
96.551	-0.27604120186099934
96.601	-0.27604105089871184
96.651	-0.27604090021761835
96.701	-0.276040749817078
96.751	-0.27604059969644595
96.801	-0.276040449855079
96.851	-0.27604030029234167
96.901	-0.2760401510075943
96.951	-0.276040002000311
97.001	-0.27603985326840574
97.051	-0.27603970481381923
97.101	-0.2760395566333772
97.151	-0.27603940872907434
97.201	-0.2760392610989326
97.251	-0.2760391137424429
97.301	-0.2760389666588646
97.351	-0.27603881984761436
97.401	-0.2760386733080716
97.451	-0.2760385270396174
97.501	-0.27603838105079387
97.551	-0.27603823532266936
97.601	-0.2760380898637867
97.651	-0.27603794467353354
97.701	-0.27603779975129933
97.751	-0.2760376550964752
97.801	-0.27603751070845395
97.851	-0.27603736658662964
97.901	-0.2760372227297299
97.951	-0.2760370791384895
98.001	-0.2760369358116391
98.051	-0.27603679273865755
98.101	-0.2760366499380997
98.151	-0.27603650740082947
98.201	-0.2760363651240306
98.251	-0.2760362231034436
98.301	-0.2760360813494337
98.351	-0.27603593984549984
98.401	-0.2760357985972962
98.451	-0.2760356576231716
98.501	-0.2760355169075377
98.551	-0.27603537644974757
98.601	-0.2760352362492867
98.651	-0.2760350963055515
98.701	-0.27603495661796335
98.751	-0.2760348171859453
98.801	-0.2760346780089219
98.851	-0.2760345390877502
98.901	-0.27603440041899574
98.951	-0.27603426200508774
99.001	-0.27603412384231885
99.051	-0.2760339859316903
99.101	-0.2760338482726122
99.151	-0.2760337108645669
99.201	-0.2760335737069677
99.251	-0.2760334367992527
99.301	-0.2760333001408616
99.351	-0.27603316373123565
99.401	-0.2760330275698176
99.451	-0.27603289165602796
99.501	-0.2760327559893598
99.551	-0.27603262056923644
99.601	-0.2760324853951066
99.651	-0.27603235046642044
99.701	-0.27603221578265313
99.751	-0.2760320813432103
99.801	-0.2760319471475699
99.851	-0.2760318131951881
99.901	-0.2760316794855221
99.951	-0.27603154601803076
500.	-0.27593636638021285