0.001	-513.1114910146267
0.051	-10.215355640291373
0.101	-5.236935726518269
0.151	-3.555977467280734
0.201	-2.711683648320895
0.251	-2.2040517002787507
0.301	-1.8653067195133244
0.351	-1.6232720746091376
0.401	-1.4417694871257716
0.451	-1.3006642895052898
0.501	-1.187859628952769
0.551	-1.0956495455965771
0.601	-1.018892485949627
0.651	-0.9540264951958548
0.701	-0.8985058868944292
0.751	-0.8504629358427825
0.801	-0.8084962796316272
0.851	-0.771533914091989
0.901	-0.7387418062239501
0.951	-0.709461335924956
1.001	-0.6831654864428314
1.051	-0.6594275398782253
1.101	-0.6378983025971341
1.151	-0.6182892666118135
1.201	-0.600359977161501
1.251	-0.5839084296548372
1.301	-0.5687636809504331
1.351	-0.5547801014082454
1.401	-0.5418328577684128
1.451	-0.5298143299109137
1.501	-0.518631243624583
1.551	-0.5082023590596824
1.601	-0.4984565903229496
1.651	-0.4893314678782732
1.701	-0.480771873233031
1.751	-0.4727289880507972
1.801	-0.4651594207913217
1.851	-0.45802447246261196
1.901	-0.4512895202669168
1.951	-0.4449235035818122
2.001	-0.4388984439811371
2.051	-0.4331891220128008
2.101	-0.42777271370699216
2.151	-0.42262852107361726
2.201	-0.4177377260013211
2.251	-0.4130831991095651
2.301	-0.4086492899626181
2.351	-0.4044216871187163
2.401	-0.4003872742738169
2.451	-0.3965340084572171
2.501	-0.39285081263798527
2.551	-0.38932748880544055
2.601	-0.3859546033488999
2.651	-0.38272345863004786
2.701	-0.3796259881896207
2.751	-0.37665473885332956
2.801	-0.3738027687058104
2.851	-0.3710636331274505
2.901	-0.3684313320820399
2.951	-0.36590027608486586
3.001	-0.3634652493016347
3.051	-0.3611213808280912
3.101	-0.3588641154155945
3.151	-0.35668918887128676
3.201	-0.35459260654055613
3.251	-0.3525706245674803
3.301	-0.3506197042438107
3.351	-0.3487365573082934
3.401	-0.34691806866759456
3.451	-0.3451613057171231
3.501	-0.34346350884249544
3.551	-0.3418220744503063
3.601	-0.3402345439391894
3.651	-0.33869859807562236
3.701	-0.3372120395484026
3.751	-0.33577279490051826
3.801	-0.3343788979840759
3.851	-0.33302848601919
3.901	-0.3317197935125523
3.951	-0.33045114558137456
4.001	-0.32922095225851544
4.051	-0.3280277068869474
4.101	-0.32686996653043765
4.151	-0.3257463697459447
4.201	-0.3246556148744921
4.251	-0.3235964704467397
4.301	-0.32256775505022045
4.351	-0.3215683451035909
4.401	-0.3205971696976916
4.451	-0.31965320642456396
4.501	-0.3187354800221663
4.551	-0.3178430582249236
4.601	-0.31697505043035434
4.651	-0.3161306052055233
4.701	-0.3153089081628384
4.751	-0.3145091800430524
4.801	-0.3137306748464047
4.851	-0.31297267811484064
4.901	-0.3122345342789933
4.951	-0.3115155298107891
5.001	-0.31081503393651055
5.051	-0.31013250672218057
5.101	-0.3094673313090969
5.151	-0.30881895580747676
5.201	-0.30818684626603743
5.251	-0.3075704897044359
5.301	-0.3069693931490657
5.351	-0.30638308296258837
5.401	-0.3058111024558106
5.451	-0.30525301031757057
5.501	-0.30470839185473164
5.551	-0.3041768370930479
5.601	-0.3036579549285195
5.651	-0.3031513686325247
5.701	-0.3026567152228735
5.751	-0.30217364486176096
5.801	-0.30170182027205295
5.851	-0.30124091621886073
5.901	-0.30079061898502213
5.951	-0.3003506257782236
6.001	-0.29992064447278005
6.051	-0.29950039296351133
6.101	-0.2990895989846244
6.151	-0.298687999394437
6.201	-0.29829534004508984
6.251	-0.2979113753424193
6.301	-0.2975358678556874
6.351	-0.29716858804860274
6.401	-0.2968093139829166
6.451	-0.2964578308948527
6.501	-0.29611393105517925
6.551	-0.29577741345947195
6.601	-0.2954480835352254
6.651	-0.29512575323713647
6.701	-0.2948102395177613
6.751	-0.2945013659791503
6.801	-0.2941989615868955
6.851	-0.2939028604689148
6.901	-0.29361290187583444
6.951	-0.2933289301467026
7.001	-0.2930507942187449
7.051	-0.2927783477692997
7.101	-0.29251144752702213
7.151	-0.29224995792183817
7.201	-0.2919937442627223
7.251	-0.29174267686918776
7.301	-0.2914966296689836
7.351	-0.291255480843116
7.401	-0.2910191115956508
7.451	-0.2907874069421868
7.501	-0.2905602545958348
7.551	-0.29033754572087767
7.601	-0.2901191755178701
7.651	-0.2899050410330334
7.701	-0.2896950425829682
7.751	-0.28948908328187445
7.801	-0.2892870689808843
7.851	-0.2890889078772073
7.901	-0.288894512239502
7.951	-0.28870379343102165
8.001	-0.2885166681617917
8.051	-0.28833305465594494
8.101	-0.2881528729002827
8.151	-0.2879760454397016
8.201	-0.287802496805615
8.251	-0.28763215353487653
8.301	-0.28746494407198864
8.351	-0.2873007988993363
8.401	-0.28713965000094427
8.451	-0.28698143144924176
8.501	-0.2868260789327889
8.551	-0.2866735296765594
8.601	-0.28652372291874506
8.651	-0.28637659899507095
8.701	-0.2862321001103603
8.751	-0.28609016973220097
8.801	-0.2859507528301422
8.851	-0.28581379576291405
8.901	-0.285679246237474
8.951	-0.2855470532694518
9.001	-0.2854171671449407
9.051	-0.2852895393835765
9.101	-0.28516412252923684
9.151	-0.2850408707124086
9.201	-0.2849197389690199
9.251	-0.2848006833068696
9.301	-0.2846836609013514
9.351	-0.2845686299643596
9.401	-0.284455549715126
9.451	-0.28434438036143955
9.501	-0.28423508303495376
9.551	-0.2841276198203168
9.601	-0.2840219535940231
9.651	-0.2839180484020065
9.701	-0.2838158688491499
9.751	-0.2837153805887422
9.801	-0.2836165497061697
9.851	-0.2835193434573046
9.901	-0.28342372969880697
9.951	-0.28332967706529094
10.001	-0.28323715490168033
10.051	-0.2831461332558617
10.101	-0.28305658286005553
10.151	-0.2829684751269836
10.201	-0.2828817820757731
10.251	-0.282796476399346
10.301	-0.2827125310588297
10.351	-0.2826299206080065
10.401	-0.28254861909278256
10.451	-0.28246860176681965
10.501	-0.2823898441277028
10.551	-0.2823123223326174
10.601	-0.2822360128783228
10.651	-0.28216089324173543
10.701	-0.2820869409453738
10.751	-0.2820141341731488
10.801	-0.2819424515709089
10.851	-0.2818718722618194
10.901	-0.2818023757395389
10.951	-0.2817339420325347
11.001	-0.28166655157659537
11.051	-0.28160018521275115
11.101	-0.2815348241953055
11.151	-0.28147045018161765
11.201	-0.2814070452048443
11.251	-0.2813445916951421
11.301	-0.28128307135341335
11.351	-0.28122247058814676
11.401	-0.28116276543037955
11.451	-0.28110394933321475
11.501	-0.28104600218532716
11.551	-0.28098890910459784
11.601	-0.2809326537240544
11.651	-0.28087722178832264
11.701	-0.28082259874976423
11.751	-0.280768770358872
11.801	-0.2807157226572905
11.851	-0.2806634419710221
11.901	-0.28061191490381254
11.951	-0.2805611283307121
12.001	-0.28051106939180503
12.051	-0.2804617256555703
12.101	-0.2804130844372007
12.151	-0.2803651338065336
12.201	-0.2803178618976199
12.251	-0.2802712570906218
12.301	-0.2802253079961616
12.351	-0.2801800034408916
12.401	-0.280135332481382
12.451	-0.2800912843894036
12.501	-0.2800478486384531
12.551	-0.2800050149169029
12.601	-0.2799627731114488
12.651	-0.27992111380822166
12.701	-0.27988002675538004
12.751	-0.2798395024175926
12.801	-0.279799530978692
12.851	-0.2797601043013921
12.901	-0.2797212122883199
12.951	-0.27968284667416304
13.001	-0.27964499880435767
13.051	-0.2796076601892194
13.101	-0.2795708225003761
13.151	-0.27953447756728816
13.201	-0.2794986173738526
13.251	-0.27946323405418894
13.301	-0.2794283196414142
13.351	-0.2793938669551618
13.401	-0.2793598685337527
13.451	-0.27932631697484805
13.501	-0.27929320536290336
13.551	-0.2792605261927661
13.601	-0.2792282728122804
13.651	-0.2791964384545628
13.701	-0.27916501647854397
13.751	-0.2791340003648395
13.801	-0.2791033837406321
13.851	-0.27907316026846885
13.901	-0.2790433238152014
13.951	-0.27901386830987907
14.001	-0.27898478782153635
14.051	-0.2789560764815074
14.101	-0.2789277285947984
14.151	-0.27889973851606586
14.201	-0.27887210071726476
14.251	-0.2788448097695306
14.301	-0.27881786033982586
14.351	-0.27879124719201637
14.401	-0.2787649645587552
14.451	-0.2787390083385735
14.501	-0.27871337356448783
14.551	-0.27868805508356853
14.601	-0.2786630480159773
14.651	-0.27863834766708107
14.701	-0.27861394961787544
14.751	-0.27858984915883145
14.801	-0.2785660419944171
14.851	-0.2785425233726948
14.901	-0.2785192889737473
14.951	-0.27849633485454284
15.001	-0.2784736567767009
15.051	-0.2784512507427236
15.101	-0.2784291125531392
15.151	-0.27840723821363894
15.201	-0.27838562416640666
15.251	-0.2783642663602539
15.301	-0.2783431610956825
15.351	-0.2783223046870957
15.401	-0.2783018170402145
15.451	-0.27828132400747724
15.501	-0.2782611926736552
15.551	-0.2782412960679073
15.601	-0.2782216308060491
15.651	-0.2782021935607691
15.701	-0.27818298106054906
15.751	-0.2781639900886058
15.801	-0.27814521748185717
15.851	-0.27812666011577436
15.901	-0.2781083149595507
15.951	-0.2780901789914549
16.001	-0.2780722492532836
16.051	-0.2780545228356768
16.101	-0.27803699687030026
16.151	-0.2780196685564071
16.201	-0.27800253511903167
16.251	-0.27798559382786514
16.301	-0.27796884201908
16.351	-0.2779522770085962
16.401	-0.277935896287477
16.451	-0.2779196971483256
16.501	-0.27790367731279936
16.551	-0.2778878341908405
16.601	-0.2778721653706118
16.651	-0.277856668454726
16.701	-0.277841341083576
16.751	-0.27782618096125844
16.801	-0.27781118580293773
16.851	-0.2777963533699327
16.901	-0.27778168162446326
16.951	-0.27776716806006824
17.001	-0.2777528107112557
17.051	-0.2777386074846161
17.101	-0.277724556296772
17.151	-0.2777106551199914
17.201	-0.27769690195085345
17.251	-0.27768329482528326
17.301	-0.27766983178633586
17.351	-0.27765651093106114
17.401	-0.27764333037841016
17.451	-0.2776302882847168
17.501	-0.27761738289805854
17.551	-0.27760461225707367
17.601	-0.2775919746423451
17.651	-0.2775794683932308
17.701	-0.27756709175708194
17.751	-0.27755484315149853
17.801	-0.27754272071570224
17.851	-0.27753072290129005
17.901	-0.2775188481061672
17.951	-0.2775070947443345
18.001	-0.2774954612538999
18.051	-0.2774839439878055
18.101	-0.2774725456661437
18.151	-0.27746126472282906
18.201	-0.27745009557052724
18.251	-0.27743903882393883
18.301	-0.277428093060946
18.351	-0.27741725687721414
18.401	-0.2774065231141622
18.451	-0.2773959019398058
18.501	-0.27738538625468023
18.551	-0.27737497474331885
18.601	-0.2773646660994788
18.651	-0.2773544649051951
18.701	-0.27734435817471936
18.751	-0.2773343505156676
18.801	-0.27732444070041146
18.851	-0.2773146275193452
18.901	-0.2773049097841845
18.951	-0.277295286313273
19.001	-0.2772857559528899
19.051	-0.2772763175560018
19.101	-0.2772669700141954
19.151	-0.27725771221095563
19.201	-0.2772485430547211
19.251	-0.27723946139108585
19.301	-0.2772304663166591
19.351	-0.277221556708127
19.401	-0.2772127314800369
19.451	-0.2772039902874838
19.501	-0.2771953309379137
19.551	-0.2771867530217259
19.601	-0.27717825556650344
19.651	-0.27716983761725744
19.701	-0.27716149822899094
19.751	-0.2771532364664783
19.801	-0.27714505141126344
19.851	-0.2771369415206589
19.901	-0.27712890718605643
19.951	-0.27712094688026156
20.001	-0.2771130597317816
20.051	-0.277105244892078
20.101	-0.2770975015137442
20.151	-0.2770898287611316
20.201	-0.2770822258375811
20.251	-0.27707469189871486
20.301	-0.2770672261597845
20.351	-0.2770598278342249
20.401	-0.27705249614941224
20.451	-0.27704523033828515
20.501	-0.2770380296460365
20.551	-0.2770308933282083
20.601	-0.2770238206493675
20.651	-0.2770168108876916
20.701	-0.27700986332755195
20.751	-0.2770029772634137
20.801	-0.27699615200204486
20.851	-0.27698938685610497
20.901	-0.2769826811506797
20.951	-0.2769760342154874
21.001	-0.27696944539450175
21.051	-0.27696291404047785
21.101	-0.2769564396994349
21.151	-0.276950021391859
21.201	-0.27694365852029457
21.251	-0.27693735070358116
21.301	-0.2769310973406153
21.351	-0.2769248976160472
21.401	-0.27691875104676633
21.451	-0.2769126570497832
21.501	-0.2769066150487794
21.551	-0.27690062514606556
21.601	-0.27689468545052737
21.651	-0.2768887960691824
21.701	-0.27688295628156206
21.751	-0.2768771660702842
21.801	-0.2768714243840113
21.851	-0.27686573087035293
21.901	-0.2768600850112307
21.951	-0.27685448629012704
22.001	-0.27684893421226375
22.051	-0.27684342830768754
22.101	-0.2768379497914098
22.151	-0.27683253490538445
22.201	-0.27682718244979426
22.251	-0.2768218562179556
22.301	-0.2768165737297302
22.351	-0.2768113345240466
22.401	-0.27680613809810856
22.451	-0.2768009840961456
22.501	-0.2767958720284302
22.551	-0.27679080145687945
22.601	-0.27678577194894904
22.651	-0.2767807830775523
22.701	-0.2767758344209806
22.751	-0.27677092556282545
22.801	-0.2767660560943972
22.851	-0.2767612256047375
22.901	-0.27675643369530556
22.951	-0.27675167997013644
23.001	-0.2767469640381926
23.051	-0.27674228551613894
23.101	-0.2767376440169597
23.151	-0.2767330391099172
23.201	-0.2767284705372522
23.251	-0.27672393786746663
23.301	-0.27671944075087085
23.351	-0.27671497882240137
23.401	-0.2767105517279841
23.451	-0.27670615911787394
23.501	-0.27670180064659405
23.551	-0.2766974759728748
23.601	-0.27669318475273824
23.651	-0.2766889266668355
23.701	-0.2766847013793408
23.751	-0.2766805086071121
23.801	-0.27667634773256594
23.851	-0.27667221804438963
23.901	-0.27666812073543423
23.951	-0.27666405463852345
24.001	-0.27666001944769064
24.051	-0.2766560148606236
24.101	-0.2766520405786129
24.151	-0.2766480963065029
24.201	-0.27664418175264166
24.251	-0.27664029662883377
24.301	-0.2766364406502913
24.351	-0.27663261346039186
24.401	-0.2766288149307619
24.451	-0.2766250447129647
24.501	-0.27662130253443873
24.551	-0.2766175881267488
24.601	-0.27661390122459684
24.651	-0.27661024156577974
24.701	-0.27660660889034455
24.751	-0.27660300294377793
24.801	-0.2765994234720882
24.851	-0.27659587022503734
24.901	-0.276592342955278
24.951	-0.2765888414213982
25.001	-0.2765853653755632
25.051	-0.2765819145819359
25.101	-0.27657848880747504
25.151	-0.276575087812476
25.201	-0.2765717113692506
25.251	-0.2765683592527985
25.301	-0.27656503123121984
25.351	-0.27656172708465565
25.401	-0.2765584465958315
25.451	-0.2765551895842082
25.501	-0.27655195576845004
25.551	-0.2765487449416551
25.601	-0.276545556912039
25.651	-0.27654239147125526
25.701	-0.2765392484132907
25.751	-0.2765361275344346
25.801	-0.27653302863586404
25.851	-0.27652995151315773
25.901	-0.27652689597194424
25.951	-0.2765238618174262
26.001	-0.27652084885696243
26.051	-0.27651785690017466
26.101	-0.27651488575838434
26.151	-0.2765119352453852
26.201	-0.2765090051768854
26.251	-0.2765060953706137
26.301	-0.27650320564629294
26.351	-0.2765003358256151
26.401	-0.27649748573236455
26.451	-0.2764946551917993
26.501	-0.2764918440317552
26.551	-0.27648905208106683
26.601	-0.27648627917114105
26.651	-0.27648352513174496
26.701	-0.2764807898040975
26.751	-0.27647807302154903
26.801	-0.276475374622417
26.851	-0.2764726944467509
26.901	-0.27647003203504006
26.951	-0.27646738783173863
27.001	-0.2764647613742301
27.051	-0.27646215252511364
27.101	-0.27645956112509346
27.151	-0.27645698702380395
27.201	-0.2764544300732268
27.251	-0.2764518901263174
27.301	-0.276449367037495
27.351	-0.27644686066350505
27.401	-0.2764443708621376
27.451	-0.2764418974920015
27.501	-0.2764394404144355
27.551	-0.27643699949126704
27.601	-0.2764345745856759
27.651	-0.2764321655686984
27.701	-0.27642977229930416
27.751	-0.2764273946470432
27.801	-0.2764250327019477
27.851	-0.27642268596911795
27.901	-0.2764203543858259
27.951	-0.27641803790423775
28.001	-0.27641573639879796
28.051	-0.276413449745236
28.101	-0.27641117782055086
28.151	-0.2764089205036189
28.201	-0.27640667767270666
28.251	-0.27640444920913315
28.301	-0.27640223499610095
28.351	-0.27640003491487597
28.401	-0.2763978488496538
28.451	-0.27639567668658677
28.501	-0.27639351831229547
28.551	-0.2763913736145395
28.601	-0.2763892424864131
28.651	-0.2763871248095105
28.701	-0.2763850204833631
28.751	-0.27638292939168335
28.801	-0.27638085143622776
28.851	-0.2763787868692401
28.901	-0.276376734756192
28.951	-0.2763746955627787
29.001	-0.276372669084802
29.051	-0.27637065522069443
29.101	-0.27636865388944537
29.151	-0.2763666649567352
29.201	-0.2763646883347665
29.251	-0.2763627239230898
29.301	-0.2763607716393974
29.351	-0.2763588313697444
29.401	-0.27635690303620514
29.451	-0.2763549865491768
29.501	-0.2763530818004443
29.551	-0.2763511887030078
29.601	-0.2763493071656781
29.651	-0.2763474370981455
29.701	-0.2763455784109695
29.751	-0.27634373101556914
29.801	-0.276341894824213
29.851	-0.2763400697500094
29.901	-0.2763382557068973
29.951	-0.2763364526096363
30.001	-0.2763346604017104
30.051	-0.27633287894373937
30.101	-0.276331108180456
30.151	-0.2763293480300875
30.201	-0.27632759841136084
30.251	-0.27632585924881287
30.301	-0.2763241304802113
30.351	-0.27632241197599594
30.401	-0.27632070368686296
30.451	-0.276319005533808
30.501	-0.2763173174432481
30.551	-0.27631563933374015
30.601	-0.2763139711325865
30.651	-0.2763123127666939
30.701	-0.2763106641589232
30.751	-0.27630902523712514
30.801	-0.27630739564574486
30.851	-0.27630577588330685
30.901	-0.27630416520482515
30.951	-0.276302564312716
31.001	-0.2763009727501334
31.051	-0.2762993904486221
31.101	-0.276297817338599
31.151	-0.27629625335198854
31.201	-0.2762946984223291
31.251	-0.276293152481968
31.301	-0.27629161546473513
31.351	-0.276290087305191
31.401	-0.2762885679386654
31.451	-0.2762870575472777
31.501	-0.27628555556559226
31.551	-0.27628406223553703
31.601	-0.276282577398077
31.651	-0.2762811010368037
31.701	-0.27627963309001924
31.751	-0.2762781734767518
31.801	-0.276276722176641
31.851	-0.2762752791095925
31.901	-0.2762738442161737
31.951	-0.27627241743747977
32.001	-0.2762709987151284
32.051	-0.2762695879912542
32.101	-0.2762681852085029
32.151	-0.27626679031002654
32.201	-0.27626540323947746
32.251	-0.27626402394100363
32.301	-0.2762626523775046
32.351	-0.27626128845746334
32.401	-0.27625993214486216
32.451	-0.27625858338577913
32.501	-0.2762572421267626
32.551	-0.2762559083148259
32.601	-0.2762545818974424
32.651	-0.2762532628225415
32.701	-0.2762519510385029
32.751	-0.27625064649415304
32.801	-0.27624934912857
32.851	-0.2762480589117591
32.901	-0.2762467757837467
32.951	-0.27624549969533735
33.001	-0.2762442305913373
33.051	-0.2762429684349094
33.101	-0.2762417131579871
33.151	-0.2762404647412597
33.201	-0.27623922312299165
33.251	-0.276237988521542
33.301	-0.2762367603578761
33.351	-0.2762355388530001
33.401	-0.2762343242199024
33.451	-0.27623311589382593
33.501	-0.2762319140904129
33.551	-0.27623071876500827
33.601	-0.2762295298733608
33.651	-0.27622834729408163
33.701	-0.2762271711392477
33.751	-0.27622600124061725
33.801	-0.2762248376497211
33.851	-0.2762236802768141
33.901	-0.2762225292003024
33.951	-0.2762213841366256
34.001	-0.2762202451657495
34.051	-0.2762191122466327
34.101	-0.2762179853385729
34.151	-0.27621686440120347
34.201	-0.2762157494276521
34.251	-0.27621464032457654
34.301	-0.27621353705867185
34.351	-0.2762124396069971
34.401	-0.27621134792910174
34.451	-0.2762102619865658
34.501	-0.27620918174274045
34.551	-0.27620810715691274
34.601	-0.2762070381930531
34.651	-0.27620597481397724
34.701	-0.2762049169828023
34.751	-0.2762038646629436
34.801	-0.2762028178246998
34.851	-0.27620177641937377
34.901	-0.27620074041690174
34.951	-0.2761997097823355
35.001	-0.27619868448054036
35.051	-0.2761976644766632
35.101	-0.2761966497361298
35.151	-0.27619564020839377
35.201	-0.2761946358919612
35.251	-0.27619363915909906
35.301	-0.27619264516190806
35.351	-0.2761916562269917
35.401	-0.27619067235359945
35.451	-0.2761896935118297
35.501	-0.2761887196653394
35.551	-0.2761877507802493
35.601	-0.2761867868275093
35.651	-0.2761858277799431
35.701	-0.27618487360156985
35.751	-0.27618392184062895
35.801	-0.2761829772949803
35.851	-0.27618203753766535
35.901	-0.276181102526356
35.951	-0.27618017223083524
36.001	-0.27617924662112114
36.051	-0.2761783256674648
36.101	-0.27617740934034823
36.151	-0.2761764976081904
36.201	-0.27617559044650675
36.251	-0.2761746878241727
36.301	-0.27617378971771206
36.351	-0.27617289608839607
36.401	-0.27617200691091437
36.451	-0.2761711221619887
36.501	-0.27617024181151717
36.551	-0.27616936583196566
36.601	-0.2761684941937975
36.651	-0.2761676268763893
36.701	-0.27616676384650596
36.751	-0.2761659050779239
36.801	-0.27616505054721474
36.851	-0.2761642002265751
36.901	-0.2761633540899044
36.951	-0.27616251210853054
37.001	-0.2761616742621806
37.051	-0.27616084051523204
37.101	-0.2761600108569367
37.151	-0.2761591852550343
37.201	-0.2761583636845829
37.251	-0.2761575461193478
37.301	-0.27615673253772055
37.351	-0.2761559229138333
37.401	-0.27615511722348196
37.451	-0.2761543154426431
37.501	-0.27615351754747186
37.551	-0.276152723521932
37.601	-0.2761519333502487
37.651	-0.2761511469708626
37.701	-0.27615036438352214
37.751	-0.2761495855652531
37.801	-0.276148810493251
37.851	-0.27614803914487945
37.901	-0.27614727149766854
37.951	-0.27614650752931325
38.001	-0.2761457472183356
38.051	-0.27614499054102226
38.101	-0.2761442374770312
38.151	-0.27614348800429944
38.201	-0.2761427421013263
38.251	-0.27614199974676784
38.301	-0.27614126091943536
38.351	-0.2761405255982945
38.401	-0.27613979376246284
38.451	-0.27613906539120986
38.501	-0.27613834046395486
38.551	-0.2761376189604765
38.601	-0.2761369008600642
38.651	-0.2761361861225089
38.701	-0.27613547476843764
38.751	-0.27613476675766613
38.801	-0.2761340620704868
38.851	-0.2761333606873334
38.901	-0.27613266267314746
38.951	-0.27613196783979393
39.001	-0.2761312762526027
39.051	-0.27613058789256045
39.101	-0.27612990273736093
39.151	-0.2761292207751383
39.201	-0.27612854198383197
39.251	-0.2761278663449631
39.301	-0.2761271938401835
39.351	-0.27612652445127495
39.401	-0.2761258581601476
39.451	-0.2761251949392354
39.501	-0.2761245347899321
39.551	-0.27612387766593416
39.601	-0.2761232235875945
39.651	-0.2761225725184793
39.701	-0.27612192444124817
39.751	-0.27612127933868175
39.801	-0.2761206371499105
39.851	-0.2761199979454621
39.901	-0.27611936166473844
39.951	-0.2761187282909951
40.001	-0.27611809780760443
40.051	-0.2761174701980539
40.101	-0.27611684544594545
40.151	-0.2761162235320058
40.201	-0.2761156044460607
40.251	-0.27611498816904034
40.301	-0.27611437468499517
40.351	-0.27611376397808524
40.401	-0.27611315603257924
40.451	-0.2761125508328544
40.501	-0.2761119483633946
40.551	-0.27611134860879005
40.601	-0.27611075155373654
40.651	-0.27611015718303417
40.701	-0.27610956549266114
40.751	-0.27610897644537535
40.801	-0.2761083900374603
40.851	-0.2761078062541258
40.901	-0.27610722508068225
40.951	-0.2761066465025393
41.001	-0.27610607050520586
41.051	-0.27610549707428833
41.101	-0.2761049261954905
41.151	-0.27610435785461246
41.201	-0.2761037920375502
41.251	-0.2761032287302942
41.301	-0.2761026679189294
41.351	-0.2761021095896338
41.401	-0.2761015537286783
41.451	-0.27610100032242546
41.501	-0.27610044935732897
41.551	-0.27609990081993324
41.601	-0.2760993546968723
41.651	-0.2760988109748688
41.701	-0.27609826969267504
41.751	-0.2760977307334549
41.801	-0.2760971941359867
41.851	-0.2760966598873424
41.901	-0.2760961279746795
41.951	-0.27609559838524056
42.001	-0.276095071049809
42.051	-0.2760945460059985
42.101	-0.27609402331046745
42.151	-0.2760935028965203
42.201	-0.2760929847347047
42.251	-0.2760924688213141
42.301	-0.27609195514633617
42.351	-0.276091443693313
42.401	-0.27609093445240873
42.451	-0.27609042741379564
42.501	-0.276089922561357
42.551	-0.2760894198854378
42.601	-0.27608891937639
42.651	-0.2760884210184315
42.701	-0.2760879248020834
42.751	-0.2760874307178725
42.801	-0.276086938750345
42.851	-0.2760864488901931
42.901	-0.27608596112615263
42.951	-0.2760854756861146
43.001	-0.2760849920783828
43.051	-0.27608451053339556
43.101	-0.2760840310401761
43.151	-0.276083553587818
43.201	-0.27608307816436656
43.251	-0.27608260496461473
43.301	-0.27608213356882527
43.351	-0.27608166396520495
43.401	-0.2760811965537985
43.451	-0.27608073112038
43.501	-0.27608026750217235
43.551	-0.2760798059420658
43.601	-0.27607934638055726
43.651	-0.27607888875289854
43.701	-0.27607843310552127
43.751	-0.2760779793452609
43.801	-0.2760775274653882
43.851	-0.27607707748080373
43.901	-0.2760766294066348
43.951	-0.27607618318299765
44.001	-0.276075739027557
44.051	-0.2760752963737979
44.101	-0.27607485566843687
44.151	-0.2760744168496667
44.201	-0.27607397985810517
44.251	-0.27607354467707895
44.301	-0.2760731113030548
44.351	-0.27607267973646044
44.401	-0.27607224995949625
44.451	-0.2760718219544263
44.501	-0.2760713957290358
44.551	-0.27607097126570207
44.601	-0.2760705485468652
44.651	-0.2760701275804716
44.701	-0.2760697083490722
44.751	-0.27606929084237436
44.801	-0.27606887505430444
44.851	-0.2760684609746652
44.901	-0.2760680485933712
44.951	-0.27606763790443317
45.001	-0.27606722889784246
45.051	-0.2760668215650228
45.101	-0.2760664159086375
45.151	-0.2760660118976926
45.201	-0.2760656095350796
45.251	-0.27606520881242225
45.301	-0.2760648097058443
45.351	-0.2760644122381747
45.401	-0.27606401638563843
45.451	-0.27606362211878877
45.501	-0.2760632294720475
45.551	-0.27606283841606843
45.601	-0.2760624489428266
45.651	-0.2760620603802528
45.701	-0.2760616740459936
45.751	-0.27606128927068047
45.801	-0.27606090604648104
45.851	-0.27606052436561007
45.901	-0.2760601440794212
45.951	-0.2760597654065451
46.001	-0.276059388309839
46.051	-0.2760590127258035
46.101	-0.2760586386468542
46.151	-0.2760582660739356
46.201	-0.2760578950301659
46.251	-0.27605752542142886
46.301	-0.27605715727753233
46.351	-0.27605679062047656
46.401	-0.2760564254157077
46.451	-0.2760560616644167
46.501	-0.2760556993594039
46.551	-0.2760553385019391
46.601	-0.27605497906805343
46.651	-0.2760546210591028
46.701	-0.27605426447647946
46.751	-0.276053909296349
46.801	-0.2760535555201882
46.851	-0.276053203141091
46.901	-0.27605285234409727
46.951	-0.2760525027391682
47.001	-0.2760521545100654
47.051	-0.2760518076508081
47.101	-0.27605146215469123
47.151	-0.2760511180150496
47.201	-0.27605077522525723
47.251	-0.27605043377872657
47.301	-0.2760500934607731
47.351	-0.276049754681329
47.401	-0.2760494172256154
47.451	-0.2760490810787972
47.501	-0.27604874625128023
47.551	-0.27604841272830277
47.601	-0.2760480805035422
47.651	-0.2760477495707127
47.701	-0.2760474202694702
47.751	-0.27604709194475435
47.801	-0.27604676484897706
47.851	-0.27604643902112275
47.901	-0.27604611445431293
47.951	-0.2760457911424774
48.001	-0.2760454690795809
48.051	-0.276045148259623
48.101	-0.27604482867663777
48.151	-0.27604451032469407
48.201	-0.2760441931978943
48.251	-0.2760438772398768
48.301	-0.27604356254626145
48.351	-0.27604324906029704
48.401	-0.27604293677622044
48.451	-0.27604262568830146
48.501	-0.27604231579084293
48.551	-0.27604200707818
48.601	-0.27604169949649604
48.651	-0.27604139313698683
48.701	-0.27604108794546856
48.751	-0.2760407839164045
48.801	-0.2760404810442895
48.851	-0.2760401793236495
48.901	-0.2760398787490417
48.951	-0.2760395793150538
49.001	-0.27603928101630465
49.051	-0.27603898384744313
49.101	-0.2760386878026745
49.151	-0.2760383928776563
49.201	-0.27603810381991273
49.251	-0.27603781111790465
49.301	-0.27603751951937316
49.351	-0.27603722904598377
49.401	-0.27603693961413783
49.451	-0.276036651296706
49.501	-0.27603636049376384
49.551	-0.27603607314680273
49.601	-0.2760357880620489
49.651	-0.2760355040452738
49.701	-0.2760352210915042
49.751	-0.27603493919579486
49.801	-0.27603465835322805
49.851	-0.27603437855891355
49.901	-0.2760340998079881
49.951	-0.2760338220956157
50.001	-0.27603354541698716
50.051	-0.27603326976731984
50.101	-0.2760329951418579
50.151	-0.27603272153587155
50.201	-0.2760324490188042
50.251	-0.27603217743719977
50.301	-0.27603190686104084
50.351	-0.27603163728570146
50.401	-0.276031368706581
50.451	-0.27603110111954104
50.501	-0.2760308345191577
50.551	-0.27603056890134314
50.601	-0.2760303042614109
50.651	-0.27603004059525943
50.701	-0.2760297778288324
50.751	-0.2760295160969972
50.801	-0.27602925532547257
50.851	-0.27602899550970206
50.901	-0.27602873664568917
50.951	-0.2760284787289235
51.001	-0.276028221755098
51.051	-0.2760279657199291
51.101	-0.2760277106191565
51.151	-0.276027456448543
51.201	-0.2760272032038745
51.251	-0.27602695088095974
51.301	-0.2760266994756303
51.351	-0.27602644902236906
51.401	-0.2760261994395115
51.451	-0.27602595076187025
51.501	-0.2760257029853662
51.551	-0.2760254561059422
51.601	-0.276025210119563
51.651	-0.276024965022215
51.701	-0.27602472080990637
51.751	-0.2760244774786666
51.801	-0.2760242350245464
51.851	-0.276023993419313
51.901	-0.27602375270780233
51.951	-0.27602351286168997
52.001	-0.2760232738771107
52.051	-0.2760230357502199
52.101	-0.2760227984771937
52.151	-0.2760225620542284
52.201	-0.27602232647754066
52.251	-0.27602209174336734
52.301	-0.2760218578312274
52.351	-0.27602162477099806
52.401	-0.2760213925421124
52.451	-0.2760211611408866
52.501	-0.27602093058626964
52.551	-0.2760207008292634
52.601	-0.27602047188898265
52.651	-0.2760202437618212
52.701	-0.27602001640397217
52.751	-0.27601978986806874
52.801	-0.2760195642056954
52.851	-0.276019339295152
52.901	-0.27601911517998134
52.951	-0.27601889185052325
53.001	-0.2760186693209845
53.051	-0.27601844757101984
53.101	-0.27601822660256276
53.151	-0.2760180064233817
53.201	-0.2760177870425772
53.251	-0.2760175683986158
53.301	-0.27601735053711846
53.351	-0.27601713454270566
53.401	-0.2760169181960104
53.451	-0.27601670260725103
53.501	-0.2760164877731297
53.551	-0.27601627370436277
53.601	-0.27601606036958676
53.651	-0.27601584777965826
53.701	-0.276015635932731
53.751	-0.2760154248228265
53.801	-0.27601521444812993
53.851	-0.2760150048054614
53.901	-0.27601479589304817
53.951	-0.27601458770496323
54.001	-0.27601438023946473
54.051	-0.2760141734934378
54.101	-0.2760139674652099
54.151	-0.27601376214884793
54.201	-0.27601355754270934
54.251	-0.2760133536437429
54.301	-0.27601315044750807
54.351	-0.2760129479537935
54.401	-0.27601274615819155
54.451	-0.2760125450610777
54.501	-0.2760123446527791
54.551	-0.2760121449336718
54.601	-0.2760119458976697
54.651	-0.27601174754811353
54.701	-0.27601154987896376
54.751	-0.2760113528873218
54.801	-0.2760111565703039
54.851	-0.2760109609354069
54.901	-0.2760107659590948
54.951	-0.2760105716488432
55.001	-0.2760103780020559
55.051	-0.27601018501546287
55.101	-0.2760099926864964
55.151	-0.2760098009358779
55.201	-0.27600960991360574
55.251	-0.2760094195406552
55.301	-0.27600922981405507
55.351	-0.27600904073114985
55.401	-0.2760088522897749
55.451	-0.2760086644868409
55.501	-0.2760084773196617
55.551	-0.27600829078556494
55.601	-0.27600810488189137
55.651	-0.2760079196059981
55.701	-0.2760077349552469
55.751	-0.27600755092702134
55.801	-0.27600736751871546
55.851	-0.2760071847277359
55.901	-0.2760070025515025
55.951	-0.2760068209874482
56.001	-0.27600664003278563
56.051	-0.27600645968543847
56.101	-0.276006279942645
56.151	-0.2760061008018887
56.201	-0.2760059222606658
56.251	-0.27600574431648467
56.301	-0.2760055669668662
56.351	-0.27600539006876634
56.401	-0.2760052139002732
56.451	-0.2760050383192131
56.501	-0.2760048633226878
56.551	-0.27600468890874724
56.601	-0.27600451507451657
56.651	-0.27600434181806993
56.701	-0.27600416913679043
56.751	-0.27600399702979117
56.801	-0.27600382549174624
56.851	-0.27600365452179065
56.901	-0.2760034841190766
56.951	-0.27600331427830416
57.001	-0.27600314499715595
57.051	-0.2760029762763111
57.101	-0.2760028081393499
57.151	-0.27600264052950596
57.201	-0.2760024734714017
57.251	-0.27600230696301586
57.301	-0.27600214100210213
57.351	-0.2760019755866618
57.401	-0.2760017974701956
57.451	-0.2760016332294768
57.501	-0.27600146952378135
57.551	-0.27600131944419065
57.601	-0.2760011567218262
57.651	-0.27600099457075905
57.701	-0.2760008329104324
57.751	-0.2760006717778488
57.801	-0.2760005111708688
57.851	-0.2760003510873638
57.901	-0.27600019152521515
57.951	-0.27600003248231464
58.001	-0.275999873956564
58.051	-0.2759997159458754
58.101	-0.2759995584481709
58.151	-0.27599940146138263
58.201	-0.27599924498497563
58.251	-0.27599908901385706
58.301	-0.2759989335475106
58.351	-0.2759987785823516
58.401	-0.27599862412100046
58.451	-0.27599847015683865
58.501	-0.27599831668939345
58.551	-0.27599816371667524
58.601	-0.27599801123670364
58.651	-0.27599785924750786
58.701	-0.2759977077471267
58.751	-0.27599755670717735
58.801	-0.27599740617863605
58.851	-0.2759972561330811
58.901	-0.2759971065685883
58.951	-0.2759969574832425
59.001	-0.2759968088751377
59.051	-0.27599666074237716
59.101	-0.2759965130830729
59.151	-0.27599636589534593
59.201	-0.27599621917732625
59.251	-0.27599607292739253
59.301	-0.27599592714321275
59.351	-0.2759957818231831
59.401	-0.27599563696546864
59.451	-0.27599549255992445
59.501	-0.2759953486213651
59.551	-0.27599520513966813
59.601	-0.2759950369299225
59.651	-0.275994919532882
59.701	-0.2759947774110029
59.751	-0.2759946357388348
59.801	-0.2759944945146106
59.851	-0.27599435372978615
59.901	-0.2759942133961825
59.951	-0.27599407350527166
60.001	-0.2759939340553197
60.051	-0.275993795037815
60.101	-0.27599365651342456
60.151	-0.27599351837596964
60.201	-0.27599338070852
60.251	-0.2759932434306372
60.301	-0.2759931065902637
60.351	-0.27599297017893565
60.401	-0.2759928341949826
60.451	-0.275992698636742
60.501	-0.275992563502559
60.551	-0.2759924287907865
60.601	-0.27599229449978496
60.651	-0.27599216062792237
60.701	-0.27599202717357446
60.751	-0.2759918941351243
60.801	-0.2759917615109626
60.851	-0.27599162929948734
60.901	-0.275991497499104
60.951	-0.2759913661082255
61.001	-0.27599123511848617
61.051	-0.27599110454188486
61.101	-0.2759909743700705
61.151	-0.275990844601485
61.201	-0.2759907152345773
61.251	-0.275990586262615
61.301	-0.27599045769449954
61.351	-0.2759903295234508
61.401	-0.27599020174794614
61.451	-0.2759900743664698
61.501	-0.27598994730105003
61.551	-0.2759898207039966
61.601	-0.27598969449343785
61.651	-0.2759895686770079
61.701	-0.27598944324403424
61.751	-0.27598931819612965
61.801	-0.2759891935318263
61.851	-0.27598906924966304
61.901	-0.27598894534818535
61.951	-0.2759888218259453
62.001	-0.27598869868150155
62.051	-0.2759885759134193
62.101	-0.27598845352027024
62.151	-0.2759883315006326
62.201	-0.27598820986459505
62.251	-0.275988088587373
62.301	-0.2759879676798527
62.351	-0.27598784714022034
62.401	-0.275987726967086
62.451	-0.2759876071590659
62.501	-0.27598748771478254
62.551	-0.2759873686328648
62.601	-0.27598724991220075
62.651	-0.27598713155092486
62.701	-0.2759870135479377
62.751	-0.27598689590189246
62.801	-0.27598677861144844
62.851	-0.275986661675271
62.901	-0.27598654509203135
62.951	-0.27598642886040675
63.001	-0.27598631297908033
63.051	-0.27598619744674113
63.101	-0.2759860822620841
63.151	-0.27598596742380993
63.201	-0.27598585293062516
63.251	-0.27598573878124194
63.301	-0.27598562497437845
63.351	-0.27598551150875844
63.401	-0.27598539838311115
63.451	-0.2759852855961718
63.501	-0.27598517334716144
63.551	-0.2759850612337268
63.601	-0.27598494945503826
63.651	-0.27598483801005325
63.701	-0.2759847268975347
63.751	-0.2759846161230366
63.801	-0.27598450567176147
63.851	-0.27598439554927423
63.901	-0.2759842857543594
63.951	-0.275984176285807
64.001	-0.2759840671491978
64.051	-0.2759839582564641
64.101	-0.27598384976732815
64.151	-0.2759837415929736
64.201	-0.2759836337390025
64.251	-0.27598352597905984
64.301	-0.2759834187632736
64.351	-0.275983311863668
64.401	-0.27598320527297854
64.451	-0.27598309900361834
64.501	-0.2759829930476492
64.551	-0.2759828874039235
64.601	-0.2759827820712985
64.651	-0.27598267704863655
64.701	-0.27598257233480494
64.751	-0.2759824679286759
64.801	-0.2759823638291266
64.851	-0.2759822600350392
64.901	-0.2759821565453003
64.951	-0.27598205335880194
65.001	-0.2759819504744406
65.051	-0.27598184789111757
65.101	-0.2759817456077391
65.151	-0.275981643623216
65.201	-0.2759815419364638
65.251	-0.2759814405461517
65.301	-0.27598133945170555
65.351	-0.27598123865180535
65.401	-0.2759811381453852
65.451	-0.27598103793138407
65.501	-0.2759809380087453
65.551	-0.27598083837641685
65.601	-0.2759807390333514
65.651	-0.2759806399785058
65.701	-0.2759805411295109
65.751	-0.2759804426480771
65.801	-0.2759803444517612
65.851	-0.275980246539538
65.901	-0.2759801489103867
65.951	-0.2759800515632911
66.001	-0.27597995449723906
66.051	-0.27597985771122296
66.101	-0.2759797612042394
66.151	-0.27597966497528936
66.201	-0.2759795689424788
66.251	-0.27597947326669686
66.301	-0.2759793778659767
66.351	-0.2759792827393363
66.401	-0.2759791878857976
66.451	-0.27597909330438697
66.501	-0.2759789989941347
66.551	-0.2759789049540753
66.601	-0.27597881118324735
66.651	-0.2759787176806937
66.701	-0.27597862444546095
66.751	-0.2759785314744171
66.801	-0.2759784387709798
66.851	-0.2759783463311958
66.901	-0.27597825415578914
66.951	-0.2759781622429974
67.001	-0.27597807059189144
67.051	-0.2759779792015459
67.101	-0.2759778880710392
67.151	-0.27597779719945387
67.201	-0.27597770658587617
67.251	-0.2759776162293963
67.301	-0.2759775261291083
67.351	-0.2759774362841099
67.401	-0.27597734669350266
67.451	-0.275977257356392
67.501	-0.275977168270803
67.551	-0.2759770794380107
67.601	-0.2759769908560536
67.651	-0.2759769025222709
67.701	-0.27597681443934646
67.751	-0.275976726604629
67.801	-0.27597663901724995
67.851	-0.2759765516760226
67.901	-0.27597646458073083
67.951	-0.2759763777116269
68.001	-0.27597629110510646
68.051	-0.27597620474163476
68.101	-0.2759761186154332
68.151	-0.2759760327355581
68.201	-0.27597594709620055
68.251	-0.27597586169652405
68.301	-0.27597577653569527
68.351	-0.2759756916137369
68.401	-0.27597560692811773
68.451	-0.27597552247886736
68.501	-0.27597544522761286
68.551	-0.2759753612736432
68.601	-0.2759752705411513
68.651	-0.27597518702921525
68.701	-0.2759751037495844
68.751	-0.27597502070145596
68.801	-0.2759749378848824
68.851	-0.27597485529736415
68.901	-0.27597477293896006
68.951	-0.27597469080888076
69.001	-0.2759746089063399
69.051	-0.27597452723055443
69.101	-0.27597444578074454
69.151	-0.27597436455613356
69.201	-0.275974283555948
69.251	-0.27597420277957113
69.301	-0.27597412222592943
69.351	-0.2759740418944118
69.401	-0.2759739617842575
69.451	-0.2759738818947087
69.501	-0.27597380256235693
69.551	-0.27597372310985274
69.601	-0.2759736438757094
69.651	-0.2759735648591813
69.701	-0.27597348605952615
69.751	-0.2759734074760044
69.801	-0.2759733294341298
69.851	-0.27597325127882244
69.901	-0.27597317333745797
69.951	-0.2759730956103685
70.001	-0.27597301809470903
70.051	-0.2759729407908188
70.101	-0.275972863697979
70.151	-0.275972786815474
70.201	-0.2759727101425907
70.251	-0.27597263367861924
70.301	-0.2759725574228525
70.351	-0.2759724813745861
70.401	-0.2759724055331187
70.451	-0.2759723298977516
70.501	-0.27597225446778917
70.551	-0.2759721792425383
70.601	-0.2759721042213088
70.651	-0.27597202940341337
70.701	-0.2759719547896731
70.751	-0.2759718803763951
70.801	-0.27597180616440536
70.851	-0.27597173215302745
70.901	-0.27597165834158777
70.951	-0.27597158472941524
71.001	-0.2759715113158415
71.051	-0.275971438100201
71.101	-0.27597136508183073
71.151	-0.2759712922680611
71.201	-0.2759712195826162
71.251	-0.2759711471487258
71.301	-0.2759710749135701
71.351	-0.27597100287153736
71.401	-0.2759709310228506
71.451	-0.27597085936773597
71.501	-0.27597078790380963
71.551	-0.27597071663217415
71.601	-0.2759706455513216
71.651	-0.27597057466148917
71.701	-0.2759705039603016
71.751	-0.2759704334968988
71.801	-0.275970363125705
71.851	-0.2759702930340621
71.901	-0.275970223037527
71.951	-0.2759701533237735
72.001	-0.2759700837458317
72.051	-0.2759700145053181
72.101	-0.27596994529702645
72.151	-0.27596987631970743
72.201	-0.27596980747875266
72.251	-0.2759697388204567
72.301	-0.2759696703442866
72.351	-0.27596960204964205
72.401	-0.2759695339359251
72.451	-0.2759694659988915
72.501	-0.27596939824526273
72.551	-0.27596933067078194
72.601	-0.27596926327486065
72.651	-0.27596919605691256
72.701	-0.2759691290163536
72.751	-0.27596906215260236
72.801	-0.2759689954650793
72.851	-0.27596892894969394
72.901	-0.275968862612915
72.951	-0.27596879644720596
73.001	-0.2759687304588806
73.051	-0.27596866464392017
73.101	-0.27596859900175885
73.151	-0.2759685335318328
73.201	-0.2759684682335807
73.251	-0.2759684031064429
73.301	-0.2759683381457397
73.351	-0.2759682733591782
73.401	-0.27596820874282324
73.451	-0.2759681442946094
73.501	-0.27596808001474565
73.551	-0.27596801590268555
73.601	-0.2759679519578848
73.651	-0.27596788817980117
73.701	-0.2759678245678946
73.751	-0.27596776112162696
73.801	-0.2759676978397093
73.851	-0.2759676347231144
73.901	-0.27596757177055686
73.951	-0.2759675089817777
74.001	-0.27596744635580617
74.051	-0.275967383892289
74.101	-0.27596732159070225
74.151	-0.2759672594505244
74.201	-0.2759671974712359
74.251	-0.275967135652319
74.301	-0.2759670739925102
74.351	-0.2759670124927921
74.401	-0.2759669511519045
74.451	-0.2759668899693379
74.501	-0.27596682894458424
74.551	-0.2759667680771379
74.601	-0.2759667073664948
74.651	-0.27596664681215305
74.701	-0.2759665860252667
74.751	-0.275966525784381
74.801	-0.27596646569828853
74.851	-0.27596640576649495
74.901	-0.2759663459885079
74.951	-0.27596628636383674
75.001	-0.27596622689199296
75.051	-0.27596616757248976
75.101	-0.2759661084048421
75.151	-0.2759660493885669
75.201	-0.275965990523183
75.251	-0.2759659318014178
75.301	-0.27596587318888505
75.351	-0.27596581482081856
75.401	-0.27596575646155097
75.451	-0.2759656983435153
75.501	-0.27596564037352167
75.551	-0.275965582484186
75.601	-0.2759655247194289
75.651	-0.2759654671921814
75.701	-0.27596540981109924
75.751	-0.2759653524961104
75.801	-0.275965295406009
75.851	-0.27596523846069404
75.901	-0.27596518167153183
75.951	-0.2759651250144146
76.001	-0.27596506850072006
76.051	-0.2759650121299971
76.101	-0.27596495590179604
76.151	-0.2759648998156693
76.201	-0.27596484387189724
76.251	-0.2759647880685817
76.301	-0.27596473240640995
76.351	-0.27596467688413434
76.401	-0.2759646215017192
76.451	-0.2759645662587265
76.501	-0.2759645111547202
76.551	-0.2759644561892656
76.601	-0.2759644013619299
76.651	-0.2759643466714435
76.701	-0.2759642921190532
76.751	-0.2759642377034927
76.801	-0.27596418342433543
76.851	-0.27596412928115643
76.901	-0.27596407527353234
76.951	-0.27596402140104154
77.001	-0.2759639676632636
77.051	-0.27596391405978005
77.101	-0.2759638605901737
77.151	-0.27596380725319164
77.201	-0.27596375405009477
77.251	-0.27596370097963313
77.301	-0.2759636480413958
77.351	-0.27596359523497327
77.401	-0.27596354255995775
77.451	-0.2759634900159427
77.501	-0.27596343759942815
77.551	-0.27596338531620246
77.601	-0.27596333316276705
77.651	-0.27596328113872154
77.701	-0.27596322924366695
77.751	-0.2759631774754755
77.801	-0.2759631258372117
77.851	-0.27596307432675077
77.901	-0.27596302294369957
77.951	-0.2759629716876663
78.001	-0.2759629205582609
78.051	-0.27596286955663424
78.101	-0.27596281867931544
78.151	-0.2759627679274623
78.201	-0.2759627173006903
78.251	-0.27596266679861614
78.301	-0.27596261642085823
78.351	-0.27596256616703607
78.401	-0.27596251603677086
78.451	-0.2759624660288497
78.501	-0.27596241614456696
78.551	-0.2759623663835476
78.601	-0.2759623167437478
78.651	-0.27596226722563083
78.701	-0.2759622178288258
78.751	-0.2759621685617982
78.801	-0.27596211940645476
78.851	-0.27596207037131953
78.901	-0.27596202145602705
78.951	-0.27596197265243233
79.001	-0.27596192397578845
79.051	-0.2759618754178988
79.101	-0.27596182697840316
79.151	-0.2759617786637906
79.201	-0.2759617304599632
79.251	-0.2759616823734576
79.301	-0.27596163440391885
79.351	-0.27596158655099345
79.401	-0.2759615388070209
79.451	-0.2759614912158685
79.501	-0.27596144371052334
79.551	-0.27596139632039063
79.601	-0.2759613490451229
79.651	-0.2759613018843742
79.701	-0.27596125483779954
79.751	-0.2759612079050555
79.801	-0.2759611610857997
79.851	-0.275961114379691
79.901	-0.2759610677863894
79.951	-0.27596102129878913
80.001	-0.2759609749301343
80.051	-0.27596092867327393
80.101	-0.275960882527873
80.151	-0.27596083649359754
80.201	-0.27596079057011497
80.251	-0.2759607447570938
80.301	-0.2759606990619331
80.351	-0.2759606534687946
80.401	-0.27596060798513056
80.451	-0.2759605626106141
80.501	-0.2759605173452909
80.551	-0.27596047218809483
80.601	-0.27596042713907304
80.651	-0.2759603821979034
80.701	-0.27596033734875464
80.751	-0.2759602926222271
80.801	-0.2759602480025922
80.851	-0.2759602034895323
80.901	-0.27596015908273097
80.951	-0.275960114781873
81.001	-0.27596007058664396
81.051	-0.27596002649673085
81.101	-0.2759599825118217
81.151	-0.2759599386316056
81.201	-0.27595989485552325
81.251	-0.2759598511837643
81.301	-0.2759598076157724
81.351	-0.2759597639909359
81.401	-0.2759597206295998
81.451	-0.2759596773473146
81.501	-0.275959634191403
81.551	-0.2759595911377377
81.601	-0.2759595481864512
81.651	-0.2759592767122661
81.701	-0.2759594625876456
81.751	-0.2759594199399637
81.801	-0.2759593773930328
81.851	-0.2759593349465569
81.901	-0.27595929260067215
81.951	-0.2759592503542223
82.001	-0.275959208207346
82.051	-0.27595916615975147
82.101	-0.275959124211148
82.151	-0.27595908236124567
82.201	-0.27595904060975596
82.251	-0.27595899895681864
82.301	-0.27595895740129134
82.351	-0.2759589159441385
82.401	-0.2759588745834312
82.451	-0.2759588333197079
82.501	-0.2759587921526857
82.551	-0.2759587510816855
82.601	-0.2759587101072209
82.651	-0.27595866922861517
82.701	-0.27595862844558944
82.751	-0.2759585877526287
82.801	-0.2759585471599332
82.851	-0.275958506661987
82.901	-0.2759584662585152
82.951	-0.2759584259492439
83.001	-0.27595838573389986
83.051	-0.27595834561221094
83.101	-0.2759583055836705
83.151	-0.2759582656484793
83.201	-0.2759582258061325
83.251	-0.27595818605636174
83.301	-0.2759581463988996
83.351	-0.2759581068334795
83.401	-0.2759580673598359
83.451	-0.2759580279777041
83.501	-0.27595798868682014
83.551	-0.27595794948668506
83.601	-0.27595791037750933
83.651	-0.2759578711822203
83.701	-0.2759578322550303
83.751	-0.27595779341777316
83.801	-0.2759577546701906
83.851	-0.2759577160117888
83.901	-0.2759576774427841
83.951	-0.2759576389627876
84.001	-0.27595760057133795
84.051	-0.27595756226828455
84.101	-0.2759575240533743
84.151	-0.27595748592635505
84.201	-0.27595744788697546
84.251	-0.27595740993498497
84.301	-0.2759573720701341
84.351	-0.27595733429217395
84.401	-0.27595729660085666
84.451	-0.2759572589959352
84.501	-0.2759572214773996
84.551	-0.27595718404453173
84.601	-0.2759571466973234
84.651	-0.27595710943553103
84.701	-0.2759570722589116
84.751	-0.275957035167223
84.801	-0.275956998160224
84.851	-0.27595696123767427
84.901	-0.2759569243993341
84.951	-0.2759568876449646
85.001	-0.275956850974328
85.051	-0.2759568143871869
85.101	-0.27595677788330497
85.151	-0.2759567414624466
85.201	-0.2759567051243771
85.251	-0.27595666886886233
85.301	-0.27595663269566917
85.351	-0.2759565966045651
85.401	-0.2759565605953186
85.451	-0.2759565246676987
85.501	-0.2759564888214754
85.551	-0.27595645305644056
85.601	-0.2759564173723232
85.651	-0.27595638176891685
85.701	-0.2759563462459944
85.751	-0.27595631080332966
85.801	-0.2759562754406971
85.851	-0.2759562401578721
85.901	-0.27595620495463064
85.951	-0.2759561698307494
86.001	-0.27595613478710046
86.051	-0.27595609982124997
86.101	-0.27595606493409475
86.151	-0.2759560301254145
86.201	-0.2759559953949897
86.251	-0.27595596074260165
86.301	-0.2759559261680322
86.351	-0.2759558916710641
86.401	-0.27595585725148075
86.451	-0.2759558229090663
86.501	-0.27595578864360554
86.551	-0.2759557544548841
86.601	-0.2759557203426881
86.651	-0.2759556863068048
86.701	-0.2759556523470217
86.751	-0.2759556184631272
86.801	-0.2759555846549105
86.851	-0.27595555103530994
86.901	-0.27595551733988555
86.951	-0.2759554837573795
87.001	-0.27595545024971435
87.051	-0.27595541689086567
87.101	-0.27595538353219284
87.151	-0.2759553502477403
87.201	-0.27595531703730275
87.251	-0.27595528390067553
87.301	-0.2759552508376546
87.351	-0.27595521784803667
87.401	-0.2759551849316189
87.451	-0.27595515208819954
87.501	-0.27595511931327465
87.551	-0.275955086615242
87.601	-0.2759550539896057
87.651	-0.27595502143616624
87.701	-0.2759549889547251
87.751	-0.2759549565452024
87.801	-0.27595492420716433
87.851	-0.27595489194053235
87.901	-0.27595485863909053
87.951	-0.27595482652222864
88.001	-0.2759547944761355
88.051	-0.27595476250061746
88.101	-0.2759547305954812
88.151	-0.275954698757709
88.201	-0.27595466699276233
88.251	-0.2759546352976217
88.301	-0.27595460367209634
88.351	-0.27595457211599617
88.401	-0.2759545406291946
88.451	-0.2759545092113772
88.501	-0.2759544778624185
88.551	-0.2759544465821309
88.601	-0.27595441537032755
88.651	-0.27595438422682184
88.701	-0.2759543531514282
88.751	-0.27595432214396126
88.801	-0.2759542912042365
88.851	-0.27595426033213244
88.901	-0.2759542295273408
88.951	-0.27595419878974115
89.001	-0.2759541681191514
89.051	-0.27595413751538983
89.101	-0.2759541069782756
89.151	-0.27595407650762815
89.201	-0.2759540461032677
89.251	-0.2759540157650148
89.301	-0.2759539854927531
89.351	-0.27595395528618
89.401	-0.2759539251451804
89.451	-0.27595389506957707
89.501	-0.2759538650591938
89.551	-0.2759538351138546
89.601	-0.2759538052333843
89.651	-0.27595377541760824
89.701	-0.27595374566635217
89.751	-0.27595371597944257
89.801	-0.2759536863567064
89.851	-0.27595365679797124
89.901	-0.27595362730316375
89.951	-0.27595359787191526
90.001	-0.27595356850415365
90.051	-0.2759535391997087
90.101	-0.2759535099584107
90.151	-0.2759534807800904
90.201	-0.2759534516645792
90.251	-0.275953422611709
90.301	-0.27595339362131227
90.351	-0.27595336469318527
90.401	-0.27595333582723497
90.451	-0.27595330702325854
90.501	-0.2759532782838788
90.551	-0.27595324961179263
90.601	-0.275953220992747
90.651	-0.27595319243501676
90.701	-0.27595316396342434
90.751	-0.2759531355279625
90.801	-0.2759531071532075
90.851	-0.27595307883911746
90.901	-0.27595305058553116
90.951	-0.27595302239228786
91.001	-0.27595299425922737
91.051	-0.27595296618618986
91.101	-0.2759529381730161
91.151	-0.27595291021954743
91.201	-0.27595288232562554
91.251	-0.27595285449109286
91.301	-0.27595282670671306
91.351	-0.2759527989904993
91.401	-0.2759527713332045
91.451	-0.27595274373173884
91.501	-0.2759527161918192
91.551	-0.2759526887103528
91.601	-0.2759526612871854
91.651	-0.2759526339221631
91.701	-0.27595260661513266
91.751	-0.2759525793659413
91.801	-0.27595255217443665
91.851	-0.2759525250404668
91.901	-0.2759524979638805
91.951	-0.2759524709446474
92.001	-0.27595244398237584
92.051	-0.2759524170770364
92.101	-0.2759523902284797
92.151	-0.27595236343655666
92.201	-0.27595233670111874
92.251	-0.2759523100220178
92.301	-0.2759522833991064
92.351	-0.27595225743914537
92.401	-0.27595223092399634
92.451	-0.2759522044646597
92.501	-0.27595217806095435
92.551	-0.275952151709981
92.601	-0.2759521254171064
92.651	-0.2759520991765921
92.701	-0.27595207299680147
92.751	-0.2759520468690833
92.801	-0.2759520207961302
92.851	-0.27595199477779925
92.901	-0.2759519688139482
92.951	-0.27595194290443503
93.001	-0.2759519164968658
93.051	-0.2759518906993909
93.101	-0.2759518649558052
93.151	-0.2759518392659686
93.201	-0.27595181362974164
93.251	-0.2759517880469851
93.301	-0.2759517625174391
93.351	-0.2759517370412078
93.401	-0.2759517121372522
93.451	-0.2759516867634232
93.501	-0.2759516614423998
93.551	-0.2759516361740452
93.601	-0.2759516109581019
93.651	-0.2759515857946765
93.701	-0.27595156068351234
93.751	-0.2759515356244743
93.801	-0.2759515106174278
93.851	-0.27595148566223865
93.901	-0.27595146075877297
93.951	-0.27595143590689747
94.001	-0.27595141110647914
94.051	-0.2759513863572639
94.101	-0.2759513616593625
94.151	-0.2759513370125219
94.201	-0.2759513124166106
94.251	-0.2759512878713809
94.301	-0.27595126337693626
94.351	-0.27595123893302936
94.401	-0.2759512145395304
94.451	-0.2759511901963102
94.501	-0.27595116590323965
94.551	-0.2759511416601902
94.601	-0.2759511174669121
94.651	-0.2759510933235209
94.701	-0.2759510692297676
94.751	-0.27595104518552516
94.801	-0.27595102119066695
94.851	-0.2759509972450669
94.901	-0.2759509733485991
94.951	-0.2759509494926243
95.001	-0.2759509256940459
95.051	-0.2759509019442246
95.101	-0.27595087824303616
95.151	-0.2759508545903566
95.201	-0.27595083097753015
95.251	-0.27595080740472605
95.301	-0.27595078389683664
95.351	-0.27595076043629896
95.401	-0.275950737024321
95.451	-0.2759507136604425
95.501	-0.2759506903438933
95.551	-0.2759506670748753
95.601	-0.27595064385326784
95.651	-0.2759506206789508
95.701	-0.2759505975518044
95.751	-0.275950574471709
95.801	-0.27595055143854563
95.851	-0.2759505284521955
95.901	-0.2759505055125402
95.951	-0.27595048261946165
96.001	-0.2759504597728422
96.051	-0.2759504369725646
96.101	-0.2759504142185118
96.151	-0.27595039151056716
96.201	-0.2759503688486145
96.251	-0.2759503462325379
96.301	-0.2759503236622217
96.351	-0.27595030113755076
96.401	-0.27595027865841015
96.451	-0.27595025622464375
96.501	-0.2759502338362181
96.551	-0.27595021149298027
96.601	-0.2759501892061959
96.651	-0.27595016696536834
96.701	-0.2759501447570173
96.751	-0.27595012259340207
96.801	-0.2759501004744106
96.851	-0.275950078399931
96.901	-0.27595005636985187
96.951	-0.27595003438406207
97.001	-0.2759500124424508
97.051	-0.2759499905449075
97.101	-0.2759499686913221
97.151	-0.27594994688158475
97.201	-0.275949925115586
97.251	-0.27594990339321673
97.301	-0.275949881714368
97.351	-0.2759498600789314
97.401	-0.2759498384867126
97.451	-0.27594981693783144
97.501	-0.27594979543198334
97.551	-0.2759497739691164
97.601	-0.27594975254912396
97.651	-0.27594973117189925
97.701	-0.275949709837336
97.751	-0.2759496885453284
97.801	-0.2759496672957707
97.851	-0.27594964608855754
97.901	-0.27594962492358405
97.951	-0.2759496038007454
98.001	-0.2759495827179923
98.051	-0.2759495616791076
98.101	-0.2759495406820456
98.151	-0.27594951972670273
98.201	-0.2759494988129759
98.251	-0.2759494779407622
98.301	-0.2759494571119213
98.351	-0.27594943632242946
98.401	-0.27594941557368974
98.451	-0.2759493948665086
98.501	-0.27594937420033094
98.551	-0.27594935357505557
98.601	-0.27594933299058183
98.651	-0.2759493124468092
98.701	-0.27594929194363765
98.751	-0.2759492714809671
98.801	-0.27594925105869816
98.851	-0.27594923067673155
98.901	-0.2759492103349681
98.951	-0.27594919003330937
99.001	-0.27594916977165673
99.051	-0.27594913381573083
99.101	-0.2759491137096827
99.151	-0.2759490936434429
99.201	-0.2759490736169167
99.251	-0.2759490536290902
99.301	-0.27594904903593626
99.351	-0.2759490290515954
99.401	-0.2759490091064838
99.451	-0.2759489892005055
99.501	-0.27594896933356505
99.551	-0.27594894950556714
99.601	-0.2759489297164168
99.651	-0.2759489099660193
99.701	-0.2759488902547421
99.751	-0.2759488705815673
99.801	-0.2759488509468628
99.851	-0.2759488313505349
99.901	-0.2759488107283021
99.951	-0.27594879121443583
500.	-0.2759356474421564