0.001	-513.1155494556783
0.051	-10.219299974538568
0.101	-5.240767830460371
0.151	-3.5596991864522383
0.201	-2.715296801932896
0.251	-2.2075580819902636
0.301	-1.868708096526182
0.351	-1.6265701888802764
0.401	-1.44496605458292
0.451	-1.303761000426824
0.501	-1.1908581502439346
0.551	-1.098551522310744
0.601	-1.0216995340519839
0.651	-0.9567402110716311
0.701	-0.9011278420530499
0.751	-0.8529946774302933
0.801	-0.8109393351350314
0.851	-0.7738897857478622
0.901	-0.7410119757584206
0.951	-0.7116472633779094
1.001	-0.6852686104442238
1.051	-0.6614492766020822
1.101	-0.6398400527966015
1.151	-0.6201524051757039
1.201	-0.6021458587186332
1.251	-0.585618391500683
1.301	-0.5703990381117305
1.351	-0.5563421505037792
1.401	-0.5433228761860184
1.451	-0.5312335775302187
1.501	-0.5199809609969945
1.551	-0.5094837678972776
1.601	-0.49967089427806366
1.651	-0.4904798532168402
1.701	-0.4818555083167424
1.751	-0.473749024031626
1.801	-0.466116991336192
1.851	-0.45892069484726267
1.901	-0.45212549487041215
1.951	-0.4457003052497481
2.001	-0.439617150757005
2.051	-0.4338507857273833
2.101	-0.42837837056223027
2.151	-0.4231791917477474
2.201	-0.4182344201025975
2.251	-0.4135269023357171
2.301	-0.4090409777527697
2.351	-0.4047623202358747
2.401	-0.40067779909390616
2.451	-0.3967753571068584
2.501	-0.3930439031992932
2.551	-0.3894732177357389
2.601	-0.3860538681083069
2.651	-0.3827771369453297
2.701	-0.3796349523265282
2.751	-0.3766198314139264
2.801	-0.3737248272955185
2.851	-0.37094348197259325
2.901	-0.3682697842089664
2.951	-0.36569813166547377
3.001	-0.36322329681994453
3.051	-0.3608403962383944
3.101	-0.35854486281919595
3.151	-0.356332420679998
3.201	-0.35419742883928923
3.251	-0.3521410283531891
3.301	-0.3501547879427939
3.351	-0.3482370224859074
3.401	-0.34638460963015727
3.451	-0.3445946086213242
3.501	-0.3428642492666318
3.551	-0.3411909170528947
3.601	-0.33957214419902504
3.651	-0.3380055986359376
3.701	-0.3364890767975916
3.751	-0.335020492141958
3.801	-0.3335978693452279
3.851	-0.3322193360973509
3.901	-0.33088311848158325
3.951	-0.3295875317999798
4.001	-0.32833097691573976
4.051	-0.32711193448928677
4.101	-0.3259289601042996
4.151	-0.3247806792340234
4.201	-0.3236657850902082
4.251	-0.32258303165075763
4.301	-0.3215312333174175
4.351	-0.32050925607746406
4.401	-0.3195160217470809
4.451	-0.3185504988258511
4.501	-0.31761170615734763
4.551	-0.3166987023589476
4.601	-0.31581059183036797
4.651	-0.31494651138468843
4.701	-0.31410564083382575
4.751	-0.31328719300319746
4.801	-0.3124904156436581
4.851	-0.3117145866002365
4.901	-0.3109590167300223
4.951	-0.31022303817745484
5.001	-0.30950601667051675
5.051	-0.30880734189748954
5.101	-0.30812642904022425
5.151	-0.3074627149936403
5.201	-0.30681565879501616
5.251	-0.30618474209286634
5.301	-0.30556946463522944
5.351	-0.3049693472471799
5.401	-0.3043839275363514
5.451	-0.30381276049578154
5.501	-0.30325541927226196
5.551	-0.3027114913228858
5.601	-0.3021805782865056
5.651	-0.30166229918284015
5.701	-0.3011562869421379
5.751	-0.30066218472409195
5.801	-0.30017964981396317
5.851	-0.2997083500218344
5.901	-0.29924796887895877
5.951	-0.29879819804129154
6.001	-0.2983587396499625
6.051	-0.29792930659235456
6.101	-0.297509621520508
6.151	-0.2970994164502895
6.201	-0.2966984323799975
6.251	-0.2963064189273158
6.301	-0.29592313398359366
6.351	-0.2955483433845002
6.401	-0.2951818205961547
6.451	-0.2948233464158936
6.501	-0.29447270868688596
6.551	-0.294129702025857
6.601	-0.29379412732230403
6.651	-0.2934657924572669
6.701	-0.2931445106112451
6.751	-0.29283010101109747
6.801	-0.2925223884695404
6.851	-0.2922212031782835
6.901	-0.29192638051019343
6.951	-0.2916377608300288
7.001	-0.29135518931331833
7.051	-0.29107851577297783
7.101	-0.29080759449328286
7.151	-0.29054228349062067
7.201	-0.29028244668516323
7.251	-0.29002795026401046
7.301	-0.2897786648715409
7.351	-0.28953446489177004
7.401	-0.2892952283195537
7.451	-0.2890608366370049
7.501	-0.2888311747160243
7.551	-0.28860613062710605
7.601	-0.28838559563512084
7.651	-0.2881694640313933
7.701	-0.28795763270786084
7.751	-0.2877500023163026
7.801	-0.28754647553047474
7.851	-0.28734695774147634
7.901	-0.2871513570047245
7.951	-0.28695958386605025
8.001	-0.28677155119596026
8.051	-0.2865871744573602
8.101	-0.28640637111354106
8.151	-0.28622906090318795
8.201	-0.2860551656850372
8.251	-0.28588460937181115
8.301	-0.28571731778565057
8.351	-0.2855532189212416
8.401	-0.28539224239871014
8.451	-0.2852343197327468
8.501	-0.2850793841958731
8.551	-0.28492737076540076
8.601	-0.28477821504603973
8.651	-0.28463185732172336
8.701	-0.2844882363616782
8.751	-0.28434729336440656
8.801	-0.2842089714098308
8.851	-0.28407321437822025
8.901	-0.2839399678759644
8.951	-0.28380917896113156
9.001	-0.2836807957803553
9.051	-0.2835547678177756
9.101	-0.283431045787117
9.151	-0.28330958159675296
9.201	-0.2831903285917771
9.251	-0.2830732404166592
9.301	-0.28295827264256485
9.351	-0.2828453816295517
9.401	-0.2827345245032668
9.451	-0.2826256602109351
9.501	-0.28251874786487
9.551	-0.28241374780273293
9.601	-0.2823106212894715
9.651	-0.2822093304921631
9.701	-0.2821098384556475
9.751	-0.2820121105094475
9.801	-0.2819161085337048
9.851	-0.28182180026918036
9.901	-0.2817291504842234
9.951	-0.28163812704976987
10.001	-0.2815486978063718
10.051	-0.2814608313216649
10.101	-0.28137449767660894
10.151	-0.28128966523096244
10.201	-0.2812063054225095
10.251	-0.2811243895430825
10.301	-0.2810438861953189
10.351	-0.280964774564526
10.401	-0.28088702449983566
10.451	-0.2808106097480663
10.501	-0.280735504817427
10.551	-0.28066168429894717
10.601	-0.2805891236490048
10.651	-0.2805177989097596
10.701	-0.2804476865639781
10.751	-0.28037876368129955
10.801	-0.28031100758626626
10.851	-0.2802443963251815
10.901	-0.2801789081282212
10.951	-0.28011452230514733
11.001	-0.28005122152561923
11.051	-0.279988978522867
11.101	-0.2799277770191202
11.151	-0.2798675976378197
11.201	-0.2798084214086032
11.251	-0.27975022975760117
11.301	-0.27969300449799916
11.351	-0.27963672782085675
11.401	-0.2795813822861756
11.451	-0.27952695081420814
11.501	-0.2794734166470065
11.551	-0.2794207634609135
11.601	-0.27936897517635423
11.651	-0.27931803607224953
11.701	-0.2792679307476853
11.751	-0.2792186440882179
11.801	-0.27917016136462935
11.851	-0.2791224680658933
11.901	-0.27907554999976975
11.951	-0.2790293932591195
12.001	-0.2789839802618231
12.051	-0.27893930553768076
12.101	-0.27889535206423877
12.151	-0.27885210701166324
12.201	-0.2788095578044727
12.251	-0.278767692115851
12.301	-0.27872649786210696
12.351	-0.27868596319727157
12.401	-0.27864607650783346
12.451	-0.2786068264076049
12.501	-0.2785682017327175
12.551	-0.2785301915367416
12.601	-0.27849278508592795
12.651	-0.27845597185456655
12.701	-0.2784197415204605
12.751	-0.27838408403930953
12.801	-0.2783489893250683
12.851	-0.2783144477189527
12.901	-0.27828044966973503
12.951	-0.27824698580867874
13.001	-0.278214047832237
13.051	-0.27818162493822296
13.101	-0.27814970918255905
13.151	-0.27811829181081016
13.201	-0.2780873644652956
13.251	-0.27805691871574034
13.301	-0.2780269463666621
13.351	-0.2779974741334743
13.401	-0.2779684257763303
13.451	-0.2779398260393281
13.501	-0.2779116323039811
13.551	-0.2778839092960393
13.601	-0.2778566136347768
13.651	-0.277829738136092
13.701	-0.27780327574864966
13.751	-0.2777772195511539
13.801	-0.2777515627496829
13.851	-0.2777262986750855
13.901	-0.27770142078043775
13.951	-0.27767692271292754
14.001	-0.277652798013714
14.051	-0.2776290405624587
14.101	-0.27760564435052715
14.151	-0.27758260325835266
14.201	-0.27755991134944663
14.251	-0.27753756323252576
14.301	-0.27751555296034314
14.351	-0.2774938750538599
14.401	-0.27747252413280926
14.451	-0.2774514946977501
14.501	-0.2774307815622667
14.551	-0.2774103796328755
14.601	-0.27739028309074076
14.651	-0.27737048824397864
14.701	-0.27735098972476496
14.751	-0.27733178243994205
14.801	-0.27731286181060444
14.851	-0.2772942231979293
14.901	-0.27727586204488924
14.951	-0.2772577738746646
15.001	-0.27723995428909043
15.051	-0.2772223989671368
15.101	-0.2772051036634215
15.151	-0.2771880642067546
15.201	-0.2771712764987144
15.251	-0.2771547365122531
15.301	-0.27713844029033263
15.351	-0.27712238394458916
15.401	-0.2771065636540257
15.451	-0.27709097566373264
15.501	-0.2770756163498773
15.551	-0.27706048195321425
15.601	-0.27704556897621624
15.651	-0.27703087391605363
15.701	-0.2770163933299765
15.751	-0.2770021238341874
15.801	-0.27698806210273696
15.851	-0.2769742048664431
15.901	-0.27696054891183153
15.951	-0.2769470910800992
16.001	-0.276933828266098
16.051	-0.2769207574173401
16.101	-0.27690787553302293
16.151	-0.27689518013279224
16.201	-0.27688266737711387
16.251	-0.276870334884132
16.301	-0.27685817985042943
16.351	-0.27684619951969014
16.401	-0.27683439118183734
16.451	-0.27682275217218877
16.501	-0.27681127987062903
16.551	-0.2767999717007985
16.601	-0.2767888251292987
16.651	-0.2767778376649128
16.701	-0.27676700685784245
16.751	-0.2767563303178149
16.801	-0.27674580563797424
16.851	-0.2767354305071535
16.901	-0.2767252026338908
16.951	-0.27671511976454577
17.001	-0.2767051796826222
17.051	-0.2766953802081043
17.101	-0.2766857191968051
17.151	-0.2766761945397283
17.201	-0.27666680400504196
17.251	-0.2766575458669247
17.301	-0.27664841796098694
17.351	-0.276639418312856
17.401	-0.2766305449803391
17.451	-0.27662179605285636
17.501	-0.27661316959245286
17.551	-0.2766046638665682
17.601	-0.2765962769981399
17.651	-0.2765880071975767
17.701	-0.2765798523732066
17.751	-0.2765718114533282
17.801	-0.27656388240414087
17.851	-0.2765560635487945
17.901	-0.27654835323740806
17.951	-0.2765407498466016
18.001	-0.276533251779037
18.051	-0.27652585746296715
18.101	-0.27651856535179414
18.151	-0.2765113739236354
18.201	-0.2765042816808977
18.251	-0.2764972871498598
18.301	-0.2764903888802623
18.351	-0.27648358544490564
18.401	-0.2764768754392551
18.451	-0.27647025748105336
18.501	-0.27646373020994053
18.551	-0.27645729228708066
18.601	-0.27645094239479545
18.651	-0.27644467923620497
18.701	-0.2764385015348743
18.751	-0.27643240803446756
18.801	-0.2764263974984075
18.851	-0.27642046870954173
18.901	-0.2764146204698153
18.951	-0.27640885159994827
19.001	-0.2764031613075678
19.051	-0.27639754771038605
19.101	-0.27639201005476066
19.151	-0.2763865472334115
19.201	-0.27638115815631126
19.251	-0.2763758417503963
19.301	-0.27637059695928434
19.351	-0.2763654227429962
19.401	-0.27636031807768274
19.451	-0.2763552819553571
19.501	-0.27635031338363136
19.551	-0.2763454113854579
19.601	-0.27634057499887554
19.651	-0.27633580327676033
19.701	-0.27633109528658045
19.751	-0.2763264501101558
19.801	-0.2763218668434214
19.851	-0.2763173445961959
19.901	-0.2763128824919528
19.951	-0.2763084796675971
20.001	-0.276304135273245
20.051	-0.27629984847200795
20.101	-0.2762956184397803
20.151	-0.2762914443650303
20.201	-0.27628732544859597
20.251	-0.2762832609034831
20.301	-0.2762792499546677
20.351	-0.2762752918389015
20.401	-0.27627138580452115
20.451	-0.2762675311112605
20.501	-0.27626372703006635
20.551	-0.2762599728429168
20.601	-0.27625626784264395
20.651	-0.27625261133275847
20.701	-0.27624900262727764
20.751	-0.27624544105055665
20.801	-0.2762419259371223
20.851	-0.27623845663151037
20.901	-0.27623503248810427
20.951	-0.27623165443849057
21.001	-0.27622831872643455
21.051	-0.27622502629726786
21.101	-0.27622177654321745
21.151	-0.27621856886559704
21.201	-0.27621540267466227
21.251	-0.27621227738946896
21.301	-0.2762091924377327
21.351	-0.2762061476732851
21.401	-0.276203141702574
21.451	-0.2762001743990844
21.501	-0.27619724522382244
21.551	-0.27619435364579076
21.601	-0.276191499141862
21.651	-0.2761886811966551
21.701	-0.27618589930241344
21.751	-0.276183152958885
21.801	-0.2761804420644915
21.851	-0.27617776534822774
21.901	-0.27617512272579636
21.951	-0.2761725137258043
22.001	-0.2761699378837933
22.051	-0.2761673947421314
22.101	-0.2761648838499068
22.151	-0.27616240476282244
22.201	-0.2761599570430938
22.251	-0.276157540259347
22.301	-0.2761551539608907
22.351	-0.2761527977803837
22.401	-0.2761504712792135
22.451	-0.27614817405067016
22.501	-0.2761459056939726
22.551	-0.27614366582009264
22.601	-0.2761414540276876
22.651	-0.2761392699394526
22.701	-0.27613711317742134
22.751	-0.2761349833503567
22.801	-0.2761328801286226
22.851	-0.2761308031317716
22.901	-0.2761287520032791
22.951	-0.2761267263917771
23.001	-0.27612472595097487
23.051	-0.2761227503395811
23.101	-0.27612079922122806
23.151	-0.27611887226439563
23.201	-0.276116969142338
23.251	-0.27611508953301056
23.301	-0.27611323311899805
23.351	-0.2761113995874448
23.401	-0.27610958864961466
23.451	-0.27610779996236795
23.501	-0.2761060332456802
23.551	-0.27610428820425026
23.601	-0.2761025645470008
23.651	-0.2761008619870141
23.701	-0.2760991802414694
23.751	-0.276097519031581
23.801	-0.276095878082537
23.851	-0.27609425714363434
23.901	-0.276092655907503
23.951	-0.2760910741310309
24.001	-0.2760895115547136
24.051	-0.27608796792273016
24.101	-0.2760864429828883
24.151	-0.27608493648657045
24.201	-0.27608344818867947
24.251	-0.27608197784758637
24.301	-0.2760805249557508
24.351	-0.27607908981903473
24.401	-0.2760776719345098
24.451	-0.27607627107390903
24.501	-0.27607488701218225
24.551	-0.27607351952744824
24.601	-0.27607216840094784
24.651	-0.2760708331617597
24.701	-0.27606951410966296
24.751	-0.27606821077777927
24.801	-0.27606692295938007
24.851	-0.2760656486175908
24.901	-0.2760643912103541
24.951	-0.27606314871363447
25.001	-0.2760619209320371
25.051	-0.2760607076728965
25.101	-0.27605950874623675
25.151	-0.2760583239647316
25.201	-0.276057152909244
25.251	-0.2760559958682878
25.301	-0.27605485242600547
25.351	-0.27605372240528553
25.401	-0.27605260563147693
25.451	-0.27605150193235317
25.501	-0.27605041113807693
25.551	-0.27604933308116475
25.601	-0.27604826759645296
25.651	-0.27604721452106357
25.701	-0.27604617369437073
25.751	-0.2760451449579684
25.801	-0.27604412815563756
25.851	-0.2760431231333143
25.901	-0.2760421297390589
25.951	-0.2760412003735473
26.001	-0.2760401772374268
26.051	-0.27603921783651436
26.101	-0.27603826947653876
26.151	-0.27603733206538855
26.201	-0.2760364053640142
26.251	-0.2760354892840608
26.301	-0.27603458368950684
26.351	-0.2760336884962658
26.401	-0.2760328034719667
26.451	-0.2760319285360673
26.501	-0.2760310635598356
26.551	-0.2760302084162967
26.601	-0.27602936298020786
26.651	-0.27602852712803316
26.701	-0.2760277007379191
26.751	-0.27602688368967043
26.801	-0.2760260758647267
26.851	-0.2760252771971318
26.901	-0.276024487469621
26.951	-0.2760237066193061
27.001	-0.2760229345339335
27.051	-0.27602217110277055
27.101	-0.27602141621658355
27.151	-0.2760206697676165
27.201	-0.27601993164957006
27.251	-0.27601920175758055
27.301	-0.2760184800398976
27.351	-0.27601776629114366
27.401	-0.2760170606279034
27.451	-0.27601636278251035
27.501	-0.2760156724941335
27.551	-0.2760149898316781
27.601	-0.2760143146997754
27.651	-0.2760136470043371
27.701	-0.27601298665253743
27.751	-0.2760123335527949
27.801	-0.27601168761475525
27.851	-0.27601104874927357
27.901	-0.27601041686839756
27.951	-0.2760097918853506
28.001	-0.2760091737145152
28.051	-0.2760085622714167
28.101	-0.27600795747270707
28.151	-0.27600735923614905
28.201	-0.27600676748060093
28.251	-0.27600618212600037
28.301	-0.27600560309335015
28.351	-0.27600503030470247
28.401	-0.27600446368314485
28.451	-0.2760039031527851
28.501	-0.27600334863873743
28.551	-0.2760028000671082
28.601	-0.27600225736498196
28.651	-0.2760017204604081
28.701	-0.27600118928238704
28.751	-0.276000663760857
28.801	-0.27600014382668137
28.851	-0.2759996294116351
28.901	-0.2759991204483926
28.951	-0.275998616870515
29.001	-0.27599811861243784
29.051	-0.27599762560945884
29.101	-0.2759971377977262
29.151	-0.2759966551142264
29.201	-0.275996177496773
29.251	-0.27599570488399483
29.301	-0.2759952372153249
29.351	-0.2759947744309892
29.401	-0.2759943164719959
29.451	-0.2759938634010632
29.501	-0.27599341491882046
29.551	-0.27599297108952925
29.601	-0.2759925318572194
29.651	-0.27599209716665013
29.701	-0.27599166696330035
29.751	-0.2759912411933585
29.801	-0.2759908198037128
29.851	-0.27599040274194186
29.901	-0.275989989956305
29.951	-0.27598958139573304
30.001	-0.2759891770098188
30.051	-0.27598877674880834
30.101	-0.2759883805635921
30.151	-0.2759879884056956
30.201	-0.2759876002272713
30.251	-0.27598721598108966
30.301	-0.2759868356205308
30.351	-0.27598645909957614
30.401	-0.27598608635116006
30.451	-0.2759857173735993
30.501	-0.2759853521011147
30.551	-0.27598499049175285
30.601	-0.27598463249887395
30.651	-0.27598427808166637
30.701	-0.2759839271980979
30.751	-0.27598357980667526
30.801	-0.2759832358664367
30.851	-0.27598289533694487
30.901	-0.2759825581782798
30.951	-0.27598222435103187
31.001	-0.2759818940347186
31.051	-0.27598156675064384
31.101	-0.2759812426827529
31.151	-0.27598092179503964
31.201	-0.2759806040476582
31.251	-0.2759802894055746
31.301	-0.27597997783411793
31.351	-0.27597966929498585
31.401	-0.2759793637544419
31.451	-0.27597906117781495
31.501	-0.2759787615321284
31.551	-0.27597846478105015
31.601	-0.27597817089248955
31.651	-0.2759778798346793
31.701	-0.27597759157270163
31.751	-0.2759773060756407
31.801	-0.2759770233117809
31.851	-0.27597674326474725
31.901	-0.275976465873721
31.951	-0.2759761911231265
32.001	-0.27597591896792145
32.051	-0.2759756494081404
32.101	-0.2759753823994782
32.151	-0.2759751179129084
32.201	-0.2759748559197684
32.251	-0.27597459639086225
32.301	-0.27597433930004905
32.351	-0.27597408461881334
32.401	-0.27597383231990036
32.451	-0.2759735823755973
32.501	-0.27597333476094643
32.551	-0.27597308944887866
32.601	-0.27597284641347414
32.651	-0.2759726054665521
32.701	-0.27597236691159743
32.751	-0.27597213055746095
32.801	-0.275971896379488
32.851	-0.27597166435332987
32.901	-0.27597143445493977
32.951	-0.27597120666056896
33.001	-0.27597098094676237
33.051	-0.27597075729035536
33.101	-0.27597053751635303
33.151	-0.27597031789510396
33.201	-0.2759701002635218
33.251	-0.2759698845995643
33.301	-0.27596967088146085
33.351	-0.2759694590877088
33.401	-0.2759692491970699
33.451	-0.2759690411882176
33.501	-0.27596883504115255
33.551	-0.27596863073503825
33.601	-0.275968428249697
33.651	-0.275968227565088
33.701	-0.2759680286615255
33.751	-0.2759678315195279
33.801	-0.2759676361198519
33.851	-0.27596744157453695
33.901	-0.27596724874418227
33.951	-0.27596705846853525
34.001	-0.2759668698605004
34.051	-0.2759666829019789
34.101	-0.2759664975750917
34.151	-0.2759663138621771
34.201	-0.2759661317457877
34.251	-0.2759659512086875
34.301	-0.27596577223384955
34.351	-0.2759655948044528
34.401	-0.2759654189038796
34.451	-0.27596524451571336
34.501	-0.27596507162373546
34.551	-0.27596490021192294
34.601	-0.27596473026444607
34.651	-0.2759645617656656
34.701	-0.2759643947001305
34.751	-0.2759642290525755
34.801	-0.2759640648079187
34.851	-0.275963901951259
34.901	-0.27596374046787414
34.951	-0.27596358034321833
35.001	-0.2759634215629193
35.051	-0.2759632641127774
35.101	-0.275963107978762
35.151	-0.2759629531470102
35.201	-0.27596279960382447
35.251	-0.27596264733567044
35.301	-0.27596249632917474
35.351	-0.2759623465711233
35.401	-0.2759621980484587
35.451	-0.275962050748279
35.501	-0.27596190465783493
35.551	-0.27596175976452847
35.601	-0.27596161605591063
35.651	-0.27596147351967987
35.701	-0.2759613321436798
35.751	-0.2759611919158979
35.801	-0.2759610528422026
35.851	-0.27596091487544905
35.901	-0.27596077802171787
35.951	-0.2759606422695527
36.001	-0.2759605076076314
36.051	-0.2759603740247651
36.101	-0.2759602415098959
36.151	-0.27596011005209575
36.201	-0.27595997964818864
36.251	-0.2759598502721023
36.301	-0.27595972768257004
36.351	-0.27595960032334854
36.401	-0.27595947411970156
36.451	-0.2759593487579244
36.501	-0.2759592242313728
36.551	-0.2759591008290566
36.601	-0.27595897276537285
36.651	-0.27595885130443554
36.701	-0.27595873078845773
36.751	-0.27595861134436933
36.801	-0.2759584926889471
36.851	-0.2759583749504694
36.901	-0.27595825811953734
36.951	-0.27595814218718295
37.001	-0.27595802714444706
37.051	-0.27595791282721427
37.101	-0.2759577995382403
37.151	-0.2759576871126148
37.201	-0.275957575541784
37.251	-0.2759574648172921
37.301	-0.2759573549307804
37.351	-0.2759572458739858
37.401	-0.2759571376387397
37.451	-0.2759570302169669
37.501	-0.2759569236006843
37.551	-0.275956817782
37.601	-0.2759567127531118
37.651	-0.27595660850630643
37.701	-0.2759565050339583
37.751	-0.2759564023285283
37.801	-0.2759563003825631
37.851	-0.2759561991886936
37.901	-0.27595609873963417
37.951	-0.2759559990281817
38.001	-0.27595590004721443
38.051	-0.2759558017896909
38.101	-0.2759557042486491
38.151	-0.27595560741720554
38.201	-0.2759555112885539
38.251	-0.27595541585596467
38.301	-0.2759553211127836
38.351	-0.27595522705243136
38.401	-0.2759551336684021
38.451	-0.2759550409542629
38.501	-0.27595494890365274
38.551	-0.2759548574502749
38.601	-0.2759547667082161
38.651	-0.2759546766110263
38.701	-0.27595458715262333
38.751	-0.27595449832699276
38.801	-0.275954410128187
38.851	-0.27595432255032437
38.901	-0.2759542355875885
38.951	-0.2759541492342273
39.001	-0.2759540634845522
39.051	-0.2759539783329377
39.101	-0.2759538937738202
39.151	-0.27595380980169754
39.201	-0.275953726411128
39.251	-0.27595364359672975
39.301	-0.27595356135318017
39.351	-0.27595347977150153
39.401	-0.2759533986531734
39.451	-0.27595331798544726
39.501	-0.27595323797323756
39.551	-0.27595315850612495
39.601	-0.27595307957912696
39.651	-0.275953001187315
39.701	-0.27595292332581434
39.751	-0.2759528459898033
39.801	-0.27595276917451245
39.851	-0.2759526928752241
39.901	-0.2759526170872717
39.951	-0.2759525418060393
40.001	-0.27595246702696064
40.051	-0.27595239274551886
40.101	-0.2759523189572459
40.151	-0.2759522456577217
40.201	-0.27595217284257384
40.251	-0.27595210050747676
40.301	-0.2759520286481514
40.351	-0.2759519572603647
40.401	-0.2759518863399286
40.451	-0.2759518158827002
40.501	-0.27595174588458066
40.551	-0.27595167634151474
40.601	-0.2759516072494907
40.651	-0.2759515386045393
40.701	-0.27595147040273355
40.751	-0.2759514026401881
40.801	-0.2759513353130588
40.851	-0.2759512684175424
40.901	-0.2759512019498756
40.951	-0.2759511359063351
41.001	-0.2759510702832366
41.051	-0.27595100507693493
41.101	-0.2759509402838231
41.151	-0.2759508759003321
41.201	-0.2759508119229304
41.251	-0.27595074834812344
41.301	-0.27595068517245325
41.351	-0.2759506223924981
41.401	-0.27595056000487206
41.451	-0.2759504980062243
41.501	-0.2759504363840363
41.551	-0.2759503751534476
41.601	-0.27595031430199296
41.651	-0.2759502538264588
41.701	-0.2759501937236652
41.751	-0.27595013399046464
41.801	-0.2759500746237426
41.851	-0.27595001562041643
41.901	-0.2759499569774353
41.951	-0.27594989870084496
42.001	-0.27594984076951184
42.051	-0.27594978318955854
42.101	-0.2759497259580578
42.151	-0.2759496690721124
42.201	-0.27594961252885464
42.251	-0.27594955632544627
42.301	-0.2759495004590778
42.351	-0.27594944492696855
42.401	-0.27594938972636607
42.451	-0.2759493348545458
42.501	-0.275949297557607
42.551	-0.27594924330674514
42.601	-0.27594917219381193
42.651	-0.2759491186104087
42.701	-0.2759490653425738
42.751	-0.27594901238774383
42.801	-0.2759489597433814
42.851	-0.27594890740697453
42.901	-0.27594885537603653
42.951	-0.2759488036481054
43.001	-0.27594875222658477
43.051	-0.27594870109736164
43.101	-0.2759486502639067
43.151	-0.2759485997296388
43.201	-0.27594854948063013
43.251	-0.27594849952611117
43.301	-0.27594844985227623
43.351	-0.2759484004626177
43.401	-0.2759483513605745
43.451	-0.2759483025325226
43.501	-0.27594825398196415
43.551	-0.2759482056968435
43.601	-0.275948157694745
43.651	-0.2759481099881633
43.701	-0.27594806254059506
43.751	-0.27594801534516744
43.801	-0.27594796841444735
43.851	-0.2759479217469561
43.901	-0.2759478753392559
43.951	-0.27594782919014826
44.001	-0.27594778329763414
44.051	-0.2759477376597343
44.101	-0.2759476922744883
44.151	-0.2759476471494153
44.201	-0.2759476022582074
44.251	-0.27594755761928785
44.301	-0.27594751322536903
44.351	-0.27594746907458356
44.401	-0.27594742516508197
44.451	-0.2759473814950326
44.501	-0.27594733806262134
44.551	-0.2759472948660514
44.601	-0.27594725190877306
44.651	-0.275947209178545
44.701	-0.2759471666788703
44.751	-0.27594712440801983
44.801	-0.27594708236428095
44.851	-0.27594704055452807
44.901	-0.2759469990284926
44.951	-0.2759469576998455
45.001	-0.2759469165471167
45.051	-0.27594687560812337
45.101	-0.2759468348913815
45.151	-0.2759467943902119
45.201	-0.2759467541030268
45.251	-0.2759467140282536
45.301	-0.2759466740140569
45.351	-0.2759466343725222
45.401	-0.27594659491894064
45.451	-0.2759465556796301
45.501	-0.2759465166450734
45.551	-0.27594647781378373
45.601	-0.2759464391842882
45.651	-0.2759464007551274
45.701	-0.2759463625248555
45.751	-0.27594632449204004
45.801	-0.2759462866552616
45.851	-0.27594624901311404
45.901	-0.27594621156420407
45.951	-0.275946174307151
46.001	-0.2759461372405869
46.051	-0.2759461003631564
46.101	-0.27594606367351654
46.151	-0.27594602717033634
46.201	-0.27594599085229726
46.251	-0.27594595471809236
46.301	-0.27594591876642693
46.351	-0.2759458829960177
46.401	-0.27594584740559325
46.451	-0.27594581199389323
46.501	-0.2759457767520065
46.551	-0.27594574169403613
46.601	-0.27594570681107766
46.651	-0.27594567210191584
46.701	-0.27594563756534596
46.751	-0.2759456032001744
46.801	-0.275945569005218
46.851	-0.27594553497930424
46.901	-0.275945501121271
46.951	-0.2759454674299663
47.001	-0.2759454339042487
47.051	-0.2759454005429866
47.101	-0.27594536734505853
47.151	-0.27594533430935286
47.201	-0.2759453014347677
47.251	-0.27594526872021097
47.301	-0.2759452361646001
47.351	-0.275945203766862
47.401	-0.27594517152593295
47.451	-0.2759451393270619
47.501	-0.2759451073963326
47.551	-0.2759450756192776
47.601	-0.2759450440185052
47.651	-0.2759450125549179
47.701	-0.2759449812323499
47.751	-0.27594495005940417
47.801	-0.2759449190350887
47.851	-0.2759448881584201
47.901	-0.2759448574284232
47.951	-0.2759448268441313
48.001	-0.2759447964045861
48.051	-0.2759447661088374
48.101	-0.2759447359559431
48.151	-0.2759447059449692
48.201	-0.2759446760749896
48.251	-0.27594464634508625
48.301	-0.2759446167543485
48.351	-0.27594458730187377
48.401	-0.2759445579867669
48.451	-0.27594452880814063
48.501	-0.27594449976511465
48.551	-0.27594447085681645
48.601	-0.27594444208238067
48.651	-0.27594441344094933
48.701	-0.27594438493167156
48.751	-0.27594435655370364
48.801	-0.2759443283062088
48.851	-0.27594430018835725
48.901	-0.2759442721993262
48.951	-0.27594424434781467
49.001	-0.27594421661398
49.051	-0.27594418900653805
49.101	-0.27594416152469275
49.151	-0.27594413416765473
49.201	-0.2759441069346411
49.251	-0.27594407982487545
49.301	-0.2759440528471425
49.351	-0.2759440259815656
49.401	-0.27594399923694507
49.451	-0.2759439726125297
49.501	-0.2759439461075741
49.551	-0.2759439197213392
49.601	-0.2759438934530917
49.651	-0.27594386729875586
49.701	-0.2759438412643249
49.751	-0.2759438153457171
49.801	-0.27594378954222265
49.851	-0.2759437638531374
49.901	-0.2759437382810236
49.951	-0.27594371281864954
50.001	-0.27594368745915987
50.051	-0.27594366222076866
50.101	-0.2759436370933498
50.151	-0.2759436120762324
50.201	-0.27594358716875084
50.251	-0.27594356237024453
50.301	-0.27594353767063173
50.351	-0.2759435130881191
50.401	-0.27594348861263174
50.451	-0.27594346424353
50.501	-0.27594343998017895
50.551	-0.27594341582194887
50.601	-0.275943391768215
50.651	-0.27594336780895323
50.701	-0.2759433439623597
50.751	-0.27594332021841683
50.801	-0.27594329657651906
50.851	-0.2759432730360655
50.901	-0.27594324959645977
50.951	-0.2759432262571105
51.001	-0.27594320300804925
51.051	-0.27594317986745914
51.101	-0.2759431568253777
51.151	-0.27594313388123126
51.201	-0.2759431110344506
51.251	-0.275943088284471
51.301	-0.2759430656307318
51.351	-0.27594304307261314
51.401	-0.2759430206096896
51.451	-0.2759429982413503
51.501	-0.27594297596705164
51.551	-0.27594295378625383
51.601	-0.2759429316983556
51.651	-0.2759429097029568
51.701	-0.2759428877994646
51.751	-0.2759428659873554
51.801	-0.2759428442660417
51.851	-0.2759428226351433
51.901	-0.2759428012272969
51.951	-0.27594277977573356
52.001	-0.275942758412993
52.051	-0.2759427371385746
52.101	-0.2759427159519818
52.151	-0.2759426948527214
52.201	-0.275942673840304
52.251	-0.27594265291424386
52.301	-0.27594263207405867
52.351	-0.2759426113192698
52.401	-0.275942590649402
52.451	-0.27594257006398365
52.501	-0.2759425495625465
52.551	-0.27594252914455053
52.601	-0.27594250880968424
52.651	-0.27594248855741477
52.701	-0.27594246838728753
52.751	-0.27594244829885095
52.801	-0.27594242829165694
52.851	-0.2759424083691549
52.901	-0.2759423885231176
52.951	-0.27594236875699757
53.001	-0.2759423490703594
53.051	-0.2759423294627709
53.101	-0.2759423099338028
53.151	-0.2759422904830291
53.201	-0.27594227111002667
53.251	-0.2759422518143754
53.301	-0.27594223259565837
53.351	-0.2759422134534613
53.401	-0.27594219438737316
53.451	-0.2759421753969857
53.501	-0.2759421564818934
53.551	-0.2759421376416938
53.601	-0.27594211887598724
53.651	-0.2759421001843768
53.701	-0.27594208156646843
53.751	-0.27594206302187074
53.801	-0.2759420445501951
53.851	-0.27594202615105573
53.901	-0.2759420074786571
53.951	-0.27594198922671925
54.001	-0.27594197104614554
54.051	-0.275941952936561
54.101	-0.2759419348975931
54.151	-0.2759419169288721
54.201	-0.27594189903003064
54.251	-0.2759418812007039
54.301	-0.2759418634405296
54.351	-0.2759418457457342
54.401	-0.2759418281228481
54.451	-0.27594181056804234
54.501	-0.27594179308096434
54.551	-0.27594177566126393
54.601	-0.27594175830859347
54.651	-0.2759417410226076
54.701	-0.2759417238029633
54.751	-0.2759417066623611
54.801	-0.2759416895743787
54.851	-0.2759416725517225
54.901	-0.27594165559405875
54.951	-0.2759416387010558
55.001	-0.2759416218723842
55.051	-0.27594160510771676
55.101	-0.27594158840672844
55.151	-0.2759415717690964
55.201	-0.2759415551944999
55.251	-0.27594153868262034
55.301	-0.2759415222331413
55.351	-0.2759415058457483
55.401	-0.27594148952012904
55.451	-0.27594147325597335
55.501	-0.27594145705297296
55.551	-0.2759414409108217
55.601	-0.2759414248292153
55.651	-0.27594140880785173
55.701	-0.2759413928464306
55.751	-0.2759413769446538
55.801	-0.27594136110222495
55.851	-0.2759413453188497
55.901	-0.27594132959423545
55.951	-0.27594131392809174
56.001	-0.2759412983201298
56.051	-0.2759412827700628
56.101	-0.27594126727760576
56.151	-0.2759412518424755
56.201	-0.2759412364643907
56.251	-0.2759412211430718
56.301	-0.275941205878241
56.351	-0.27594119065098865
56.401	-0.2759411754983211
56.451	-0.2759411438891795
56.501	-0.2759411289490957
56.551	-0.27594111407299204
56.601	-0.27594109925102706
56.651	-0.27594108448293964
56.701	-0.2759410697684703
56.751	-0.2759410551073612
56.801	-0.2759410404993561
56.851	-0.2759410259442004
56.901	-0.27594101144164107
56.951	-0.27594099699142677
57.001	-0.27594098259330746
57.051	-0.27594096825649433
57.101	-0.275940969084971
57.151	-0.2759409547396217
57.201	-0.27594094061006014
57.251	-0.27594092636868084
57.301	-0.275940912188008
57.351	-0.27594089805836913
57.401	-0.27594088397055433
57.451	-0.2759408699243328
57.501	-0.2759408559284371
57.551	-0.27594084198262975
57.601	-0.2759408279322742
57.651	-0.27594081409380644
57.701	-0.27594083304665
57.751	-0.27594078656478616
57.801	-0.275940772848984
57.851	-0.2759407592066422
57.901	-0.2759407456092309
57.951	-0.27594073206363934
58.001	-0.2759407185660613
58.051	-0.2759407051162734
58.101	-0.2759406917140536
58.151	-0.27594067835918135
58.201	-0.27594066505143716
58.251	-0.2759406517906032
58.301	-0.27594063857646256
58.351	-0.2759406254088
58.401	-0.27594061228740124
58.451	-0.27594059921205355
58.501	-0.2759405861825453
58.551	-0.2759405731986661
58.601	-0.27594056026020697
58.651	-0.27594054736696
58.701	-0.2759405345187186
58.751	-0.2759405217152774
58.801	-0.27594050895643213
58.851	-0.27594049624197986
58.901	-0.2759404835717188
58.951	-0.2759404709454483
59.001	-0.27594045836296904
59.051	-0.2759404458240826
59.101	-0.275940433328592
59.151	-0.2759404208763012
59.201	-0.27594040846701545
59.251	-0.275940396100541
59.301	-0.2759403837766853
59.351	-0.27594037149525685
59.401	-0.2759403592560654
59.451	-0.2759403470589217
59.501	-0.27594033490363756
59.551	-0.2759403227900259
59.601	-0.2759403107179007
59.651	-0.27594029868707715
59.701	-0.27594028669737125
59.751	-0.2759402747486002
59.801	-0.2759402628405824
59.851	-0.2759402509731369
59.901	-0.2759402391460842
59.951	-0.27594022735924534
60.001	-0.27594021561258475
60.051	-0.27594020390564244
60.101	-0.27594019223838406
60.151	-0.275940180610635
60.201	-0.2759401690222217
60.251	-0.2759401574729713
60.301	-0.2759401459627121
60.351	-0.27594013449127336
60.401	-0.2759401230584853
60.451	-0.275940111664179
60.501	-0.27594010030818655
60.551	-0.27594008899034106
60.601	-0.2759400777104764
60.651	-0.27594006646842745
60.701	-0.27594005526403004
60.751	-0.27594004409712086
60.801	-0.27594003296753755
60.851	-0.27594002187511857
60.901	-0.2759400108197033
60.951	-0.2759399998011322
61.001	-0.2759399888192463
61.051	-0.2759399778738877
61.101	-0.2759399669648992
61.151	-0.2759399560921247
61.201	-0.2759399452554088
61.251	-0.27593993445459697
61.301	-0.27593992368842074
61.351	-0.2759399129589362
61.401	-0.2759399022648973
61.451	-0.27593989160615284
61.501	-0.27593988098255245
61.551	-0.2759398703939467
61.601	-0.2759398598401867
61.651	-0.27593984932112464
61.701	-0.2759398388366133
61.751	-0.2759398283865065
61.801	-0.27593981797934725
61.851	-0.2759398075976102
61.901	-0.27593979724984335
61.951	-0.2759397869359035
62.001	-0.27593977665564806
62.051	-0.27593976640893536
62.101	-0.2759397561956246
62.151	-0.2759397460155755
62.201	-0.2759397358686487
62.251	-0.27593972575470543
62.301	-0.2759397156736078
62.351	-0.2759397056252186
62.401	-0.27593969560940124
62.451	-0.27593968562602006
62.501	-0.27593967567493993
62.551	-0.2759396657560265
62.601	-0.2759396558691462
62.651	-0.2759396460141661
62.701	-0.27593963619095385
62.751	-0.275939626399378
62.801	-0.27593961663930777
62.851	-0.27593960691061287
62.901	-0.2759395972131638
62.951	-0.2759395875468318
63.001	-0.27593957791148876
63.051	-0.2759395683070072
63.101	-0.2759395587332602
63.151	-0.27593954919012176
63.201	-0.27593953967746626
63.251	-0.2759395302037664
63.301	-0.27593952075169986
63.351	-0.27593951132974365
63.401	-0.2759395019377749
63.451	-0.27593949257567135
63.501	-0.27593948324331125
63.551	-0.27593947394057355
63.601	-0.2759394646673379
63.651	-0.2759394554234844
63.701	-0.27593944620889405
63.751	-0.2759394370234481
63.801	-0.2759394278670286
63.851	-0.27593941873951816
63.901	-0.27593940964080005
63.951	-0.2759394005707581
64.001	-0.27593939152927666
64.051	-0.2759393825162407
64.101	-0.2759393735315359
64.151	-0.2759393645750483
64.201	-0.2759393556466647
64.251	-0.27593934674627235
64.301	-0.2759393378737592
64.351	-0.2759393290290135
64.401	-0.2759393202119244
64.451	-0.2759393114223814
64.501	-0.27593930266027455
64.551	-0.27593929392549454
64.601	-0.2759392852179326
64.651	-0.27593927653748046
64.701	-0.27593926788403034
64.751	-0.2759392592659785
64.801	-0.2759392507419075
64.851	-0.27593924216794447
64.901	-0.2759392336205583
64.951	-0.27593922509964386
65.001	-0.27593921661358445
65.051	-0.27593920814529727
65.101	-0.27593919970316977
65.151	-0.275939191287099
65.201	-0.27593918312672816
65.251	-0.27593917476478913
65.301	-0.27593916642464317
65.351	-0.2759391581101568
65.401	-0.2759391498212293
65.451	-0.27593914155776067
65.501	-0.2759391333196513
65.551	-0.2759391251107587
65.601	-0.2759391169230695
65.651	-0.2759391087604438
65.701	-0.2759391006227839
65.751	-0.2759390925099926
65.801	-0.27593908442197324
65.851	-0.2759390763586295
65.901	-0.27593906832381154
65.951	-0.2759390603095308
66.001	-0.2759390523156971
66.051	-0.275939044350103
66.101	-0.2759390364087104
66.151	-0.27593902849142576
66.201	-0.275939020598156
66.251	-0.27593901272880866
66.301	-0.2759390048832915
66.351	-0.2759389970615128
66.401	-0.275938989259451
66.451	-0.2759389814848775
66.501	-0.27593897373377013
66.551	-0.2759389660060388
66.601	-0.275938958301594
66.651	-0.27593895062034673
66.701	-0.2759389429622082
66.751	-0.27593893532317043
66.801	-0.2759389275147515
66.851	-0.275938919926618
66.901	-0.27593891236123547
66.951	-0.2759389048185176
67.001	-0.27593889729837806
67.051	-0.27593888971525304
67.101	-0.27593888227012586
67.151	-0.2759388748178791
67.201	-0.2759388673698388
67.251	-0.27593885996220624
67.301	-0.27593885257664313
67.351	-0.27593884521306616
67.401	-0.27593883787139245
67.451	-0.2759388305515393
67.501	-0.27593882325342456
67.551	-0.27593881597696646
67.601	-0.2759388087220835
67.651	-0.275938801478884
67.701	-0.27593879426697726
67.751	-0.2759387870764031
67.801	-0.2759387799070818
67.851	-0.2759387727585389
67.901	-0.27593876562233616
67.951	-0.27593875851636335
68.001	-0.27593875143132685
68.051	-0.2759387443671486
68.101	-0.2759387373330333
68.151	-0.27593873031027455
68.201	-0.2759387233081424
68.251	-0.27593871632656014
68.301	-0.2759387093654515
68.351	-0.2759387024247405
68.401	-0.27593869550435157
68.451	-0.27593868860420945
68.501	-0.2759386817242391
68.551	-0.2759386748643661
68.601	-0.2759386680245161
68.651	-0.27593866120461524
68.701	-0.27593865440459
68.751	-0.2759386476243671
68.801	-0.27593864086387365
68.851	-0.2759386341230324
68.901	-0.27593862740178515
68.951	-0.27593862070004593
69.001	-0.2759386140305857
69.051	-0.27593860736759285
69.101	-0.2759386007238993
69.151	-0.2759385940994345
69.201	-0.2759385874964726
69.251	-0.27593858091025064
69.301	-0.27593857433839897
69.351	-0.2759385677901532
69.401	-0.2759385612583994
69.451	-0.2759385547478499
69.501	-0.27593854825604364
69.551	-0.27593854178291244
69.601	-0.27593853532833384
69.651	-0.27593852846676054
69.701	-0.2759385220499261
69.751	-0.27593851565149174
69.801	-0.2759385092713909
69.851	-0.27593850290955724
69.901	-0.27593849656592484
69.951	-0.2759384902249998
70.001	-0.275938483917556
70.051	-0.2759384776281174
70.101	-0.2759384714508261
70.151	-0.2759384651965918
70.201	-0.27593845896017405
70.251	-0.2759384526491219
70.301	-0.27593844644874227
70.351	-0.2759384402659831
70.401	-0.27593843410078117
70.451	-0.27593842795307383
70.501	-0.2759384218227983
70.551	-0.27593841570989247
70.601	-0.27593840961429417
70.651	-0.27593840353594173
70.701	-0.27593839747477367
70.751	-0.27593839143072874
70.801	-0.275938385403746
70.851	-0.27593837939376475
70.901	-0.27593837340072463
70.951	-0.27593836742456546
71.001	-0.2759383615503664
71.051	-0.2759383556072248
71.101	-0.2759383496807896
71.151	-0.2759383437710018
71.201	-0.27593833779489657
71.251	-0.2759383319187743
71.301	-0.2759383260591193
71.351	-0.2759383202158732
71.401	-0.2759383143889783
71.451	-0.275938308578377
71.501	-0.27593830278401194
71.551	-0.27593829700582595
71.601	-0.2759382912437622
71.651	-0.2759382854977641
71.701	-0.2759382797677753
71.751	-0.2759382740537396
71.801	-0.2759382683556012
71.851	-0.2759382626733044
71.901	-0.2759382570067938
71.951	-0.27593825135601424
72.001	-0.2759382457209107
72.051	-0.27593824011162527
72.101	-0.2759382345077139
72.151	-0.2759382289193152
72.201	-0.275938223346375
72.251	-0.2759382177888398
72.301	-0.2759382122466558
72.351	-0.2759382067197698
72.401	-0.2759382012081287
72.451	-0.27593819571167955
72.501	-0.27593819023036975
72.551	-0.2759381847641469
72.601	-0.2759381793129588
72.651	-0.27593817387675335
72.701	-0.2759381684554789
72.751	-0.27593816304908386
72.801	-0.27593815765751695
72.851	-0.275938152280727
72.901	-0.2759381469186631
72.951	-0.2759381415712746
73.001	-0.27593813623851104
73.051	-0.2759381309203221
73.101	-0.27593812561665776
73.151	-0.2759381203274682
73.201	-0.2759381150243995
73.251	-0.2759381097639845
73.301	-0.27593810451789613
73.351	-0.27593809928608526
73.401	-0.2759380940685032
73.451	-0.2759380888651014
73.501	-0.2759380836758313
73.551	-0.2759380813042477
73.601	-0.27593807613572946
73.651	-0.2759380709812008
73.701	-0.27593806584185904
73.751	-0.27593806071642063
73.801	-0.27593805560483836
73.851	-0.27593805050832343
73.901	-0.275938045445016
73.951	-0.2759380376198758
74.001	-0.2759380325693028
74.051	-0.2759380275323422
74.101	-0.2759380225089479
74.151	-0.275938017499074
74.201	-0.2759380125026748
74.251	-0.27593800751970493
74.301	-0.27593800255011897
74.351	-0.2759379975938719
74.401	-0.2759379926509187
74.451	-0.2759379877212146
74.501	-0.2759379828047151
74.551	-0.2759379779013758
74.601	-0.2759379730111525
74.651	-0.2759379681340012
74.701	-0.275937963269878
74.751	-0.27593795841873925
74.801	-0.2759379535805415
74.851	-0.27593794875524136
74.901	-0.2759379439427958
74.951	-0.27593793915673515
75.001	-0.27593793436985453
75.051	-0.27593792958215746
75.101	-0.2759379248207021
75.151	-0.2759379200718882
75.201	-0.2759379153356737
75.251	-0.2759379106120166
75.301	-0.2759379059008752
75.351	-0.27593790120220785
75.401	-0.2759378965159732
75.451	-0.27593789184212997
75.501	-0.27593788718063705
75.551	-0.2759378825314535
75.601	-0.27593787789453866
75.651	-0.2759378732698518
75.701	-0.2759378686573526
75.751	-0.2759378640570007
75.801	-0.2759378594687561
75.851	-0.27593785489257877
75.901	-0.2759378503284289
75.951	-0.2759378457762669
76.001	-0.27593784123605336
76.051	-0.27593783670774885
76.101	-0.2759378321913143
76.151	-0.2759378276867106
76.201	-0.27593782319389903
76.251	-0.2759378187128409
76.301	-0.27593781424349756
76.351	-0.27593780978583066
76.401	-0.27593780533980206
76.451	-0.27593780090537356
76.501	-0.2759377964825073
76.551	-0.27593779207116553
76.601	-0.2759377876713105
76.651	-0.27593778328290486
76.701	-0.2759377789059112
76.751	-0.27593777454029234
76.801	-0.27593777018601123
76.851	-0.2759377658430311
76.901	-0.275937761511315
76.951	-0.27593775719082647
77.001	-0.27593775288152905
77.051	-0.2759377485833863
77.101	-0.2759377442963622
77.151	-0.2759377400204206
77.201	-0.2759377357555257
77.251	-0.2759377315016417
77.301	-0.275937727258733
77.351	-0.2759377230267641
77.401	-0.2759377188056998
77.451	-0.27593771459550465
77.501	-0.2759377104012771
77.551	-0.2759377062127293
77.601	-0.27593770203494594
77.651	-0.27593769786789246
77.701	-0.27593769371153426
77.751	-0.2759376895658371
77.801	-0.2759376854307666
77.851	-0.2759376813062887
77.901	-0.2759376771923694
77.951	-0.27593767308897493
78.001	-0.2759376689960715
78.051	-0.2759376649136255
78.101	-0.27593766084160354
78.151	-0.27593765677997223
78.201	-0.27593765272869847
78.251	-0.27593764868774906
78.301	-0.27593764465709114
78.351	-0.2759376406366919
78.401	-0.2759376366265186
78.451	-0.27593763262653875
78.501	-0.27593762863671983
78.551	-0.27593762465702953
78.601	-0.2759376206874357
78.651	-0.27593761672790634
78.701	-0.2759376127784094
78.751	-0.27593760883891305
78.801	-0.27593760490938574
78.851	-0.2759376009897957
78.901	-0.27593759708011156
78.951	-0.275937593180302
79.001	-0.27593758928719386
79.051	-0.27593758540704005
79.101	-0.2759375815366675
79.151	-0.2759375776760454
79.201	-0.2759375738251429
79.251	-0.2759375699839295
79.301	-0.27593756615237464
79.351	-0.2759375623304479
79.401	-0.2759375585181191
79.451	-0.27593755471535797
79.501	-0.27593755092213446
79.551	-0.27593754713841867
79.601	-0.27593754336418086
79.651	-0.27593753959939116
79.701	-0.2759375358440201
79.751	-0.2759375320980381
79.801	-0.2759375283614159
79.851	-0.27593752463412413
79.901	-0.2759375209203879
79.951	-0.2759375172116591
80.001	-0.27593751351217366
80.051	-0.2759375098219027
80.101	-0.2759375061408175
80.151	-0.2759375024688896
80.201	-0.27593749880609036
80.251	-0.2759374951523914
80.301	-0.2759374915077645
80.351	-0.2759374878721814
80.401	-0.27593748424561404
80.451	-0.2759374806280345
80.501	-0.2759374770194149
80.551	-0.27593747341972746
80.601	-0.2759374698289445
80.651	-0.2759374662470385
80.701	-0.27593746267398206
80.751	-0.2759374591097477
80.801	-0.27593745555430826
80.851	-0.2759374520076366
80.901	-0.27593744846970564
80.951	-0.2759374449404884
81.001	-0.27593744141995813
81.051	-0.27593743790808806
81.101	-0.27593743440485147
81.151	-0.2759374309102219
81.201	-0.2759374274241728
81.251	-0.2759374239484837
81.301	-0.2759374204795198
81.351	-0.27593741701905766
81.401	-0.27593741357529233
81.451	-0.275937410131737
81.501	-0.2759374066966056
81.551	-0.2759374032698723
81.601	-0.27593739985151144
81.651	-0.2759373964414974
81.701	-0.2759373930398047
81.751	-0.27593738964640796
81.801	-0.2759373862612819
81.851	-0.2759373828844013
81.901	-0.27593737951574093
81.951	-0.27593737615527597
82.001	-0.27593737280298136
82.051	-0.2759373694588323
82.101	-0.27593736612280395
82.151	-0.2759373627948718
82.201	-0.2759373594750112
82.251	-0.27593735616319764
82.301	-0.27593735285940685
82.351	-0.2759373495636144
82.401	-0.27593734627579614
82.451	-0.2759373429959279
82.501	-0.2759373397239857
82.551	-0.2759373364599456
82.601	-0.2759373332037837
82.651	-0.27593732995547626
82.701	-0.2759373267149995
82.751	-0.2759373234823299
82.801	-0.27593732025744394
82.851	-0.2759373170403182
82.901	-0.2759373137877627
82.951	-0.2759373105862115
83.001	-0.27593730739235073
83.051	-0.27593730420615725
83.101	-0.2759373010276081
83.151	-0.2759372978566804
83.201	-0.2759372946933512
83.251	-0.2759372915375978
83.301	-0.2759372883856122
83.351	-0.2759372852449469
83.401	-0.2759372821117896
83.451	-0.27593727898611786
83.501	-0.2759372758679093
83.551	-0.2759372727571417
83.601	-0.2759372696612677
83.651	-0.27593726656535
83.701	-0.2759372634768068
83.751	-0.275937260395616
83.801	-0.27593725732175584
83.851	-0.2759372542552045
83.901	-0.27593725119594015
83.951	-0.2759372481439413
84.001	-0.2759372450991863
84.051	-0.27593724205793635
84.101	-0.2759372390276093
84.151	-0.2759372360044618
84.201	-0.2759372329884727
84.251	-0.2759372299796208
84.301	-0.2759372269778849
84.351	-0.2759372239832441
84.401	-0.27593722099567736
84.451	-0.2759372180151638
84.501	-0.27593721504168267
84.551	-0.2759372120752131
84.601	-0.27593720911573455
84.651	-0.27593720616322637
84.701	-0.275937203217668
84.751	-0.27593720027538665
84.801	-0.27593719734367145
84.851	-0.27593719441884507
84.901	-0.27593719150088714
84.951	-0.2759371885897776
85.001	-0.2759371855704536
85.051	-0.27593718267383494
85.101	-0.27593717978399857
85.151	-0.27593717711903754
85.201	-0.2759371742418605
85.251	-0.27593717137141227
85.301	-0.27593716850767336
85.351	-0.27593716565062404
85.401	-0.27593716280024483
85.451	-0.2759371599565162
85.501	-0.27593715711941885
85.551	-0.2759371542889334
85.601	-0.2759371514650406
85.651	-0.27593714853619095
85.701	-0.2759371457262145
85.751	-0.27593714292276794
85.801	-0.2759371401258322
85.851	-0.2759371373353884
85.901	-0.27593713440215667
85.951	-0.27593713162573097
86.001	-0.275937128855733
86.051	-0.2759371260921444
86.101	-0.27593712333494647
86.151	-0.27593712058412084
86.201	-0.27593711783964914
86.251	-0.2759371151015131
86.301	-0.27593711236969437
86.351	-0.2759371096441749
86.401	-0.275937106921441
86.451	-0.27593710420847045
86.501	-0.2759371015017449
86.551	-0.2759370988012464
86.601	-0.2759370961069571
86.651	-0.2759370934188592
86.701	-0.27593709073693495
86.751	-0.2759370880611667
86.801	-0.2759370853915367
86.851	-0.2759370827280275
86.901	-0.2759370800671748
86.951	-0.2759370774158596
87.001	-0.2759370747706128
87.051	-0.27593707213141705
87.101	-0.27593706949825514
87.151	-0.27593707546823354
87.201	-0.2759370728539908
87.251	-0.2759370702242877
87.301	-0.275937067600553
87.351	-0.27593705642235267
87.401	-0.27593705382503436
87.451	-0.2759370512359823
87.501	-0.27593704865047075
87.551	-0.2759370460708402
87.601	-0.27593704349707404
87.651	-0.2759370409335723
87.701	-0.2759370383714807
87.751	-0.2759370358152037
87.801	-0.2759370332647248
87.851	-0.2759370307200277
87.901	-0.27593702818109594
87.951	-0.27593702564791334
88.001	-0.27593702312046353
88.051	-0.2759370205987304
88.101	-0.2759370180826978
88.151	-0.27593701557234973
88.201	-0.27593701306767004
88.251	-0.27593701056864284
88.301	-0.2759370080752522
88.351	-0.2759370055874822
88.401	-0.2759370031053171
88.451	-0.27593700062874116
88.501	-0.2759369981577387
88.551	-0.27593699569229396
88.601	-0.275936993231471
88.651	-0.27593699077708733
88.701	-0.27593698832821495
88.751	-0.2759369858838946
88.801	-0.275936983455482
88.851	-0.27593698102305875
88.901	-0.2759369785960851
88.951	-0.275936976174546
89.001	-0.27593697376601634
89.051	-0.275936971355301
89.101	-0.27593696894997466
89.151	-0.2759369665500223
89.201	-0.275936964155429
89.251	-0.2759369617661798
89.301	-0.2759369593822599
89.351	-0.27593695700365434
89.401	-0.27593695463034845
89.451	-0.2759369522699195
89.501	-0.27593694990716877
89.551	-0.2759369475496736
89.601	-0.27593694519741935
89.651	-0.2759369428503916
89.701	-0.2759369405085758
89.751	-0.27593693817195747
89.801	-0.27593693584052226
89.851	-0.27593693351425586
89.901	-0.2759369311931439
89.951	-0.27593692888476423
90.001	-0.2759369265739184
90.051	-0.27593692426818445
90.101	-0.2759369219675482
90.151	-0.27593691967199563
90.201	-0.27593691738151277
90.251	-0.2759369150960856
90.301	-0.27593691281570015
90.351	-0.2759369105403427
90.401	-0.2759369082699992
90.451	-0.2759369060046561
90.501	-0.27593690374429947
90.551	-0.2759369014889157
90.601	-0.2759368992384912
90.651	-0.2759368969922975
90.701	-0.27593689475174726
90.751	-0.2759368925161156
90.801	-0.275936890285389
90.851	-0.275936888059554
90.901	-0.27593688583859727
90.951	-0.27593688362250546
91.001	-0.27593688142352174
91.051	-0.27593687921706145
91.101	-0.2759368770154263
91.151	-0.27593687481860313
91.201	-0.2759368726265789
91.251	-0.2759368704393404
91.301	-0.2759368682568747
91.351	-0.27593686607916873
91.401	-0.2759368639062096
91.451	-0.2759368617434664
91.501	-0.27593685958538255
91.551	-0.27593685742652496
91.601	-0.27593685527236284
91.651	-0.27593685312288346
91.701	-0.275936850978074
91.751	-0.27593684883792197
91.801	-0.2759368467024146
91.851	-0.2759368445715394
91.901	-0.27593684244528377
91.951	-0.2759368403195819
92.001	-0.2759368382025323
92.051	-0.27593683609006486
92.101	-0.27593683398216734
92.151	-0.27593683187882734
92.201	-0.2759368297800326
92.251	-0.2759368276857709
92.301	-0.27593682559602983
92.351	-0.275936823521576
92.401	-0.275936821440829
92.451	-0.2759368193645664
92.501	-0.275936817292776
92.551	-0.275936815225446
92.601	-0.27593681316256435
92.651	-0.275936811104119
92.701	-0.2759368090500982
92.751	-0.27593680700048995
92.801	-0.27593680495528256
92.851	-0.2759368029144641
92.901	-0.2759368008780229
92.951	-0.27593679884594724
93.001	-0.2759367968182254
93.051	-0.2759367947948458
93.101	-0.2759367927766606
93.151	-0.27593679076193345
93.201	-0.2759367887515138
93.251	-0.27593678674539013
93.301	-0.27593678474355104
93.351	-0.27593678274598515
93.401	-0.27593678075268097
93.451	-0.2759367787636272
93.501	-0.27593677677881256
93.551	-0.27593677479822576
93.601	-0.2759367728218556
93.651	-0.27593677084969076
93.701	-0.2759367688817202
93.751	-0.2759367669179328
93.801	-0.2759367649583173
93.851	-0.2759367630028628
93.901	-0.2759367610515583
93.951	-0.2759367591043926
94.001	-0.27593675716135496
94.051	-0.2759367552224343
94.101	-0.27593675328761996
94.151	-0.27593675135690093
94.201	-0.2759367494302663
94.251	-0.27593674750285035
94.301	-0.27593674558436443
94.351	-0.27593674366993076
94.401	-0.2759367417595387
94.451	-0.27593673985317757
94.501	-0.2759367379508367
94.551	-0.27593673604294916
94.601	-0.2759367341486204
94.651	-0.27593673225828036
94.701	-0.27593673037191846
94.751	-0.27593672848952433
94.801	-0.27593672659930274
94.851	-0.27593672472689673
94.901	-0.275936722856352
94.951	-0.27593672098973354
95.001	-0.2759367191270311
95.051	-0.27593671726823443
95.101	-0.2759367154133332
95.151	-0.2759367135623174
95.201	-0.2759367117151768
95.251	-0.27593670986860686
95.301	-0.2759367080291942
95.351	-0.2759367061936264
95.401	-0.27593670436189355
95.451	-0.2759367025339855
95.501	-0.27593670070989235
95.551	-0.2759366988896042
95.601	-0.2759366970731111
95.651	-0.2759366952604031
95.701	-0.27593669345147054
95.751	-0.2759366916463034
95.801	-0.2759366898448921
95.851	-0.2759366880472268
95.901	-0.27593668625329776
95.951	-0.27593668446309527
96.001	-0.27593668267660976
96.051	-0.2759366808938315
96.101	-0.27593667911475095
96.151	-0.27593667733935856
96.201	-0.275936675495687
96.251	-0.27593667372754815
96.301	-0.2759366719630694
96.351	-0.2759366702022413
96.401	-0.27593666844505427
96.451	-0.275936666691499
96.501	-0.27593666494156627
96.551	-0.27593666319524646
96.601	-0.2759366614525305
96.651	-0.275936659713409
96.701	-0.2759366579778727
96.751	-0.27593665624591246
96.801	-0.27593665451751903
96.851	-0.2759366527926832
96.901	-0.27593665107139587
96.951	-0.27593664935469825
97.001	-0.27593664762622205
97.051	-0.2759366458869558
97.101	-0.27593664416542885
97.151	-0.27593664246168287
97.201	-0.2759366407614312
97.251	-0.27593663906466503
97.301	-0.27593663737137536
97.351	-0.2759366356815533
97.401	-0.27593663399519003
97.451	-0.2759366323122767
97.501	-0.2759366306328045
97.551	-0.2759366289567647
97.601	-0.2759366272841484
97.651	-0.27593662561494703
97.701	-0.2759366240400049
97.751	-0.2759366223776072
97.801	-0.2759366207185983
97.851	-0.2759366190629696
97.901	-0.2759366174107126
97.951	-0.2759366157618186
98.001	-0.2759366141162791
98.051	-0.2759366124740857
98.101	-0.27593661083522975
98.151	-0.2759366091997028
98.201	-0.27593660756749655
98.251	-0.2759366059386024
98.301	-0.2759366043130121
98.351	-0.2759366026907172
98.401	-0.2759366010717094
98.451	-0.2759365994559805
98.501	-0.275936597843522
98.551	-0.2759365962363807
98.601	-0.27593659463043824
98.651	-0.27593659302774154
98.701	-0.2759365914282824
98.751	-0.2759365898320527
98.801	-0.275936588196637
98.851	-0.27593658660714354
98.901	-0.27593658502085283
98.951	-0.27593658343775695
99.001	-0.27593658185784786
99.051	-0.2759365802811176
99.101	-0.27593657870755817
99.151	-0.2759365771371616
99.201	-0.27593657557197143
99.251	-0.2759365740078765
99.301	-0.27593657244692077
99.351	-0.2759365708890963
99.401	-0.2759365693343953
99.451	-0.27593656778281
99.501	-0.2759365662343325
99.551	-0.27593656468895517
99.601	-0.27593656314667014
99.651	-0.27593656160746977
99.701	-0.27593656007134637
99.751	-0.27593655853829224
99.801	-0.2759365570082998
99.851	-0.27593655548136126
99.901	-0.2759365539574692
99.951	-0.2759365524366159
500.	-0.2759355464701862