0.001	-513.1028113377644
0.051	-10.209565396684484
0.101	-5.233871847802244
0.151	-3.5554861150362216
0.201	-2.713619662832395
0.251	-2.208278086612683
0.301	-1.8716941599447021
0.351	-1.631698472971964
0.401	-1.4521195424576026
0.451	-1.3128290945902306
0.501	-1.201736296504293
0.551	-1.1111408577152098
0.601	-1.0359065532492768
0.651	-0.9724764731109461
0.701	-0.9183096217580483
0.751	-0.871542774528639
0.801	-0.8307787580782388
0.851	-0.7949495294176441
0.901	-0.7632247932290899
0.951	-0.7349494435985187
1.001	-0.7095997953271863
1.051	-0.6867522584536638
1.101	-0.6660605763506078
1.151	-0.647239091708965
1.201	-0.6300499238692756
1.251	-0.6142935750253843
1.301	-0.5998014445837052
1.351	-0.5864301394912126
1.401	-0.574056904534841
1.451	-0.5625761059303278
1.501	-0.5518963420491493
1.551	-0.541938142844546
1.601	-0.5326320953785955
1.651	-0.5239173146707823
1.701	-0.5157401793083103
1.751	-0.5080532881680582
1.801	-0.5008145912048099
1.851	-0.49398665909605066
1.901	-0.48753607250968234
1.951	-0.4814329001866367
2.001	-0.4756502620666052
2.051	-0.4701639512066824
2.101	-0.4649521113804711
2.151	-0.4599949641582682
2.201	-0.4552745669976417
2.251	-0.4507746074238155
2.301	-0.44648022347341143
2.351	-0.44237784768639193
2.401	-0.43845506969619835
2.451	-0.4347005160428707
2.501	-0.4311037462073536
2.551	-0.42765515859402
2.601	-0.4243459088616335
2.651	-0.42116783787427714
2.701	-0.41811340396329966
2.751	-0.415175632367891
2.801	-0.4123480558594239
2.851	-0.40962467497418603
2.901	-0.4069999152999947
2.951	-0.4044685895212823
3.001	-0.4020258687259678
3.051	-0.39966723753363276
3.101	-0.397388498729517
3.151	-0.39518571359673665
3.201	-0.39305520423320095
3.251	-0.3909935205245379
3.301	-0.388997430384825
3.351	-0.3870638978975097
3.401	-0.38519007185634035
3.451	-0.3833732703067202
3.501	-0.38161096881941214
3.551	-0.3799007891810273
3.601	-0.37824048882219696
3.651	-0.3766279513011891
3.701	-0.3750611755402335
3.751	-0.3735382775019191
3.801	-0.3720574621997522
3.851	-0.3706170465002624
3.901	-0.3692154199800046
3.951	-0.36785106537700374
4.001	-0.36652254073737994
4.051	-0.3652284774419805
4.101	-0.3639675750801233
4.151	-0.3627385973790409
4.201	-0.361540369731129
4.251	-0.3603717722283272
4.301	-0.35923173959718363
4.351	-0.3581192563984961
4.401	-0.3570333546417175
4.451	-0.3559731108527203
4.501	-0.35493764337030054
4.551	-0.3539261107078103
4.601	-0.3529377085406238
4.651	-0.3519716679575588
4.701	-0.3510272536477344
4.751	-0.3501037619149162
4.801	-0.34920051904465843
4.851	-0.34831688029435626
4.901	-0.3474522269167141
4.951	-0.3466059663750273
5.001	-0.3457775302397689
5.051	-0.3449663731581284
5.101	-0.3441719713439609
5.151	-0.3433938223796083
5.201	-0.3426314431491715
5.251	-0.3418843697273449
5.301	-0.341152155513823
5.351	-0.34043437146844735
5.401	-0.3397306047029609
5.451	-0.33904045771576374
5.501	-0.33836354789053225
5.551	-0.3376995065894224
5.601	-0.33704797871917597
5.651	-0.33640862199129845
5.701	-0.33578110634231845
5.751	-0.3351651136037978
5.801	-0.33456034417420505
5.851	-0.3339664791714118
5.901	-0.33338325496931337
5.951	-0.3328103878822934
6.001	-0.332247611054087
6.051	-0.3316946666245228
6.101	-0.3311513057765007
6.151	-0.33061728681819413
6.201	-0.3300923771428824
6.251	-0.3295763509651906
6.301	-0.3290689910624127
6.351	-0.32857008600295146
6.401	-0.3280794313601974
6.451	-0.32759682927211947
6.501	-0.3271220882446994
6.551	-0.32665502256298107
6.601	-0.32619545231390995
6.651	-0.32574320248538213
6.701	-0.3252981059841813
6.751	-0.3248599968276843
6.801	-0.3244287166690132
6.851	-0.3240041112126532
6.901	-0.32358603081349757
6.951	-0.3231743342741181
7.001	-0.32276886790390336
7.051	-0.3223695074340932
7.101	-0.3219761155432518
7.151	-0.32158856297236715
7.201	-0.321206724157109
7.251	-0.32083047705754897
7.301	-0.32045970307092175
7.351	-0.320094286803711
7.401	-0.3197341161620214
7.451	-0.3193790820442313
7.501	-0.31902908634007243
7.551	-0.318684001249099
7.601	-0.3183437521875712
7.651	-0.31800823164534925
7.701	-0.31767734497015054
7.751	-0.31735099899539587
7.801	-0.3170291041400782
7.851	-0.316711572523541
7.901	-0.3163983184051242
7.951	-0.31608925819952605
8.001	-0.3157843106254108
8.051	-0.31548339657554714
8.101	-0.31518643880148645
8.151	-0.31489336189789063
8.201	-0.3146040927367468
8.251	-0.31431855958495086
8.301	-0.31403669293881464
8.351	-0.3137584237239618
8.401	-0.31348368643894853
8.451	-0.31321241592298166
8.501	-0.31294454888296164
8.551	-0.3126800232859891
8.601	-0.31241877967219084
8.651	-0.31216075823286393
8.701	-0.31190590175076827
8.751	-0.3116541542075193
8.801	-0.3114054606754705
8.851	-0.31115976763093844
8.901	-0.31091702261664994
8.951	-0.31067717454113836
9.001	-0.31044017340602054
9.051	-0.31020597035511344
9.101	-0.3099745176322017
9.151	-0.30974576854907626
9.201	-0.3095196774333863
9.251	-0.3092961996311546
9.301	-0.3090752915072736
9.351	-0.3088569103452502
9.401	-0.3086410143702464
9.451	-0.3084275626971875
9.501	-0.3082165153458234
9.551	-0.3080078331701892
9.601	-0.3078014778822281
9.651	-0.3075974119861106
9.701	-0.3073955976025143
9.751	-0.3071960023567518
9.801	-0.3069985875019757
9.851	-0.3068033197771974
9.901	-0.3066101654982507
9.951	-0.30641909160568964
10.001	-0.30623006571775835
10.051	-0.30604305615908306
10.101	-0.30585803183991944
10.151	-0.30567496237786546
10.201	-0.30549381788008134
10.251	-0.3053145691874222
10.301	-0.30513718751649826
10.351	-0.3049616449611471
10.401	-0.3047879139191913
10.451	-0.30461596739972335
10.501	-0.30444577895383523
10.551	-0.3042773226408887
10.601	-0.30411057300296734
10.651	-0.3039454803922277
10.701	-0.30378206977596695
10.751	-0.30362029233131876
10.801	-0.3034601246196233
10.851	-0.30330156823746757
10.901	-0.3031445510159504
10.951	-0.30298907493808697
11.001	-0.30283511918937206
11.051	-0.30268266226140006
11.101	-0.3025316822560733
11.151	-0.3023821590417732
11.201	-0.30223407217628
11.251	-0.30208740184811744
11.301	-0.30194212849331287
11.351	-0.30179823302205355
11.401	-0.30165569637993916
11.451	-0.30151450026233967
11.501	-0.3013746264283244
11.551	-0.3012360570411781
11.601	-0.30109877455356476
11.651	-0.30096276166531566
11.701	-0.30082800156363093
11.751	-0.30069447756368395
11.801	-0.30056217334271956
11.851	-0.30043107283172615
11.901	-0.3003011602749503
11.951	-0.30017242011691914
12.001	-0.30004483712614954
12.051	-0.2999183963388878
12.101	-0.29979308299860136
12.151	-0.2996687740459014
12.201	-0.29954578099677354
12.251	-0.29942376415207644
12.301	-0.2993028182158063
12.351	-0.2991829297063018
12.401	-0.29906408530904083
12.451	-0.29894627189797895
12.501	-0.2988294766433504
12.551	-0.29871368688808553
12.601	-0.29859889011115165
12.651	-0.29848507407759184
12.701	-0.2983722267317778
12.751	-0.2982603361986132
12.801	-0.29814939080253455
12.851	-0.2980393790519364
12.901	-0.2979302896161525
12.951	-0.29782211289396765
13.001	-0.29771483345183947
13.051	-0.2976084449671616
13.101	-0.29750293534164585
13.151	-0.29739829413220364
13.201	-0.2972945110517201
13.251	-0.29719157597853824
13.301	-0.2970894789412065
13.351	-0.2969882101342455
13.401	-0.2968877598795627
13.451	-0.29678811867684063
13.501	-0.29668927713351045
13.551	-0.29659122603195814
13.601	-0.2964939563046903
13.651	-0.29639745894908304
13.701	-0.296301725146346
13.751	-0.29620674626005816
13.801	-0.29611251370524777
13.851	-0.29601901905244166
13.901	-0.2959262539872233
13.951	-0.2958342102370636
14.001	-0.29574287993971726
14.051	-0.29565225504367515
14.101	-0.2955623277183106
14.151	-0.29547309064536514
14.201	-0.29538453500670225
14.251	-0.2952966545435311
14.301	-0.2952094414453442
14.351	-0.29512288843193496
14.401	-0.2950369883277918
14.451	-0.29495173406187003
14.501	-0.29486711872903676
14.551	-0.2947831351580119
14.601	-0.2946997770860246
14.651	-0.29461703737401895
14.701	-0.29453490959186124
14.751	-0.2944533872419069
14.801	-0.29437246391263533
14.851	-0.294292133275787
14.901	-0.2942123891143791
14.951	-0.2941332252621324
15.001	-0.29405463595334724
15.051	-0.29397661434464323
15.101	-0.2938991554027495
15.151	-0.29382225302476694
15.201	-0.29374590146803314
15.251	-0.2936700950689449
15.301	-0.29359482823838945
15.351	-0.293520095466295
15.401	-0.29344589132015503
15.451	-0.2933722104411735
15.501	-0.29329904778126115
15.551	-0.2932263973601761
15.601	-0.29315425477579643
15.651	-0.2930826146912887
15.701	-0.29301147208543843
15.751	-0.2929408220051985
15.801	-0.2928706595601272
15.851	-0.2928009799317654
15.901	-0.29273177833805625
15.951	-0.29266305008303817
16.001	-0.2925947905226811
16.051	-0.2925269950843885
16.101	-0.29245965923950307
16.151	-0.2923927785190184
16.201	-0.29232634853633227
16.251	-0.2922603649588643
16.301	-0.2921948233870553
16.351	-0.29212971946042254
16.401	-0.2920650494155088
16.451	-0.29200080884031954
16.501	-0.2919369935996422
16.551	-0.2918735997251022
16.601	-0.2918106232294063
16.651	-0.2917480601438338
16.701	-0.2916859066435621
16.751	-0.29162415885723525
16.801	-0.2915628129904413
16.851	-0.291501865299724
16.901	-0.29144131210906044
16.951	-0.29138114970272105
17.001	-0.2913213744352723
17.051	-0.29126198294895844
17.101	-0.2912029714864388
17.151	-0.291144336645059
17.201	-0.29108607490317845
17.251	-0.2910281827989408
17.301	-0.29097065758547613
17.351	-0.2909134952437634
17.401	-0.2908566927182056
17.451	-0.29080024672695975
17.501	-0.2907441541703918
17.551	-0.29068841185814287
17.601	-0.2906330165945832
17.651	-0.2905779652810862
17.701	-0.29052325504593624
17.751	-0.29046888261656983
17.801	-0.2904148451668906
17.851	-0.2903611395266372
17.901	-0.2903077630676655
17.951	-0.29025471278348597
18.001	-0.2902019858249246
18.051	-0.290149579371472
18.101	-0.2900974906366343
18.151	-0.29004571686694225
18.201	-0.2899942553395864
18.251	-0.289943103421411
18.301	-0.2898922583363083
18.351	-0.2898417174990518
18.401	-0.289791478258056
18.451	-0.2897415381532808
18.501	-0.28969189458086747
18.551	-0.28964254502190423
18.601	-0.2895934869949746
18.651	-0.28954471803658205
18.701	-0.2894962357118007
18.751	-0.2894480384136977
18.801	-0.28940012135226884
18.851	-0.2893524845843131
18.901	-0.2893051249772951
18.951	-0.28925804023106133
19.001	-0.2892112280586737
19.051	-0.2891646853095823
19.101	-0.2891184115627806
19.151	-0.2890724045895301
19.201	-0.2890266604300541
19.251	-0.2889811778185595
19.301	-0.28893595461954946
19.351	-0.28889098872207625
19.401	-0.2888462780325618
19.451	-0.2888018204836688
19.501	-0.2887576139044766
19.551	-0.2887136565212519
19.601	-0.2886699463341803
19.651	-0.28862648110505773
19.701	-0.2885832590269989
19.751	-0.28854026234213626
19.801	-0.2884975207008871
19.851	-0.28845503216330115
19.901	-0.2884127633445645
19.951	-0.2883707281454285
20.001	-0.28832892659549614
20.051	-0.2882873512119382
20.101	-0.28824600590382343
20.151	-0.28820488694675495
20.201	-0.28816399258240816
20.251	-0.28812332106388044
20.301	-0.28808287066251953
20.351	-0.28804263929126683
20.401	-0.2880026263556166
20.451	-0.28796282907481163
20.501	-0.28792324615291254
20.551	-0.28788387594517273
20.601	-0.28784471681824303
20.651	-0.28780576713921413
20.701	-0.2877670253485466
20.751	-0.2877284898651774
20.801	-0.28769015910539736
20.851	-0.28765203150973767
20.901	-0.2876141055540349
20.951	-0.2875763797189392
21.001	-0.28753885289872705
21.051	-0.2875015222808266
21.101	-0.28746438795479756
21.151	-0.2874274477136588
21.201	-0.28739070019773433
21.251	-0.2873541439928893
21.301	-0.2873177776788201
21.351	-0.2872815998418581
21.401	-0.2872456091068217
21.451	-0.28720980408686303
21.501	-0.28717418341220735
21.551	-0.2871387457417287
21.601	-0.2871034897333701
21.651	-0.28706841404564537
21.701	-0.28703351740105215
21.751	-0.28699879846694565
21.801	-0.28696425595340036
21.851	-0.28692988861567054
21.901	-0.28689569515856017
21.951	-0.2868616744867683
22.001	-0.2868278250707548
22.051	-0.28679414583859997
22.101	-0.2867606355310001
22.151	-0.2867272929785625
22.201	-0.2866941169779914
22.251	-0.2866611063428052
22.301	-0.2866282599029245
22.351	-0.2865955764919583
22.401	-0.2865630549631733
22.451	-0.28653069417594584
22.501	-0.2864984929945873
22.551	-0.2864664503057803
22.601	-0.28643456501605463
22.651	-0.28640283598844224
22.701	-0.28637126202852475
22.751	-0.2863398423083739
22.801	-0.2863085756313105
22.851	-0.286277460967867
22.901	-0.28624649720662104
22.951	-0.2862156833368293
23.001	-0.2861850183398815
23.051	-0.2861545011683766
23.101	-0.2861241307872194
23.151	-0.2860939062612339
23.201	-0.28606382655459395
23.251	-0.28603389069385354
23.301	-0.2860040976348272
23.351	-0.285974446522504
23.401	-0.2859449364773116
23.451	-0.285915566281909
23.501	-0.2858863350625382
23.551	-0.28585724217069264
23.601	-0.28582828613539485
23.651	-0.28579946644552245
23.701	-0.28577078217234275
23.751	-0.2857422323368927
23.801	-0.2857138161236532
23.851	-0.28568553250404827
23.901	-0.28565738066541385
23.951	-0.2856293603022117
24.001	-0.28560146855899105
24.051	-0.28557370717332886
24.101	-0.2855460738162218
24.151	-0.2855185679542629
24.201	-0.28549118875748597
24.251	-0.28546393539180764
24.301	-0.28543680703074137
24.351	-0.28540980287785506
24.401	-0.28538292211462674
24.451	-0.2853561639478923
24.501	-0.28532952756260455
24.551	-0.2853030122051013
24.601	-0.2852766170788157
24.651	-0.2852503414034049
24.701	-0.28522418442335234
24.751	-0.2851981453725415
24.801	-0.2851722234989081
24.851	-0.28514641805391483
24.901	-0.28512072829483076
24.951	-0.2850951534960824
25.001	-0.2850696929090606
25.051	-0.28504434570313064
25.101	-0.2850191113944017
25.151	-0.28499398915304525
25.201	-0.28496897827592177
25.251	-0.284944078062039
25.301	-0.28491928641747394
25.351	-0.28489460685364965
25.401	-0.28487003460681554
25.451	-0.2848455701608179
25.501	-0.2848212129704704
25.551	-0.28479696235503077
25.601	-0.284772817666809
25.651	-0.28474877823804634
25.701	-0.2847248434228803
25.751	-0.28470101299992956
25.801	-0.2846772888092642
25.851	-0.28465366023406813
25.901	-0.284630137484051
25.951	-0.2846067161727818
26.001	-0.28458339568327473
26.051	-0.28456017539993617
26.101	-0.2845370547132288
26.151	-0.2845140330182891
26.201	-0.28449110971717523
26.251	-0.2844682839216237
26.301	-0.2844455556183253
26.351	-0.28442292393483315
26.401	-0.28440038828867975
26.451	-0.2843779481031096
26.501	-0.28435560276512556
26.551	-0.2843333520482025
26.601	-0.28431119485039247
26.651	-0.2842891308259721
26.701	-0.2842671594439601
26.751	-0.2842452801536042
26.801	-0.28422349240798456
26.851	-0.28420179566814535
26.901	-0.2841801893912459
26.951	-0.28415867304677256
27.001	-0.2841372461444475
27.051	-0.28411590808346465
27.101	-0.28409465837332715
27.151	-0.28407349650003066
27.201	-0.2840524219513924
27.251	-0.28403143421592913
27.301	-0.2840105327899995
27.351	-0.2839897171705062
27.401	-0.2839689868592236
27.451	-0.283948341361866
27.501	-0.2839277801876265
27.551	-0.283907302874243
27.601	-0.28388690888627405
27.651	-0.2838665977740241
27.701	-0.2838463690587988
27.751	-0.2838262222627638
27.801	-0.28380615691212013
27.851	-0.2837861726140682
27.901	-0.2837662687974547
27.951	-0.28374644504987073
28.001	-0.28372670091638375
28.051	-0.28370703594509816
28.101	-0.2836874496443218
28.151	-0.28366794165597314
28.201	-0.28364851149478204
28.251	-0.2836291587213007
28.301	-0.28360988289682454
28.351	-0.28359068359622197
28.401	-0.2835715603868582
28.451	-0.28355251284374466
28.501	-0.28353354054203317
28.551	-0.2835146430641082
28.601	-0.2834958199909192
28.651	-0.2834770709100991
28.701	-0.28345839541022166
28.751	-0.2834397930843876
28.801	-0.2834212635274557
28.851	-0.2834028063375657
28.901	-0.2833844211156744
28.951	-0.2833661074655574
29.001	-0.28334786499334547
29.051	-0.28332969330987934
29.101	-0.28331159223839086
29.151	-0.28329356075922135
29.201	-0.28327559912483213
29.251	-0.2832577067432593
29.301	-0.28323988324087146
29.351	-0.2832221282399844
29.401	-0.2832044413762784
29.451	-0.2831868222635637
29.501	-0.2831692705752919
29.551	-0.283151785894356
29.601	-0.2831343678828073
29.651	-0.28311701618688145
29.701	-0.2830997304601494
29.751	-0.283082509943081
29.801	-0.2830653554409928
29.851	-0.283048265447328
29.901	-0.28303124022425485
29.951	-0.28301427900961273
30.001	-0.2829973814757013
30.051	-0.28298054767318176
30.101	-0.2829637770685813
30.151	-0.28294706932552627
30.201	-0.28293042410742564
30.251	-0.2829138410736422
30.301	-0.28289731992261397
30.351	-0.28288086032812765
30.401	-0.28286446195083026
30.451	-0.28284812447591506
30.501	-0.2828318475825153
30.551	-0.2828156230529885
30.601	-0.2827994742867545
30.651	-0.2827833772690274
30.701	-0.2827673396082544
30.751	-0.28275136092993286
30.801	-0.2827354409676429
30.851	-0.2827195793757842
30.901	-0.28270377594424456
30.951	-0.28268803031396683
31.001	-0.28267234219038795
31.051	-0.28265671128988185
31.101	-0.2826411373129634
31.151	-0.28262561996367286
31.201	-0.28261015895970765
31.251	-0.2825947540141014
31.301	-0.2825794048286816
31.351	-0.2825641111269339
31.401	-0.2825488726256863
31.451	-0.28253368904431964
31.501	-0.2825185600987368
31.551	-0.28250348552353
31.601	-0.2824884650380933
31.651	-0.282473498369259
31.701	-0.28245858524573403
31.751	-0.282443725398492
31.801	-0.282428918558491
31.851	-0.28241416446041456
31.901	-0.28239946284114426
31.951	-0.28238481343831234
32.001	-0.2823702159827417
32.051	-0.2823556702241313
32.101	-0.28234117590413127
32.151	-0.282326732766301
32.201	-0.2823123405555765
32.251	-0.28229799901993974
32.301	-0.2822837079085112
32.351	-0.28226946697143546
32.401	-0.2822552756011133
32.451	-0.2822411346300539
32.501	-0.28222704274358945
32.551	-0.28221300004390015
32.601	-0.2821990062963509
32.651	-0.2821850612606683
32.701	-0.28217116470634085
32.751	-0.282157316381125
32.801	-0.2821435160573729
32.851	-0.2821297635014459
32.901	-0.28211605847376586
32.951	-0.28210240051279306
33.001	-0.28208878987094815
33.051	-0.2820752263225737
33.101	-0.2820617091578011
33.151	-0.28204823837959125
33.201	-0.28203481377302597
33.251	-0.28202143510810485
33.301	-0.2820081021793418
33.351	-0.28199481476750504
33.401	-0.2819815726302955
33.451	-0.281968375583099
33.501	-0.28195522338592427
33.551	-0.28194211583378376
33.601	-0.2819290527004987
33.651	-0.2819160337862939
33.701	-0.28190305889545036
33.751	-0.28189012780700484
33.801	-0.28187724030501615
33.851	-0.28186439619588294
33.901	-0.28185159549749256
33.951	-0.28183883754869743
34.001	-0.2818261223956554
34.051	-0.2818134495426859
34.101	-0.2818008193184511
34.151	-0.2817882312700301
34.201	-0.2817756851975282
34.251	-0.28176318090853114
34.301	-0.2817507182054703
34.351	-0.2817382968899434
34.401	-0.28172591677882397
34.451	-0.2817135776772294
34.501	-0.2817012793909885
34.551	-0.2816890217303171
34.601	-0.2816768045111681
34.651	-0.28166462758553323
34.701	-0.28165249068528075
34.751	-0.28164039366653504
34.801	-0.2816283363441329
34.851	-0.28161631853819175
34.901	-0.2816043400657357
34.951	-0.2815924007569512
35.001	-0.2815805004111329
35.051	-0.2815686388608337
35.101	-0.2815568159358991
35.151	-0.2815450314447536
35.201	-0.28153328522020005
35.251	-0.281521577076652
35.301	-0.28150990685872823
35.351	-0.28149827439266845
35.401	-0.28148667949730377
35.451	-0.2814751220132695
35.501	-0.28146360176604956
35.551	-0.2814521185843453
35.601	-0.2814406722886968
35.651	-0.28142926274538665
35.701	-0.28141788977483284
35.751	-0.28140655321044933
35.801	-0.2813952528492444
35.851	-0.2813839886148434
35.901	-0.2813727603006292
35.951	-0.2813615677377429
36.001	-0.2813504105441929
36.051	-0.2813392892642757
36.101	-0.2813282030248204
36.151	-0.28131715191158424
36.201	-0.2813061357692546
36.251	-0.2812951544421928
36.301	-0.28128420777894636
36.351	-0.28127329562065884
36.401	-0.28126241779201794
36.451	-0.28125157419423724
36.501	-0.28124076465285197
36.551	-0.2812299890162849
36.601	-0.28121924713567364
36.651	-0.2812085388621976
36.701	-0.2811978640509279
36.751	-0.2811872227215087
36.801	-0.28117661439918723
36.851	-0.28116603909257476
36.901	-0.28115549666645373
36.951	-0.2811449868361336
37.001	-0.2811345097422579
37.051	-0.2811240651014031
37.101	-0.2811136527731414
37.151	-0.28110327261967794
37.201	-0.28109292450048134
37.251	-0.28108260828138465
37.301	-0.281072323816743
37.351	-0.28106207097385866
37.401	-0.28105185003106603
37.451	-0.2810416596083878
37.501	-0.28103150081969164
37.551	-0.2810213731112134
37.601	-0.2810112763532499
37.651	-0.281001210412907
37.701	-0.28099117515829564
37.751	-0.2809811704598011
37.801	-0.28097119618593097
37.851	-0.28096125220745544
37.901	-0.28095133838356023
37.951	-0.28094145461170794
38.001	-0.2809316007519719
38.051	-0.2809217766779471
38.101	-0.28091198226379904
38.151	-0.28090221738438176
38.201	-0.2808924819152488
38.251	-0.2808827757327949
38.301	-0.28087309871388577
38.351	-0.28086345073612984
38.401	-0.2808538316777075
38.451	-0.2808442414177297
38.501	-0.2808346798359176
38.551	-0.28082514681207604
38.601	-0.2808156422272759
38.651	-0.28080616596312
38.701	-0.2807967179014613
38.751	-0.2807872979260407
38.801	-0.2807779059193318
38.851	-0.2807685416814623
38.901	-0.28075920529705883
38.951	-0.2807498965042543
39.001	-0.28074061522064164
39.051	-0.2807313613325675
39.101	-0.280722134727244
39.151	-0.2807129352924983
39.201	-0.28070376291668986
39.251	-0.28069461754024305
39.301	-0.28068549894926015
39.351	-0.2806764070856814
39.401	-0.28066734184020775
39.451	-0.2806583031038726
39.501	-0.2806492907689851
39.551	-0.28064030472780965
39.601	-0.2806313448733149
39.651	-0.2806224110989759
39.701	-0.28061350329903456
39.751	-0.2806046213681167
39.801	-0.28059576520835094
39.851	-0.2805869347019825
39.901	-0.2805781220394117
39.951	-0.28056935015554674
40.001	-0.28056059616685763
40.051	-0.28055186726979287
40.101	-0.2805431635193762
40.151	-0.2805344848146548
40.201	-0.2805258310003022
40.251	-0.2805172020872214
40.301	-0.28050859792006827
40.351	-0.28050001839949656
40.401	-0.2804914634294925
40.451	-0.28048293292389437
40.501	-0.280474426757595
40.551	-0.2804659448483024
40.601	-0.28045748709907403
40.651	-0.2804490534145219
40.701	-0.2804406436994252
40.751	-0.2804322578581942
40.801	-0.2804238957967565
40.851	-0.28041555743010443
40.901	-0.28040724278564555
40.951	-0.2803989513631529
41.001	-0.2803906834863704
41.051	-0.2803824389244952
41.101	-0.28037421758548553
41.151	-0.2803660193792179
41.201	-0.280357844191632
41.251	-0.2803496919715076
41.301	-0.2803415626185092
41.351	-0.28033345603922066
41.401	-0.2803253721287039
41.451	-0.28031731082878814
41.501	-0.2803092720115617
41.551	-0.2803012556389485
41.601	-0.2802932615992373
41.651	-0.28028528981373274
41.701	-0.280277340180314
41.751	-0.2802694126215966
41.801	-0.2802615070535027
41.851	-0.28025362338799065
41.901	-0.2802457615422885
41.951	-0.2802379214323396
42.001	-0.2802301029884262
42.051	-0.28022230612455545
42.101	-0.28021453072198893
42.151	-0.28020677672331423
42.201	-0.28019904404546514
42.251	-0.28019133260904716
42.301	-0.2801836423318381
42.351	-0.280175973133098
42.401	-0.28016832493291843
42.451	-0.28016069765049384
42.501	-0.28015309120666354
42.551	-0.2801455055222847
42.601	-0.28013794051859753
42.651	-0.28013039611861856
42.701	-0.28012287224152976
42.751	-0.2801153688112355
42.801	-0.28010788575026696
42.851	-0.2801004229818822
42.901	-0.2800929803663433
42.951	-0.2800855579539086
43.001	-0.28007815566907396
43.051	-0.28007077330985886
43.101	-0.28006341086458064
43.151	-0.2800560682583637
43.201	-0.28004874541832675
43.251	-0.28004144226738403
43.301	-0.2800341587343265
43.351	-0.2800268947452857
43.401	-0.28001965022822023
43.451	-0.2800124251099295
43.501	-0.28000521931770334
43.551	-0.279998032781158
43.601	-0.279990865428086
43.651	-0.2799837171874211
43.701	-0.2799765879883376
43.751	-0.27996947775604003
43.801	-0.27996238643390964
43.851	-0.27995531393823675
43.901	-0.27994826020486346
43.951	-0.2799412251637918
44.001	-0.2799342087466819
44.051	-0.2799272108938281
44.101	-0.2799202315196774
44.151	-0.2799132705633493
44.201	-0.27990632796104226
44.251	-0.27989940364366167
44.301	-0.27989249754450696
44.351	-0.2798856095966113
44.401	-0.27987873973467803
44.451	-0.27987188789228323
44.501	-0.2798650540036014
44.551	-0.2798582380036693
44.601	-0.2798514398269097
44.651	-0.27984465941812087
44.701	-0.2798378966960367
44.751	-0.27983115159594407
44.801	-0.279824424071158
44.851	-0.2798177140497751
44.901	-0.2798110214687292
44.951	-0.27980434626515394
45.001	-0.27979768837636154
45.051	-0.27979104772155244
45.101	-0.2797844242760602
45.151	-0.279777817959419
45.201	-0.2797712287102818
45.251	-0.27976465644355575
45.301	-0.2797581008359774
45.351	-0.27975156273164326
45.401	-0.27974504114457555
45.451	-0.2797385363576842
45.501	-0.27973204823880826
45.551	-0.2797255750339079
45.601	-0.2797191201657522
45.651	-0.2797126818165924
45.701	-0.2797062599395971
45.751	-0.2796998561469074
45.801	-0.2796934670186223
45.851	-0.2796870941818977
45.901	-0.27968073758459966
45.951	-0.2796743971665414
46.001	-0.27966807287088
46.051	-0.2796617646408515
46.101	-0.27965547241526745
46.151	-0.2796491961446562
46.201	-0.2796429357741634
46.251	-0.2796366912447754
46.301	-0.27963046249998924
46.351	-0.2796242494856071
46.401	-0.2796180521463287
46.451	-0.2796118704275348
46.501	-0.27960570427056813
46.551	-0.2795995536230938
46.601	-0.27959341843939367
46.651	-0.2795872986596252
46.701	-0.27958119451835683
46.751	-0.27957510509793737
46.801	-0.2795690312096306
46.851	-0.2795629725185803
46.901	-0.27955692896023293
46.951	-0.27955090048755704
47.001	-0.2795448870494064
47.051	-0.27953888859347453
47.101	-0.2795329050693087
47.151	-0.2795269364234113
47.201	-0.27952098260565666
47.251	-0.2795150435723959
47.301	-0.2795091192576711
47.351	-0.27950320961840697
47.401	-0.27949731460486593
47.451	-0.27949143416679123
47.501	-0.2794855682542985
47.551	-0.27947971681772443
47.601	-0.27947387980768185
47.651	-0.279468057174982
47.701	-0.2794622488699207
47.751	-0.2794564548464334
47.801	-0.2794506750527562
47.851	-0.27944490944181066
47.901	-0.2794391579654923
47.951	-0.27943342057621706
48.001	-0.2794276972269816
48.051	-0.2794219878679491
48.101	-0.27941629245317423
48.151	-0.27941061093565805
48.201	-0.2794049432642148
48.251	-0.27939928939855285
48.301	-0.2793936492922012
48.351	-0.27938802289658055
48.401	-0.2793824101660978
48.451	-0.2793768110545927
48.501	-0.2793712254874704
48.551	-0.2793656537769846
48.601	-0.27936009525104905
48.651	-0.2793545501630345
48.701	-0.27934901816067625
48.751	-0.2793434998112281
48.801	-0.2793379947633345
48.851	-0.27933250297676804
48.901	-0.279327024403275
48.951	-0.27932155900227923
49.001	-0.27931610672932117
49.051	-0.2793106675987529
49.101	-0.27930524145035385
49.151	-0.27929982829665967
49.201	-0.2792944280978748
49.251	-0.27928904081231076
49.301	-0.27928366639634866
49.351	-0.2792783048068924
49.401	-0.2792729560017304
49.451	-0.2792676199387782
49.501	-0.279262296576959
49.551	-0.2792569858734015
49.601	-0.2792516877820959
49.651	-0.2792464032501247
49.701	-0.27924112946120044
49.751	-0.2792358689857054
49.801	-0.27923062096159124
49.851	-0.2792253853424259
49.901	-0.2792201619245931
49.951	-0.27921495100665905
50.001	-0.27920975269898946
50.051	-0.27920456603719174
50.101	-0.27919939187401493
50.151	-0.2791942298823612
50.201	-0.279189080023069
50.251	-0.2791839421741239
50.301	-0.27917881646231263
50.351	-0.2791737027683214
50.401	-0.27916860104466173
50.451	-0.27916351127023387
50.501	-0.27915843338261714
50.551	-0.2791533673545668
50.601	-0.27914831314874694
50.651	-0.2791432707274357
50.701	-0.2791382400521435
50.751	-0.27913322108586286
50.801	-0.27912821378975333
50.851	-0.27912321812699814
50.901	-0.2791182340598738
50.951	-0.2791132615513079
51.001	-0.279108300565249
51.051	-0.27910335106328654
51.101	-0.27909841301090654
51.151	-0.27909348637135245
51.201	-0.27908857110621976
51.251	-0.27908366717645766
51.301	-0.27907877455701524
51.351	-0.27907389320342624
51.401	-0.27906902308241505
51.451	-0.27906416415440727
51.501	-0.27905931639313103
51.551	-0.27905448029483004
51.601	-0.2790496547516995
51.651	-0.2790448402581898
51.701	-0.27904003678495476
51.751	-0.27903524375286676
51.801	-0.27903046221704564
51.851	-0.279025691598063
51.901	-0.2790209318613454
51.951	-0.279016185941794
52.001	-0.27901144490097324
52.051	-0.27900671760694024
52.101	-0.2790020010593361
52.151	-0.2789972952251104
52.201	-0.27899260006865667
52.251	-0.278987915559339
52.301	-0.2789832416627514
52.351	-0.2789785783459322
52.401	-0.27897392557604084
52.451	-0.2789692833198916
52.501	-0.2789646515450442
52.551	-0.27896003021879834
52.601	-0.2789554193094621
52.651	-0.27895081878382294
52.701	-0.2789462286094162
52.751	-0.27894164875465444
52.801	-0.2789370791896124
52.851	-0.2789325198790665
52.901	-0.27892797079312476
52.951	-0.27892343189955
53.001	-0.2789189031673423
53.051	-0.27891438456543893
53.101	-0.27890987606192985
53.151	-0.2789053776267909
53.201	-0.278900889228662
53.251	-0.2788964108743494
53.301	-0.27889194245826865
53.351	-0.27888748398734686
53.401	-0.27888303542917364
53.451	-0.27887859655802505
53.501	-0.27887416790506675
53.551	-0.27886974891269
53.601	-0.2788653397125416
53.651	-0.2788609402781716
53.701	-0.278856550580021
53.751	-0.27885217059535744
53.801	-0.2788478002728513
53.851	-0.27884343959742136
53.901	-0.2788390885363108
53.951	-0.2788347470655364
54.001	-0.27883041515316515
54.051	-0.27882609277050396
54.101	-0.2788217798889603
54.151	-0.2788174764797245
54.201	-0.27881318251074333
54.251	-0.27880889795722924
54.301	-0.27880462279349744
54.351	-0.2788003569884071
54.401	-0.2787961005136755
54.451	-0.2787918533413603
54.501	-0.27878761544357655
54.551	-0.27878338679244824
54.601	-0.27877916736044733
54.651	-0.278774957119748
54.701	-0.27877075604290075
54.751	-0.2787665641025644
54.801	-0.2787623812714726
54.851	-0.27875820678187274
54.901	-0.2787540420913619
54.951	-0.27874988642793824
55.001	-0.2787457404958234
55.051	-0.2787416028052711
55.101	-0.27873747406259386
55.151	-0.27873335422906553
55.201	-0.27872924330227716
55.251	-0.27872514124391934
55.301	-0.2787210480256369
55.351	-0.2787169636254524
55.401	-0.27871288801521305
55.451	-0.27870882116896645
55.501	-0.27870476306017106
55.551	-0.2787007136644479
55.601	-0.2786966729561147
55.651	-0.2786926409083065
55.701	-0.27868861749620133
55.751	-0.2786846026571209
55.801	-0.2786805964384696
55.851	-0.2786765987817877
55.901	-0.2786726096599614
55.951	-0.2786686290480064
56.001	-0.27866465691392245
56.051	-0.2786606932469727
56.101	-0.2786567380516677
56.151	-0.2786527912305815
56.201	-0.2786488527956811
56.251	-0.2786449227228685
56.301	-0.2786410009876438
56.351	-0.2786370875657777
56.401	-0.2786331824330493
56.451	-0.2786292855653951
56.501	-0.2786253969388168
56.551	-0.2786215165294806
56.601	-0.27861764431356656
56.651	-0.27861378026785905
56.701	-0.27860992442614796
56.751	-0.2786060766482418
56.801	-0.2786022369695124
56.851	-0.2785984053666136
56.901	-0.27859458187896535
56.951	-0.27859076634490326
57.001	-0.2785869588301161
57.051	-0.2785831592985786
57.101	-0.27857936772730924
57.151	-0.2785755840934947
57.201	-0.2785718083740776
57.251	-0.27856804049145817
57.301	-0.2785642805338006
57.351	-0.27856052842124646
57.401	-0.2785567841348762
57.451	-0.27855304766166583
57.501	-0.2785493189573109
57.551	-0.27854559801066825
57.601	-0.27854188479966163
57.651	-0.27853817930277663
57.701	-0.2785344814970492
57.751	-0.27853079136115544
57.801	-0.2785271088733118
57.851	-0.27852343401158564
57.901	-0.2785197667548445
57.951	-0.27851610708198393
58.001	-0.2785124539857054
58.051	-0.27850881039875575
58.101	-0.27850517334660846
58.151	-0.27850154379491976
58.201	-0.27849792171608884
58.251	-0.2784943070938767
58.301	-0.2784906999062916
58.351	-0.27848710013241557
58.401	-0.27848350775749586
58.451	-0.2784799227485841
58.501	-0.2784763450813777
58.551	-0.278472774754786
58.601	-0.2784692117381806
58.651	-0.27846565601120765
58.701	-0.27846210756595385
58.751	-0.2784585663577013
58.801	-0.27845503237813773
58.851	-0.278451505628344
58.901	-0.27844798604390086
58.951	-0.27844447363146163
59.001	-0.2784409683645994
59.051	-0.2784374702281772
59.101	-0.27843397920029767
59.151	-0.278430495261523
59.201	-0.27842701839215894
59.251	-0.2784235485725649
59.301	-0.27842008578332816
59.351	-0.2784166300049092
59.401	-0.2784131812178562
59.451	-0.27840973940288793
59.501	-0.27840630454073934
59.551	-0.2784028766122194
59.601	-0.2783994555982471
59.651	-0.2783960414797262
59.701	-0.27839263421366256
59.751	-0.2783892338292891
59.801	-0.2783858402835391
59.851	-0.27838245355766894
59.901	-0.2783790736329474
59.951	-0.27837570049156035
60.001	-0.2783723341150533
60.051	-0.2783689744822505
60.101	-0.2783656215710389
60.151	-0.27836227537377595
60.201	-0.27835893586672605
60.251	-0.2783556030318519
60.301	-0.2783522768505315
60.351	-0.27834895730470477
60.401	-0.278345644376604
60.451	-0.2783423380480449
60.501	-0.2783390383011239
60.551	-0.2783357451181281
60.601	-0.27833245848084415
60.651	-0.27832917836850685
60.701	-0.278325904769813
60.751	-0.2783226376639379
60.801	-0.27831937703330756
60.851	-0.2783161228604094
60.901	-0.27831287512779945
60.951	-0.2783096338180919
61.001	-0.27830639877771657
61.051	-0.2783031703980439
61.101	-0.2782999482565251
61.151	-0.27829673246969
61.201	-0.2782935230125268
61.251	-0.2782903198796802
61.301	-0.27828712304828257
61.351	-0.2782839325026498
61.401	-0.2782807482262148
61.451	-0.2782775702017607
61.501	-0.27827439841619594
61.551	-0.27827123284676086
61.601	-0.2782680734791267
61.651	-0.2782649202971262
61.701	-0.27826177328383167
61.751	-0.27825863242894655
61.801	-0.27825549770484276
61.851	-0.278252369100313
61.901	-0.2782492465997856
61.951	-0.27824613018666905
62.001	-0.27824301984485345
62.051	-0.2782399155582332
62.101	-0.2782368173105725
62.151	-0.27823372508588806
62.201	-0.2782306388682849
62.251	-0.27822755863729953
62.301	-0.2782244843863008
62.351	-0.27822141609482937
62.401	-0.2782183537490423
62.451	-0.2782152973302319
62.501	-0.27821224682310425
62.551	-0.2782092022128693
62.601	-0.27820616348402916
62.651	-0.27820313062102636
62.701	-0.27820010360847774
62.751	-0.2781970824310114
62.801	-0.2781940670732958
62.851	-0.27819105752008577
62.901	-0.27818805375615285
62.951	-0.2781850557663315
63.001	-0.27818206353454683
63.051	-0.2781790770478542
63.101	-0.2781760962893053
63.151	-0.2781731212453146
63.201	-0.27817015190036865
63.251	-0.278167188239644
63.301	-0.27816423024892456
63.351	-0.2781612779121748
63.401	-0.278158331215219
63.451	-0.2781553901435799
63.501	-0.2781524546852512
63.551	-0.27814952482020194
63.601	-0.2781466005366967
63.651	-0.2781436818196309
63.701	-0.2781407686556645
63.751	-0.2781378610288316
63.801	-0.278134958926776
63.851	-0.2781320623347856
63.901	-0.2781291712382606
63.951	-0.2781262856253771
64.001	-0.2781234054773555
64.051	-0.27812053078295385
64.101	-0.2781176615266764
64.151	-0.27811479769563224
64.201	-0.278111939275281
64.251	-0.2781090862521223
64.301	-0.27810623861212314
64.351	-0.2781033963386367
64.401	-0.27810055942081285
64.451	-0.27809772784791204
64.501	-0.2780949016033611
64.551	-0.2780920806733641
64.601	-0.2780892650444145
64.651	-0.27808645470296856
64.701	-0.2780836496355273
64.751	-0.27808084982844905
64.801	-0.2780780552686964
64.851	-0.2780752659426516
64.901	-0.2780724818371194
64.951	-0.27806970293875105
65.001	-0.27806692923451776
65.051	-0.27806416071082796
65.101	-0.2780613973590697
65.151	-0.27805863919829554
65.201	-0.27805588621258764
65.251	-0.27805313828007383
65.301	-0.27805039546310073
65.351	-0.27804765767575357
65.401	-0.2780449250094013
65.451	-0.278042197461892
65.501	-0.2780394749781344
65.551	-0.27803675754606955
65.601	-0.2780340451518677
65.651	-0.2780313377833893
65.701	-0.278028635430408
65.751	-0.27802593807540293
65.801	-0.278023245702995
65.851	-0.27802055832940964
65.901	-0.27801787590077937
65.951	-0.27801519842247446
66.001	-0.278012525883231
66.051	-0.27800985863356326
66.101	-0.2780071955673898
66.151	-0.2780045377672096
66.201	-0.27800188485576516
66.251	-0.27799923681917027
66.301	-0.27799659364885215
66.351	-0.27799395533067767
66.401	-0.27799132185306547
66.451	-0.2779886932036608
66.501	-0.27798606937020653
66.551	-0.27798345033697286
66.601	-0.277980836084775
66.651	-0.27797822662806015
66.701	-0.27797562193978514
66.751	-0.277973022007704
66.801	-0.27797042682206674
66.851	-0.2779678363674537
66.901	-0.27796525063530614
66.951	-0.2779626696124166
67.001	-0.2779600932880978
67.051	-0.2779575216503051
67.101	-0.27795495468747455
67.151	-0.2779523922304996
67.201	-0.27794983458379413
67.251	-0.27794728157721477
67.301	-0.27794473337364106
67.351	-0.27794218961327005
67.401	-0.2779396504227431
67.451	-0.27793711586377134
67.501	-0.27793458588756315
67.551	-0.2779320604816821
67.601	-0.27792953964045464
67.651	-0.2779270233492883
67.701	-0.2779245115971175
67.751	-0.2779220043729222
67.801	-0.27791950166555957
67.851	-0.27791700346391623
67.901	-0.2779145097570843
67.951	-0.2779120205341215
68.001	-0.2779095358203526
68.051	-0.27790705553228373
68.101	-0.27790457969570087
68.151	-0.27790210829914747
68.201	-0.277899641332153
68.251	-0.2778971787839552
68.301	-0.27789472062791815
68.351	-0.2778922668852267
68.401	-0.2778898175292666
68.451	-0.27788737254887824
68.501	-0.2778849319332027
68.551	-0.27788249567383805
68.601	-0.27788006375949276
68.651	-0.2778776361785851
68.701	-0.27787521292107475
68.751	-0.2778727939830336
68.801	-0.27787037934168657
68.851	-0.2778679689921648
68.901	-0.2778655629241292
68.951	-0.2778631611285271
69.001	-0.2778607635942941
69.051	-0.2778583703115041
69.101	-0.27785598126884525
69.151	-0.2778535964572081
69.201	-0.2778512158662067
69.251	-0.2778488403263024
69.301	-0.27784646727400314
69.351	-0.2778440992843471
69.401	-0.2778417354751237
69.451	-0.27783937584013213
69.501	-0.27783702036172275
69.551	-0.2778346690338158
69.601	-0.2778323218465149
69.651	-0.2778299787900286
69.701	-0.2778276398540156
69.751	-0.2778253050295232
69.801	-0.27782297430628483
69.851	-0.27782064767462106
69.901	-0.27781832512481497
69.951	-0.27781600664717926
70.001	-0.27781369223105
70.051	-0.2778113818227141
70.101	-0.2778090755038402
70.151	-0.2778067732649633
70.201	-0.27780447500431865
70.251	-0.27780218075925334
70.301	-0.2777998905178845
70.351	-0.27779760426765787
70.401	-0.2777953220083569
70.451	-0.27779304372576213
70.501	-0.2777907694111849
70.551	-0.27778849551668766
70.601	-0.27778623267676666
70.651	-0.2777839702086552
70.701	-0.2777817116707345
70.751	-0.2777794570529379
70.801	-0.27777720634795994
70.851	-0.27777495954584935
70.901	-0.27777271663731923
70.951	-0.27777047761316986
71.001	-0.2777682424640511
71.051	-0.27776601118165856
71.101	-0.27776378375653427
71.151	-0.2777615601795668
71.201	-0.2777593404421016
71.251	-0.27775712453486046
71.301	-0.2777549124489762
71.351	-0.27775270417519465
71.401	-0.2777504997055105
71.451	-0.27774829903048087
71.501	-0.27774610214131656
71.551	-0.2777439090293607
71.601	-0.2777417196850068
71.651	-0.27773953410103863
71.701	-0.2777373522680078
71.751	-0.27773517417711563
71.801	-0.27773299981976507
71.851	-0.27773082918734876
71.901	-0.27772866227118004
71.951	-0.2777264990627387
72.001	-0.2777243395473263
72.051	-0.27772218372857393
72.101	-0.27772003159198216
72.151	-0.277717883128883
72.201	-0.2777157383308784
72.251	-0.2777135971895956
72.301	-0.27771145969655425
72.351	-0.2777093258434202
72.401	-0.27770719562175783
72.451	-0.27770506902325276
72.501	-0.27770294604013857
72.551	-0.2777008266630947
72.601	-0.2776987108842853
72.651	-0.27769659867649854
72.701	-0.277694490069549
72.751	-0.27769238503629656
72.801	-0.27769028356844777
72.851	-0.27768818565792686
72.901	-0.27768609129678484
72.951	-0.2776840004765288
73.001	-0.2776819131893589
73.051	-0.2776798294270977
73.101	-0.27767774918116167
73.151	-0.27767567244461283
73.201	-0.2776735992091497
73.251	-0.27767152759742547
73.301	-0.27766946320925245
73.351	-0.27766740042895866
73.401	-0.2776653411179158
73.451	-0.2776632852686198
73.501	-0.2776612328727896
73.551	-0.27765918392236627
73.601	-0.27765713841962525
73.651	-0.2776550963372666
73.701	-0.2776530577037013
73.751	-0.2776510224584575
73.801	-0.27764899062074144
73.851	-0.2776469621833721
73.901	-0.2776449371307389
73.951	-0.27764291546716474
74.001	-0.2776408971800219
74.051	-0.2776388822615493
74.101	-0.27763687070424914
74.151	-0.2776348625012922
74.201	-0.27763285764361706
74.251	-0.2776308561221869
74.301	-0.27762885793408915
74.351	-0.27762686306908907
74.401	-0.277624871520265
74.451	-0.27762288327058676
74.501	-0.2776208983320807
74.551	-0.27761891668750355
74.601	-0.2776169383554414
74.651	-0.2776149632774397
74.701	-0.27761299147076474
74.751	-0.27761102290173434
74.801	-0.2776090576169612
74.851	-0.27760709558225777
74.901	-0.2776051367903866
74.951	-0.2776031812341309
75.001	-0.277601228906399
75.051	-0.2775992797982044
75.101	-0.2775973339057102
75.151	-0.2775953912185995
75.201	-0.2775934517327075
75.251	-0.2775915154397583
75.301	-0.27758958233246844
75.351	-0.27758765239921523
75.401	-0.2775857256421312
75.451	-0.2775838020496114
75.501	-0.2775818816146638
75.551	-0.27757996490566017
75.601	-0.2775780507674295
75.651	-0.2775761397658923
75.701	-0.27757423131115544
75.751	-0.2775723265598286
75.801	-0.2775704249244909
75.851	-0.2775685263982907
75.901	-0.27756663097457496
75.951	-0.2775647392497702
76.001	-0.27756284941355874
76.051	-0.27756096326021373
76.101	-0.27755908017760833
76.151	-0.27755720016341057
76.201	-0.2775553232110195
76.251	-0.2775534493134817
76.301	-0.2775515784642026
76.351	-0.2775497106517357
76.401	-0.2775478458799555
76.451	-0.27754598413666737
76.501	-0.2775441254140694
76.551	-0.27754226970662327
76.601	-0.27754041700773585
76.651	-0.27753856731084775
76.701	-0.2775367206094171
76.751	-0.27753487690147194
76.801	-0.2775330361714138
76.851	-0.27753119841730883
76.901	-0.27752936363269026
76.951	-0.27752753181110923
77.001	-0.277525702946018
77.051	-0.27752387703108744
77.101	-0.2775220540601094
77.151	-0.27752023404012416
77.201	-0.2775184169477105
77.251	-0.27751660276993073
77.301	-0.2775147915670061
77.351	-0.2775129832196824
77.401	-0.27751117777815865
77.451	-0.27750937511846513
77.501	-0.2775075754697824
77.551	-0.2775057787075845
77.601	-0.2775039848139691
77.651	-0.27750219380773067
77.701	-0.2775004057209702
77.751	-0.27749862044535795
77.801	-0.2774968380264004
77.851	-0.2774950584568388
77.901	-0.27749328172968224
77.951	-0.27749150784165877
78.001	-0.27748973678538946
78.051	-0.27748796855461677
78.101	-0.27748620314342337
78.151	-0.27748444054568827
78.201	-0.2774826807554433
78.251	-0.27748092376665096
78.301	-0.27747916955842933
78.351	-0.2774774181546973
78.401	-0.2774756695345224
78.451	-0.2774739236925143
78.501	-0.27747218062165613
78.551	-0.2774704403165594
78.601	-0.2774687027713652
78.651	-0.2774669679801999
78.701	-0.27746523593720596
78.751	-0.27746350665077885
78.801	-0.277461780086706
78.851	-0.27746005625286924
78.901	-0.2774583351442642
78.951	-0.2774566167547573
79.001	-0.2774549010786164
79.051	-0.27745318811007375
79.101	-0.2774514778434331
79.151	-0.27744977027295353
79.201	-0.2774480653929341
79.251	-0.277446363197689
79.301	-0.27744466368154796
79.351	-0.2774429668388558
79.401	-0.2774412726639727
79.451	-0.27743958115127626
79.501	-0.27743789229736254
79.551	-0.27743620609227704
79.601	-0.2774345225328138
79.651	-0.27743284161266846
79.701	-0.2774311633270527
79.751	-0.27742948767024633
79.801	-0.27742781463312677
79.851	-0.2774261442172032
79.901	-0.27742447641353846
79.951	-0.27742281121614626
80.001	-0.2774211486205399
80.051	-0.2774194886207937
80.101	-0.27741783121146946
80.151	-0.2774161763870468
80.201	-0.27741452414976797
80.251	-0.2774128744791752
80.301	-0.27741122737757706
80.351	-0.277409582839394
80.401	-0.27740794085939324
80.451	-0.27740630143214556
80.501	-0.2774046645524133
80.551	-0.2774030302148318
80.601	-0.27740139841394035
80.651	-0.2773997691448698
80.701	-0.2773981424021041
80.751	-0.2773965181804993
80.801	-0.27739489648343374
80.851	-0.2773932773097642
80.901	-0.2773916606202137
80.951	-0.27739004643092163
81.001	-0.277388434736724
81.051	-0.2773868255324726
81.101	-0.27738521881304584
81.151	-0.2773836145648107
81.201	-0.277382012799351
81.251	-0.277380413503285
81.301	-0.27737881667079134
81.351	-0.2773772222981882
81.401	-0.2773756303798649
81.451	-0.27737404091058626
81.501	-0.27737245388518456
81.551	-0.27737086929896354
81.601	-0.27736928714673925
81.651	-0.2773677074234647
81.701	-0.2773661301241922
81.751	-0.2773645552441552
81.801	-0.2773629827782557
81.851	-0.2773614127166092
81.901	-0.27735984506377104
81.951	-0.27735827981017946
82.001	-0.27735671694078656
82.051	-0.2773551564709577
82.101	-0.2773535983856725
82.151	-0.2773520426800562
82.201	-0.27735048934871315
82.251	-0.2773489383878617
82.301	-0.2773473897921314
82.351	-0.27734584403413826
82.401	-0.2773442996576655
82.451	-0.2773427581283266
82.501	-0.27734121894493335
82.551	-0.27733968210299614
82.601	-0.27733814759725184
82.651	-0.27733661542296345
82.701	-0.2773350855745065
82.751	-0.27733355804924964
82.801	-0.27733203284144087
82.851	-0.2773305099463645
82.901	-0.27732898935933986
82.951	-0.27732747107552363
83.001	-0.2773259550904001
83.051	-0.2773244413995628
83.101	-0.2773229299984903
83.151	-0.277321420881826
83.201	-0.2773199140453362
83.251	-0.2773184094844165
83.301	-0.27731690719447427
83.351	-0.27731540717093
83.401	-0.2773139094092123
83.451	-0.27731241390441064
83.501	-0.27731092065270196
83.551	-0.27730942945430187
83.601	-0.2773079406941026
83.651	-0.2773064543686155
83.701	-0.27730497008264404
83.751	-0.27730348802676574
83.801	-0.2773020081952304
83.851	-0.27730053058100246
83.901	-0.27729905519018805
83.951	-0.2772975820090961
84.001	-0.277296111037217
84.051	-0.2772946422688224
84.101	-0.27729317569953577
84.151	-0.27729171132489594
84.201	-0.2772902491405512
84.251	-0.2772887891434887
84.301	-0.27728733132661976
84.351	-0.27728587568695573
84.401	-0.2772844222201392
84.451	-0.27728297092603843
84.501	-0.27728152179196974
84.551	-0.27728007481780687
84.601	-0.2772786299992282
84.651	-0.2772771873320781
84.701	-0.2772757468119694
84.751	-0.27727430843455775
84.801	-0.27727287219567204
84.851	-0.2772714380910637
84.901	-0.27727000611651115
84.951	-0.2772685762678693
85.001	-0.277267148540762
85.051	-0.27726572293107227
85.101	-0.27726429943436254
85.151	-0.27726287804694527
85.201	-0.2772614587644057
85.251	-0.27726004157842626
85.301	-0.2772586264958345
85.351	-0.277257213354856
85.401	-0.27725580245024867
85.451	-0.2772543936295695
85.501	-0.27725298703541407
85.551	-0.2772515823720201
85.601	-0.27725017977967337
85.651	-0.27724877925515123
85.701	-0.2772473807971867
85.751	-0.2772459843961159
85.801	-0.2772445900472815
85.851	-0.27724319775348993
85.901	-0.2772418075089921
85.951	-0.2772404193063828
86.001	-0.2772390331433516
86.051	-0.2772376490167612
86.101	-0.2772362669183642
86.151	-0.2772348868501634
86.201	-0.27723350880559255
86.251	-0.2772321327806963
86.301	-0.27723075877291536
86.351	-0.27722938677476444
86.401	-0.2772280167853681
86.451	-0.2772266487999503
86.501	-0.27722528281350184
86.551	-0.27722391882436714
86.601	-0.277222556827483
86.651	-0.27722119681900914
86.701	-0.2772198388045045
86.751	-0.2772184827611796
86.801	-0.2772171286947618
86.851	-0.2772157766013249
86.901	-0.2772144264770686
86.951	-0.27721307831815784
87.001	-0.2772117321620048
87.051	-0.27721038788113783
87.101	-0.2772090455960457
87.151	-0.2772077052604486
87.201	-0.27720636687113515
87.251	-0.27720503042390837
87.301	-0.27720369591674404
87.351	-0.2772023633441855
87.401	-0.27720103270300944
87.451	-0.2771997039894882
87.501	-0.2771983771998916
87.551	-0.27719705233020664
87.601	-0.2771957293773776
87.651	-0.2771944083373848
87.701	-0.27719308920618435
87.751	-0.2771917719806017
87.801	-0.27719045665725045
87.851	-0.27718914323282523
87.901	-0.27718783170208394
87.951	-0.2771865220621014
88.001	-0.277185214309432
88.051	-0.2771839084403315
88.101	-0.27718260444942194
88.151	-0.277181302336759
88.201	-0.27718000209712806
88.251	-0.27717870372653175
88.301	-0.2771774072227858
88.351	-0.27717611258209895
88.401	-0.27717481979778946
88.451	-0.2771735288636736
88.501	-0.27717223979038325
88.551	-0.27717095256062235
88.601	-0.2771696671750669
88.651	-0.2771683836303897
88.701	-0.27716710192308386
88.751	-0.277165822049651
88.801	-0.27716454400660134
88.851	-0.2771632677904229
88.901	-0.2771619933696081
88.951	-0.27716072079728665
89.001	-0.27715945004104137
89.051	-0.27715818109790313
89.101	-0.2771569139644027
89.151	-0.2771556486370739
89.201	-0.27715438511251117
89.251	-0.27715312338738013
89.301	-0.27715186345811316
89.351	-0.2771506053213924
89.401	-0.2771493489738277
89.451	-0.27714809441195665
89.501	-0.2771468416958356
89.551	-0.27714559069538924
89.601	-0.2771443414706814
89.651	-0.2771430939551854
89.701	-0.2771418483268227
89.751	-0.2771406044086957
89.801	-0.27713936225320335
89.851	-0.27713812180215136
89.901	-0.27713688318863056
89.951	-0.2771356463003059
90.001	-0.27713441116108306
90.051	-0.2771331777677146
90.101	-0.27713194611667624
90.151	-0.27713071620507274
90.201	-0.2771294880294732
90.251	-0.2771282615865774
90.301	-0.2771270368734169
90.351	-0.27712581388633045
90.401	-0.2771245926224912
90.451	-0.27712337307824125
90.501	-0.2771221552505813
90.551	-0.2771209391363026
90.601	-0.2771197254253202
90.651	-0.27711851272495946
90.701	-0.27711730104225407
90.751	-0.2771160917495641
90.801	-0.27711488415432517
90.851	-0.2771136782534521
90.901	-0.2771124740436324
90.951	-0.2771112715220508
91.001	-0.2771100706848506
91.051	-0.27710887152956476
91.101	-0.2771076740528612
91.151	-0.27710647825162116
91.201	-0.277105284122733
91.251	-0.27710409166368655
91.301	-0.2771029008701956
91.351	-0.27710171173976617
91.401	-0.27710052426931586
91.451	-0.2770993384557697
91.501	-0.27709815429601437
91.551	-0.27709697178715836
91.601	-0.2770957909273625
91.651	-0.2770946117116098
91.701	-0.27709343413671167
91.751	-0.2770922582004186
91.801	-0.2770910838997057
91.851	-0.27708991123155535
91.901	-0.27708874019295676
91.951	-0.2770875707809063
92.001	-0.27708640298972087
92.051	-0.27708523717114003
92.101	-0.2770840722714005
92.151	-0.27708290933562274
92.201	-0.27708174801150187
92.251	-0.27708058829574217
92.301	-0.2770794301858418
92.351	-0.2770782736789047
92.401	-0.27707711877159785
92.451	-0.27707596546126306
92.501	-0.2770748137450175
92.551	-0.2770736636197973
92.601	-0.27707251508273084
92.651	-0.27707136813312305
92.701	-0.27707022276386595
92.751	-0.2770690789737625
92.801	-0.2770679367602039
92.851	-0.27706679612031004
92.901	-0.2770656570468819
92.951	-0.2770645195457339
93.001	-0.2770633836096498
93.051	-0.27706224923539297
93.101	-0.277061116420876
93.151	-0.2770599851628818
93.201	-0.2770588554585765
93.251	-0.2770577273051328
93.301	-0.2770566006997298
93.351	-0.2770554756391002
93.401	-0.2770543521213422
93.451	-0.27705323014302974
93.501	-0.27705210970171146
93.551	-0.2770509907944272
93.601	-0.2770498734183948
93.651	-0.277048757571227
93.701	-0.27704764327018644
93.751	-0.2770465304730053
93.801	-0.2770454191943265
93.851	-0.2770443094330851
93.901	-0.2770432011865372
93.951	-0.27704209445195105
94.001	-0.2770409892265836
94.051	-0.2770398855077156
94.101	-0.2770387832925429
94.151	-0.2770376825785239
94.201	-0.2770365833638925
94.251	-0.27703548564391717
94.301	-0.2770343894168871
94.351	-0.27703329468013627
94.401	-0.27703220143098306
94.451	-0.27703110973609485
94.501	-0.27703001945418354
94.551	-0.2770289306518256
94.601	-0.2770278433264123
94.651	-0.2770267574752653
94.701	-0.2770256730957665
94.751	-0.2770245901852491
94.801	-0.2770235087409969
94.851	-0.2770224287605746
94.901	-0.2770213502412808
94.951	-0.2770202731804791
95.001	-0.2770191975755717
95.051	-0.2770181234239492
95.101	-0.27701705071796356
95.151	-0.2770159794651614
95.201	-0.2770149095878774
95.251	-0.277013841223469
95.301	-0.2770127742994157
95.351	-0.277011708813149
95.401	-0.2770106447621064
95.451	-0.2770095821437311
95.501	-0.27700852095547207
95.551	-0.277007461194784
95.601	-0.2770064028591273
95.651	-0.27700534594596826
95.701	-0.27700429045278624
95.751	-0.2770032363553982
95.801	-0.2770021836945842
95.851	-0.27700113244615004
95.901	-0.27700008260762987
95.951	-0.27699903417668237
96.001	-0.2769979871504959
96.051	-0.2769969415733472
96.101	-0.2769958973495071
96.151	-0.2769948545235936
96.201	-0.2769938130918264
96.251	-0.2769927730484891
96.301	-0.2769917343994095
96.351	-0.276990697138298
96.401	-0.27698966126238755
96.451	-0.2769886267693359
96.501	-0.2769875936563974
96.551	-0.2769865619213092
96.601	-0.27698553172278567
96.651	-0.2769845027359846
96.701	-0.2769834749419295
96.751	-0.27698244871093225
96.801	-0.27698142382877844
96.851	-0.2769804003106666
96.901	-0.2769793781528393
96.951	-0.2769783573537201
97.001	-0.27697733791100776
97.051	-0.27697631982219073
97.101	-0.2769753030847131
97.151	-0.27697428769612265
97.201	-0.2769732736537412
97.251	-0.2769722609560587
97.301	-0.2769712496000698
97.351	-0.2769702395840217
97.401	-0.27696923090582226
97.451	-0.2769682235620397
97.501	-0.2769672175508882
97.551	-0.2769662128700404
97.601	-0.27696520951718573
97.651	-0.27696420749012546
97.701	-0.2769632067862942
97.751	-0.27696220792037296
97.801	-0.2769612098568057
97.851	-0.276960212592177
97.901	-0.27695921715871924
97.951	-0.27695822303712925
98.001	-0.27695723022469476
98.051	-0.27695623871986497
98.101	-0.2769552485202206
98.151	-0.2769542596233353
98.201	-0.27695327202695047
98.251	-0.2769522857314041
98.301	-0.2769513007291629
98.351	-0.27695031702390854
98.401	-0.27694933460707866
98.451	-0.2769483534794588
98.501	-0.2769473736388825
98.551	-0.2769463950831227
98.601	-0.2769454178055062
98.651	-0.2769444418126518
98.701	-0.27694346709797435
98.751	-0.2769424936592537
98.801	-0.27694152149238166
98.851	-0.276940550601533
98.901	-0.2769395809774609
98.951	-0.27693861262058983
99.001	-0.2769376455286947
99.051	-0.2769366796996256
99.101	-0.2769357151311939
99.151	-0.27693475182121546
99.201	-0.27693378976754013
99.251	-0.27693282896807014
99.301	-0.2769318694205383
99.351	-0.27693091112280144
99.401	-0.2769299540727704
99.451	-0.276928998268289
99.501	-0.27692804370495105
99.551	-0.27692709038456476
99.601	-0.27692613830402696
99.651	-0.2769251876317049
99.701	-0.2769242378574021
99.751	-0.276923289481674
99.801	-0.276922342534642
99.851	-0.27692139642000485
99.901	-0.2769204516857079
99.951	-0.27691950822007616
500.	-0.27594558002728725