0.	0.
0.05	0.00849961632204088
0.1	0.01699798036096609
0.15	0.02549387027827886
0.2	0.033986096925158166
0.25	0.04247350315023704
0.3	0.05095496314817755
0.35	0.059429381820099575
0.4	0.06789569414567924
0.45	0.07635286456671397
0.5	0.08479988638196007
0.55	0.09323578115304587
0.6	0.10165959812127107
0.65	0.1100704136351046
0.7	0.1184673305882056
0.75	0.1268494778677661
0.8	0.135216009813037
0.85	0.1435661056838173
0.9	0.15189896913867384
0.95	0.1602138277228721
1.	0.16850993236581302
1.05	0.17678655688773248
1.1	0.1850429975155573
1.15	0.1932785724077159
1.2	0.20149262118780392
1.25	0.20968450448699003
1.3	0.2178536034948883
1.35	0.22599931951880364
1.4	0.23412107355109252
1.45	0.2422183058446942
1.5	0.2502904754970636
1.55	0.25833706004154644
1.6	0.26635755504582936
1.65	0.2743514737195041
1.7	0.28231834652848303
1.75	0.2902577208134764
1.8	0.2981691604183104
1.85	0.3060522453277643
1.9	0.31390657130946026
1.95	0.32173174956235473
2.	0.3295274063729242
2.05	0.33729318277748627
2.1	0.3450287342309637
2.15	0.3527337302816981
2.2	0.3604078542525733
2.25	0.36805080292855563
2.3	0.3756622862500478
2.35	0.38324202701210175
2.4	0.39078976056942283
2.45	0.398305234547074
2.5	0.4057882085567552
2.55	0.41323845391868846
2.6	0.4206557533885685
2.65	0.4280399008896132
2.7	0.4353907012505177
2.75	0.44270796994829775
2.8	0.4499915328557603
2.85	0.4572412259944553
2.9	0.46445689529210304
2.95	0.47163839634414334
3.	0.4787855941806148
3.05	0.4858983630379954
3.1	0.492976586135305
3.15	0.5000201554543618
3.2	0.5070289715243196
3.25	0.5140029432106213
3.3	0.520941987508214
3.35	0.5278460293387714
3.4	0.5347150013516415
3.45	0.541548843729048
3.5	0.548347503995505
3.55	0.5551109368307029
3.6	0.5618391038862875
3.65	0.5685319736060276
3.7	0.5751895210494752
3.75	0.5818117277199458
3.8	0.5883985813954411
3.85	0.5949500759627705
3.9	0.601466211255476
3.95	0.6079469928949044
4.	0.6143924321345551
4.05	0.6208025457075956
4.1	0.6271773556773496
4.15	0.6335168892910357
4.2	0.6398211788365101
4.25	0.6460902615017364
4.3	0.6523241792373143
4.35	0.6585229786219393
4.4	0.6646867107305352
4.45	0.6708154310051153
4.5	0.6769091991284196
4.55	0.6829680789001761
4.6	0.6889921381159022
4.65	0.6949814484482666
4.7	0.7009360853309505
4.75	0.7068561278449668
4.8	0.7127416586073934
4.85	0.7185927636624686
4.9	0.7244095323749736
4.95	0.7301920573258841
5.	0.7359404342102944
5.05	0.7416547617375189
5.1	0.7473351415333237
5.15	0.752981678044286
5.2	0.7585944784442336
5.25	0.7641736525426563
5.3	0.7697193126952181
5.35	0.7752315737161722
5.4	0.780710552792401
5.45	0.7861563693996618
5.5	0.7915691452208706
5.55	0.7969490040659731
5.6	0.8022960717934386
5.65	0.8076104762334838
5.7	0.8128923471133035
5.75	0.8181418159838966
5.8	0.823359016148417
5.85	0.8285440825919536
5.9	0.8336971519130403
5.95	0.8388183622575442
6.	0.843907853253376
6.05	0.848965765945885
6.1	0.8539922427355089
6.15	0.8589874273170888
6.2	0.8639514646205476
6.25	0.8688845007527568
6.3	0.8737866829403629
6.35	0.8786581594743674
6.4	0.8834990796560945
6.45	0.8883095937442681
6.5	0.8930898529034673
6.55	0.8978400091537425
6.6	0.9025602153213831
6.65	0.907250624990896
6.7	0.9119113924581431
6.75	0.916542672684637
6.8	0.9211446212529418
6.85	0.9257173943229315
6.9	0.9302611485893454
6.95	0.934776041240763
7.	0.9392622299191833
7.05	0.9437198726804729
7.1	0.9481491279560015
7.15	0.9525501545152504
7.2	0.9569231114293442
7.25	0.9612681580354466
7.3	0.9655854539021679
7.35	0.969875158795839
7.4	0.9741374326475922
7.45	0.9783724355213896
7.5	0.9825803275827738
7.55	0.9867612690684935
7.6	0.9909154202571354
7.65	0.9950429414401353
7.7	0.9991439928936143
7.75	1.0032187348515993
7.8	1.0072673274796466
7.85	1.0112899308491814
7.9	1.0152867049123788
7.95	1.0192578094771751
8.	1.0232034041836027
8.05	1.0271236484811075
8.1	1.0310187016061942
8.15	1.0348887225606938
8.2	1.038733870090846
8.25	1.0425543026668902
8.3	1.0463501784631553
8.35	1.0501216553384898
8.4	1.0538688908175051
8.45	1.057592042071371
8.5	1.061291265901332
8.55	1.0649667187242733
8.6	1.0686185565536674
8.65	1.0722469349824333
8.7	1.0758520091687989
8.75	1.0794339338211247
8.8	1.0829928631833916
8.85	1.0865289510211569
8.9	1.0900423506079757
8.95	1.093533214712274
9.	1.0970016955846655
9.05	1.1004479449457059
9.1	1.1038721139740661
9.15	1.1072743532951244
9.2	1.1106548129699667
9.25	1.114013642484789
9.3	1.117350990740678
9.35	1.1206670060437838
9.4	1.1239618360957655
9.45	1.1272356279847606
9.5	1.1304885281768065
9.55	1.1337206825072692
9.6	1.1369322361727165
9.65	1.1401233337232692
9.7	1.1432941190552453
9.75	1.146444735404079
9.8	1.1495753253374166
9.85	1.1526860307486428
9.9	1.1557769928507566
9.95	1.1588483521704227
10.	1.1619002485423702
10.05	1.164932821104148
10.1	1.167946208291035
10.15	1.1709405478311758
10.2	1.1739159767410314
10.25	1.1768726313210849
10.3	1.1798106471517964
10.35	1.1827301590897639
10.4	1.1856313012641249
10.45	1.1885142070732024
10.5	1.1913790091813607
10.55	1.1942258395160772
10.6	1.1970548292652217
10.65	1.199866108874546
10.7	1.2026598080453739
10.75	1.2054360557324815
10.8	1.2081949801421683
10.85	1.2109367087305198
10.9	1.213661368201846
10.95	1.216369084507291
11.	1.2190599828436224
11.05	1.2217341876521701
11.1	1.2243918226179422
11.15	1.2270330106688996
11.2	1.2296578739754214
11.25	1.2322665339495797
11.3	1.234859111244895
11.35	1.2374357257570376
11.4	1.239996496623613
11.45	1.2425415422235873
11.5	1.2450709801777353
11.55	1.2475849273492199
11.6	1.2500834998440726
11.65	1.2525668130118655
11.7	1.2550349814464767
11.75	1.2574881189869453
11.8	1.2599263387184683
11.85	1.2623497529734957
11.9	1.2647584733329176
11.95	1.267152610627361
12.	1.269532274938583
12.05	1.2718975756009596
12.1	1.27424862120307
12.15	1.276585519589368
12.2	1.2789083778619474
12.25	1.2812173023823823
12.3	1.283512398773689
12.35	1.2857937719220327
12.4	1.2880615259790351
12.45	1.290315764364506
12.5	1.29255658976796
12.55	1.2947841041508028
12.6	1.2969984087492783
12.65	1.2991996040765743
12.7	1.3013877899251993
12.75	1.3035630653696868
12.8	1.3057255287691858
12.85	1.307875277770126
12.9	1.3100124093089933
12.95	1.3121370196147228
13.	1.3142492042114065
13.05	1.316349057922315
13.1	1.3184366748728371
13.15	1.3205121484922866
13.2	1.3225755715169873
13.25	1.3246270359938328
13.3	1.326666633283349
13.35	1.3286944540625631
13.4	1.3307105883281902
13.45	1.3327151253998273
13.5	1.334708153923156
13.55	1.336689761873468
13.6	1.3386600365589414
13.65	1.3406190646238318
13.7	1.3425669320518407
13.75	1.344503724169488
13.8	1.3464295256495162
13.85	1.348344420514323
13.9	1.350248492139407
13.95	1.3521418232568256
14.	1.3540244959586838
14.05	1.3558965917006591
14.1	1.357758191305528
14.15	1.3596093749666962
14.2	1.3614502222517573
14.25	1.3632808121060689
14.3	1.3651012228563293
14.35	1.3669115322141556
14.4	1.3687118172797292
14.45	1.370502154545454
14.5	1.3722826198995184
14.55	1.3740532886295191
14.6	1.3758142354261498
14.65	1.377565534386845
14.7	1.3793072590194335
14.75	1.3810394822458019
14.8	1.38276227640556
14.85	1.3844757132597025
14.9	1.3861798639942793
14.95	1.387874799224116
15.	1.3895605889964922
15.05	1.3912373027947604
15.1	1.3929050095420326
15.15	1.3945637776048743
15.2	1.3962136747969771
15.25	1.397854768382833
15.3	1.3994871250814047
15.35	1.4011108110697925
15.4	1.4027258919868995
15.45	1.4043324329370894
15.5	1.4059304984938406
15.55	1.4075201527034071
15.6	1.4091014590884527
15.65	1.4106744806516602
15.7	1.4122392798793872
15.75	1.4137959187453002
15.8	1.415344458713975
15.85	1.4168849607445022
15.9	1.4184174852940856
15.95	1.4199420923216286
16.	1.4214588412913145
16.05	1.4229677911761733
16.1	1.4244690004616472
16.15	1.4259625271491374
16.2	1.4274484287595295
16.25	1.4289267623367177
16.3	1.430397584451127
16.35	1.4318609512032132
16.4	1.433316918226952
16.45	1.434765540693313
16.5	1.436206873313741
16.55	1.43764097034361
16.6	1.4390678855856265
16.65	1.440487672393238
16.7	1.4419003836740492
16.75	1.4433060718932547
16.8	1.4447047890770286
16.85	1.446096586815862
16.9	1.4474815162679142
16.95	1.4488596281623543
17.	1.4502309728026685
17.05	1.4515956000700587
17.1	1.4529535594267413
17.15	1.454304899919052
17.2	1.4556496701806274
17.25	1.4569879184357246
17.3	1.4583196925026152
17.35	1.4596450397967817
17.4	1.4609640073340198
17.45	1.4622766417336297
17.5	1.4635829892215761
17.55	1.4648830956336263
17.6	1.466177006418476
17.65	1.467464766640862
17.7	1.4687464209846477
17.75	1.4700220137558981
17.8	1.4712915888859377
17.85	1.4725551899343894
17.9	1.4738128600921958
17.95	1.4750646421846227
18.	1.476310578674245
18.05	1.4775507116639157
18.1	1.4787850828997167
18.15	1.4800137337738906
18.2	1.4812367053277578
18.25	1.48245403825461
18.3	1.48366577290259
18.35	1.4848719492775528
18.4	1.48607260704591
18.45	1.4872677855374536
18.5	1.4884575237481623
18.55	1.4896418603429886
18.6	1.4908208336586344
18.65	1.4919944817063022
18.7	1.4931628421744296
18.75	1.4943259524314056
18.8	1.495483849528271
18.85	1.4966365702013964
18.9	1.4977841508751395
18.95	1.4989266276644886
19.	1.5000640363776925
19.05	1.5011964125188704
19.1	1.5023237912906038
19.15	1.503446207596507
19.2	1.5045636960437776
19.25	1.5056762909457344
19.3	1.5067840263243368
19.35	1.5078869359126852
19.4	1.5089850531575024
19.45	1.510078411221596
19.5	1.5111670429863044
19.55	1.5122509810539322
19.6	1.5133302577501555
19.65	1.5144049051264161
19.7	1.5154749549622977
19.75	1.5165404387678867
19.8	1.5176013877861108
19.85	1.5186578329950609
19.9	1.5197098051103048
19.95	1.520757334587175
20.	1.5218004516230352
20.05	1.5228391861595392
20.1	1.5238735678848687
20.15	1.5249036262359532
20.2	1.52592939040067
20.25	1.5269508893200319
20.3	1.527968151690356
20.35	1.5289812059654222
20.4	1.5299900803586073
20.45	1.5309948028449984
20.5	1.5319954011635277
20.55	1.532991902818812
20.6	1.5339843350834095
20.65	1.5349727250003418
20.7	1.535957099384662
20.75	1.5369374848252908
20.8	1.5379139076872654
20.85	1.5388863941137179
20.9	1.5398549700278508
20.95	1.540819661134853
21.	1.5417804929238441
21.05	1.5427374906698208
21.1	1.5436906794355627
21.15	1.5446400840735286
21.2	1.5455857292277349
21.25	1.5465276393356193
21.3	1.5474658386298756
21.35	1.5484003511402649
21.4	1.5493312006958364
21.45	1.5502584109264008
21.5	1.5511820052635366
21.55	1.552102006943093
21.6	1.5530184390073332
21.65	1.553931324306306
21.7	1.554840685499581
21.75	1.5557465450579577
21.8	1.5566489252651323
21.85	1.5575478482195393
21.9	1.5584433358359113
21.95	1.5593354098466479
22.	1.5602240918037118
22.05	1.5611094030803645
22.1	1.5619913648727495
22.15	1.5628699982015115
22.2	1.5637453239132584
22.25	1.5646173626821485
22.3	1.565486135011492
22.35	1.5663516612352895
22.4	1.5672139615197664
22.45	1.5680730558648954
22.5	1.568928964105901
22.55	1.569781705914753
22.6	1.5706313008016486
22.65	1.5714777681164795
22.7	1.5723211270502868
22.75	1.5731613966367015
22.8	1.5739985957533766
22.85	1.574832743123403
22.9	1.5756638573167145
22.95	1.5764919567514795
23.	1.5773170596954802
23.05	1.5781391842674835
23.1	1.5789583484385956
23.15	1.579774570033604
23.2	1.580587866732308
23.25	1.5813982560708597
23.3	1.582205755443077
23.35	1.5830103821016903
23.4	1.5838121531596314
23.45	1.5846110855913311
23.5	1.5854071962339795
23.55	1.5862005017887764
23.6	1.5869910188221674
23.65	1.5877787637670733
23.7	1.5885637529241097
23.75	1.5893460024627777
23.8	1.5901255284226576
23.85	1.5909023467146253
23.9	1.5916764731220232
23.95	1.5924479233018078
24.	1.5932167127857022
24.05	1.5939828569813415
24.1	1.5947463711734027
24.15	1.5955072705247282
24.2	1.596265570077436
24.25	1.597021284754015
24.3	1.5977744293584175
24.35	1.5985250185771418
24.4	1.5992730669803004
24.45	1.600018589022682
24.5	1.600761599044809
24.55	1.6015021112739765
24.6	1.6022401398252792
24.65	1.60297569870264
24.7	1.6037088017998251
24.75	1.604439462901444
24.8	1.6051676956839438
24.85	1.6058935137165955
24.9	1.6066169304624691
24.95	1.6073379592794022
25.	1.6080566134209562
25.05	1.6087729060373681
25.1	1.6094868501764892
25.15	1.6101984587847176
25.2	1.6109077447079212
25.25	1.6116147206923521
25.3	1.612319399385554
25.35	1.6130217933372577
25.4	1.61372191500027
25.45	1.6144197767313557
25.5	1.6151153907921094
25.55	1.615808769349819
25.6	1.616499924478326
25.65	1.6171888681588715
25.7	1.6178756122809355
25.75	1.6185601686430688
25.8	1.6192425489537212
25.85	1.6199227648320553
25.9	1.620600827808758
25.95	1.6212767493268376
26.	1.62195054074242
26.05	1.6226222133255388
26.1	1.6232917782609164
26.15	1.6239592466487294
26.2	1.6246246295053575
26.25	1.6252879377642686
26.3	1.625949182276675
26.35	1.6266083738120385
26.4	1.6272655230590438
26.45	1.6279206406264222
26.5	1.6285737370435474
26.55	1.6292248227611676
26.6	1.629873908152113
26.65	1.6305210035119948
26.7	1.6311661190599063
26.75	1.631809264939115
26.8	1.6324504512177351
26.85	1.6330896878894028
26.9	1.6337269848739493
26.95	1.6343623520180621
27.	1.6349957990959416
27.05	1.635627335809952
27.1	1.6362569717912652
27.15	1.6368847166004985
27.2	1.6375105797283465
27.25	1.6381345705962065
27.3	1.6387566985567985
27.35	1.6393769728947796
27.4	1.6399954028273516
27.45	1.6406119975048632
27.5	1.6412267660114064
27.55	1.641839717365407
27.6	1.6424508605202106
27.65	1.643060204364661
27.7	1.643667757723675
27.75	1.6442735293588109
27.8	1.6448775279688304
27.85	1.6454797621902573
27.9	1.6460802405979298
27.95	1.6466789717055474
28.	1.6472759639662118
28.05	1.6478712257729637
28.1	1.648464765459317
28.15	1.6490565912997819
28.2	1.649646711510388
28.25	1.6502351342492005
28.3	1.6508218676168303
28.35	1.6514069196569416
28.4	1.6519902983567532
28.45	1.652572011647532
28.5	1.6531520674050912
28.55	1.653730473450276
28.6	1.654307237549445
28.65	1.654882367414948
28.7	1.6554558707056004
28.75	1.6560277550271512
28.8	1.6565980279327486
28.85	1.6571666969234145
28.9	1.6577337694483878
28.95	1.658299252905657
29.	1.6588631546426136
29.05	1.6594254819562893
29.1	1.6599862420937146
29.15	1.6605454422524595
29.2	1.6611030895810501
29.25	1.661659191179394
29.3	1.6622137540992041
29.35	1.662766785344414
29.4	1.6633182918715932
29.45	1.663868280590356
29.5	1.6644167583637672
29.55	1.6649637320087445
29.6	1.6655092082964555
29.65	1.6660531939527128
29.7	1.666595695658366
29.75	1.6671367200496738
29.8	1.667676273718683
29.85	1.6682143632136515
29.9	1.6687509950394237
29.95	1.6692861756577595
30.	1.6698199114877061
30.05	1.6703522089059775
30.1	1.6708830742473129
30.15	1.671412513804839
30.2	1.671940533830426
30.25	1.6724671405350282
30.3	1.6729923400890316
30.35	1.6735161386226052
30.4	1.6740385422260404
30.45	1.674559556950092
30.5	1.6750791888063115
30.55	1.6755974437673773
30.6	1.6761143277674233
30.65	1.6766298467023635
30.7	1.6771440064302146
30.75	1.6776568127714142
30.8	1.6781682715091386
30.85	1.6786783883896155
30.9	1.679187169122431
30.95	1.6796946193808342
31.	1.6802007448020444
31.05	1.6807055509875535
31.1	1.6812090435034248
31.15	1.6817112278805866
31.2	1.682212109615124
31.25	1.68271169416857
31.3	1.6832099869681918
31.35	1.6837069934072757
31.4	1.684202718845408
31.45	1.6846971686087548
31.5	1.6851903479903372
31.55	1.6856822622503045
31.6	1.6861729166162047
31.65	1.6866623162832548
31.7	1.6871504664146058
31.75	1.6876373721416058
31.8	1.6881230385640609
31.85	1.6886074707504937
31.9	1.6890906737383986
31.95	1.6895726525344978
32.	1.6900534121149793
32.05	1.6905329574257553
32.1	1.6910112933827302
32.15	1.6914884248720223
32.2	1.6919643567501965
32.25	1.6924390938445149
32.3	1.692912640953174
32.35	1.69338500284554
32.4	1.6938561842623787
32.45	1.6943261899160893
32.5	1.6947950244909298
32.55	1.695262692643245
32.6	1.6957291990016892
32.65	1.6961945481674485
32.7	1.6966587447144614
32.75	1.6971217931896354
32.8	1.6975836981130628
32.85	1.6980444639782355
32.9	1.6985040952522548
32.95	1.6989625963760426
33.	1.6994199717645484
33.05	1.6998762258069549
33.1	1.7003313628668824
33.15	1.700785387282591
33.2	1.7012383033671798
33.25	1.7016901154087833
33.3	1.7021408276707706
33.35	1.702590444391938
33.4	1.7030389697867028
33.45	1.7034864080452932
33.5	1.7039327633339378
33.55	1.7043780397950532
33.6	1.7048222415474292
33.65	1.7052653726864124
33.7	1.7057074372840886
33.75	1.7061484393894628
33.8	1.706588383028637
33.85	1.707027272204989
33.9	1.7074651108993462
33.95	1.7079019030701708
34.	1.7083376526537242
34.05	1.7087723635642122
34.1	1.7092060396939783
34.15	1.7096386849136804
34.2	1.7100703030724422
34.25	1.7105008979980223
34.3	1.7109304734969775
34.35	1.711359033354825
34.4	1.711786581336198
34.45	1.7122131211850051
34.5	1.7126386566245877
34.55	1.7130631913578767
34.6	1.7134867290675453
34.65	1.713909273416162
34.7	1.7143308280463427
34.75	1.714751396580899
34.8	1.7151709826229873
34.85	1.7155895897562563
34.9	1.7160072215449917
34.95	1.716423881534263
35.	1.7168395732500643
35.05	1.7172543001994562
35.1	1.717668065870708
35.15	1.7180808737334352
35.2	1.7184927272387394
35.25	1.7189036298193434
35.3	1.7193135848897272
35.35	1.7197225958462627
35.4	1.7201306660673452
35.45	1.720537798913528
35.5	1.720943997727649
35.55	1.7213492658349632
35.6	1.7217536065432701
35.65	1.7221570231430439
35.7	1.72255951890755
35.75	1.722961097092977
35.8	1.72336176093857
35.85	1.7237615136667435
35.9	1.7241603584831964
35.95	1.7245582985770396
36.	1.7249553371209143
36.05	1.7253514772711105
36.1	1.7257467221676857
36.15	1.7261410749345796
36.2	1.7265345386797288
36.25	1.7269271164951807
36.3	1.7273188114572084
36.35	1.7277096266264207
36.4	1.7280995650478739
36.45	1.728488629751182
36.5	1.7288768237506262
36.55	1.7292641500452635
36.6	1.729650611619032
36.65	1.7300362114408598
36.7	1.7304209524647682
36.75	1.7308048376299774
36.8	1.731187869861009
36.85	1.7315700520677897
36.9	1.731951387145752
36.95	1.7323318779759354
37.	1.732711527425086
37.05	1.733090338345756
37.1	1.733468313576402
37.15	1.7338454559414813
37.2	1.7342217682515488
37.25	1.7345972533033533
37.3	1.734971913879931
37.35	1.7353457527507012
37.4	1.7357187726715584
37.45	1.7360909763849641
37.5	1.7364623666200383
37.55	1.7368329460926513
37.6	1.7372027175055123
37.65	1.7375716835482597
37.7	1.7379398468975489
37.75	1.7383072102171406
37.8	1.738673776157987
37.85	1.739039547358318
37.9	1.739404526443727
37.95	1.7397687160272548
38.	1.7401321187094734
38.05	1.7404947370785708
38.1	1.740856573710433
38.15	1.7412176311687242
38.2	1.74157791200497
38.25	1.741937418758636
38.3	1.742296153957212
38.35	1.7426541201162873
38.4	1.7430113197396222
38.45	1.743367755319231
38.5	1.743723429335466
38.55	1.7440783442570884
38.6	1.7444325025413445
38.65	1.7447859066340412
38.7	1.745138558969621
38.75	1.7454904619712368
38.8	1.7458416180508216
38.85	1.7461920296091613
38.9	1.7465416990359677
38.95	1.7468906287099513
39.	1.7472388209988887
39.05	1.7475862782597382
39.1	1.74793300283837
39.15	1.7482789970698889
39.2	1.7486242632793423
39.25	1.7489688037811497
39.3	1.7493126208789143
39.35	1.7496557168658304
39.4	1.7499980940247055
39.45	1.7503397546280273
39.5	1.7506807009380274
39.55	1.75102093520675
39.6	1.7513604596761148
39.65	1.7516992765779764
39.7	1.752037388134189
39.75	1.7523747965566703
39.8	1.752711504047456
39.85	1.7530475127988103
39.9	1.753382824993295
39.95	1.7537174428037279
40.	1.7540513683932595
40.05	1.754384603915434
40.1	1.7547171515142366
40.15	1.7550490133242451
40.2	1.7553801914706835
40.25	1.7557106880694302
40.3	1.756040505227082
40.35	1.756369645041011
40.4	1.7566981095994207
40.45	1.757025900981402
40.5	1.7573530212569883
40.55	1.757679472487211
40.6	1.7580052567241526
40.65	1.758330376011003
40.7	1.7586548323821107
40.75	1.7589786278630375
40.8	1.7593017644706115
40.85	1.7596242442129784
40.9	1.759946069089654
40.95	1.7602672410915758
41.	1.7605877622011536
41.05	1.7609076343923211
41.1	1.7612268596305853
41.15	1.7615454398730774
41.2	1.7618633770686012
41.25	1.7621806731576835
41.3	1.7624973300726219
41.35	1.762813349737534
41.4	1.7631287340684052
41.45	1.763443484973136
41.5	1.7637576043515888
41.55	1.7640710940956361
41.6	1.764383956089206
41.65	1.7646961922083295
41.7	1.765007804321185
41.75	1.7653187942881443
41.8	1.765629163961818
41.85	1.765938915187099
41.9	1.766248049801209
41.95	1.7665565696337424
42.	1.7668644765067092
42.05	1.7671717722345777
42.1	1.7674784586243195
42.15	1.7677845374754526
42.2	1.768090010580081
42.25	1.7683948797229385
42.3	1.76869914668143
42.35	1.769002813225673
42.4	1.7693058811185403
42.45	1.7696083521156991
42.5	1.7699102279656516
42.55	1.7702115104097762
42.6	1.7705122011823677
42.65	1.7708123020106752
42.7	1.7711118146149438
42.75	1.771410740708452
42.8	1.771709081997551
42.85	1.7720068401817033
42.9	1.7723040169535207
42.95	1.7726006139988015
43.	1.7728966329965703
43.05	1.7731920756191133
43.1	1.7734869435320169
43.15	1.773781238394203
43.2	1.7740749618579676
43.25	1.7743681155690145
43.3	1.7746607011664932
43.35	1.7749527202830344
43.4	1.775244174544785
43.45	1.7755350655714435
43.5	1.7758253949762959
43.55	1.7761151643662492
43.6	1.7764043753418657
43.65	1.7766930294973982
43.7	1.7769811284208228
43.75	1.7772686736938745
43.8	1.7775556668920787
43.85	1.7778421095847856
43.9	1.7781280033352034
43.95	1.7784133497004304
44.	1.7786981502314876
44.05	1.778982406473352
44.1	1.779266119964987
44.15	1.7795492922393763
44.2	1.7798319248235532
44.25	1.780114019238634
44.3	1.7803955769998479
44.35	1.780676599616568
44.4	1.780957088592344
44.45	1.7812370454249313
44.5	1.7815164716063214
44.55	1.7817953686227712
44.6	1.7820737379548341
44.65	1.782351581077389
44.7	1.78262889945967
44.75	1.782905694565296
44.8	1.7831819678522989
44.85	1.783457720773154
44.9	1.7837329547748062
44.95	1.7840076712987023
45.	1.7842818717808169
45.05	1.7845555576516765
45.1	1.784828730336386
45.15	1.7851013912546665
45.2	1.7853735418208834
45.25	1.7856451834440656
45.3	1.78591631752794
45.35	1.7861869454709591
45.4	1.7864570686663188
45.45	1.786726688501984
45.5	1.7869958063607208
45.55	1.787264423620122
45.6	1.7875325416526333
45.65	1.7878001618255785
45.7	1.7880672855011857
45.75	1.788333914036612
45.8	1.7886000487839706
45.85	1.7888656910903549
45.9	1.789130842297863
45.95	1.7893955037436236
46.	1.7896596767598205
46.05	1.7899233626737168
46.1	1.790186562807679
46.15	1.7904492784792023
46.2	1.7907115110009335
46.25	1.7909732616806961
46.3	1.7912345318215097
46.35	1.7914953227216157
46.4	1.7917556356745135
46.45	1.7920154719689487
46.5	1.7922748328889524
46.55	1.7925337197139204
46.6	1.7927921337185846
46.65	1.793050076173014
46.7	1.793307548342664
46.75	1.7935645514883973
46.8	1.7938210868665057
46.85	1.7940771557287307
46.9	1.7943327593222875
46.95	1.7945878988898853
47.	1.7948425756697497
47.05	1.795096790895644
47.1	1.7953505457968904
47.15	1.7956038415983917
47.2	1.7958566795206523
47.25	1.7961090607797987
47.3	1.7963609865876016
47.35	1.7966124581514946
47.4	1.7968634766745968
47.45	1.797114043355732
47.5	1.7973641593894498
47.55	1.797613825966045
47.6	1.7978630442715784
47.65	1.7981118154878963
47.7	1.7983601407926508
47.75	1.798608021359319
47.8	1.7988554583572225
47.85	1.7991024529515478
47.9	1.7993490063033646
47.95	1.7995951195696454
48.	1.7998407939032846
48.05	1.8000860304531172
48.1	1.8003308303639387
48.15	1.8005751947765225
48.2	1.8008191248276393
48.25	1.8010626216500751
48.3	1.8013056863726506
48.35	1.8015483201202382
48.4	1.8017905240137815
48.45	1.8020322991703122
48.5	1.8022736467029685
48.55	1.802514567721013
48.6	1.8027550633298512
48.65	1.8029951346310462
48.7	1.8032347827223465
48.75	1.8034740086977048
48.8	1.8037128136472698
48.85	1.8039511986574037
48.9	1.804189164810725
48.95	1.8044267131861227
49.	1.8046638448587646
49.05	1.804900560900116
49.1	1.805136862377956
49.15	1.805372750356394
49.2	1.8056082258958865
49.25	1.805843290053253
49.3	1.8060779438816934
49.35	1.806312188430803
49.4	1.806546024746589
49.45	1.806779453871487
49.5	1.8070124768443765
49.55	1.8072450947005962
49.6	1.8074773084719618
49.65	1.8077091191867785
49.7	1.8079405278698593
49.75	1.8081715355425392
49.8	1.8084021432226904
49.85	1.8086323519247385
49.9	1.808862162659678
49.95	1.8090915764336666
50.	1.8093205942710442
50.05	1.8095492169606995
50.1	1.8097774458684306
50.15	1.8100052818034058
50.2	1.8102327261036741
50.25	1.8104597789660344
50.3	1.8106864419100817
50.35	1.8109127159237524
50.4	1.8111386018936702
50.45	1.8113641008133294
50.5	1.8115892136207972
50.55	1.8118139412946448
50.6	1.812038284809282
50.65	1.812262245095337
50.7	1.812485823106076
50.75	1.8127090197985052
50.8	1.8129318361314664
50.85	1.8131542731104704
50.9	1.813376331630239
50.95	1.8135980126355928
51.	1.8138193170909886
51.05	1.8140402458926543
51.1	1.814260799997918
51.15	1.814480980397602
51.2	1.8147007889818336
51.25	1.8149202245138834
51.3	1.8151392891543958
51.35	1.8153579838777034
51.4	1.8155763094105186
51.45	1.8157942666466913
51.5	1.8160118564039172
51.55	1.8162290797111296
51.6	1.8164459374563178
51.65	1.8166624305771404
51.7	1.81687856003052
51.75	1.817094326693862
51.8	1.81730973135407
51.85	1.8175247749155221
51.9	1.8177394583014315
51.95	1.8179537824087446
52.	1.8181677481033374
52.05	1.8183813563504332
52.1	1.818594607953684
52.15	1.8188075037261098
52.2	1.8190200445468019
52.25	1.81923223148264
52.3	1.819444064805617
52.35	1.8196555458307746
52.4	1.819866676024275
52.45	1.8200774550416183
52.5	1.8202878839494578
52.55	1.8204979640585306
52.6	1.8207076962477808
52.65	1.8209170811359412
52.7	1.8211261196197237
52.75	1.8213348128167837
52.8	1.8215431614239916
52.85	1.8217511659567238
52.9	1.8219588273485907
52.95	1.8221661465069372
53.	1.8223731242374717
53.05	1.8225797614774177
53.1	1.8227860591656033
53.15	1.8229920180045944
53.2	1.8231976385166386
53.25	1.823402922910695
53.3	1.8236078706710979
53.35	1.823812480560587
53.4	1.8240167565439407
53.45	1.8242207005408464
53.5	1.8244243093872818
53.55	1.8246275849996447
53.6	1.8248305287993756
53.65	1.8250331420226285
53.7	1.8252354252192402
53.75	1.8254373790278067
53.8	1.82563900406154
53.85	1.8258403009923978
53.9	1.826041270836316
53.95	1.8262419145199467
54.	1.826442232761073
54.05	1.8266422263690698
54.1	1.8268418964195516
54.15	1.8270412438678547
54.2	1.8272402691580927
54.25	1.8274389729063771
54.3	1.827637355836545
54.35	1.8278354188039005
54.4	1.8280331625065356
54.45	1.8282305871834952
54.5	1.8284276935551136
54.55	1.8286244828239406
54.6	1.828820955373035
54.65	1.829017111909338
54.7	1.829212953728962
54.75	1.8294084817721787
54.8	1.8296036964920463
54.85	1.829798598843211
54.9	1.8299931896278931
54.95	1.8301874692601976
55.	1.8303814382550696
55.05	1.8305750974606112
55.1	1.8307684476312023
55.15	1.8309614894365087
55.2	1.8311542236702656
55.25	1.831346649823221
55.3	1.8315387702932715
55.35	1.8317305859608903
55.4	1.8319220967338228
55.45	1.8321133039080344
55.5	1.8323042061023394
55.55	1.8324948061970987
55.6	1.8326851074799757
55.65	1.8328751063167221
55.7	1.8330648028105792
55.75	1.8332541995632452
55.8	1.8334432976483226
55.85	1.8336320975626996
55.9	1.8338205996679493
55.95	1.8340088044652134
56.	1.8341967124511407
56.05	1.8343843242504767
56.1	1.8345716409693975
56.15	1.83475866379279
56.2	1.8349453931505337
56.25	1.835131829485758
56.3	1.8353179742694383
56.35	1.8355038249141622
56.4	1.835689385737817
56.45	1.8358746588810244
56.5	1.8360596438642487
56.55	1.8362443393815608
56.6	1.8364287456348471
56.65	1.8366128641845259
56.7	1.8367966953508346
56.75	1.8369802401236224
56.8	1.8371634988771595
56.85	1.837346471551636
56.9	1.837529159507162
56.95	1.8377115642367352
57.	1.8378936860673856
57.05	1.838075525233608
57.1	1.8382570822619497
57.15	1.838438358032116
57.2	1.838619353639403
57.25	1.8388000698532154
57.3	1.8389805065274571
57.35	1.839160664083924
57.4	1.8393405435372685
57.45	1.839520145714513
57.5	1.8396994711369454
57.55	1.8398785203555983
57.6	1.8400572940827642
57.65	1.8402357927065938
57.7	1.8404140166388918
57.75	1.840591967178324
57.8	1.8407696449999704
57.85	1.8409470498910956
57.9	1.8411241827607108
57.95	1.8413010444142006
58.	1.8414776353455724
58.05	1.8416539566480885
58.1	1.8418300084807246
58.15	1.8420057913887855
58.2	1.842181306556526
58.25	1.8423565545342955
58.3	1.8425315354271588
58.35	1.8427062498370916
58.4	1.842880698632897
58.45	1.8430548824334598
58.5	1.8432288010084612
58.55	1.8434024549608448
58.6	1.8435758453245494
58.65	1.8437489658018245
58.7	1.8439218307009755
58.75	1.8440944348597905
58.8	1.8442667774417536
58.85	1.8444388584711735
58.9	1.8446106790601933
58.95	1.8447822433796126
59.	1.8449535516242597
59.05	1.845124597665363
59.1	1.8452953845184634
59.15	1.8454659144681158
59.2	1.845636188446631
59.25	1.8458062066968388
59.3	1.8459759691681148
59.35	1.8461454762747647
59.4	1.8463147287169455
59.45	1.8464837269381875
59.5	1.8466524719983686
59.55	1.8468209647987797
59.6	1.8469892055859236
59.65	1.8471571945060556
59.7	1.8473249323502972
59.75	1.84749242060064
59.8	1.847659659870406
59.85	1.8478266501449858
59.9	1.8479933918646216
59.95	1.8481598855877213
60.	1.8483261320435254
60.05	1.8484921312794929
60.1	1.8486578832278835
60.15	1.8488233882670877
60.2	1.8489886478781685
60.25	1.8491536622748737
60.3	1.8493184310074309
60.35	1.8494829551896768
60.4	1.8496472367160899
60.45	1.849811275811207
60.5	1.8499750725229251
60.55	1.8501386271259241
60.6	1.850301940207667
60.65	1.8504650128021463
60.7	1.8506278459856653
60.75	1.850790439784191
60.8	1.850952793473466
60.85	1.8511149070207522
60.9	1.851276781406407
60.95	1.8514384199185525
61.	1.8515998217796774
61.05	1.8517609848020744
61.1	1.8519219122301291
61.15	1.8520826046866854
61.2	1.8522430601272322
61.25	1.8524032801809511
61.3	1.85256326928469
61.35	1.852723024815944
61.4	1.8528825452867301
61.45	1.8530418325462563
61.5	1.8532008878215023
61.55	1.853359711178959
61.6	1.8535183033269957
61.65	1.853676664929635
61.7	1.8538347967628623
61.75	1.8539926989272117
61.8	1.8541503714214587
61.85	1.8543078150644856
61.9	1.8544650307456816
61.95	1.8546220192644436
62.	1.8547787813872474
62.05	1.8549353166437523
62.1	1.8550916247326337
62.15	1.8552477066899358
62.2	1.8554035564646665
62.25	1.8555591809193213
62.3	1.855714588277148
62.35	1.8558697707400318
62.4	1.8560247299169021
62.45	1.8561794667293279
62.5	1.8563339806687043
62.55	1.856488272431538
62.6	1.8566423427126009
62.65	1.8567961919588107
62.7	1.8569498201606078
62.75	1.8571032279943092
62.8	1.857256416988962
62.85	1.857409387298992
62.9	1.8575621384100458
62.95	1.8577146703629088
63.	1.8578669838041684
63.05	1.8580190796878562
63.1	1.8581709589985986
63.15	1.85832262228991
63.2	1.8584740695395634
63.25	1.8586253005545283
63.3	1.8587763158739115
63.35	1.8589271160066276
63.4	1.85907770198514
63.45	1.8592280750230943
63.5	1.8593782338441516
63.55	1.8595281779371846
63.6	1.8596779111679496
63.65	1.859827436776738
63.7	1.8599767477784244
63.75	1.8601258444082105
63.8	1.8602747302878455
63.85	1.8604234071532002
63.9	1.8605718745056554
63.95	1.8607201318432407
64.	1.8608681797213835
64.05	1.8610160188674532
64.1	1.8611636500262616
64.15	1.8613110729127493
64.2	1.8614582885735127
64.25	1.8616052974818658
64.3	1.8617520999382902
64.35	1.8618986970536286
64.4	1.8620450897254248
64.45	1.8621912787487513
64.5	1.862337263011071
64.55	1.8624830413275488
64.6	1.8626286145592172
64.65	1.8627739843071773
64.7	1.8629191517936374
64.75	1.863064117317553
64.8	1.8632088806477425
64.85	1.8633534416863653
64.9	1.8634978000660642
64.95	1.8636419555407073
65.	1.8637859100983079
65.05	1.8639296683662703
65.1	1.8640732265117161
65.15	1.8642165844898235
65.2	1.864359742849344
65.25	1.8645027026610186
65.3	1.8646454642081194
65.35	1.8647880277075326
65.4	1.864930393750739
65.45	1.8650725629352185
65.5	1.8652145356480192
65.55	1.8653563118687773
65.6	1.8654978919604646
65.65	1.8656392768837098
65.7	1.8657804673231455
65.75	1.8659214632807903
65.8	1.866062264835558
65.85	1.8662028722450483
65.9	1.8663432853851107
65.95	1.8664835048152182
66.	1.8666235315976718
66.05	1.8667633666603065
66.1	1.8669030098433395
66.15	1.8670424616537447
66.2	1.8671817227320544
66.25	1.8673207933541265
66.3	1.8674596735789164
66.35	1.8675983639561702
66.4	1.8677368646478372
66.45	1.8678751764262818
66.5	1.8680132993642513
66.55	1.868151233502515
66.6	1.868288979769568
66.65	1.8684265407559875
66.7	1.8685639121430453
66.75	1.8687010949261031
66.8	1.868838091382592
66.85	1.8689749023054363
66.9	1.8691115285799849
66.95	1.8692479704612972
67.	1.8693842275692483
67.05	1.869520299496112
67.1	1.8696561798256355
67.15	1.8697918704495007
67.2	1.869927387548902
67.25	1.8700627213260854
67.3	1.870197872560711
67.35	1.8703328418361584
67.4	1.8704676293753226
67.45	1.8706022350437088
67.5	1.8707366591097925
67.55	1.8708709021982082
67.6	1.871004964343748
67.65	1.8711388438403995
67.7	1.8712725436906235
67.75	1.8714060672673725
67.8	1.8715394115211936
67.85	1.8716725746949328
67.9	1.8718055584083333
67.95	1.8719383638999492
68.	1.8720709914875746
68.05	1.8722034416881135
68.1	1.8723357155164275
68.15	1.8724678132439017
68.2	1.872599734198078
68.25	1.8727314782191584
68.3	1.872863045875329
68.35	1.8729944387526023
68.4	1.8731256574548203
68.45	1.873256701732781
68.5	1.873387570515609
68.55	1.873518264219223
68.6	1.8736487836095053
68.65	1.8737791302236027
68.7	1.8739093043283317
68.75	1.8740393057921605
68.8	1.874169134596932
68.85	1.8742987911556348
68.9	1.874428276332254
68.95	1.874557590711559
69.	1.8746867342593387
69.05	1.8748157065285962
69.1	1.8749445081975038
69.15	1.8750731404490784
69.2	1.8752016028457024
69.25	1.8753298949810915
69.3	1.8754580171513375
69.35	1.875585970941156
69.4	1.87571375689861
69.45	1.87584137237277
69.5	1.8759688211371457
69.55	1.8760961055831484
69.6	1.8762232250450777
69.65	1.876350172380456
69.7	1.8764769518515951
69.75	1.8766035650022597
69.8	1.8767300129467859
69.85	1.876856296070313
69.9	1.8769824135263256
69.95	1.8771083663422148
70.	1.8772341554041758
70.05	1.8773597773933677
70.1	1.8774852338851977
70.15	1.8776105296053405
70.2	1.8777356655509696
70.25	1.877860636068372
70.3	1.877985441947243
70.35	1.878110085439149
70.4	1.8782345672798293
70.45	1.8783588882326119
70.5	1.8784830485588486
70.55	1.8786070481874892
70.6	1.8787308869314627
70.65	1.878854565276241
70.7	1.8789780833657914
70.75	1.879101441864148
70.8	1.8792246412191864
70.85	1.8793476813717118
70.9	1.8794705617274383
70.95	1.8795932832008484
71.	1.879715846683835
71.05	1.8798382521959722
71.1	1.8799604985585425
71.15	1.8800825857820795
71.2	1.8802045143834403
71.25	1.8803262851878375
71.3	1.880447899475093
71.35	1.8805693595479323
71.4	1.8806906648617159
71.45	1.880811813927587
71.5	1.8809328069538942
71.55	1.8810536450874316
71.6	1.8811743288944869
71.65	1.8812948586155755
71.7	1.8814152340350436
71.75	1.8815354529644615
71.8	1.881655516677806
71.85	1.8817754301996374
71.9	1.8818951948325768
71.95	1.882014804501679
72.	1.8821342592096444
72.05	1.8822535612846616
72.1	1.8823727110033892
72.15	1.882491708624443
72.2	1.882610554850831
72.25	1.8827292504425064
72.3	1.8828477957553371
72.35	1.8829661901619899
72.4	1.8830844333639902
72.45	1.8832025257979366
72.5	1.883320468458623
72.55	1.8834382620968606
72.6	1.8835559071751236
72.65	1.8836734035931622
72.7	1.8837907509012197
72.75	1.883907949428239
72.8	1.8840250002573637
72.85	1.8841419037105263
72.9	1.884258659279412
72.95	1.8843752672134868
73.	1.8844917278469917
73.05	1.884608041499034
73.1	1.8847242095852497
73.15	1.8848402322797086
73.2	1.884956109138511
73.25	1.8850718396606947
73.3	1.8851874253040501
73.35	1.8853028602882491
73.4	1.8854181434567492
73.45	1.8855332941966512
73.5	1.8856483038392795
73.55	1.885763166865514
73.6	1.8858778848066367
73.65	1.8859924610185836
73.7	1.886106894730425
73.75	1.8862211857906166
73.8	1.8863353340194444
73.85	1.8864493396856261
73.9	1.886563203229013
73.95	1.8866769247137625
74.	1.8867905043545616
74.05	1.886903942013893
74.1	1.8870172378572494
74.15	1.887130389203601
74.2	1.88724339931558
74.25	1.887356271487846
74.3	1.8874690042486781
74.35	1.8875815961145335
74.4	1.8876940482232278
74.45	1.8878063621097656
74.5	1.8879185377804326
74.55	1.8880305748349715
74.6	1.8881424728136635
74.65	1.8882542317925148
74.7	1.888365852612473
74.75	1.888477335630398
74.8	1.8885886811504078
74.85	1.8886998892374507
74.9	1.8888109602016714
74.95	1.8889218940174761
75.	1.8890326913331472
75.05	1.8891433527297585
75.1	1.8892538780242158
75.15	1.8893642675713918
75.2	1.8894745216497364
75.25	1.8895846400315017
75.3	1.8896946224561484
75.35	1.8898044697323437
75.4	1.889914182017054
75.45	1.8900237601935668
75.5	1.8901332043860568
75.55	1.890242515973081
75.6	1.8903516952643897
75.65	1.890460740751883
75.7	1.8905696523975164
75.75	1.8906784306200164
75.8	1.8907870762632086
75.85	1.8908955896952755
75.9	1.8910039712083366
75.95	1.8911122209628797
76.	1.8912203394188998
76.05	1.891328326347999
76.1	1.8914361809105527
76.15	1.891543902990666
76.2	1.891651493417403
76.25	1.891758953286215
76.3	1.891866283488431
76.35	1.8919734836560518
76.4	1.8920805536109757
76.45	1.8921874933235114
76.5	1.8922943055342232
76.55	1.8924009877348258
76.6	1.8925075369690427
76.65	1.8926139583658201
76.7	1.892720259154539
76.75	1.8928264354739759
76.8	1.892932475853975
76.85	1.8930383841519687
76.9	1.893144164419021
76.95	1.8932498189259013
77.	1.8933553471890034
77.05	1.8934607490376223
77.1	1.8935660241790386
77.15	1.893671172601636
77.2	1.893776194496727
77.25	1.8938810905333265
77.3	1.8939858607175135
77.35	1.894090505198021
77.4	1.8941950230757671
77.45	1.8942994137615952
77.5	1.8944036815713887
77.55	1.894507829557988
77.6	1.8946118531210885
77.65	1.894715750333841
77.7	1.8948195223051552
77.75	1.8949231710046566
77.8	1.8950266956222204
77.85	1.8951300960719641
77.9	1.895233373868378
77.95	1.8953365298425338
78.	1.8954395641350004
78.05	1.8955424770739675
78.1	1.895645267499859
78.15	1.8957479347521922
78.2	1.8958504785093895
78.25	1.8959529007292506
78.3	1.8960552021099475
78.35	1.8961573826144384
78.4	1.896259441433059
78.45	1.8963613781437523
78.5	1.8964631946617665
78.55	1.896564891835145
78.6	1.8966664693401243
78.65	1.8967679237817845
78.7	1.8968692563845995
78.75	1.8969704713605626
78.8	1.897071569670956
78.85	1.8971725481587083
78.9	1.8972734066834938
78.95	1.8973741481847348
79.	1.8974747723180903
79.05	1.8975752781633641
79.1	1.8976756647797184
79.15	1.8977759327129013
79.2	1.89787608220139
79.25	1.8979761139477103
79.3	1.8980760280837818
79.35	1.8981758249725351
79.4	1.8982755052410263
79.45	1.8983750692221544
79.5	1.8984745161502452
79.55	1.8985738454365977
79.6	1.89867305875917
79.65	1.898772157708176
79.7	1.8988711412088153
79.75	1.898970008838217
79.8	1.8990687608836232
79.85	1.899167396684592
79.9	1.8992659169103212
79.95	1.8993643227947503
80.	1.89946261292461
80.05	1.8995607890551471
80.1	1.8996588522447992
80.15	1.899756801455094
80.2	1.8998546375467913
80.25	1.8999523606991253
80.3	1.9000499704220135
80.35	1.900147466537846
80.4	1.90024484932919
80.45	1.9003421197954293
80.5	1.9004392785160793
80.55	1.9005363248441411
80.6	1.9006332595822335
80.65	1.9007300835703096
80.7	1.900826795572867
80.75	1.900923395333311
80.8	1.901019882838001
80.85	1.901116258913585
80.9	1.9012125157268982
80.95	1.901308658406823
81.	1.9014047003500163
81.05	1.90150063285813
81.1	1.9015964547440565
81.15	1.9016921665778033
81.2	1.9017877703983859
81.25	1.9018832647034665
81.3	1.901978646125848
81.35	1.9020739174420191
81.4	1.9021690801625846
81.45	1.9022641346246454
81.5	1.9023590812825732
81.55	1.9024539201384192
81.6	1.9025486508887857
81.65	1.9026432731555039
81.7	1.9027377861499406
81.75	1.9028321905853764
81.8	1.9029264865688476
81.85	1.9030206747443423
81.9	1.9031147554340426
81.95	1.903208728336223
82.	1.9033025937817447
82.05	1.9033963526842117
82.1	1.9034900057709867
82.15	1.903583554152168
82.2	1.903676997373148
82.25	1.903770334665731
82.3	1.9038635645805921
82.35	1.9039566881925403
82.4	1.9040497067125588
82.45	1.9041426199985965
82.5	1.9042354277735438
82.55	1.9043281298837935
82.6	1.9044207262259594
82.65	1.904513217724256
82.7	1.90460560489411
82.75	1.9046978883336212
82.8	1.9047900680946044
82.85	1.9048821435651615
82.9	1.9049741151767947
82.95	1.9050659830876546
83.	1.9051577468269434
83.05	1.9052494067636583
83.1	1.9053409636393812
83.15	1.9054324181707167
83.2	1.9055237699183452
83.25	1.9056150171834756
83.3	1.9057061643327564
83.35	1.9057972105809047
83.4	1.9058881535932732
83.45	1.905978994122666
83.5	1.9060697324269
83.55	1.906160368867301
83.6	1.9062509035711201
83.65	1.90634133794964
83.7	1.9064316732594533
83.75	1.9065219091792593
83.8	1.906612044718233
83.85	1.9067020790061824
83.9	1.9067920109295133
83.95	1.906881839776753
84.	1.9069715662162587
84.05	1.907061192054766
84.1	1.907150718400631
84.15	1.907240146118796
84.2	1.90732947520222
84.25	1.9074187054784204
84.3	1.9075078370583267
84.35	1.9075968690750114
84.4	1.9076858007263973
84.45	1.9077746320580078
84.5	1.9078633674231873
84.55	1.9079520073079241
84.6	1.908040551470855
84.65	1.9081289921486009
84.7	1.9082173352233776
84.75	1.9083055853630042
84.8	1.9083937450051536
84.85	1.9084817998595425
84.9	1.9085697484317752
84.95	1.9086576028097744
85.	1.9087453647290524
85.05	1.9088330293199096
85.1	1.9089205960386304
85.15	1.909008065880587
85.2	1.9090954396621012
85.25	1.9091827163867472
85.3	1.9092698967770678
85.35	1.9093569832632014
85.4	1.9094439748056724
85.45	1.9095308690100221
85.5	1.9096176669032126
85.55	1.9097043701385936
85.6	1.909790979139232
85.65	1.9098774930478153
85.7	1.909963911087296
85.75	1.910050233684212
85.8	1.9101364613884706
85.85	1.9102225948666998
85.9	1.910308634956047
85.95	1.9103945823004853
86.	1.9104804373463187
86.05	1.9105661999719463
86.1	1.9106518695636265
86.15	1.9107374454744948
86.2	1.910822927219697
86.25	1.910908315679835
86.3	1.9109936119147695
86.35	1.911078815336574
86.4	1.9111639256327089
86.45	1.9112489438435412
86.5	1.9113338708102325
86.55	1.9114187063280348
86.6	1.911503449674482
86.65	1.9115880996343924
86.7	1.9116726562706112
86.75	1.9117571201731112
86.8	1.9118414926936627
86.85	1.9119257753394803
86.9	1.912009967382
86.95	1.9120940675309088
87.	1.9121780761166236
87.05	1.9122619935097291
87.1	1.9123458207438495
87.15	1.9124295593330944
87.2	1.912513208649408
87.25	1.9125967677780276
87.3	1.912680235205368
87.35	1.9127636115597126
87.4	1.9128468978932647
87.45	1.9129300950025292
87.5	1.9130132030695988
87.55	1.9130962224587482
87.6	1.9131791526449915
87.65	1.9132619931187467
87.7	1.9133447445587657
87.75	1.9134274077623181
87.8	1.913509982881175
87.85	1.9135924694815438
87.9	1.9136748673180213
87.95	1.9137571768396175
88.	1.9138393984254034
88.05	1.9139215312789224
88.1	1.91400357568621
88.15	1.9140855323399983
88.2	1.9141674018150638
88.25	1.9142491842909566
88.3	1.9143308777443255
88.35	1.9144124837129073
88.4	1.9144940075617098
88.45	1.9145754431679978
88.5	1.9146567910776313
88.55	1.9147380532364848
88.6	1.9148192295875217
88.65	1.914900319584919
88.7	1.9149813219401237
88.75	1.9150622383994063
88.8	1.9151430716751516
88.85	1.9152238203439143
88.9	1.9153044826596655
88.95	1.9153850585476162
89.	1.9154655495291808
89.05	1.915545955425112
89.1	1.9156262751511444
89.15	1.9157065091919836
89.2	1.9157866585939682
89.25	1.915866723756007
89.3	1.9159467046457588
89.35	1.9160266013699614
89.4	1.9161064072066716
89.45	1.9161861245743321
89.5	1.9162657656765734
89.55	1.9163453254560172
89.6	1.9164248004331337
89.65	1.9165041920689565
89.7	1.9165835011984675
89.75	1.9166627281650719
89.8	1.9167418712625892
89.85	1.9168209321803538
89.9	1.9168999105401852
89.95	1.9169788052575585
90.	1.9170576173367626
90.05	1.9171363470663172
90.1	1.917214994584561
90.15	1.917293559931519
90.2	1.9173720431712569
90.25	1.9174504443306775
90.3	1.9175287634126599
90.35	1.9176070009052113
90.4	1.9176851559097843
90.45	1.9177632268811544
90.5	1.917841215346838
90.55	1.9179191245951126
90.6	1.917996954651686
90.65	1.918074703545221
90.7	1.9181523705652366
90.75	1.9182299563130736
90.8	1.9183074616840157
90.85	1.9183848872730234
90.9	1.918462232441255
90.95	1.9185394964277718
91.	1.9186166785849625
91.05	1.918693779113364
91.1	1.9187708013955576
91.15	1.9188477475261771
91.2	1.9189246144890388
91.25	1.919001400358535
91.3	1.9190781053122627
91.35	1.9191547308963375
91.4	1.919231277664708
91.45	1.9193077455209926
91.5	1.9193841345854994
91.55	1.9194604441074756
91.6	1.9195366728592784
91.65	1.9196128265979466
91.7	1.9196889019302195
91.75	1.9197648978974542
91.8	1.9198408154665818
91.85	1.9199166551110438
91.9	1.9199924169851383
91.95	1.9200681006377787
92.	1.9201437058796818
92.05	1.9202192335555408
92.1	1.920294684654615
92.15	1.9203700588969788
92.2	1.9204453559274721
92.25	1.9205205761244333
92.3	1.9205957192575134
92.35	1.9206707856355303
92.4	1.920745775742766
92.45	1.9208206885987167
92.5	1.9208955242566734
92.55	1.9209702830742845
92.6	1.9210449650931753
92.65	1.9211195708606799
92.7	1.9211941000939605
92.75	1.9212685488750318
92.8	1.9213429189089666
92.85	1.9214172150922961
92.9	1.9214914410318709
92.95	1.921565595252741
93.	1.9216396714695776
93.05	1.921713667821723
93.1	1.9217875878590038
93.15	1.921861432962143
93.2	1.9219352048695968
93.25	1.9220089037147146
93.3	1.9220825261682852
93.35	1.9221560697758835
93.4	1.9222295385979555
93.45	1.9223029370864404
93.5	1.9223762691114894
93.55	1.922449525491332
93.6	1.9225227042475532
93.65	1.9225958055901329
93.7	1.9226688314415803
93.75	1.9227417863583272
93.8	1.9228146689899512
93.85	1.9228874770328732
93.9	1.9229602105140184
93.95	1.923032870964706
94.	1.923105460125225
94.05	1.9231779779426068
94.1	1.923250421484782
94.15	1.9233227904135453
94.2	1.9233950870169148
94.25	1.9234673140485314
94.3	1.9235394697107495
94.35	1.9236115513977758
94.4	1.9236835595366182
94.45	1.923755495391549
94.5	1.9238273593071877
94.55	1.9238991509860193
94.6	1.9239708707838168
94.65	1.924042518808299
94.7	1.924114094420349
94.75	1.9241855977835156
94.8	1.9242570289897654
94.85	1.9243283878676258
94.9	1.9243996756534534
94.95	1.9244708924774916
95.	1.9245420374914564
95.05	1.9246131109707645
95.1	1.9246841139676925
95.15	1.9247550476473732
95.2	1.9248259123999243
95.25	1.9248967067554563
95.3	1.9249674261663445
95.35	1.9250380802657623
95.4	1.9251086655238974
95.45	1.9251791786025736
95.5	1.9252496213601895
95.55	1.9253199934799738
95.6	1.92539029475259
95.65	1.9254605257238564
95.7	1.925530687177652
95.75	1.9256007803593667
95.8	1.9256708054964546
95.85	1.925740761827338
95.9	1.9258106484588429
95.95	1.925880464631831
96.	1.9259502107137942
96.05	1.9260198870220488
96.1	1.9260894945463622
96.15	1.9261590339149013
96.2	1.9262285053595338
96.25	1.9262979085996585
96.3	1.9263672430721759
96.35	1.926436509405712
96.4	1.9265057069372686
96.45	1.9265748351852405
96.5	1.9266438943683621
96.55	1.9267128853971411
96.6	1.9267818085491915
96.65	1.92685066430787
96.7	1.926919452978636
96.75	1.9269881747328284
96.8	1.9270568294244246
96.85	1.9271254171820367
96.9	1.9271939380197916
96.95	1.9272623921882337
97.	1.9273307800080854
97.05	1.9273991011804856
97.1	1.9274673551500057
97.15	1.9275355420465161
97.2	1.9276036617989232
97.25	1.9276717142499349
97.3	1.9277396994372027
97.35	1.9278076174522512
97.4	1.9278754685194701
97.45	1.9279432530505298
97.5	1.9280109721973624
97.55	1.9280786241261438
97.6	1.9281462084188694
97.65	1.9282137284092857
97.7	1.9282811858222504
97.75	1.9283485800388132
97.8	1.928415908617736
97.85	1.9284831703802587
97.9	1.9285503670565451
97.95	1.9286174973331864
98.	1.9286845562441859
98.05	1.9287515488619265
98.1	1.9288184835086075
98.15	1.9288853547053766
98.2	1.928952160805077
98.25	1.9290189048065898
98.3	1.9290855847143065
98.35	1.929152199951772
98.4	1.929218751203689
98.45	1.9292852377621574
98.5	1.929351658870423
98.55	1.929418014992919
98.6	1.929484306445099
98.65	1.9295505335113294
98.7	1.9296166967401078
98.75	1.929682796061364
98.8	1.929748830841035
98.85	1.9298148018613401
98.9	1.9298807099057753
98.95	1.9299465549762755
99.	1.930012337361518
99.05	1.9300780571910305
99.1	1.9301437140295152
99.15	1.9302093077264006
99.2	1.9302748381339823
99.25	1.9303403044186143
99.3	1.930405706668334
99.35	1.9304710469842614
99.4	1.930536326307997
99.45	1.9306015436095714
99.5	1.930666697611798
99.55	1.9307317893273102
99.6	1.9307968202178198
99.65	1.9308617926209664
99.7	1.9309267039155853
99.75	1.9309915503484947
99.8	1.9310563310891165
99.85	1.93112104801991
99.9	1.9311857025666825
99.95	1.9312502968500131
100.	1.9313148322666625