0.	0.
0.05	0.008499596276106304
0.1	0.01699782235238642
0.15	0.025493344712405414
0.2	0.03398486915883174
0.25	0.042471139888796854
0.3	0.05095093862575057
0.35	0.0594230837689186
0.4	0.06788642956006877
0.45	0.07633986526722766
0.5	0.08478231438502307
0.55	0.0932127338513721
0.6	0.10163011328008012
0.65	0.11003347420976839
0.7	0.11842186936719903
0.75	0.12679438194503329
0.8	0.1351501248966068
0.85	0.1434882402445685
0.9	0.15180789840272876
0.95	0.1601082975125311
1.	0.1683886627931254
1.05	0.1766482459048902
1.1	0.18488632432612118
1.15	0.19310220074265286
1.2	0.20129520245015087
1.25	0.20946468076879465
1.3	0.21761001047016545
1.35	0.2257305892160564
1.4	0.23382583700898757
1.45	0.24189519565422662
1.5	0.2499381282330578
1.55	0.25795411858709255
1.6	0.2659426708132887
1.65	0.2739033087705515
1.7	0.28183557559524347
1.75	0.28973903322592204
1.8	0.2976132619412573
1.85	0.3054578599067425
1.9	0.3132724427297481
1.95	0.3210566430251761
2.	0.32881010998947613
2.05	0.33653250898388337
2.1	0.3442235211273445
2.15	0.351882842897472
2.2	0.35951018573931987
2.25	0.36710527568393403
2.3	0.37466785297559513
2.35	0.38219767170495333
2.4	0.389694499450674
2.45	0.39715811692979014
2.5	0.40458831765508413
2.55	0.4119849075999662
2.6	0.4193477048704614
2.65	0.42667653938442535
2.7	0.43397125255754393
2.75	0.4412316969972765
2.8	0.4484577362019045
2.85	0.4556492442649246
2.9	0.4628061055897379
2.95	0.46992821460953327
3.	0.4770154755108187
3.05	0.48406780196905935
3.1	0.491085116882978
3.15	0.4980673521096191
3.2	0.5050144482209156
3.25	0.5119263542613063
3.3	0.5188030275033993
3.35	0.5256444332137094
3.4	0.532450544423125
3.45	0.5392213417025377
3.5	0.5459568129434985
3.55	0.5526569531438414
3.6	0.5593217641981567
3.65	0.5659512546930012
3.7	0.5725454397067437
3.75	0.5791043406139821
3.8	0.5856279848944523
3.85	0.5921164059462775
3.9	0.5985696429035201
3.95	0.6049877404578929
4.	0.611370748684535
4.05	0.617718722871924
4.1	0.6240317233556865
4.15	0.6303098153562079
4.2	0.6365530688201126
4.25	0.642761558265445
4.3	0.6489353626304231
4.35	0.6550745651257466
4.4	0.6611792530903993
4.45	0.6672495178508556
4.5	0.6732854545836241
4.55	0.6792871621810549
4.6	0.6852547431203452
4.65	0.6911883033356518
4.7	0.6970879520934598
4.75	0.7029538018698689
4.8	0.7087859682314023
4.85	0.7145845697217547
4.9	0.7203497277485296
4.95	0.7260815664702355
5.	0.7317802126890881
5.05	0.7374457957469419
5.1	0.7430784474225395
5.15	0.7486783018311658
5.2	0.7542454953272704
5.25	0.7597801664095989
5.3	0.7652824556284461
5.35	0.7707525054953297
5.4	0.7761904603950084
5.45	0.7815964664996355
5.5	0.786970671684926
5.55	0.7923132254486311
5.6	0.7976242788311629
5.65	0.8029039843381589
5.7	0.8081524958651407
5.75	0.8133699686234253
5.8	0.8185565590690557
5.85	0.8237124248342952
5.9	0.8288377246585762
5.95	0.8339326183219704
6.	0.8389972665814952
6.05	0.844031831108417
6.1	0.8490364744273288
6.15	0.8540113598568607
6.2	0.8589566514519876
6.25	0.8638725139479078
6.3	0.868759112705455
6.35	0.8736166136578561
6.4	0.8784451832592303
6.45	0.883244988434664
6.5	0.8880161965311407
6.55	0.8927589752700065
6.6	0.8974734927010273
6.65	0.9021599171575819
6.7	0.9068184172131655
6.75	0.9114491616391498
6.8	0.9160523193636987
6.85	0.9206280594319456
6.9	0.9251765509674393
6.95	0.9296979631346095
7.	0.9341924651023149
7.05	0.9386602260085277
7.1	0.9431014149261367
7.15	0.9475162008298121
7.2	0.9519047525637025
7.25	0.9562672388101301
7.3	0.960603828059434
7.35	0.9649146885807416
7.4	0.9691999883935433
7.45	0.9734598952402788
7.5	0.9776945765599089
7.55	0.9819041994621472
7.6	0.9860889307025481
7.65	0.9902489366584847
7.7	0.9943843833059122
7.75	0.9984954361969824
7.8	1.0025822604383599
7.85	1.0066450206702673
7.9	1.0106838810462921
7.95	1.0146990052138996
8.	1.018690556295646
8.05	1.0226586968710618
8.1	1.026603588959197
8.15	1.03052539400185
8.2	1.0344242728471682
8.25	1.0383003857340767
8.3	1.0421538922777918
8.35	1.045984951455404
8.4	1.0497937215918334
8.45	1.0535803603466074
8.5	1.0573450247012808
8.55	1.0610878709472669
8.6	1.064809054673944
8.65	1.0685087307575385
8.7	1.0721870533505689
8.75	1.0758441758716801
8.8	1.0794802509961239
8.85	1.083095430646419
8.9	1.0866898659831246
8.95	1.0902637073965724
9.	1.0938171044990106
9.05	1.0973502061169411
9.1	1.1008631602842733
9.15	1.1043561142355602
9.2	1.107829214399415
9.25	1.1112826063924903
9.3	1.1147164350137186
9.35	1.118130844239965
9.4	1.1215259772203425
9.45	1.1249019762698191
9.5	1.1282589828666298
9.55	1.1315971376489393
9.6	1.1349165804102155
9.65	1.1382174500959699
9.7	1.1414998848006344
9.75	1.1447640217646817
9.8	1.1480099973720514
9.85	1.151237947147862
9.9	1.1544480057563615
9.95	1.157640306999113
10.	1.1608149838134942
10.05	1.163972168271398
10.1	1.1671119915780204
10.15	1.1702345840709727
10.2	1.1733400752196865
10.25	1.1764285936249692
10.3	1.1795002670187444
10.35	1.1825552222640123
10.4	1.1855935853550206
10.45	1.1886154814175014
10.5	1.1916210347093439
10.55	1.1946103686200669
10.6	1.1975836056726785
10.65	1.2005408675271916
10.7	1.2034822749792289
10.75	1.2064079479603216
10.8	1.2093180055407478
10.85	1.2122125659309773
10.9	1.2150917464834012
10.95	1.2179556636942137
11.	1.2208044332054948
11.05	1.2236381698073495
11.1	1.2264569874401436
11.15	1.2292609991968901
11.2	1.2320503173257409
11.25	1.2348250532325895
11.3	1.2375853174837812
11.35	1.2403312198089314
11.4	1.2430628691038328
11.45	1.2457803734334296
11.5	1.2484838400349216
11.55	1.2511733753209535
11.6	1.2538490848828518
11.65	1.2565110734940232
11.7	1.2591594451129526
11.75	1.261794302887039
11.8	1.2644157491569383
11.85	1.2670238854593365
11.9	1.2696188125304002
11.95	1.272200630309992
12.	1.2747694379453771
12.05	1.2773253337951476
12.1	1.2798684154329076
12.15	1.2823987796513876
12.2	1.2849165224669719
12.25	1.2874217391233345
12.3	1.2899145240953593
12.35	1.2923949710935554
12.4	1.2948631730682307
12.45	1.2973192222137142
12.5	1.2997632099726375
12.55	1.302195227040292
12.6	1.3046153633689634
12.65	1.3070237081722846
12.7	1.3094203499296453
12.75	1.3118053763906252
12.8	1.3141788745794416
12.85	1.3165409307994198
12.9	1.318891630637493
12.95	1.321231058968722
13.	1.3235592999608266
13.05	1.3258764370787415
13.1	1.3281825530891809
13.15	1.3304777300652049
13.2	1.3327620493908083
13.25	1.3350355917655268
13.3	1.3372984372090466
13.35	1.339550665065825
13.4	1.3417923540097083
13.45	1.3440235820485578
13.5	1.346244426528884
13.55	1.3484549641404844
13.6	1.3506552709210786
13.65	1.3528454222609452
13.7	1.3550254929075578
13.75	1.35719555697022
13.8	1.359355687924703
13.85	1.3615059586178815
13.9	1.363646441272348
13.95	1.3657772074910364
14.	1.367898328261841
14.05	1.3700098739622169
14.1	1.372111914363781
14.15	1.3742045186369056
14.2	1.376287755355298
14.25	1.3783616925005715
14.3	1.3804263974668063
14.35	1.382481937065097
14.4	1.3845283775280903
14.45	1.3865657845145172
14.5	1.3885942231136548
14.55	1.3906137578498574
14.6	1.3926244526871283
14.65	1.3946263710334958
14.7	1.3966195757454294
14.75	1.3986041291323235
14.8	1.4005800929609082
14.85	1.4025475284596443
14.9	1.4045064963231098
14.95	1.4064570567163697
15.	1.408399269279317
15.05	1.4103331931310008
15.1	1.4122588868739387
15.15	1.4141764085983888
15.2	1.4160858158866019
15.25	1.4179871658171777
15.3	1.4198805149692533
15.35	1.4217659194265408
15.4	1.4236434347816271
15.45	1.4255131161402022
15.5	1.4273750181251323
15.55	1.4292291948805844
15.6	1.4310757000761256
15.65	1.4329145869107995
15.7	1.4347459081170983
15.75	1.4365697159655488
15.8	1.4383860622683062
15.85	1.4401949983820823
15.9	1.4419965752131447
15.95	1.4437908432216675
16.	1.4455778524250877
16.05	1.4473576524020662
16.1	1.4491302922963027
16.15	1.4508958208203702
16.2	1.4526542862595986
16.25	1.4544057364758896
16.3	1.4561502189114406
16.35	1.4578877805924089
16.4	1.459618468132665
16.45	1.4613423277375264
16.5	1.4630594052073416
16.55	1.4647697459411035
16.6	1.4664733949400988
16.65	1.4681703968115263
16.7	1.4698607957720509
16.75	1.4715446356513444
16.8	1.4732219598955998
16.85	1.4748928115710025
16.9	1.476557233367189
16.95	1.4782152676006775
17.	1.4798669562182742
17.05	1.4815123408004611
17.1	1.483151462564762
17.15	1.4847843623690735
17.2	1.48641108071497
17.25	1.4880316577509831
17.3	1.4896461332758626
17.35	1.4912545467418081
17.4	1.4928569372576779
17.45	1.4944533435921696
17.5	1.496043804176971
17.55	1.497628357110104
17.6	1.4992070401573985
17.65	1.5007798907568028
17.7	1.502346946024518
17.75	1.5039082427549495
17.8	1.505463817422492
17.85	1.5070137061861475
17.9	1.5085579448922763
17.95	1.5100965690775365
18.	1.5116296139717966
18.05	1.5131571145010259
18.1	1.514679105290161
18.15	1.5161956206659382
18.2	1.5177066946596995
18.25	1.5192123610101882
18.3	1.520712653166319
18.35	1.5222076042899215
18.4	1.523697247258461
18.45	1.5251816146677346
18.5	1.526660738834551
18.55	1.5281346517993792
18.6	1.5296033853289734
18.65	1.5310669709189784
18.7	1.5325254397965151
18.75	1.533978822922743
18.8	1.535427150995384
18.85	1.5368704544512328
18.9	1.538308763468655
18.95	1.5397421079700704
19.	1.5411705176243953
19.05	1.5425940218494578
19.1	1.54401264981441
19.15	1.5454264304421155
19.2	1.5468353924115097
19.25	1.5482395641599296
19.3	1.5496389738854333
19.35	1.5510336495491
19.4	1.5524236188773104
19.45	1.5538089093640004
19.5	1.5551895482728908
19.55	1.5565655626397006
19.6	1.5579369792743467
19.65	1.5593038247631184
19.7	1.560666125470827
19.75	1.562023907542942
19.8	1.563377196907705
19.85	1.5647260192782189
19.9	1.5660704001545267
19.95	1.5674103648256341
20.	1.5687459383715683
20.05	1.570077145665453
20.1	1.5714040113754415
20.15	1.5727265599666749
20.2	1.5740448157032823
20.25	1.5753588026503107
20.3	1.5766685446756499
20.35	1.5779740654519425
20.4	1.5792753884584556
20.45	1.580572536982943
20.5	1.581865534123502
20.55	1.5831544027904192
20.6	1.5844391657079682
20.65	1.5857198454162005
20.7	1.5869964642727477
20.75	1.588269044454577
20.8	1.5895376079597177
20.85	1.5908021766090785
20.9	1.592062772048164
20.95	1.5933194157486459
21.	1.594572129009943
21.05	1.5958209329608801
21.1	1.5970658485615663
21.15	1.5983068966050438
21.2	1.5995440977187747
21.25	1.6007774723662567
21.3	1.6020070408486025
21.35	1.6032328233061093
21.4	1.6044548397198075
21.45	1.6056731099129922
21.5	1.6068876535527452
21.55	1.6080984901514437
21.6	1.6093056390682468
21.65	1.6105091195105725
21.7	1.6117089505355575
21.75	1.6129051510515031
21.8	1.6140977398193057
21.85	1.615286735453876
21.9	1.6164721564255413
21.95	1.6176540210614356
22.	1.618832347546873
22.05	1.6200071539267116
22.1	1.6211784581067037
22.15	1.6223462778548208
22.2	1.6235106308025755
22.25	1.6246715344463365
22.3	1.6258290061485587
22.35	1.6269830631395406
22.4	1.628133722518336
22.45	1.6292810012531203
22.5	1.63042491618332
22.55	1.631565484021196
22.6	1.6327027213526117
22.65	1.633836644638126
22.7	1.6349672702143203
22.75	1.6360946142953154
22.8	1.6372186929735975
22.85	1.6383395222210404
22.9	1.6394571178902346
22.95	1.6405714957155961
23.	1.6416826713144912
23.05	1.6427906601883533
23.1	1.6438954777237353
23.15	1.6449971391934317
23.2	1.6460956597576413
23.25	1.6471910544649486
23.3	1.6482833382533482
23.35	1.6493725259513274
23.4	1.6504586322788948
23.45	1.6515416718486076
23.5	1.6526216591665832
23.55	1.6536986086335
23.6	1.6547725345455861
23.65	1.6558434510955988
23.7	1.656911372373803
23.75	1.6579763123689375
23.8	1.6590382849691645
23.85	1.6600973039630076
23.9	1.6611533830402843
23.95	1.6622065357930327
24.	1.6632567757164252
24.05	1.664304116209661
24.1	1.66534857057686
24.15	1.6663901520279663
24.2	1.667428873679593
24.25	1.6684647485559039
24.3	1.6694977895895382
24.35	1.670528009622402
24.4	1.6715554214064745
24.45	1.6725800376046709
24.5	1.6736018707916676
24.55	1.6746209334547173
24.6	1.6756372379944555
24.65	1.6766507967256987
24.7	1.677661621878233
24.75	1.678669725597596
24.8	1.6796751199458508
24.85	1.6806778169023529
24.9	1.6816778283645073
24.95	1.682675166148517
25.	1.6836698419901261
25.05	1.6846618675453535
25.1	1.6856512543912208
25.15	1.686638014026471
25.2	1.6876221578722814
25.25	1.6886036972729672
25.3	1.6895826434966796
25.35	1.6905590077360961
25.4	1.6915328011090907
25.45	1.6925040346594096
25.5	1.6934727193573709
25.55	1.6944388661005247
25.6	1.6954024857142898
25.65	1.6963635889526045
25.7	1.6973221864985635
25.75	1.6982782889650565
25.8	1.6992319068954045
25.85	1.7001830507639661
25.9	1.7011317309767573
25.95	1.7020779578720604
26.	1.7030217417210312
26.05	1.7039630927283111
26.1	1.7049020210325943
26.15	1.7058385367072078
26.2	1.7067726497607165
26.25	1.7077043701374781
26.3	1.7086337077181986
26.35	1.7095606723205214
26.4	1.7104852736995766
26.45	1.7114075215485296
26.5	1.7123274254991312
26.55	1.7132449951222337
26.6	1.7141602399283182
26.65	1.7150731693680488
26.7	1.7159837928327806
26.75	1.7168921196550448
26.8	1.7177981591090974
26.85	1.718701920411435
26.9	1.7196034127212765
26.95	1.7205026451410605
27.	1.7213996267169343
27.05	1.7222943664392387
27.1	1.7231868732429871
27.15	1.7240771560083465
27.2	1.7249652235611146
27.25	1.7258510846731747
27.3	1.7267347480629547
27.35	1.7276162223958889
27.4	1.7284955162848672
27.45	1.7293726382906827
27.5	1.7302475969224747
27.55	1.7311204006381655
27.6	1.7319910578448945
27.65	1.7328595768994457
27.7	1.7337259661086748
27.75	1.734590233729927
27.8	1.7354523879714556
27.85	1.7363124369928318
27.9	1.7371703889053516
27.95	1.7380262517724416
28.	1.738880033610057
28.05	1.739731742387077
28.1	1.740581386025698
28.15	1.741428972401818
28.2	1.7422745093454208
28.25	1.7431180046409571
28.3	1.7439594660277196
28.35	1.7447989012002139
28.4	1.745636317808528
28.45	1.7464717234586948
28.5	1.747305125713054
28.55	1.748136532090608
28.6	1.7489659500673775
28.65	1.7497933870767526
28.7	1.7506188505098372
28.75	1.7514423477157919
28.8	1.7522638860021738
28.85	1.7530834726352722
28.9	1.7539011148404433
28.95	1.7547168198024383
29.	1.7555305946657296
29.05	1.7563424465348347
29.1	1.7571523824746353
29.15	1.757960409510693
29.2	1.758766534629564
29.25	1.7595707647791075
29.3	1.7603731068687918
29.35	1.761173567770004
29.4	1.76197215431635
29.45	1.7627688733039486
29.5	1.7635637314917276
29.55	1.764356735601717
29.6	1.7651478923193376
29.65	1.7659372082936882
29.7	1.7667246901378328
29.75	1.767510344429082
29.8	1.7682941777092622
29.85	1.7690761964849928
29.9	1.7698564072279588
29.95	1.7706348163751802
30.	1.7714114303292825
30.05	1.7721862554587933
30.1	1.7729592980984097
30.15	1.7737305645491603
30.2	1.7745000610786625
30.25	1.7752677939214745
30.3	1.7760337692793384
30.35	1.776797993321397
30.4	1.7775604721844478
30.45	1.7783212119731855
30.5	1.7790802187604426
30.55	1.7798374985874328
30.6	1.7805930574639892
30.65	1.7813469013687895
30.7	1.7820990362495892
30.75	1.7828494680234686
30.8	1.7835982025770691
30.85	1.7843452457668123
30.9	1.7850906034191079
30.95	1.785834281330576
31.	1.7865762852682774
31.05	1.787316620969927
31.1	1.7880552941441143
31.15	1.7887923104705157
31.2	1.7895276756001055
31.25	1.790261395155369
31.3	1.7909934747305067
31.35	1.7917239198916386
31.4	1.7924527361770075
31.45	1.7931799290971848
31.5	1.7939055041352718
31.55	1.7946294667470946
31.6	1.795351822361401
31.65	1.7960725763800545
31.7	1.7967917341782267
31.75	1.7975093011045877
31.8	1.7982252824814953
31.85	1.7989396836051823
31.9	1.799652509745943
31.95	1.8003637661483165
32.	1.8010734580312675
32.05	1.801781590588368
32.1	1.8024881689879753
32.15	1.8031931983734089
32.2	1.803896683863127
32.25	1.8045986305508988
32.3	1.805299043505974
32.35	1.8059979277732527
32.4	1.8066952883734606
32.45	1.807391130303319
32.5	1.8080854585357033
32.55	1.8087782780198043
32.6	1.8094695936812986
32.65	1.810159410422509
32.7	1.8108477331225603
32.75	1.811534566637542
32.8	1.812219915800664
32.85	1.8129037854224122
32.9	1.8135861802907018
32.95	1.814267105171029
33.	1.8149465648066223
33.05	1.8156245639185962
33.1	1.8163011072061008
33.15	1.8169761993464622
33.2	1.8176498449953284
33.25	1.8183220487868184
33.3	1.8189928153336636
33.35	1.8196621492273513
33.4	1.8203300550382635
33.45	1.8209965373158197
33.5	1.821661600588612
33.55	1.8223252493645434
33.6	1.822987488130965
33.65	1.823648321354808
33.7	1.82430775348272
33.75	1.8249657889411939
33.8	1.8256224321367025
33.85	1.8262776874558264
33.9	1.8269315592653832
33.95	1.8275840519125552
34.	1.8282351697250163
34.05	1.8288849170110573
34.1	1.8295332980597099
34.15	1.8301803171408748
34.2	1.8308259785054453
34.25	1.8314702863854124
34.3	1.832113244993986
34.35	1.83275485852573
34.4	1.833395131156678
34.45	1.834034067044442
34.5	1.8346716703283255
34.55	1.8353079451294554
34.6	1.8359428955508947
34.65	1.8365765256777404
34.7	1.8372088395772395
34.75	1.8378398412989028
34.8	1.838469534874614
34.85	1.8390979243187493
34.9	1.8397250136282843
34.95	1.8403508067828864
35.	1.8409753077450122
35.05	1.8415985204600218
35.1	1.8422204488563017
35.15	1.8428410968453652
35.2	1.8434604683219484
35.25	1.8440785671641118
35.3	1.8446953972333433
35.35	1.845310962374657
35.4	1.8459252664166936
35.45	1.8465383131718198
35.5	1.8471501064362246
35.55	1.8477606499900183
35.6	1.8483699475973276
35.65	1.848978003006392
35.7	1.849584819949658
35.75	1.8501904021438735
35.8	1.8507947532901805
35.85	1.851397877074209
35.9	1.8519997771661667
35.95	1.8526004572209314
36.	1.8531999208781407
36.05	1.8537981717622818
36.1	1.854395213482781
36.15	1.8549910496340902
36.2	1.855585683795776
36.25	1.8561791195326023
36.3	1.8567713603946168
36.35	1.8573624099172412
36.4	1.8579522716213563
36.45	1.858540949013383
36.5	1.8591284455853645
36.55	1.859714764815053
36.6	1.8602999101659918
36.65	1.8608838850875833
36.7	1.861466693015228
36.75	1.862048337370363
36.8	1.8626288215604352
36.85	1.863208148979087
36.9	1.8637863230062763
36.95	1.8643633470082996
37.	1.8649392243378742
37.05	1.865513958334214
37.1	1.8660875523231042
37.15	1.866660009616978
37.2	1.8672313335149933
37.25	1.8678015273031048
37.3	1.8683705942541384
37.35	1.8689385376278624
37.4	1.8695053606710608
37.45	1.8700710666176072
37.5	1.8706356586885313
37.55	1.871199140092089
37.6	1.8717615140238355
37.65	1.8723227836666956
37.7	1.872882952191034
37.75	1.8734420227547228
37.8	1.8739999985032079
37.85	1.874556882569583
37.9	1.8751126780746528
37.95	1.8756673881269819
38.	1.8762210158229808
38.05	1.876773564246957
38.1	1.8773250364711684
38.15	1.8778754355559297
38.2	1.8784247645496748
38.25	1.8789730264889979
38.3	1.879520224398739
38.35	1.8800663612920498
38.4	1.880611440170413
38.45	1.881155464023709
38.5	1.8816984358302966
38.55	1.8822403585570724
38.6	1.8827812351595288
38.65	1.8833210685818114
38.7	1.883859861756783
38.75	1.8843976176060842
38.8	1.8849343390401923
38.85	1.88547002895848
38.9	1.8860046902492702
38.95	1.8865383257898936
39.	1.8870709384467454
39.05	1.887602531075342
39.1	1.8881331065203777
39.15	1.8886626676157805
39.2	1.8891912171847676
39.25	1.8897187580399004
39.3	1.89024529298314
39.35	1.8907708248059005
39.4	1.8912953562891046
39.45	1.8918188902032353
39.5	1.8923414293083884
39.55	1.8928629763543272
39.6	1.8933835340805334
39.65	1.8939031052162598
39.7	1.894421692480582
39.75	1.8949392985824491
39.8	1.8954559262207362
39.85	1.8959715780842934
39.9	1.8964862568519962
39.95	1.8969999651927976
40.	1.8975127057657741
40.05	1.8980244812201776
40.1	1.8985352941954836
40.15	1.8990451473214376
40.2	1.899554043218105
40.25	1.900061984495924
40.3	1.9005689737557467
40.35	1.901075013588888
40.4	1.9015801065771725
40.45	1.9020842552929815
40.5	1.9025874622992984
40.55	1.9030897301497565
40.6	1.9035910613886833
40.65	1.9040914585511466
40.7	1.9045909241629992
40.75	1.9050894607409237
40.8	1.9055870707924774
40.85	1.9060837568161362
40.9	1.9065795213013377
40.95	1.9070743667285255
41.	1.9075682955691933
41.05	1.9080613102859274
41.1	1.9085534133324482
41.15	1.9090446071536546
41.2	1.9095348941856676
41.25	1.9100242768558708
41.3	1.9105127575829504
41.35	1.911000338776937
41.4	1.911487022839247
41.45	1.9119728121627255
41.5	1.9124577091316834
41.55	1.9129417161219409
41.6	1.913424835500866
41.65	1.913907069627415
41.7	1.914388420852171
41.75	1.9148688915173848
41.8	1.9153484839570127
41.85	1.9158272004967565
41.9	1.9163050434541002
41.95	1.9167820151383506
42.	1.9172581178506736
42.05	1.9177333538841332
42.1	1.9182077255237293
42.15	1.9186812350464337
42.2	1.9191538847212297
42.25	1.9196256768091464
42.3	1.9200966135632969
42.35	1.9205666972289135
42.4	1.9210359300433852
42.45	1.9215043142362929
42.5	1.9219718520294458
42.55	1.9224385456369166
42.6	1.922904397265077
42.65	1.923369409112633
42.7	1.9238335833706597
42.75	1.9242969222226356
42.8	1.9247594278444782
42.85	1.925221102404577
42.9	1.9256819480638283
42.95	1.9261419669756694
43.	1.9266011612861116
43.05	1.9270595331337739
43.1	1.9275170846499166
43.15	1.9279738179584744
43.2	1.9284297351760844
43.25	1.9288848384121235
43.3	1.9293391297687543
43.35	1.929792611340939
43.4	1.9302452852164678
43.45	1.9306971534760022
43.5	1.9311482181931054
43.55	1.9315984814342664
43.6	1.932047945258934
43.65	1.9324966117195637
43.7	1.9329444828616396
43.75	1.9333915607236953
43.8	1.9338378473373496
43.85	1.9342833447273386
43.9	1.9347280549115458
43.95	1.935171979901032
44.	1.935615121700065
44.05	1.9360574823061483
44.1	1.9364990637100532
44.15	1.936939867895848
44.2	1.9373798968409255
44.25	1.9378191525160318
44.3	1.9382576368852977
44.35	1.9386953519062655
44.4	1.9391322995299147
44.45	1.9395684817006893
44.5	1.9400039003565348
44.55	1.9404385574289256
44.6	1.9408724548428875
44.65	1.9413055945170317
44.7	1.9417379783635809
44.75	1.9421696082883908
44.8	1.9426004861909758
44.85	1.9430306139645417
44.9	1.9434599934960115
44.95	1.9438886266660522
45.	1.944316515349101
45.05	1.944743661413393
45.1	1.9451700667209875
45.15	1.9455957331277929
45.2	1.9460206624835945
45.25	1.9464448566320796
45.3	1.9468683174108632
45.35	1.947291046651514
45.4	1.9477130461795793
45.45	1.9481343178146109
45.5	1.9485548633701917
45.55	1.9489746846539595
45.6	1.949393783467629
45.65	1.9498121616070196
45.7	1.9502298208620819
45.75	1.9506467630169195
45.8	1.9510629898498149
45.85	1.9514785031332527
45.9	1.9518933046339446
45.95	1.9523073961128528
46.	1.9527207793252144
46.05	1.953133456020565
46.1	1.9535454279427622
46.15	1.9539566968300084
46.2	1.9543672644148766
46.25	1.9547771324243324
46.3	1.9551863025797556
46.35	1.955594776596965
46.4	1.9560025561862406
46.45	1.9564096430523468
46.5	1.9568160388945544
46.55	1.9572217454066634
46.6	1.957626764277029
46.65	1.9580310971885813
46.7	1.958434745818839
46.75	1.95883771183994
46.8	1.959239996918667
46.85	1.9596416027164625
46.9	1.9600425308894542
46.95	1.960442783088475
47.	1.9608423609590844
47.05	1.9612412661415908
47.1	1.96163950027107
47.15	1.962037064977385
47.2	1.9624339618852158
47.25	1.9628301926140803
47.3	1.9632257587783488
47.35	1.963620661987265
47.4	1.9640149038449641
47.45	1.9644084859504962
47.5	1.9648014098978506
47.55	1.9651936772759713
47.6	1.965585289668776
47.65	1.9659762486551802
47.7	1.966366555809118
47.75	1.966756212699557
47.8	1.9671452208905187
47.85	1.9675335819411046
47.9	1.9679212974055167
47.95	1.9683083688330691
48.	1.9686947977682092
48.05	1.9690805857505382
48.1	1.9694657343148296
48.15	1.9698502449910487
48.2	1.9702341193043715
48.25	1.9706173587752045
48.3	1.9709999649192025
48.35	1.9713819392472878
48.4	1.9717632832656689
48.45	1.972143998475859
48.5	1.9725240863746953
48.55	1.9729035484543553
48.6	1.9732823862023776
48.65	1.9736606011016775
48.7	1.974038194630567
48.75	1.9744151682627724
48.8	1.9747915234674513
48.85	1.9751672617092098
48.9	1.9755423844481204
48.95	1.9759168931397422
49.	1.9762907892351376
49.05	1.9766640741808885
49.1	1.977036749419115
49.15	1.9774088163874917
49.2	1.9777802765192656
49.25	1.9781511312432727
49.3	1.978521381983955
49.35	1.978891030161378
49.4	1.9792600771912476
49.45	1.9796285244849205
49.5	1.9799963734494261
49.55	1.980363625487496
49.6	1.9807302819975674
49.65	1.9810963443737948
49.7	1.981461814006072
49.75	1.9818266922800494
49.8	1.9821909805771496
49.85	1.9825546802745846
49.9	1.9829177927453703
49.95	1.9832803193592001
50.	1.983642261468782
50.05	1.9840036204792861
50.1	1.9843643976788625
50.15	1.9847245944383491
50.2	1.9850842118816145
50.25	1.985443251783908
50.3	1.985801715293729
50.35	1.9861596037744016
50.4	1.9865169185842109
50.45	1.986873661043712
50.5	1.9872298324815532
50.55	1.9875854341618373
50.6	1.9879404674621513
50.65	1.9882949337194171
50.7	1.9886488341615065
50.75	1.9890021699109386
50.8	1.9893549422141352
50.85	1.989707152594293
50.9	1.9900588024614319
50.95	1.9904098930344745
51.	1.9907604255954543
51.05	1.9911104013583596
51.1	1.9914598215908024
51.15	1.9918086876261958
51.2	1.9921570002305287
51.25	1.9925047618919218
51.3	1.9928519731024288
51.35	1.993198634982774
51.4	1.9935447489631453
51.45	1.9938903161986392
51.5	1.9942353379665752
51.55	1.9945798154645944
51.6	1.9949237501690387
51.65	1.995267143509044
51.7	1.9956099967275047
51.75	1.995952310461899
51.8	1.9962940855575753
51.85	1.9966353232539158
51.9	1.9969760254940896
51.95	1.9973161936520052
52.	1.9976558294316762
52.05	1.997994933735601
52.1	1.998333507264152
52.15	1.9986715507181552
52.2	1.9990090656542983
52.25	1.9993460537213879
52.3	1.9996825161698277
52.35	2.0000184536151764
52.4	2.0003538670521683
52.45	2.000688757811793
52.5	2.001023127053369
52.55	2.0013569761251784
52.6	2.001690306314264
52.65	2.002023118945192
52.7	2.0023554152599505
52.75	2.002687196670299
52.8	2.003018464006297
52.85	2.00334921787661
52.9	2.003679458834861
52.95	2.004009188756711
53.	2.0043384094084753
53.05	2.0046671233579043
53.1	2.0049953305272408
53.15	2.0053230313124777
53.2	2.0056502257313196
53.25	2.005976915084684
53.3	2.0063031013383035
53.35	2.0066287865340073
53.4	2.006953970899272
53.45	2.0072786558173767
53.5	2.007602842520988
53.55	2.0079265320114232
53.6	2.00824972528858
53.65	2.0085724233896474
53.7	2.008894627667485
53.75	2.009216339602715
53.8	2.0095375597869483
53.85	2.0098582885257135
53.9	2.0101785266773495
53.95	2.0104982759098795
54.	2.0108175380437285
54.05	2.011136314073177
54.1	2.01145460486653
54.15	2.0117724114667874
54.2	2.012089734640569
54.25	2.012406575443797
54.3	2.0127229351964804
54.35	2.013038815242044
54.4	2.013354216894396
54.45	2.013669140589321
54.5	2.0139835866305695
54.55	2.0142975564050345
54.6	2.0146110507688046
54.65	2.0149240712835548
54.7	2.015236618921074
54.75	2.01554869493997
54.8	2.0158603002266973
54.85	2.0161714364503576
54.9	2.0164821047278605
54.95	2.0167923055856622
55.	2.0171020389653784
55.05	2.0174113054660046
55.1	2.0177201070479276
55.15	2.018028446020022
55.2	2.0183363253315267
55.25	2.018643744057843
55.3	2.018950701627669
55.35	2.0192571974493365
55.4	2.019563234227893
55.45	2.0198688129052313
55.5	2.0201739354260173
55.55	2.02047860258647
55.6	2.020782815091559
55.65	2.0210865739057087
55.7	2.0213898802497923
55.75	2.021692735405836
55.8	2.0219951398221716
55.85	2.0222970937890152
55.9	2.022598598421815
55.95	2.0228996552508227
56.	2.02320026568276
56.05	2.0235004307418514
56.1	2.0238001509512302
56.15	2.024099427099448
56.2	2.024398260245971
56.25	2.0246966511318933
56.3	2.0249946006825255
56.35	2.02529210973657
56.4	2.0255891793963876
56.45	2.025885810780495
56.5	2.026182003735055
56.55	2.026477760640377
56.6	2.026773082890979
56.65	2.027067970780597
56.7	2.0273624252046893
56.75	2.0276564470248126
56.8	2.0279500370279
56.85	2.028243196189472
56.9	2.0285359252191904
56.95	2.028828225258707
57.	2.0291200975868597
57.05	2.029411542892999
57.1	2.0297025615534348
57.15	2.0299931537459557
57.2	2.0302833202393735
57.25	2.0305730629069254
57.3	2.0308623833326225
57.35	2.031151282169949
57.4	2.031439760162372
57.45	2.0317278187694727
57.5	2.0320154580517293
57.55	2.0323026781997346
57.6	2.0325894807783134
57.65	2.032875867639093
57.7	2.0331618399581197
57.75	2.0334473978894567
57.8	2.0337325413697576
57.85	2.034017271077855
57.9	2.034301587769617
57.95	2.0345854924346285
58.	2.034868986955105
58.05	2.0351520718300518
58.1	2.0354347474968555
58.15	2.035717014388967
58.2	2.035998874859556
58.25	2.036280330271489
58.3	2.0365613813826733
58.35	2.036842027278955
58.4	2.037122267395292
58.45	2.0374021034133216
58.5	2.0376815375502355
58.55	2.037960574549856
58.6	2.038239214074381
58.65	2.0385174554410455
58.7	2.0387952962616667
58.75	2.0390727367136603
58.8	2.0393497783091497
58.85	2.0396264229163616
58.9	2.0399026729223633
58.95	2.040178528954664
59.	2.040453991448038
59.05	2.040729060898198
59.1	2.041003738240271
59.15	2.04127802439809
59.2	2.041551920069626
59.25	2.041825426008428
59.3	2.0420985426921368
59.35	2.0423712716245896
59.4	2.0426436133053025
59.45	2.0429155685978655
59.5	2.043187138128233
59.55	2.0434583222895313
59.6	2.0437291223172176
59.65	2.043999539340006
59.7	2.0442695735036365
59.75	2.0445392258961568
59.8	2.0448084969712355
59.85	2.0450773873201418
59.9	2.045345897794354
59.95	2.0456140299765755
60.	2.0458817853307525
60.05	2.0461491644076335
60.1	2.04641616748087
60.15	2.046682795134403
60.2	2.0469490478234653
60.25	2.0472149260934893
60.3	2.0474804305891565
60.35	2.047745562365544
60.4	2.0480103222847688
60.45	2.048274711290226
60.5	2.048538730083475
60.55	2.0488023791440213
60.6	2.0490656592450507
60.65	2.0493285713652076
60.7	2.049591116405845
60.75	2.049853294478776
60.8	2.050115105570223
60.85	2.050376550501565
60.9	2.0506376319704485
60.95	2.0508983506887613
61.	2.0511587098449287
61.05	2.0514187074448733
61.1	2.051678342347186
61.15	2.051937615258544
61.2	2.05219652783817
61.25	2.0524550815315186
61.3	2.0527132768958816
61.35	2.052971114649681
61.4	2.053228595449239
61.45	2.05348572032371
61.5	2.0537424905660666
61.55	2.0539989071208136
61.6	2.054254969068779
61.65	2.054510675189409
61.7	2.0547660259991676
61.75	2.055021023863172
61.8	2.055275671481553
61.85	2.0555299703240926
61.9	2.0557839206406405
61.95	2.0560375222678147
62.	2.056290775186187
62.05	2.0565436797136183
62.1	2.056796236477276
62.15	2.057048446483864
62.2	2.0573003105926064
62.25	2.0575518300674216
62.3	2.057803004980829
62.35	2.0580538353311066
62.4	2.0583043215692136
62.45	2.0585544650354817
62.5	2.0588042669279574
62.55	2.059053728149452
62.6	2.05930284896734
62.65	2.0595516299958616
62.7	2.0598000721243794
62.75	2.060048176066497
62.8	2.060295943178708
62.85	2.06054337351794
62.9	2.0607904675785296
62.95	2.0610372251041413
63.	2.06128364643922
63.05	2.0615297331920512
63.1	2.0617754862092235
63.15	2.062020908794754
63.2	2.062266000895488
63.25	2.062510762206891
63.3	2.062755192607799
63.35	2.0629992892829274
63.4	2.0632430560545583
63.45	2.063486492778524
63.5	2.0637296004587413
63.55	2.0639723789265165
63.6	2.0642148300873386
63.65	2.0644569561624024
63.7	2.0646987582215255
63.75	2.0649402359595515
63.8	2.0651813894350437
63.85	2.0654222190207374
63.9	2.065662724957928
63.95	2.065902907929086
64.	2.0661427685601716
64.05	2.0663823067471028
64.1	2.0666215232525675
64.15	2.0668604192877558
64.2	2.0670989956934887
64.25	2.067337254003014
64.3	2.0675751943684633
64.35	2.067812817635275
64.4	2.0680501237951443
64.45	2.0682871126424143
64.5	2.068523783997175
64.55	2.0687601381872014
64.6	2.0689961782611825
64.65	2.069231904941275
64.7	2.0694673216544777
64.75	2.0697024270337714
64.8	2.069937220139069
64.85	2.0701717002260986
64.9	2.0704058670935974
64.95	2.070639722407315
65.	2.0708732674450747
65.05	2.0711065032418348
65.1	2.071339430530143
65.15	2.0715720501582124
65.2	2.0718043625513083
65.25	2.072036368126386
65.3	2.0722680673319624
65.35	2.072499460529318
65.4	2.0727305482663443
65.45	2.072961331309182
65.5	2.0731918104618265
65.55	2.073421986425824
65.6	2.0736518594987556
65.65	2.0738814301268444
65.7	2.0741106988140716
65.75	2.0743396664443257
65.8	2.074568333751402
65.85	2.0747967004749057
65.9	2.075024767188525
65.95	2.0752525356872704
66.	2.075480005990371
66.05	2.0757071782871632
66.1	2.075934053514011
66.15	2.0761606332299083
66.2	2.0763869174272935
66.25	2.0766129062440664
66.3	2.076838600425513
66.35	2.0770640007692154
66.4	2.0772891083580336
66.45	2.077513922740077
66.5	2.07773844287013
66.55	2.0779626692000814
66.6	2.078186602391498
66.65	2.078410241801814
66.7	2.0786335922522685
66.75	2.0788566549060405
66.8	2.079079429434219
66.85	2.079301917903459
66.9	2.0795241193733673
66.95	2.079746033441176
67.	2.0799676591160963
67.05	2.0801889963529785
67.1	2.0804100465395505
67.15	2.0806308113536236
67.2	2.0808512916482016
67.25	2.081071489177026
67.3	2.0812914028371075
67.35	2.0815110318210976
67.4	2.0817303752646574
67.45	2.08194943413353
67.5	2.082168211235818
67.55	2.08238670889522
67.6	2.082604927907261
67.65	2.0828228671915805
67.7	2.083040527270181
67.75	2.083257908264687
67.8	2.0834750104762394
67.85	2.0836918342925745
67.9	2.083908380392781
67.95	2.0841246494724057
68.	2.0843406424118998
68.05	2.0845563598930856
68.1	2.0847718013332734
68.15	2.084986966266725
68.2	2.0852018554202827
68.25	2.0854164710008183
68.3	2.085630813844308
68.35	2.085844882950153
68.4	2.0860586794530844
68.45	2.0862722027539684
68.5	2.086485453825632
68.55	2.086698433986754
68.6	2.086911143855001
68.65	2.087123585864547
68.7	2.0873357590231114
68.75	2.0875476630367915
68.8	2.0877592978419357
68.85	2.087970662691887
68.9	2.088181759998285
68.95	2.0883925903219636
69.	2.0886031548218296
69.05	2.088813457019701
69.1	2.089023494928881
69.15	2.0892332682997714
69.2	2.0894427765277053
69.25	2.0896520174892586
69.3	2.0898609936463677
69.35	2.090069705573306
69.4	2.090278154111103
69.45	2.0904863408972756
69.5	2.090694265921729
69.55	2.0909019290022344
69.6	2.091109329865903
69.65	2.091316468898345
69.7	2.0915233480673936
69.75	2.09172996801309
69.8	2.091936332745022
69.85	2.092142442390183
69.9	2.092348294220869
69.95	2.092553888522463
70.	2.092759223647155
70.05	2.0929642998574076
70.1	2.0931691182701546
70.15	2.093373681055163
70.2	2.093577990288572
70.25	2.09378204597615
70.3	2.0939858486928777
70.35	2.094189397827779
70.4	2.0943926932585164
70.45	2.0945957359573018
70.5	2.094798526656215
70.55	2.095001065897172
70.6	2.095203353685933
70.65	2.095405390111207
70.7	2.0956071742000675
70.75	2.0958087071049665
70.8	2.096009989952814
70.85	2.0962110238952585
70.9	2.096411811256899
70.95	2.096612352803346
71.	2.096812647580925
71.05	2.0970126955649544
71.1	2.0972124947935717
71.15	2.097412046071275
71.2	2.097611350732109
71.25	2.0978104096963124
71.3	2.098009223996085
71.35	2.0982077939602926
71.4	2.098406119492809
71.45	2.098604200664891
71.5	2.0988020371950675
71.55	2.0989996304298684
71.6	2.0991969812760667
71.65	2.0993940905566872
71.7	2.09959095957759
71.75	2.0997875873619383
71.8	2.099983974054675
71.85	2.100180120037573
71.9	2.100376025504936
71.95	2.100571690742744
72.	2.100767116434321
72.05	2.1009623035708884
72.1	2.1011572529801734
72.15	2.101351964524656
72.2	2.101546437856062
72.25	2.1017406735235338
72.3	2.1019346725187793
72.35	2.102128434845413
72.4	2.1023219620000773
72.45	2.102515255190594
72.5	2.1027083125657944
72.55	2.1029011369647295
72.6	2.1030937283715847
72.65	2.103286085942119
72.7	2.1034782084462966
72.75	2.1036700944681312
72.8	2.1038617462143554
72.85	2.104053166442941
72.9	2.1042443571374894
72.95	2.10443531810583
73.	2.1046260487322495
73.05	2.104816549147079
73.1	2.105006820083203
73.15	2.105196862254582
73.2	2.105386675744892
73.25	2.1055762608649005
73.3	2.1057656174390305
73.35	2.1059547460190102
73.4	2.106143647021367
73.45	2.106332319662287
73.5	2.1065207630825813
73.55	2.106708979927478
73.6	2.1068969710022056
73.65	2.107084736354386
73.7	2.107272277949054
73.75	2.107459596289433
73.8	2.107646691394165
73.85	2.1078335629730285
73.9	2.1080202106722514
73.95	2.1082066346474058
74.	2.1083928352565477
74.05	2.108578813270493
74.1	2.108764569954415
74.15	2.1089501051870023
74.2	2.109135419226669
74.25	2.109320511926392
74.3	2.109505382530629
74.35	2.1096900305267923
74.4	2.109874456712797
74.45	2.110058663292258
74.5	2.1102426519923956
74.55	2.1104264234877608
74.6	2.1106099782866465
74.65	2.110793315805379
74.7	2.110976435137246
74.75	2.1111593368062986
74.8	2.1113420212496568
74.85	2.1115244881797923
74.9	2.1117067390314217
74.95	2.1118887745485617
75.	2.1120705958620274
75.05	2.1122522042936973
75.1	2.1124335989616405
75.15	2.112614778660446
75.2	2.112795743447745
75.25	2.112976493973043
75.3	2.113157030798999
75.35	2.1133373561500735
75.4	2.113517469503704
75.45	2.1136973690696834
75.5	2.113877057386648
75.55	2.1140565344784332
75.6	2.11423580050539
75.65	2.1144148567211545
75.7	2.1145937052715844
75.75	2.1147723455229253
75.8	2.114950776088798
75.85	2.115128996520104
75.9	2.1153070062316686
75.95	2.1154848053447557
76.	2.115662395601195
76.05	2.11583977854776
76.1	2.116016954748106
76.15	2.1161939271372674
76.2	2.116370695055215
76.25	2.1165472560755605
76.3	2.11672361198402
76.35	2.1168997617002807
76.4	2.1170757052888165
76.45	2.117251444607201
76.5	2.117426979790872
76.55	2.1176023111920896
76.6	2.117777437751171
76.65	2.1179523588826017
76.7	2.1181270751645433
76.75	2.1183015875170548
76.8	2.1184758976926057
76.85	2.118650007898947
76.9	2.1188239175414307
76.95	2.118997626293083
77.	2.119171133964924
77.05	2.119344439861152
77.1	2.1195175443042693
77.15	2.119690448574712
77.2	2.119863152642063
77.25	2.120035657492607
77.3	2.1202079638794578
77.35	2.120380071030951
77.4	2.1205519787746607
77.45	2.1207236871129216
77.5	2.120895197666516
77.55	2.1210665114217973
77.6	2.121237629348936
77.65	2.121408551139785
77.7	2.1215792767485078
77.75	2.121749806692279
77.8	2.1219201413774904
77.85	2.122090281306733
77.9	2.1222602265704578
77.95	2.1224299767850097
78.	2.122599532687604
78.05	2.1227688945074625
78.1	2.122938062548
78.15	2.123107037173973
78.2	2.1232758182146894
78.25	2.1234444058948663
78.3	2.1236128012129267
78.35	2.123781004287129
78.4	2.1239490155624208
78.45	2.1241168356907254
78.5	2.124284464986597
78.55	2.1244519035618463
78.6	2.1246191513906325
78.65	2.1247862087301703
78.7	2.1249530758781887
78.75	2.1251197530694323
78.8	2.1252862409134026
78.85	2.125452539553428
78.9	2.125618649589109
78.95	2.12578457164894
79.	2.1259503069409345
79.05	2.1261158547489147
79.1	2.126281214293894
79.15	2.126446387331371
79.2	2.1266113738778207
79.25	2.126776172807002
79.3	2.1269407862403447
79.35	2.12710521403657
79.4	2.1272694559805867
79.45	2.1274335131853777
79.5	2.1275973838151616
79.55	2.1277610680038452
79.6	2.1279245668440474
79.65	2.1280878824054765
79.7	2.1282510150777068
79.75	2.128413963121851
79.8	2.1285767278366463
79.85	2.1287393091251143
79.9	2.128901708889604
79.95	2.129063930473169
80.	2.129225972377232
80.05	2.129387834142597
80.1	2.129549515491278
80.15	2.1297110138249202
80.2	2.12987232746207
80.25	2.1300334578387687
80.3	2.1301944073719135
80.35	2.130355177263925
80.4	2.1305157685380545
80.45	2.1306761822375737
80.5	2.1308364179012846
80.55	2.130996474697193
80.6	2.1311563535742266
80.65	2.1313160546872925
80.7	2.1314755777023473
80.75	2.131634922691285
80.8	2.1317940898597163
80.85	2.131953080251065
80.9	2.132111893499264
80.95	2.1322705298787437
81.	2.132428990052864
81.05	2.132587274171417
81.1	2.132745382299375
81.15	2.1329033145794813
81.2	2.1330610706260593
81.25	2.1332186519813967
81.3	2.1333760607119476
81.35	2.133533296353876
81.4	2.1336903571635717
81.45	2.133847244397861
81.5	2.134003959415668
81.55	2.134160503594734
81.6	2.134316876156349
81.65	2.1344730771578946
81.7	2.1346291067132857
81.75	2.1347849636619824
81.8	2.1349406466507546
81.85	2.135096156763956
81.9	2.135251495278868
81.95	2.1354066637413593
82.	2.1355616631690655
82.05	2.135716493999448
82.1	2.1358711548614835
82.15	2.1360256438045018
82.2	2.1361799616390065
82.25	2.1363341095701474
82.3	2.1364880874194134
82.35	2.136641898452697
82.4	2.1367955413540196
82.45	2.1369490149210035
82.5	2.1371023205297557
82.55	2.1372554582642684
82.6	2.1374084283990595
82.65	2.1375612310229806
82.7	2.137713866475931
82.75	2.1378663370929374
82.8	2.1380186435112973
82.85	2.1381707849772096
82.9	2.138322761770987
82.95	2.138474573958147
83.	2.1386262205895274
83.05	2.138777700923057
83.1	2.1389290152344556
83.15	2.139080164467248
83.2	2.1392311491059264
83.25	2.1393819699008625
83.3	2.139532626366279
83.35	2.1396831176620026
83.4	2.1398334433331794
83.45	2.139983605040784
83.5	2.140133604242898
83.55	2.1402834417900554
83.6	2.1404331189264623
83.65	2.14058263869876
83.7	2.140731999668135
83.75	2.140881200730257
83.8	2.1410302407091253
83.85	2.141179117615988
83.9	2.1413278297277385
83.95	2.1414763788549322
84.	2.1416247685164365
84.05	2.141772998638945
84.1	2.1419210714193255
84.15	2.142068991878787
84.2	2.1422167565247987
84.25	2.1423643632149276
84.3	2.142511811640601
84.35	2.142659099154307
84.4	2.14280622441908
84.45	2.1429531897202874
84.5	2.143099996229429
84.55	2.143246644346724
84.6	2.143393133141119
84.65	2.1435394654704165
84.7	2.143685642450154
84.75	2.143831664047417
84.8	2.143977531446158
84.85	2.144123245383117
84.9	2.144268804715993
84.95	2.144414209034749
85.	2.144559458449743
85.05	2.1447045519180223
85.1	2.1448494897964396
85.15	2.1449942731834186
85.2	2.145138902660947
85.25	2.1452833788813215
85.3	2.145427701560438
85.35	2.145571870975848
85.4	2.1457158869275474
85.45	2.145859749869586
85.5	2.146003458811446
85.55	2.146147014376232
85.6	2.146290417940152
85.65	2.1464336693774335
85.7	2.14657676929263
85.75	2.1467197180303264
85.8	2.1468625156639183
85.85	2.14700516225633
85.9	2.1471476578056343
85.95	2.147290002956428
86.	2.1474321983618383
86.05	2.147574243710897
86.1	2.147716139571009
86.15	2.147857885574581
86.2	2.147999482602795
86.25	2.1481409319444498
86.3	2.1482822335981964
86.35	2.1484233846967737
86.4	2.1485643877458127
86.45	2.148705242306903
86.5	2.1488459479192112
86.55	2.148986505380248
86.6	2.149126915664144
86.65	2.149267179285545
86.7	2.1494072958257457
86.75	2.1495472651407805
86.8	2.149687087998668
86.85	2.149826765161227
86.9	2.1499662955485013
86.95	2.1501056788624475
87.	2.150244915854404
87.05	2.150384007144008
87.1	2.1505229531615218
87.15	2.1506617538934734
87.2	2.150800409290009
87.25	2.1509389196677624
87.3	2.1510772861360796
87.35	2.151215509399869
87.4	2.151353589927621
87.45	2.1514915274122037
87.5	2.1516293217522384
87.55	2.1517669736680762
87.6	2.1519044823389475
87.65	2.1520418456221857
87.7	2.1521790616460987
87.75	2.152316132140486
87.8	2.1524530602997496
87.85	2.152589848345458
87.9	2.1527264973209053
87.95	2.1528630077097195
88.	2.152999379207662
88.05	2.1531356098309646
88.1	2.1532716998118246
88.15	2.153407649475707
88.2	2.1535434576921375
88.25	2.153679124545664
88.3	2.1538146517730006
88.35	2.1539500397480857
88.4	2.1540852890389566
88.45	2.1542203998861034
88.5	2.1543553713649533
88.55	2.1544902025464676
88.6	2.1546248923025444
88.65	2.1547594400903947
88.7	2.154893847895836
88.75	2.1550281167689764
88.8	2.1551622488407514
88.85	2.155296246755064
88.9	2.1554301096977353
88.95	2.1555638365043013
89.	2.155697424886588
89.05	2.1558308758627946
89.1	2.155964190529632
89.15	2.1560973688235605
89.2	2.1562304106914363
89.25	2.1563633168528495
89.3	2.156496087470293
89.35	2.1566287221305824
89.4	2.1567612204647504
89.45	2.1568935812438
89.5	2.1570258059953358
89.55	2.1571578943293006
89.6	2.15728984680967
89.65	2.1574216640905135
89.7	2.1575533485576925
89.75	2.1576848991364845
89.8	2.1578163178998193
89.85	2.157947606112737
89.9	2.1580787620516624
89.95	2.158209784328722
90.	2.158340672407846
90.05	2.158471426888183
90.1	2.15860204746287
90.15	2.1587325355441447
90.2	2.1588628915806
90.25	2.1589931149257193
90.3	2.159123206249979
90.35	2.159253165302929
90.4	2.159382992001629
90.45	2.1595126874585318
90.5	2.159642251615603
90.55	2.1597716846331836
90.6	2.159900986481147
90.65	2.1600301575881535
90.7	2.160159197889963
90.75	2.1602881068014845
90.8	2.1604168853447754
90.85	2.1605455356760883
90.9	2.1606740561682107
90.95	2.160802446576927
91.	2.160930707217034
91.05	2.1610588368119297
91.1	2.1611868364293056
91.15	2.16131470686096
91.2	2.1614424479721572
91.25	2.1615700591689677
91.3	2.16169754153036
91.35	2.161824896068738
91.4	2.1619521235370054
91.45	2.162079225450137
91.5	2.1622062042241508
91.55	2.16233306011397
91.6	2.1624597908905856
91.65	2.1625863965567804
91.7	2.1627128773912854
91.75	2.1628392311549742
91.8	2.162965456777598
91.85	2.163091556265336
91.9	2.163217527946084
91.95	2.1633433696185813
92.	2.163469083329552
92.05	2.1635946711719396
92.1	2.16372013422589
92.15	2.1638454727940815
92.2	2.1639706895337394
92.25	2.164095786319725
92.3	2.164220760035233
92.35	2.1643456097844207
92.4	2.164470335633063
92.45	2.164594935541923
92.5	2.164719409166774
92.55	2.1648437580189186
92.6	2.164967983053589
92.65	2.1650920842052424
92.7	2.1652160614676155
92.75	2.1653399153483166
92.8	2.165463646991719
92.85	2.16558725678956
92.9	2.1657107442282157
92.95	2.1658341104681167
93.	2.1659573582368594
93.05	2.166080485894507
93.1	2.16620349291706
93.15	2.166326378769547
93.2	2.166449143106117
93.25	2.166571784992877
93.3	2.1666943049146665
93.35	2.1668167035473687
93.4	2.1669389814786286
93.45	2.167061138993332
93.5	2.167183176591845
93.55	2.167305094322127
93.6	2.1674268922723217
93.65	2.1675485707497013
93.7	2.1676701304056945
93.75	2.167791570455373
93.8	2.1679128898769653
93.85	2.168034089376603
93.9	2.168155169635562
93.95	2.1682761311351175
94.	2.168396974183603
94.05	2.1685176990161343
94.1	2.1686383061887535
94.15	2.168758795003508
94.2	2.1688791655437445
94.25	2.1689994211515207
94.3	2.1691195617233543
94.35	2.169239584994642
94.4	2.16935948963689
94.45	2.1694792785104298
94.5	2.169598951282044
94.55	2.1697185067792066
94.6	2.169837945985763
94.65	2.1699572691387465
94.7	2.17007647635448
94.75	2.1701955682214353
94.8	2.1703145443198295
94.85	2.1704334042209785
94.9	2.1705521481107004
94.95	2.170670776321849
95.	2.170789287904332
95.05	2.170907683673822
95.1	2.1710259645455223
95.15	2.1711441308749833
95.2	2.171262182561904
95.25	2.1713801206491823
95.3	2.171497945722523
95.35	2.171615657311026
95.4	2.171733255143577
95.45	2.171850738590615
95.5	2.1719681076114856
95.55	2.1720853632798054
95.6	2.172202505942674
95.65	2.172319535624311
95.7	2.172436451566682
95.75	2.1725532534910297
95.8	2.1726699426697387
95.85	2.1727865202027394
95.9	2.172902984417779
95.95	2.1730193369830317
96.	2.1731355788289024
96.05	2.1732517098188593
96.1	2.1733677294823464
96.15	2.1734836389465007
96.2	2.173599438766968
96.25	2.1737151276094826
96.3	2.1738307057773114
96.35	2.1739461758953027
96.4	2.174061535448959
96.45	2.1741767825720446
96.5	2.174291919463549
96.55	2.174406945576328
96.6	2.174521860498853
96.65	2.1746366652732085
96.7	2.1747513597863373
96.75	2.1748659438905853
96.8	2.1749804166769566
96.85	2.1750947775828156
96.9	2.175209027011182
96.95	2.175323168433138
97.	2.1754372024330837
97.05	2.175551129666303
97.1	2.175664952253704
97.15	2.1757786687502847
97.2	2.175892277112222
97.25	2.1760057780657043
97.3	2.1761191719732214
97.35	2.176232457924565
97.4	2.1763456354208115
97.45	2.1764587062318363
97.5	2.1765716706680385
97.55	2.176684527625732
97.6	2.176797276652513
97.65	2.1769099185403142
97.7	2.177022453307293
97.75	2.1771348809671602
97.8	2.1772472020340743
97.85	2.1773594164344425
97.9	2.1774715239325095
97.95	2.177583524301386
98.	2.177695418250179
98.05	2.177807207424682
98.1	2.1779188909858833
98.15	2.1780304686558085
98.2	2.1781419423204254
98.25	2.1782533117641085
98.3	2.178364576601211
98.35	2.178475737350845
98.4	2.1785867946089454
98.45	2.178697748964405
98.5	2.1788085996774478
98.55	2.178919347241145
98.6	2.179029990042801
98.65	2.179140526475067
98.7	2.179250957707814
98.75	2.179361284028533
98.8	2.179471506193467
98.85	2.1795816252490203
98.9	2.1796916438488814
98.95	2.179801562081602
99.	2.1799113779593013
99.05	2.180021091480476
99.1	2.18013070257995
99.15	2.1802402101172618
99.2	2.180349613393766
99.25	2.1804589130418215
99.3	2.180568110361567
99.35	2.1806772053852814
99.4	2.180786198586654
99.45	2.180895090315789
99.5	2.1810038804704517
99.55	2.181112568825689
99.6	2.181221155217887
99.65	2.1813296388981067
99.7	2.1814380205572994
99.75	2.18154629966645
99.8	2.1816544756816736
99.85	2.181762551310199
99.9	2.1818705270288046
99.95	2.181978402628476
100.	2.1820861789038233