0.	0.
0.05	0.008499629195550378
0.1	0.016998081977567046
0.15	0.025494208737676362
0.2	0.033986888680863456
0.25	0.042475029257250566
0.3	0.05095756562659122
0.35	0.059433460131791946
0.4	0.0679017017813597
0.45	0.07636130574063833
0.5	0.08481131283167648
0.55	0.09325078904159442
0.6	0.10167882503934512
0.65	0.11009453570066596
0.7	0.11849705964118389
0.75	0.12688555875749427
0.8	0.13525921777590266
0.85	0.143617243808954
0.9	0.15195886591970326
0.95	0.16028333469324954
1.	0.16858992181571075
1.05	0.17687791966073763
1.1	0.1851466408828514
1.15	0.19339541801766472
1.2	0.20162360308914776
1.25	0.20983056722365168
1.3	0.21801570027060435
1.35	0.22617841042977047
1.4	0.23431812388496917
1.45	0.2424342844441414
1.5	0.2505263531856681
1.55	0.2585938081108419
1.6	0.2666361438023933
1.65	0.2746528710889612
1.7	0.28264351671540455
1.75	0.2906076230188904
1.8	0.2985447476106552
1.85	0.3064544630633422
1.9	0.3143363566037659
1.95	0.3221900298111079
2.	0.3300150983205893
2.05	0.3378111915322182
2.1	0.34557795232452415
2.15	0.35331503677346243
2.2	0.36102211387635225
2.25	0.368698865280761
2.3	0.37634498501811214
2.35	0.38396017924192233
2.4	0.39154416597079444
2.45	0.39909667483601213
2.5	0.40661744683360446
2.55	0.4141062340806241
2.6	0.4215627995776751
2.65	0.4289869169743446
2.7	0.436378370333712
2.75	0.44373695390610474
2.8	0.45106247191128174
2.85	0.45835473831944457
2.9	0.46561357663544434
2.95	0.47283881968827246
3.	0.48003030942403746
3.05	0.4871878967032329
3.1	0.49431144110146674
3.15	0.5014008107135424
3.2	0.5084558819612978
3.25	0.5154765394049933
3.3	0.5224626755582138
3.35	0.5294141907061056
3.4	0.5363309927268011
3.45	0.5432129969162133
3.5	0.5500601258161254
3.55	0.5568723090454074
3.6	0.5636494831342151
3.65	0.5703915913624548
3.7	0.5770985835994128
3.75	0.5837704161451339
3.8	0.590407051578689
3.85	0.5970084586081542
3.9	0.6035746119215948
3.95	0.6101054920418555
4.	0.6166010851838604
4.05	0.6230613831187388
4.1	0.629486383007176
4.15	0.6358760872868926
4.2	0.6422305035960401
4.25	0.6485496445880126
4.3	0.654833527782273
4.35	0.6610821754691755
4.4	0.6672956145838277
4.45	0.6734738765862462
4.5	0.6796169973436618
4.55	0.6857250170151017
4.6	0.6917979799382133
4.65	0.6978359345182072
4.7	0.7038389331189819
4.75	0.7098070319563079
4.8	0.7157402909938104
4.85	0.721638773840398
4.9	0.7275025476483217
4.95	0.7333316830138563
5.	0.7391262538811024
5.05	0.7448863374485787
5.1	0.7506120140761819
5.15	0.7563033671930715
5.2	0.7619604832084023
5.25	0.7675834514238712
5.3	0.7731723639478736
5.35	0.7787273156113776
5.4	0.7842484038854838
5.45	0.7897357288006149
5.5	0.7951893928673583
5.55	0.8006095009989299
5.6	0.8059961604350839
5.65	0.8113494806676621
5.7	0.8166695733677978
5.75	0.8219565523133426
5.8	0.8272105333268018
5.85	0.83243163420082
5.9	0.8376199746159785
5.95	0.8427756760900555
6.	0.8478988619196032
6.05	0.8529896571088902
6.1	0.8580481883091735
6.15	0.8630745837581892
6.2	0.868068973220947
6.25	0.8730314879317703
6.3	0.8779622605375594
6.35	0.8828614250422472
6.4	0.887729116752444
6.45	0.8925654722242503
6.5	0.897370629211211
6.55	0.9021447266131528
6.6	0.9068879044279637
6.65	0.9116003037015844
6.7	0.9162820664772137
6.75	0.9209333357517515
6.8	0.9255542554313504
6.85	0.9301449702851163
6.9	0.9347056259016755
6.95	0.939236368646466
7.	0.9437373456199875
7.05	0.9482087046169806
7.1	0.9526505940865243
7.15	0.9570631630930279
7.2	0.9614465612781044
7.25	0.9658009388233119
7.3	0.9701264464137351
7.35	0.974423235202471
7.4	0.978691456775653
7.45	0.982931263118412
7.5	0.9871428065820842
7.55	0.9913262398520273
7.6	0.9954817159158819
7.65	0.9996093880322732
7.7	1.0037094097006383
7.75	1.007781934632019
7.8	1.0118271167202983
7.85	1.0158451100141526
7.9	1.0198360686896832
7.95	1.0238001470237268
8.	1.0277374993678126
8.05	1.0316482801227718
8.1	1.035532643713879
8.15	1.0393907445666857
8.2	1.0432227370836253
8.25	1.047028775621114
8.3	1.0508090144670963
8.35	1.054563607819134
8.4	1.0582927097631125
8.45	1.0619964742526093
8.5	1.065675055088858
8.55	1.0693286059011067
8.6	1.0729572801274485
8.65	1.076561230996239
8.7	1.080140611507984
8.75	1.0836955744177712
8.8	1.0872262722178174
8.85	1.0907328571207686
8.9	1.094215481044187
8.95	1.0976742955947523
9.	1.1011094520526035
9.05	1.1045211013566174
9.1	1.1079093940899825
9.15	1.1112744804659744
9.2	1.1146165103143495
9.25	1.1179356330682328
9.3	1.1212319977512648
9.35	1.1245057529652374
9.4	1.1277570468780753
9.45	1.1309860272120196
9.5	1.1341928412322904
9.55	1.1373776357361818
9.6	1.1405405570423484
9.65	1.1436817509805834
9.7	1.1468013628820182
9.75	1.149899537569316
9.8	1.15297641934732
9.85	1.1560321519942014
9.9	1.159066878752763
9.95	1.1620807423220239
10.	1.165073884849555
10.05	1.1680464479209396
10.1	1.1709985725515148
10.15	1.1739303991874117
10.2	1.176842067698477
10.25	1.1797337173632085
10.3	1.182605486863168
10.35	1.1854575142797787
10.4	1.1882899370879585
10.45	1.1911028921502866
10.5	1.1938965157116421
10.55	1.1966709433940697
10.6	1.1994263101916316
10.65	1.2021627504654957
10.7	1.2048803979394767
10.75	1.2075793856956938
10.8	1.2102598461704344
10.85	1.2129219111503613
10.9	1.2155657117687686
10.95	1.2181913785019836
11.	1.2207990411660279
11.05	1.2233888289134538
11.1	1.225960870230377
11.15	1.2285152929336745
11.2	1.2310522241683732
11.25	1.233571790405253
11.3	1.2360741174385772
11.35	1.2385593303839149
11.4	1.24102755367611
11.45	1.2434789110675202
11.5	1.2459135256264198
11.55	1.2483315197354676
11.6	1.2507330150903393
11.65	1.2531181326984324
11.7	1.255486992877768
11.75	1.2578397152562044
11.8	1.2601764187705002
11.85	1.262497221665527
11.9	1.2648022414940647
11.95	1.2670915951163446
12.	1.2693653986993974
12.05	1.2716237677168984
12.1	1.2738668169491154
12.15	1.2760946604828611
12.2	1.2783074117116655
12.25	1.2805051833360297
12.3	1.2826880873637156
12.35	1.284856235110166
12.4	1.2870097371990725
12.45	1.2891487035629916
12.5	1.2912732434440537
12.55	1.293383465394758
12.6	1.2954794772788725
12.65	1.2975613862724067
12.7	1.2996292988646467
12.75	1.3016833208592902
12.8	1.3037235573756898
12.85	1.305750112850146
12.9	1.307763091037202
12.95	1.3097625950110727
13.	1.3117487271671844
13.05	1.313721589223747
13.1	1.3156812822233888
13.15	1.317627906534861
13.2	1.3195615618548033
13.25	1.3214823472095594
13.3	1.323390360957057
13.35	1.3252857007887435
13.4	1.3271684637315795
13.45	1.3290387461500819
13.5	1.330896643748421
13.55	1.3327422515725678
13.6	1.3345756640124813
13.65	1.3363969748043518
13.7	1.3382062770328966
13.75	1.34000366313369
13.8	1.3417892248955288
13.85	1.343563053462846
13.9	1.3453252393381625
13.95	1.3470758723845786
14.	1.3488150418282998
14.05	1.3505428362611993
14.1	1.3522593436434138
14.15	1.3539646513059709
14.2	1.3556588459534504
14.25	1.3573420136666763
14.3	1.3590142399054363
14.35	1.360675609511226
14.4	1.3623262067100288
14.45	1.3639661151151168
14.5	1.365595417729861
14.55	1.3672141969505873
14.6	1.3688225345694547
14.65	1.3704205117773418
14.7	1.3720082091667647
14.75	1.3735857067348087
14.8	1.375153083886073
14.85	1.3767104194356445
14.9	1.3782577916120848
14.95	1.3797952780604241
15.	1.3813229558451798
15.05	1.3828409014533851
15.1	1.3843491907976342
15.15	1.3858478992191432
15.2	1.3873371014908122
15.25	1.388816871820303
15.3	1.390287283853084
15.35	1.3917484106755469
15.4	1.3932003248181934
15.45	1.3946430982587215
15.5	1.396076802425139
15.55	1.397501508198905
15.6	1.39891728591799
15.65	1.4003242053800362
15.7	1.401722335845555
15.75	1.4031117460410407
15.8	1.4044925041621101
15.85	1.4058646778766726
15.9	1.4072283343280865
15.95	1.408583540138319
16.	1.4099303614111052
16.05	1.411268863735111
16.1	1.4125991121870938
16.15	1.4139211713350648
16.2	1.4152351052414442
16.25	1.4165409774662154
16.3	1.4178388510700912
16.35	1.4191287886176698
16.4	1.4204108521805838
16.45	1.421685103340645
16.5	1.4229516031929879
16.55	1.4242104123492145
16.6	1.4254615909405313
16.65	1.4267051986208805
16.7	1.427941294570064
16.75	1.4291699374968625
16.8	1.4303911856421632
16.85	1.4316050967820702
16.9	1.4328117282309965
16.95	1.4340111368447628
17.	1.4352033790236878
17.05	1.4363885107156704
17.1	1.4375665874192642
17.15	1.4387376641867449
17.2	1.4399017956271676
17.25	1.4410590359094166
17.3	1.4422094387652478
17.35	1.443353057492317
17.4	1.4444899449572015
17.45	1.4456201535984146
17.5	1.446743735429408
17.55	1.4478607420415692
17.6	1.4489712246070756
17.65	1.4500752338828629
17.7	1.451172820212839
17.75	1.4522640335289567
17.8	1.453348923356032
17.85	1.4544275388154073
17.9	1.4554999286269648
17.95	1.456566141112173
18.	1.4576262241968012
18.05	1.4586802254137183
18.1	1.4597281919058442
18.15	1.460770170429185
18.2	1.461806207355665
18.25	1.4628363486758618
18.3	1.4638606400018435
18.35	1.4648791265699752
18.4	1.4658918532437204
18.45	1.4668988645164245
18.5	1.4679002045140646
18.55	1.4688959169980058
18.6	1.469886045367753
18.65	1.4708706326636767
18.7	1.4718497215697304
18.75	1.47282335441615
18.8	1.4737915731821427
18.85	1.4747544194985616
18.9	1.4757119346505667
18.95	1.4766641595802632
19.	1.4776111348893313
19.05	1.4785529008416645
19.1	1.479489497365972
19.15	1.480420964058361
19.2	1.4813473401849149
19.25	1.4822686646842538
19.3	1.4831849761700837
19.35	1.4840963129337292
19.4	1.485002712946652
19.45	1.485904213862956
19.5	1.4868008530218777
19.55	1.4876926674502713
19.6	1.488579693865035
19.65	1.489461968675549
19.7	1.4903395279862017
19.75	1.4912124075988087
19.8	1.492080643014925
19.85	1.492944269438241
19.9	1.493803321776989
19.95	1.4946578346462989
20.	1.4955078423705268
20.05	1.4963533789855852
20.1	1.4971944782412945
20.15	1.4980311736036827
20.2	1.4988634982572548
20.25	1.4996914851072642
20.3	1.5005151667819892
20.35	1.5013345756349787
20.4	1.502149743747248
20.45	1.5029607029294945
20.5	1.5037674847243168
20.55	1.5045701204083979
20.6	1.505368640994676
20.65	1.5061630772345032
20.7	1.5069534596197873
20.75	1.5077398183851207
20.8	1.5085221835098925
20.85	1.5093005847203902
20.9	1.5100750514918846
20.95	1.5108456130507029
21.	1.5116122983762852
21.05	1.5123751362032256
21.1	1.5131341550233002
21.15	1.513889383087484
21.2	1.5146408484079512
21.25	1.5153885787600612
21.3	1.5161326016843424
21.35	1.5168729444884506
21.4	1.5176096342490908
21.45	1.51834269781396
21.5	1.5190721618036405
21.55	1.519798052613495
21.6	1.520520396415615
21.65	1.5212392191607103
21.7	1.521954546579963
21.75	1.52266640418684
21.8	1.5233748172789192
21.85	1.524079810939732
21.9	1.524781410040569
21.95	1.5254796392422891
22.	1.526174522997102
22.05	1.5268660855503131
22.1	1.5275543509420832
22.15	1.5282393430091818
22.2	1.5289210853867155
22.25	1.5295996015098459
22.3	1.530274914615493
22.35	1.5309470477440272
22.4	1.5316160237409482
22.45	1.5322818652585508
22.5	1.5329445947575766
22.55	1.5336042345088523
22.6	1.534260806594921
22.65	1.5349143329116568
22.7	1.535564835169868
22.75	1.5362123348968868
22.8	1.536856853438146
22.85	1.5374984119587485
22.9	1.5381370314450205
22.95	1.5387727327060507
23.	1.539405536375221
23.05	1.5400354629117248
23.1	1.5406625326020735
23.15	1.54128676556159
23.2	1.54190818173589
23.25	1.5425268009023523
23.3	1.5431426426715782
23.35	1.543755726488841
23.4	1.544366071635521
23.45	1.5449736972305264
23.5	1.5455786222317078
23.55	1.5461808654372604
23.6	1.5467804454871135
23.65	1.5473773808643094
23.7	1.5479716898963718
23.75	1.548563390756663
23.8	1.54915250146573
23.85	1.5497390398926407
23.9	1.5503230237563088
23.95	1.5509044706268047
24.	1.5514833979266585
24.05	1.5520598229321512
24.1	1.5526337627746
24.15	1.5532052344416272
24.2	1.5537742547784215
24.25	1.5543408404889862
24.3	1.5549050081373819
24.35	1.5554667741489534
24.4	1.5560261548115513
24.45	1.5565831662767418
24.5	1.5571378245610037
24.55	1.5576901455469176
24.6	1.5582401449843475
24.65	1.5587878384916183
24.7	1.5593332415566756
24.75	1.5598763695382087
24.8	1.5604172376667285
24.85	1.5609558610457281
24.9	1.561492254652988
24.95	1.5620264333416882
25.	1.5625584118413267
25.05	1.5630882047587902
25.1	1.5636158265795035
25.15	1.5641412916685165
25.2	1.564664614271566
25.25	1.5651858085161343
25.3	1.5657048884124976
25.35	1.5662218678547606
25.4	1.566736760621889
25.45	1.5672495803787296
25.5	1.5677603406770249
25.55	1.5682690549564138
25.6	1.568775736545429
25.65	1.5692803986624828
25.7	1.5697830544168563
25.75	1.5702837168095953
25.8	1.5707823987344725
25.85	1.5712791129791575
25.9	1.571773872226098
25.95	1.5722666890532462
26.	1.57275757593507
26.05	1.5732465452435391
26.1	1.5737336092490046
26.15	1.5742187801211065
26.2	1.5747020699296725
26.25	1.575183490645599
26.3	1.5756630541417316
26.35	1.5761407721937506
26.4	1.5766166564810402
26.45	1.5770907185875376
26.5	1.5775629700025915
26.55	1.5780334221218073
26.6	1.5785020862478716
26.65	1.5789689735913757
26.7	1.5794340952716428
26.75	1.579897462317542
26.8	1.580359085668298
26.85	1.5808189761742897
26.9	1.58127714459784
26.95	1.581733601614008
27.	1.5821883578113658
27.05	1.5826414236927693
27.1	1.5830928096761225
27.15	1.5835425260951361
27.2	1.5839905832000796
27.25	1.5844369911585254
27.3	1.5848817600560896
27.35	1.5853248998971496
27.4	1.5857664206055828
27.45	1.586206332025506
27.5	1.5866446439219664
27.55	1.5870813659816374
27.6	1.5875165078135254
27.65	1.5879500789496694
27.7	1.588382088845827
27.75	1.58881254688213
27.8	1.589241462363771
27.85	1.5896688445216964
27.9	1.5900947025132661
27.95	1.590519045422901
28.	1.590941882262735
28.05	1.5913632219732579
28.1	1.5917830734239558
28.15	1.592201445413944
28.2	1.592618346672596
28.25	1.5930337858601638
28.3	1.5934477715683963
28.35	1.5938603123211499
28.4	1.5942714165749927
28.45	1.5946810927198072
28.5	1.5950893490793823
28.55	1.595496193912005
28.6	1.5959016354110425
28.65	1.596305681705522
28.7	1.596708340860703
28.75	1.5971096208786466
28.8	1.597509529698778
28.85	1.5979080751984402
28.9	1.5983052651934757
28.95	1.5987011074387532
29.	1.5990956096286588
29.05	1.5994887793976853
29.1	1.5998806243209864
29.15	1.6002711519148767
29.2	1.6006603696373582
29.25	1.6010482848886405
29.3	1.6014349050116525
29.35	1.6018202372925532
29.4	1.6022042889612347
29.45	1.602587067191824
29.5	1.6029685791031714
29.55	1.603348831759383
29.6	1.6037278321702773
29.65	1.6041055872917866
29.7	1.6044821040265151
29.75	1.6048573892242408
29.8	1.6052314496823434
29.85	1.6056042921462794
29.9	1.605975923310003
29.95	1.6063463498164507
30.	1.6067155782580675
30.05	1.6070836151771806
30.1	1.6074504670664123
30.15	1.6078161403691609
30.2	1.6081806414800284
30.25	1.608543976745255
30.3	1.6089061524631405
30.35	1.609267174884469
30.4	1.6096270502129342
30.45	1.6099857846055565
30.5	1.6103433841730903
30.55	1.6106998549804317
30.6	1.611055203047019
30.65	1.6114094343472694
30.7	1.6117625548109513
30.75	1.6121145703235125
30.8	1.6124654867265258
30.85	1.612815309818098
30.9	1.613164045353226
30.95	1.6135116990441922
31.	1.6138582765609368
31.05	1.6142037835314165
31.1	1.6145482255419745
31.15	1.6148916081377094
31.2	1.6152339368228368
31.25	1.6155752170610476
31.3	1.6159154542758634
31.35	1.6162546538509863
31.4	1.6165928211306504
31.45	1.616929961419965
31.5	1.617266079985254
31.55	1.6176011820544232
31.6	1.6179352728172762
31.65	1.6182683574257961
31.7	1.6186004409945236
31.75	1.6189315286009018
31.8	1.619261625285573
31.85	1.6195907360527042
31.9	1.6199188658703065
31.95	1.6202460196705475
32.	1.6205722023500635
32.05	1.6208974187702694
32.1	1.621221673757663
32.15	1.6215449721041288
32.2	1.6218673185672388
32.25	1.6221887178705487
32.3	1.622509174703894
32.35	1.6228286937236807
32.4	1.6231472795531747
32.45	1.6234649367827934
32.5	1.6237816699703853
32.55	1.6240974836415019
32.6	1.6244123822896865
32.65	1.6247263703767527
32.7	1.6250394523330558
32.75	1.6253516325577622
32.8	1.6256629154191182
32.85	1.625973305254716
32.9	1.6262828063717565
32.95	1.6265914230473093
33.	1.6268991595285736
33.05	1.627206020033133
33.1	1.6275120087492105
33.15	1.6278171298359183
33.2	1.6281213874235088
33.25	1.6284247856136218
33.3	1.6287273284795283
33.35	1.6290290200663722
33.4	1.6293298643914105
33.45	1.6296298654442525
33.5	1.6299290271870925
33.55	1.6302273535549454
33.6	1.630524848455877
33.65	1.6308215157712338
33.7	1.6311173593558685
33.75	1.631412383038369
33.8	1.6317065906212822
33.85	1.6319999858813243
33.9	1.6322925725695987
33.95	1.6325843544118246
34.	1.6328753351085499
34.05	1.6331655183353628
34.1	1.633454907743097
34.15	1.6337435069580402
34.2	1.634031319582146
34.25	1.6343183491932394
34.3	1.6346045993452165
34.35	1.6348900735682474
34.4	1.6351747753689736
34.45	1.6354587082307057
34.5	1.6357418756136197
34.55	1.6360242809549503
34.6	1.6363059276691831
34.65	1.636586819148244
34.7	1.6368669587616889
34.75	1.6371463498568886
34.8	1.6374249957592153
34.85	1.6377028997722252
34.9	1.6379800651778393
34.95	1.6382564952365248
35.	1.6385321931874712
35.05	1.6388071622487685
35.1	1.6390814056175813
35.15	1.6393549264703224
35.2	1.6396277279628246
35.25	1.63989981323051
35.3	1.6401711853885594
35.35	1.6404418475320786
35.4	1.6407118027362642
35.45	1.640981054056567
35.5	1.641249604528854
35.55	1.6415174571695708
35.6	1.6417846149759001
35.65	1.6420510809259201
35.7	1.64231685797876
35.75	1.642581949074756
35.8	1.6428463571356042
35.85	1.6431100850645133
35.9	1.6433731357463548
35.95	1.6436355120478132
36.	1.6438972168175325
36.05	1.6441582528862648
36.1	1.644418623067013
36.15	1.6446783301551828
36.2	1.6449373769287197
36.25	1.6451957661482386
36.3	1.6454535005571753
36.35	1.6457105828819298
36.4	1.6459670158319986
36.45	1.6462228021001108
36.5	1.6464779443623634
36.55	1.646732445278355
36.6	1.646986307491318
36.65	1.6472395336282508
36.7	1.647492126300047
36.75	1.6477440881016243
36.8	1.6479954216120527
36.85	1.6482461293946806
36.9	1.6484962139972612
36.95	1.6487456779520748
37.	1.6489945237760544
37.05	1.6492427539709056
37.1	1.6494903710232285
37.15	1.6497373774046373
37.2	1.6499837755718794
37.25	1.6502295679669514
37.3	1.650474757017218
37.35	1.6507193451355253
37.4	1.6509633347203172
37.45	1.6512067281557468
37.5	1.65144952781179
37.55	1.6516917360443564
37.6	1.6519333551954003
37.65	1.6521743875930293
37.7	1.6524148355516124
37.75	1.6526547013718882
37.8	1.6528939873410704
37.85	1.6531326957329544
37.9	1.6533708288080202
37.95	1.653608388813537
38.	1.653845377983665
38.05	1.6540817985395577
38.1	1.6543176526894625
38.15	1.6545529426288204
38.2	1.654787670540365
38.25	1.6550218385942206
38.3	1.6552554489479978
38.35	1.655488503746891
38.4	1.6557210051237767
38.45	1.6559529551993057
38.5	1.6561843560819942
38.55	1.6564152098683196
38.6	1.6566455186428108
38.65	1.6568752844781416
38.7	1.6571045094352184
38.75	1.657333195563274
38.8	1.6575613448999569
38.85	1.6577889594714104
38.9	1.6580160412923597
38.95	1.6582425923662076
39.	1.658468614685118
39.05	1.6586941102300992
39.1	1.6589190809710874
39.15	1.6591435288670306
39.2	1.6593674558659712
39.25	1.6595908639051278
39.3	1.659813754910976
39.35	1.6600361307993294
39.4	1.6602579934754191
39.45	1.6604793448339725
39.5	1.6607001867592919
39.55	1.6609205211253317
39.6	1.661140349795776
39.65	1.6613596746241108
39.7	1.6615784974536996
39.75	1.6617968201178674
39.8	1.6620146444399768
39.85	1.6622319722334895
39.9	1.6624488053020403
39.95	1.6626651454395145
40.	1.6628809944301168
40.05	1.6630963540484438
40.1	1.6633112260595537
40.15	1.6635256122190367
40.2	1.6637395142730835
40.25	1.6639529339585533
40.3	1.6641658730030429
40.35	1.664378333124953
40.4	1.664590316033557
40.45	1.6648018234290638
40.5	1.6650128570026888
40.55	1.6652234184367156
40.6	1.665433509404554
40.65	1.6656431315708098
40.7	1.665852286591352
40.75	1.6660609761133727
40.8	1.6662692017754486
40.85	1.6664769652076028
40.9	1.666684268031365
40.95	1.6668911118598329
41.	1.6670974982977322
41.05	1.6673034289414768
41.1	1.6675089053792267
41.15	1.6677139291909477
41.2	1.6679185019484686
41.25	1.6681226252155397
41.3	1.6683263005478886
41.35	1.6685295294932776
41.4	1.6687323135915588
41.45	1.6689346543747308
41.5	1.669136553366993
41.55	1.669338012084801
41.6	1.6695390320369197
41.65	1.669739614724477
41.7	1.6699397616410172
41.75	1.6701394742725555
41.8	1.670338754097628
41.85	1.670537602587346
41.9	1.670736021205445
41.95	1.6709340114083369
42.	1.671131574645161
42.05	1.671328712357833
42.1	1.671525425981095
42.15	1.6717217169425647
42.2	1.6719175866627838
42.25	1.67211303655527
42.3	1.6723080680265483
42.35	1.6725026824762097
42.4	1.6726968812969891
42.45	1.6728906658747824
42.5	1.6730840375886806
42.55	1.6732769978110311
42.6	1.67346954790748
42.65	1.673661689237021
42.7	1.673853423152041
42.75	1.6740447509983614
42.8	1.6742356741152826
42.85	1.674426193835631
42.9	1.674616311485801
42.95	1.6748060283857948
43.	1.6749953458492666
43.05	1.6751842651835647
43.1	1.6753727876897742
43.15	1.6755609146627586
43.2	1.675748647391201
43.25	1.6759359871576454
43.3	1.676122935238536
43.35	1.6763094929042595
43.4	1.6764956614191828
43.45	1.676681442041694
43.5	1.6768668360242414
43.55	1.6770518446133722
43.6	1.6772364690497714
43.65	1.6774207105682997
43.7	1.6776045703980313
43.75	1.6777880497622923
43.8	1.6779711498786976
43.85	1.678153871959188
43.9	1.678336217210067
43.95	1.6785181868320376
44.	1.6786997820202372
44.05	1.6788810039642752
44.1	1.6790618538482673
44.15	1.6792423328508712
44.2	1.679422442145322
44.25	1.6796021828994654
44.3	1.6797815562757932
44.35	1.6799605634314774
44.4	1.6801392055184041
44.45	1.6803174836832064
44.5	1.6804953990672986
44.55	1.680672952806909
44.6	1.6808501460331127
44.65	1.6810269798718636
44.7	1.681203455444027
44.75	1.6813795738654123
44.8	1.6815553362468034
44.85	1.6817307436939912
44.9	1.6819057973078042
44.95	1.68208049818414
45.	1.682254847413995
45.05	1.6824288460834964
45.1	1.6826024952739316
45.15	1.682775796061778
45.2	1.682948749518733
45.25	1.6831213567117438
45.3	1.683293618703036
45.35	1.6834655365501439
45.4	1.6836371113059379
45.45	1.6838083440186538
45.5	1.683979235731921
45.55	1.684149787484791
45.6	1.684320000311765
45.65	1.684489875242822
45.7	1.6846594133034456
45.75	1.6848286155146524
45.8	1.684997482893017
45.85	1.685166016450701
45.9	1.6853342171954788
45.95	1.6855020861307641
46.	1.6856696242556355
46.05	1.6858368325648638
46.1	1.686003712048937
46.15	1.6861702636940856
46.2	1.6863364884823089
46.25	1.686502387391399
46.3	1.6866679613949669
46.35	1.6868332114624678
46.4	1.6869981385592248
46.45	1.6871627436464536
46.5	1.6873270276812875
46.55	1.6874909916168006
46.6	1.6876546364020308
46.65	1.6878179629820065
46.7	1.6879809722977661
46.75	1.688143665286384
46.8	1.6883060428809924
46.85	1.6884681060108062
46.9	1.6886298556011448
46.95	1.688791292573454
47.	1.6889524178453301
47.05	1.6891132323305404
47.1	1.6892737369390471
47.15	1.6894339325770276
47.2	1.6895938201468974
47.25	1.689753400547332
47.3	1.689912674673287
47.35	1.6900716434160212
47.4	1.6902303076631158
47.45	1.6903886682984977
47.5	1.6905467262024576
47.55	1.6907044822516737
47.6	1.69086193731923
47.65	1.691019092274637
47.7	1.691175947983853
47.75	1.6913325053093036
47.8	1.6914887651099009
47.85	1.6916447282410645
47.9	1.6918003955547405
47.95	1.6919557678994213
48.	1.6921108461201644
48.05	1.6922656310586117
48.1	1.6924201235530094
48.15	1.692574324438222
48.2	1.6927282345457548
48.25	1.6928818547037823
48.3	1.693035185737157
48.35	1.6931882284674244
48.4	1.693340983712845
48.45	1.6934934522884117
48.5	1.6936456350058662
48.55	1.6937975326737231
48.6	1.6939491460972878
48.65	1.6941004760786675
48.7	1.6942515234167908
48.75	1.694402288907424
48.8	1.6945527733431915
48.85	1.694702977513591
48.9	1.6948529022050096
48.95	1.6950025482007438
49.	1.6951519162810127
49.05	1.695301007222977
49.1	1.6954498218007545
49.15	1.6955983607854366
49.2	1.6957466249451045
49.25	1.695894615044846
49.3	1.69604233184677
49.35	1.6961897761100244
49.4	1.6963369485908102
49.45	1.6964838500423984
49.5	1.6966304812151454
49.55	1.6967768428565073
49.6	1.6969229357110567
49.65	1.697068760520497
49.7	1.6972143180236783
49.75	1.6973596089566112
49.8	1.697504634052483
49.85	1.6976493940416724
49.9	1.6977938896517635
49.95	1.6979381216050582
50.	1.6980820906585703
50.05	1.6982257969666392
50.1	1.698369242286339
50.15	1.6985124268147445
50.2	1.6986553518844212
50.25	1.6987980169572792
50.3	1.6989404233852645
50.35	1.699082571874262
50.4	1.6992244631191151
50.45	1.699366097832234
50.5	1.6995074767033302
50.55	1.699648600391961
50.6	1.6997894696021474
50.65	1.6999300849861743
50.7	1.7000704472580268
50.75	1.7002105570704589
50.8	1.700350415153559
50.85	1.7004900221734274
50.9	1.700629378776887
50.95	1.700768485641491
51.	1.7009073434743267
51.05	1.701045952910104
51.1	1.7011843146328793
51.15	1.701322429378043
51.2	1.7014602994813186
51.25	1.7015979222042013
51.3	1.70173529979341
51.35	1.7018724329640502
51.4	1.7020093223598434
51.45	1.7021459686350175
51.5	1.7022823723361726
51.55	1.7024185341059654
51.6	1.7025544546746756
51.65	1.7026901346169478
51.7	1.7028255747493808
51.75	1.7029607753991103
51.8	1.7030957375109192
51.85	1.7032304615672063
51.9	1.7033649481359874
51.95	1.7034991979787062
52.	1.7036332119985944
52.05	1.7037669906504815
52.1	1.7039005342923634
52.15	1.7040338431373778
52.2	1.7041669179861825
52.25	1.7042997593298495
52.3	1.7044323683163853
52.35	1.7045647455346724
52.4	1.7046968915349723
52.45	1.7048288069534094
52.5	1.704960492507733
52.55	1.705091948678893
52.6	1.7052231761404866
52.65	1.7053541755138948
52.7	1.7054849473793379
52.75	1.7056154927484712
52.8	1.705745811479818
52.85	1.705875904507372
52.9	1.706005772090629
52.95	1.706135414824287
53.	1.706264833589065
53.05	1.7063940291414794
53.1	1.7065230014769313
53.15	1.7066517507653205
53.2	1.706780276427215
53.25	1.706908582130893
53.3	1.7070366657519982
53.35	1.707164528255917
53.4	1.7072921714696037
53.45	1.7074195959007357
53.5	1.7075468019536184
53.55	1.7076737907479211
53.6	1.7078005625740307
53.65	1.7079271179020923
53.7	1.7080534573304043
53.75	1.7081795815112717
53.8	1.7083054917436127
53.85	1.7084311873966256
53.9	1.7085566691939675
53.95	1.708681937249607
54.	1.70880699206295
54.05	1.7089318341316526
54.1	1.7090564631304153
54.15	1.7091808800144446
54.2	1.709305085808809
54.25	1.7094290810907264
54.3	1.7095528664671669
54.35	1.7096764426043811
54.4	1.7097998100988012
54.45	1.7099229694229068
54.5	1.7100459212246015
54.55	1.7101686662822222
54.6	1.710291204867414
54.65	1.7104135371147422
54.7	1.7105356635858413
54.75	1.7106575852093806
54.8	1.7107793017806698
54.85	1.7109008148723175
54.9	1.711022124124613
54.95	1.7111432297797282
55.	1.7112641333987575
55.05	1.711384834506198
55.1	1.7115053339828865
55.15	1.7116256331324462
55.2	1.7117457331012502
55.25	1.7118656331372166
55.3	1.7119853329373322
55.35	1.7121048313084206
55.4	1.7122241301427474
55.45	1.7123432289834561
55.5	1.7124621309327002
55.55	1.712580836261446
55.6	1.7126993451577213
55.65	1.7128176578480636
55.7	1.712935775539512
55.75	1.713053698863141
55.8	1.7131714279955914
55.85	1.7132889636113102
55.9	1.7134063051575124
55.95	1.713523455755067
56.	1.7136404152365652
56.05	1.7137571817194857
56.1	1.713873756179943
56.15	1.7139901388725853
56.2	1.7141063304078645
56.25	1.7142223308087987
56.3	1.7143381391569137
56.35	1.714453757306514
56.4	1.7145691860648735
56.45	1.7146844256198648
56.5	1.714799479847369
56.55	1.7149143455810916
56.6	1.715029022257463
56.65	1.7151435123546173
56.7	1.7152578162903125
56.75	1.7153719349215755
56.8	1.7154858683405139
56.85	1.7155996166726173
56.9	1.7157131802671324
56.95	1.7158265597410158
57.	1.7159397554390443
57.05	1.716052767821273
57.1	1.716165597132658
57.15	1.7162782434659687
57.2	1.7163907087291521
57.25	1.7165029923754773
57.3	1.716615094588431
57.35	1.7167270161279284
57.4	1.716838757584284
57.45	1.7169503195793792
57.5	1.7170617025745245
57.55	1.717172906734377
57.6	1.717283932158574
57.65	1.7173947791614808
57.7	1.7175054482230165
57.75	1.7176159400578617
57.8	1.7177262554057213
57.85	1.7178363944227297
57.9	1.7179463575112475
57.95	1.7180561450041754
58.	1.7181657569098345
58.05	1.7182751939730525
58.1	1.718384457108648
58.15	1.7184935446451524
58.2	1.7186024602862324
58.25	1.7187112035785477
58.3	1.718819772959985
58.35	1.718928170274447
58.4	1.7190363952654644
58.45	1.719144448466645
58.5	1.7192523312950967
58.55	1.7193600456902227
58.6	1.7194675908583
58.65	1.7195749663107316
58.7	1.7196821699078553
58.75	1.7197892017721081
58.8	1.7198960623665196
58.85	1.7200027529744732
58.9	1.7201092771684205
58.95	1.7202156346764343
59.	1.720321825740253
59.05	1.7204278505516715
59.1	1.7205337104992395
59.15	1.7206394041306812
59.2	1.7207449329535716
59.25	1.7208502972072326
59.3	1.7209554967015137
59.35	1.721060533595931
59.4	1.721165410574551
59.45	1.721270122751835
59.5	1.7213746717703442
59.55	1.7214790574781893
59.6	1.7215832804038953
59.65	1.721687340817651
59.7	1.7217912380146387
59.75	1.721894971567363
59.8	1.7219985438193857
59.85	1.7221019549451122
59.9	1.7222052052525694
59.95	1.722308295283219
60.	1.7224112258663813
60.05	1.7225139976355617
60.1	1.7226166108535423
60.15	1.722719065870431
60.2	1.7228213631754454
60.25	1.7229235059200543
60.3	1.7230254887339236
60.35	1.723127312867804
60.4	1.7232289804789884
60.45	1.723330491757555
60.5	1.7234318470098506
60.55	1.7235330468546668
60.6	1.7236340906579521
60.65	1.723734979094276
60.7	1.7238357145953407
60.75	1.7239362951715598
60.8	1.7240367213981
60.85	1.7241369945214027
60.9	1.7242371149344935
60.95	1.7243370861850698
61.	1.7244369065323195
61.05	1.7245365717007919
61.1	1.7246360852442089
61.15	1.7247354458724047
61.2	1.7248346540150328
61.25	1.7249337114723158
61.3	1.7250326195924346
61.35	1.7251313783513407
61.4	1.7252299877165451
61.45	1.7253284477510087
61.5	1.7254267585211454
61.55	1.7255249200636829
61.6	1.7256229330567396
61.65	1.7257207975576507
61.7	1.7258185113825626
61.75	1.7259160795880684
61.8	1.7260135033976123
61.85	1.7261107763921832
61.9	1.726207902372241
61.95	1.7263048820695654
62.	1.726401715820076
62.05	1.726498404130046
62.1	1.726594947620041
62.15	1.7266913468683576
62.2	1.7267876020064077
62.25	1.7268837130664167
62.3	1.7269796803411908
62.35	1.7270755046770847
62.4	1.727171186033293
62.45	1.7272667245832591
62.5	1.7273621207791299
62.55	1.7274573746157382
62.6	1.7275524862728358
62.65	1.7276474564740778
62.7	1.727742290455107
62.75	1.7278369760470156
62.8	1.727931521867895
62.85	1.728025926124696
62.9	1.7281201899800875
62.95	1.7282143148621862
63.	1.7283083005652866
63.05	1.7284021473020301
63.1	1.7284958557510066
63.15	1.728589427276939
63.2	1.7286828614799377
63.25	1.728776157635324
63.3	1.728869315438853
63.35	1.7289623336506141
63.4	1.7290552139012576
63.45	1.7291479556435205
63.5	1.7292405605359809
63.55	1.7293330307158847
63.6	1.7294253652499145
63.65	1.7295175638343012
63.7	1.7296096268656267
63.75	1.7297015569565188
63.8	1.7297933544098805
63.85	1.7298850178905303
63.9	1.7299765479000686
63.95	1.7300679447072307
64.	1.730159207444387
64.05	1.7302503414801307
64.1	1.730341344011399
64.15	1.7304322124235325
64.2	1.7305229480878142
64.25	1.7306135513223508
64.3	1.7307040204737594
64.35	1.730794356832288
64.4	1.7308845603674161
64.45	1.7309746289947938
64.5	1.7310645652633043
64.55	1.7311543701960612
64.6	1.7312440452321436
64.65	1.7313335909768017
64.7	1.7314230085315938
64.75	1.731512297653222
64.8	1.7316014578413323
64.85	1.7316904885297963
64.9	1.7317793899043834
64.95	1.731868163062041
65.	1.7319568086940829
65.05	1.73204532760916
65.1	1.7321337191981794
65.15	1.7322219839082025
65.2	1.7323101220023143
65.25	1.732398133471695
65.3	1.7324860183980828
65.35	1.7325737771063552
65.4	1.7326614083138485
65.45	1.732748912786358
65.5	1.7328362937509914
65.55	1.732923552604511
65.6	1.7330106858266403
65.65	1.7330976936389788
65.7	1.733184577474403
65.75	1.7332713374781699
65.8	1.733357974105163
65.85	1.733444487499662
65.9	1.7335308794034943
65.95	1.733617149240739
66.	1.7337032965866328
66.05	1.7337893214710713
66.1	1.7338752240676778
66.15	1.7339610045609568
66.2	1.7340466630661562
66.25	1.7341321998107166
66.3	1.7342176152723365
66.35	1.7343029098633194
66.4	1.7343880808375862
66.45	1.7344731302889687
66.5	1.734558064953032
66.55	1.7346428725980167
66.6	1.734727554728003
66.65	1.7348121294963823
66.7	1.7348965796590803
66.75	1.734980906362921
66.8	1.7350651152256744
66.85	1.735149207571592
66.9	1.7352331826916134
66.95	1.7353170407029939
67.	1.735400781100796
67.05	1.7354844039068653
67.1	1.7355679099328838
67.15	1.735651299664162
67.2	1.7357345769222228
67.25	1.735817741987106
67.3	1.7359007918894898
67.35	1.735983726448851
67.4	1.7360665457714908
67.45	1.7361492505747058
67.5	1.7362318402143713
67.55	1.7363143141190285
67.6	1.7363966733798957
67.65	1.736478919590529
67.7	1.7365610516023207
67.75	1.7366430693350865
67.8	1.7367249733420258
67.85	1.7368067637575757
67.9	1.736888440854368
67.95	1.7369700048709997
68.	1.7370514551658869
68.05	1.7371327894349018
68.1	1.7372140103686995
68.15	1.7372951184083143
68.2	1.7373761128342338
68.25	1.737456994486021
68.3	1.737537763583411
68.35	1.7376184208986274
68.4	1.7376989666022673
68.45	1.737779401315865
68.5	1.7378597255108708
68.55	1.7379399387914578
68.6	1.738020041594746
68.65	1.7381000361730299
68.7	1.7381799197200847
68.75	1.738259693001291
68.8	1.7383393588355895
68.85	1.7384189170315758
68.9	1.7384983660135807
68.95	1.7385777064040215
69.	1.7386569392234317
69.05	1.7387360648543804
69.1	1.7388150779685732
69.15	1.738893982293155
69.2	1.7389727775671124
69.25	1.7390514622935898
69.3	1.7391300379810728
69.35	1.7392085043542782
69.4	1.7392868604574536
69.45	1.7393651141528634
69.5	1.7394432629628604
69.55	1.7395213055377359
69.6	1.7395992423467843
69.65	1.7396770740884526
69.7	1.7397548027824525
69.75	1.739832428789185
69.8	1.7399099528840383
69.85	1.7399873743846936
69.9	1.7400646934030086
69.95	1.7401419142787762
70.	1.740219032670956
70.05	1.7402960515929033
70.1	1.7403729654010323
70.15	1.740449776361152
70.2	1.7405264854537215
70.25	1.7406030921670161
70.3	1.7406795958446724
70.35	1.7407559960415009
70.4	1.7408322923670874
70.45	1.7409084832650783
70.5	1.7409845711103369
70.55	1.7410605567134003
70.6	1.7411364371289713
70.65	1.7412122124383913
70.7	1.7412878947842305
70.75	1.7413634774736866
70.8	1.7414389501459855
70.85	1.7415143220981386
70.9	1.7415895941200512
70.95	1.7416647665607679
71.	1.7417398392799588
71.05	1.7418148120594832
71.1	1.7418896841832188
71.15	1.741964455856402
71.2	1.742039127566386
71.25	1.7421136996943747
71.3	1.7421881731832067
71.35	1.7422625484502925
71.4	1.7423368252147524
71.45	1.742411003319814
71.5	1.7424850817738635
71.55	1.7425590631105812
71.6	1.7426329489090757
71.65	1.7427067369008822
71.7	1.7427804272208554
71.75	1.742854026690388
71.8	1.7429275262302004
71.85	1.7430009218801972
71.9	1.7430742208692864
71.95	1.7431474233968454
72.	1.7432205297530143
72.05	1.7432935405894225
72.1	1.743366456857585
72.15	1.743439278574973
72.2	1.7435120052955468
72.25	1.74358463759944
72.3	1.7436571749894518
72.35	1.743729617687785
72.4	1.7438019672175087
72.45	1.743874222717668
72.5	1.7439463846442456
72.55	1.744018452530703
72.6	1.7440904265389887
72.65	1.7441623067653957
72.7	1.7442340940567025
72.75	1.7443057847373413
72.8	1.7443773796925521
72.85	1.7444488871700443
72.9	1.7445203011773016
72.95	1.7445916193948818
73.	1.7446628451515391
73.05	1.7447339776599526
73.1	1.7448050170800866
73.15	1.7448759638593436
73.2	1.7449468182716195
73.25	1.7450175808324766
73.3	1.7450882463534425
73.35	1.7451588197685188
73.4	1.745229301382497
73.45	1.7452996921483621
73.5	1.745369994697686
73.55	1.7454402027931828
73.6	1.7455103162118517
73.65	1.7455803388364675
73.7	1.745650272095813
73.75	1.7457201163356664
73.8	1.745789871447576
73.85	1.7458595375673223
73.9	1.745929114903241
73.95	1.7459986038347663
74.	1.7460680048991193
74.05	1.7461373178351343
74.1	1.7462065422960038
74.15	1.7462756785716413
74.2	1.746344735259538
74.25	1.7464137075563806
74.3	1.7464825920102847
74.35	1.746551388984885
74.4	1.746620099560972
74.45	1.746688723298735
74.5	1.746757260150497
74.55	1.746825709836338
74.6	1.7468940716205894
74.65	1.7469623456089418
74.7	1.747030532522749
74.75	1.747098633095955
74.8	1.7471666475200633
74.85	1.7472345750061606
74.9	1.7473024165652287
74.95	1.7473701746479815
75.	1.7474378469975589
75.05	1.7475054332475002
75.1	1.7475729282443733
75.15	1.7476403356211518
75.2	1.7477076576449602
75.25	1.7477748947133667
75.3	1.747842046569319
75.35	1.7479091134342457
75.4	1.7479760953528578
75.45	1.748042992873844
75.5	1.7481098059821472
75.55	1.7481765346019864
75.6	1.7482431778322396
75.65	1.7483097363495408
75.7	1.748376213277466
75.75	1.7484426061227807
75.8	1.7485089140464183
75.85	1.7485751379520527
75.9	1.7486412805345417
75.95	1.7487073411948848
76.	1.7487733189558174
76.05	1.7488392140755555
76.1	1.7489050280234937
76.15	1.7489707615098211
76.2	1.7490364104059217
76.25	1.7491019790338416
76.3	1.749167469800814
76.35	1.7492328759167168
76.4	1.7492981970427224
76.45	1.7493634367466464
76.5	1.7494285932811136
76.55	1.7494936682249294
76.6	1.7495586630515145
76.65	1.7496235788182446
76.7	1.7496884146443126
76.75	1.749753170455669
76.8	1.7498178463986969
76.85	1.7498824435964695
76.9	1.7499469623902035
76.95	1.7500114032643395
77.	1.7500757652231282
77.05	1.7501400477241784
77.1	1.7502042497090224
77.15	1.7502683707512667
77.2	1.7503324116932322
77.25	1.7503963780772587
77.3	1.7504602716842848
77.35	1.7505240844805314
77.4	1.7505878131079422
77.45	1.750651463182803
77.5	1.7507150344499507
77.55	1.7507785269686214
77.6	1.7508419406212394
77.65	1.7509052741118711
77.7	1.7509685277669422
77.75	1.751031704194793
77.8	1.7510948032080893
77.85	1.751157824098555
77.9	1.751220767068739
77.95	1.751283633460117
78.	1.751346424527187
78.05	1.7514091392080142
78.1	1.7514717788405494
78.15	1.7515343422680174
78.2	1.7515968292420103
78.25	1.7516592408022071
78.3	1.7517215769098735
78.35	1.7517838371531158
78.4	1.7518460223384866
78.45	1.7519081396127643
78.5	1.7519701745312823
78.55	1.7520321289776288
78.6	1.7520940087095456
78.65	1.7521558129930381
78.7	1.7522175421339452
78.75	1.7522791962603044
78.8	1.7523407753544762
78.85	1.7524022791035934
78.9	1.7524637095477924
78.95	1.7525250681771474
79.	1.7525863523338843
79.05	1.7526475590543695
79.1	1.7527086869805246
79.15	1.7527697411744871
79.2	1.7528307216675645
79.25	1.7528916289438594
79.3	1.7529524621835515
79.35	1.7530132214676064
79.4	1.7530739078969055
79.45	1.7531345214431966
79.5	1.7531950624533985
79.55	1.7532555314317015
79.6	1.7533159283776012
79.65	1.7533762523304788
79.7	1.7534365043391902
79.75	1.753496685787062
79.8	1.7535567976929192
79.85	1.7536168389663285
79.9	1.7536768098936721
79.95	1.753736710868151
80.	1.753796541448523
80.05	1.753856310129926
80.1	1.7539160115153751
80.15	1.753975642206315
80.2	1.7540352010235543
80.25	1.7540946844459062
80.3	1.7541540987381006
80.35	1.7542134495628774
80.4	1.7542727280555588
80.45	1.754331931204178
80.5	1.7543910617589036
80.55	1.7544501205432943
80.6	1.7545091079760315
80.65	1.7545680247001378
80.7	1.75462687123252
80.75	1.754685648070316
80.8	1.7547443560401426
80.85	1.75480299488446
80.9	1.7548615653404007
80.95	1.7549200677637828
81.	1.7549784989345185
81.05	1.7550368558480458
81.1	1.7550951444928278
81.15	1.755153365515804
81.2	1.7552115219225486
81.25	1.755269611041066
81.3	1.7553276296447677
81.35	1.7553855810656596
81.4	1.7554434654109206
81.45	1.7555012815711928
81.5	1.7555590295589834
81.55	1.7556167098076956
81.6	1.7556743221832851
81.65	1.7557318670960689
81.7	1.7557893445016766
81.75	1.7558467531085054
81.8	1.7559040913246005
81.85	1.7559613593382535
81.9	1.756018562021243
81.95	1.756075700298814
82.	1.7561327708946362
82.05	1.756189773473748
82.1	1.7562467090110423
82.15	1.7563035781616025
82.2	1.7563603812839466
82.25	1.7564171176997487
82.3	1.7564737866000895
82.35	1.7565303883321535
82.4	1.756586924056748
82.45	1.756643394452879
82.5	1.7566998003965002
82.55	1.7567561421236633
82.6	1.756812418791062
82.65	1.7568686299699516
82.7	1.756924776838099
82.75	1.7569808609211093
82.8	1.757036880107061
82.85	1.7570928345132857
82.9	1.7571487239415877
82.95	1.7572045489694166
83.	1.7572603101401392
83.05	1.7573160067416267
83.1	1.7573716391960488
83.15	1.757427208043286
83.2	1.7574827139028395
83.25	1.757538154950044
83.3	1.757593525384121
83.35	1.7576488349963015
83.4	1.7577040915302526
83.45	1.7577592824600268
83.5	1.7578144054517497
83.55	1.7578694642119617
83.6	1.757924459974002
83.65	1.7579793938822728
83.7	1.7580342662606576
83.75	1.7580890755766174
83.8	1.7581438215833105
83.85	1.7581985038575263
83.9	1.7582531223809348
83.95	1.7583076773592912
84.	1.758362169247495
84.05	1.7584165993786056
84.1	1.758470969260967
84.15	1.7585252804552214
84.2	1.7585795310510417
84.25	1.7586337199859896
84.3	1.758687846883602
84.35	1.7587419094918493
84.4	1.758795907242396
84.45	1.7588498423215526
84.5	1.758903714601754
84.55	1.7589575230661652
84.6	1.7590112705713368
84.65	1.7590649592153549
84.7	1.7591185884802192
84.75	1.7591721577474038
84.8	1.7592256676182703
84.85	1.7592791182296328
84.9	1.7593325086829674
84.95	1.7593858396682462
85.	1.759439111301098
85.05	1.7594923224897339
85.1	1.7595454691273755
85.15	1.759598552238009
85.2	1.7596515797095291
85.25	1.759704555827279
85.3	1.759757474360895
85.35	1.7598103341472013
85.4	1.7598631360489962
85.45	1.7599158770278631
85.5	1.7599685582166522
85.55	1.7600211798683123
85.6	1.760073741745498
85.65	1.7601262446814898
85.7	1.7601786897178533
85.75	1.760231076151517
85.8	1.7602834028324676
85.85	1.760335668528703
85.9	1.7603878742969867
85.95	1.7604400208077178
86.	1.7604921077692532
86.05	1.7605441356470184
86.1	1.760596104913726
86.15	1.7606480158042062
86.2	1.7606998684777122
86.25	1.7607516634741536
86.3	1.760803400767963
86.35	1.7608550805206078
86.4	1.7609067007690344
86.45	1.7609582568749345
86.5	1.7610097613925033
86.55	1.7610612063606195
86.6	1.7611125862146653
86.65	1.7611639090338713
86.7	1.7612151737891768
86.75	1.76126638124796
86.8	1.7613175319396794
86.85	1.7613686263846673
86.9	1.7614196648647584
86.95	1.7614706473304493
87.	1.761521574267912
87.05	1.7615724457146003
87.1	1.7616232612140992
87.15	1.7616740200337175
87.2	1.7617247253866342
87.25	1.7617753777474259
87.3	1.7618259753220933
87.35	1.7618765191583285
87.4	1.7619270101825342
87.45	1.761977446900536
87.5	1.7620278374007687
87.55	1.7620781790818019
87.6	1.7621284668511732
87.65	1.7621787009289993
87.7	1.7622288815553855
87.75	1.7622790102023007
87.8	1.7623290849342272
87.85	1.7623791051147386
87.9	1.7624290712561943
87.95	1.7624789839388733
88.	1.7625288427874852
88.05	1.7625786464549016
88.1	1.7626283956127782
88.15	1.7626780899807988
88.2	1.762727728155449
88.25	1.7627773100920205
88.3	1.7628268370662301
88.35	1.7628763092212332
88.4	1.762925726708156
88.45	1.7629750890716944
88.5	1.7630243961538659
88.55	1.7630736440979045
88.6	1.763122832649383
88.65	1.7631719662052125
88.7	1.763221038777693
88.75	1.763270059921148
88.8	1.7633190319815129
88.85	1.7633679473133244
88.9	1.7634168065060458
88.95	1.7634656124494217
89.	1.7635143680770766
89.05	1.76356307149625
89.1	1.763611718730106
89.15	1.7636603123901604
89.2	1.763708855205881
89.25	1.7637573478714965
89.3	1.7638057898859694
89.35	1.763854179876062
89.4	1.7639025178753411
89.45	1.763950802652874
89.5	1.763999036370568
89.55	1.764047220324584
89.6	1.7640953539375375
89.65	1.7641434364888566
89.7	1.7641914683530597
89.75	1.7642394490261308
89.8	1.7642873784257953
89.85	1.7643352566595674
89.9	1.7643830835092034
89.95	1.764430858411107
90.	1.7644785809401307
90.05	1.7645262526742358
90.1	1.7645738739239711
90.15	1.7646214447297348
90.2	1.7646689648090415
90.25	1.7647164311862886
90.3	1.7647638470852998
90.35	1.7648112141307393
90.4	1.7648585306629576
90.45	1.7649057957675929
90.5	1.7649530102621138
90.55	1.7650001755242337
90.6	1.7650472906310548
90.65	1.7650943560297405
90.7	1.7651413717940216
90.75	1.7651883375558048
90.8	1.7652352530752238
90.85	1.7652821187555745
90.9	1.7653289348398338
90.95	1.7653757017147231
91.	1.7654224192753587
91.05	1.7654690842528327
91.1	1.7655157005429345
91.15	1.7655622717770763
91.2	1.7656087978276687
91.25	1.765655269856961
91.3	1.765701691717196
91.35	1.7657480647007344
91.4	1.7657943891074859
91.45	1.765840665970536
91.5	1.7658868962976224
91.55	1.7659330785755818
91.6	1.7659792108125272
91.65	1.766025294710641
91.7	1.7660713314770042
91.75	1.7661173182463163
91.8	1.7661632515208487
91.85	1.7662091301036993
91.9	1.7662549580381244
91.95	1.7663007511836373
92.	1.7663464976463759
92.05	1.766392193291932
92.1	1.76643783845948
92.15	1.7664834340647086
92.2	1.7665289828467987
92.25	1.7665744863113784
92.3	1.7666199426045612
92.35	1.7666653511779222
92.4	1.766710711295107
92.45	1.766756021270581
92.5	1.7668012833106492
92.55	1.7668464979137368
92.6	1.766891664007218
92.65	1.7669367800781037
92.7	1.7669818479412436
92.75	1.7670268711450683
92.8	1.7670718490480344
92.85	1.767116780744262
92.9	1.7671616663883079
92.95	1.767206506229134
93.	1.7672513006920514
93.05	1.7672960490730216
93.1	1.7673407517125572
93.15	1.7673854088223038
93.2	1.767430018523303
93.25	1.7674745809209764
93.3	1.7675190996623342
93.35	1.7675635727189278
93.4	1.7676079985706745
93.45	1.7676523774387216
93.5	1.767696713581242
93.55	1.7677410078993472
93.6	1.7677852569089811
93.65	1.7678294595300446
93.7	1.7678736179568777
93.75	1.7679177321623785
93.8	1.7679618012678444
93.85	1.7680058252054127
93.9	1.7680498044458748
93.95	1.7680937391919858
94.	1.7681376294535478
94.05	1.7681814724618503
94.1	1.7682252647673655
94.15	1.7682690162983667
94.2	1.768312731936742
94.25	1.7683564057771592
94.3	1.7684000298725067
94.35	1.768443607978113
94.4	1.768487140681
94.45	1.7685306268847176
94.5	1.7685740675130024
94.55	1.7686174627649995
94.6	1.7686608136881896
94.65	1.7687041194905049
94.7	1.768747380965901
94.75	1.7687905981755847
94.8	1.7688337710283595
94.85	1.7688768992129136
94.9	1.7689199824102722
94.95	1.7689630202531994
95.	1.7690060130214649
95.05	1.7690489586107712
95.1	1.769091857506299
95.15	1.7691347119305978
95.2	1.7691775220358066
95.25	1.7692202885522668
95.3	1.7692630080445961
95.35	1.7693056793230788
95.4	1.7693483075748917
95.45	1.7693908930707787
95.5	1.7694334349945873
95.55	1.769475934681789
95.6	1.7695183981371376
95.65	1.769560814774705
95.7	1.7696031810760822
95.75	1.7696455041802968
95.8	1.769687785340433
95.85	1.7697300233095552
95.9	1.769772217799587
95.95	1.769814371904737
96.	1.7698564849034795
96.05	1.769898556946629
96.1	1.769940587738045
96.15	1.769982576753599
96.2	1.7700245258414011
96.25	1.7700664340179701
96.3	1.7701083007787222
96.35	1.7701501258449617
96.4	1.770191908189413
96.45	1.7702336477454832
96.5	1.7702753533047744
96.55	1.7703170211642398
96.6	1.7703586483601894
96.65	1.7704002352157375
96.7	1.7704417801557724
96.75	1.7704832830782744
96.8	1.7705247439351084
96.85	1.7705661637851977
96.9	1.7706075428779355
96.95	1.770648881501708
97.	1.7706901786697609
97.05	1.770731439431339
97.1	1.7707726642136055
97.15	1.7708138492453203
97.2	1.7708549904062751
97.25	1.7708960917586736
97.3	1.7709371586437905
97.35	1.7709781851949253
97.4	1.7710191659056371
97.45	1.7710601034902544
97.5	1.7711010007344807
97.55	1.7711418598330118
97.6	1.7711826815816423
97.65	1.7712234613848103
97.7	1.7712641976305146
97.75	1.7713048942793082
97.8	1.7713455511734102
97.85	1.7713861678522507
97.9	1.7714267439623983
97.95	1.7714672794024073
98.	1.7715077736970177
98.05	1.771548227999031
98.1	1.7715886428456578
98.15	1.771629017371846
98.2	1.7716693508418617
98.25	1.7717096402212804
98.3	1.7717498866389265
98.35	1.771790093276341
98.4	1.7718302589787647
98.45	1.77187038351443
98.5	1.7719104683906362
98.55	1.7719505145819754
98.6	1.7719905208155284
98.65	1.7720304847561872
98.7	1.7720704086981418
98.75	1.7721102947072607
98.8	1.7721501435366789
98.85	1.772189952641041
98.9	1.7722297213977645
98.95	1.7722694499336367
99.	1.7723091398039554
99.05	1.7723487904063688
99.1	1.7723884022195615
99.15	1.772427974650927
99.2	1.772467506085284
99.25	1.7725069964098945
99.3	1.7725464469121242
99.35	1.7725858579497669
99.4	1.772625230352658
99.45	1.7726645661708422
99.5	1.7727038654026517
99.55	1.7727431274532637
99.6	1.772782351907364
99.65	1.7728215385508552
99.7	1.7728606860041136
99.75	1.7728997937864475
99.8	1.7729388666923458
99.85	1.7729779047076186
99.9	1.7730169064642354
99.95	1.7730558707798663
100.	1.7730947979007214