0.	0.
0.05	0.00849963790763455
0.1	0.016998150809780746
0.15	0.025494438207095127
0.2	0.03398742596128221
0.25	0.04247606580040139
0.3	0.05095933485222088
0.35	0.059436235185051735
0.4	0.06790579335596984
0.45	0.0763670599663219
0.5	0.08481910922438529
0.55	0.09326103851507704
0.6	0.10169196797661437
0.65	0.11011104008402521
0.7	0.11851741923939768
0.75	0.1269102913687577
0.8	0.13528886352548158
0.85	0.14365236350015445
0.9	0.15200003943677642
0.95	0.16033115945520207
1.	0.1686450112797252
1.05	0.17694090187372358
1.1	0.18521815708026626
1.15	0.1934761212685932
1.2	0.2017141569863777
1.25	0.2099316446176831
1.3	0.21812798204652784
1.35	0.22630258432597225
1.4	0.23445488335264295
1.45	0.24258432754661252
1.5	0.2506903815365514
1.55	0.258772525850072
1.6	0.2668302566091852
1.65	0.2748630852307907
1.7	0.2828705381321288
1.75	0.2908521564410836
1.8	0.2988074957113356
1.85	0.30673612564227565
1.9	0.31463762980346505
1.95	0.32251160536372514
2.	0.3303576628249986
2.05	0.33817542576026066
2.1	0.34596453055564147
2.15	0.3537246261575178
2.2	0.3614553738237039
2.25	0.36915644687843946
2.3	0.3768275304716116
2.35	0.3844683213421815
2.4	0.39207852758571343
2.45	0.39965786842561035
2.5	0.40720607398787656
2.55	0.4147228850807141
2.6	0.4222080529766953
2.65	0.42966133919853977
2.7	0.43708251531056425
2.75	0.4444713627114764
2.8	0.45182767243085376
2.85	0.45915124493041604
2.9	0.46644188990790486
2.95	0.4736994261042207
3.	0.4809236811153335
3.05	0.48811449120657124
3.1	0.495271701125631
3.15	0.5023951639227532
3.2	0.5094847407784494
3.25	0.516540300829457
3.3	0.5235617209963519
3.35	0.5305488858161884
3.4	0.5375016872778796
3.45	0.5444200246601674
3.5	0.5513038043725834
3.55	0.5581529397994328
3.6	0.564967351146208
3.65	0.5717469652884195
3.7	0.5784917156233914
3.75	0.5852015419247613
3.8	0.5918763901995941
3.85	0.5985162125483858
3.9	0.6051209670266684
3.95	0.6116906175075052
4.	0.6182251335484976
4.05	0.6247244902630845
4.1	0.6311886681920049
4.15	0.6376176531762547
4.2	0.6440114362329099
4.25	0.6503700134333978
4.3	0.6566933857841678
4.35	0.6629815591092701
4.4	0.6692345439347025
4.45	0.675452355375258
4.5	0.6816350130236836
4.55	0.687782540841248
4.6	0.6938949670504455
4.65	0.6999723240298702
4.7	0.7060146482108629
4.75	0.712021979976062
4.8	0.7179943635597875
4.85	0.7239318469502465
4.9	0.7298344817935749
4.95	0.7357023232996759
5.	0.741535430149781
5.05	0.7473338644056562
5.1	0.7530976914205102
5.15	0.758826979751547
5.2	0.7645218010741481
5.25	0.7701822300977208
5.3	0.7758083444831214
5.35	0.7814002247615721
5.4	0.7869579542550428
5.45	0.7924816189981752
5.5	0.797971307661781
5.55	0.8034271114777582
5.6	0.808849124165063
5.65	0.8142374418592989
5.7	0.8195921630404189
5.75	0.8249133884595925
5.8	0.8302012210745409
5.85	0.8354557659840427
5.9	0.840677130360423
5.95	0.8458654233854411
6.	0.851020756187172
6.05	0.8561432417781244
6.1	0.8612329949945682
6.15	0.8662901324370443
6.2	0.8713147724120435
6.25	0.8763070348748382
6.3	0.8812670413734353
6.35	0.8861949149936377
6.4	0.8910907803052026
6.45	0.8959547633090685
6.5	0.9007869913856239
6.55	0.905587593244042
6.6	0.910356698872698
6.65	0.9150944394886638
6.7	0.919800947489978
6.75	0.9244763564137419
6.8	0.9291208008901028
6.85	0.9337344165932684
6.9	0.9383173401980253
6.95	0.9428697093377858
7.	0.9473916625632216
7.05	0.9518833393011854
7.1	0.9563448798125161
7.15	0.9607764251525914
7.2	0.9651781171335143
7.25	0.9695500982861222
7.3	0.9738925118228499
7.35	0.9782055016019955
7.4	0.9824892120917252
7.45	0.9867437883342295
7.5	0.9909693759128013
7.55	0.9951661209189752
7.6	0.9993341699193843
7.65	1.0034736699239863
7.7	1.0075847683548542
7.75	1.0116676130156925
7.8	1.0157223520621335
7.85	1.0197491339725877
7.9	1.0237481075196935
7.95	1.0277194217424659
8.	1.0316632259190306
8.05	1.0355796695400006
8.1	1.0394689022825436
8.15	1.0433310739849897
8.2	1.0471663346219309
8.25	1.0509748342799112
8.3	1.0547567231337756
8.35	1.0585121514235485
8.4	1.0622412694318044
8.45	1.065944227461586
8.5	1.0696211758148537
8.55	1.0732722647714572
8.6	1.0768976445686025
8.65	1.080497465380819
8.7	1.0840718773004099
8.75	1.0876210303183835
8.8	1.0911450743058513
8.85	1.0946441589958793
8.9	1.0981184339657688
8.95	1.101568048619813
9.	1.1049931521725498
9.05	1.1083938936323665
9.1	1.1117704217855053
9.15	1.1151228851805295
9.2	1.11845143211317
9.25	1.1217562106115766
9.3	1.1250373684219712
9.35	1.128295052994662
9.4	1.1315294114704335
9.45	1.1347405906673174
9.5	1.1379287370677345
9.55	1.1410939968059897
9.6	1.1442365156558127
9.65	1.1473564390204174
9.7	1.1504539119196313
9.75	1.1535290789752215
9.8	1.1565820844036094
9.85	1.1596130720066151
9.9	1.1626221851593972
9.95	1.1656095668008146
10.	1.1685753594238073
10.05	1.1715197050658406
10.1	1.1744427452992752
10.15	1.1773446212234184
10.2	1.1802254734569908
10.25	1.1830854421293524
10.3	1.18592466687215
10.35	1.1887432868117016
10.4	1.1915414405615676
10.45	1.194319266215374
10.5	1.197076901339882
10.55	1.1998144829682917
10.6	1.2025321475937867
10.65	1.205230031163309
10.7	1.2079082690715341
10.75	1.2105669961551913
10.8	1.213206346688059
10.85	1.215826454375329
10.9	1.2184274523474075
10.95	1.221009473155239
11.	1.2235726487660943
11.05	1.2261171105589515
11.1	1.2286429893201476
11.15	1.2311504152392145
11.2	1.2336395179049011
11.25	1.2361104263013842
11.3	1.2385632688046373
11.35	1.2409981731789177
11.4	1.2434152665735587
11.45	1.24581467551967
11.5	1.2481965259271148
11.55	1.2505609430822566
11.6	1.2529080516452868
11.65	1.2552379756474388
11.7	1.257550838488688
11.75	1.259846762935566
11.8	1.262125871119113
11.85	1.264388284532966
11.9	1.2666341240315222
11.95	1.2688635098286916
12.	1.2710765614964377
12.05	1.273273397962597
12.1	1.2754541375096737
12.15	1.2776188977741
12.2	1.2797677957451568
12.25	1.2819009477640873
12.3	1.2840184695231573
12.35	1.2861204760649705
12.4	1.2882070817821891
12.45	1.290278400417024
12.5	1.2923345450607155
12.55	1.2943756281534238
12.6	1.2964017614840597
12.65	1.298413056190044
12.7	1.300409622757361
12.75	1.3023915710206546
12.8	1.3043590101634484
12.85	1.3063120487184499
12.9	1.3082507945679023
12.95	1.3101753549441741
13.	1.3120858364302985
13.05	1.3139823449605357
13.1	1.3158649858210505
13.15	1.3177338636506992
13.2	1.319589082441943
13.25	1.3214307455417253
13.3	1.3232589556524352
13.35	1.3250738148329904
13.4	1.3268754244998482
13.45	1.328663885429083
13.5	1.3304392977569641
13.55	1.3322017609795893
13.6	1.3339513739559279
13.65	1.3356882349099126
13.7	1.3374124414310347
13.75	1.3391240904760024
13.8	1.3408232783703287
13.85	1.342510100809965
13.9	1.3441846528630004
13.95	1.3458470289714104
14.	1.3474973229528382
14.05	1.3491356280024258
14.1	1.3507620366946909
14.15	1.3523766409854452
14.2	1.3539795322137587
14.25	1.3555708011039638
14.3	1.3571505377677016
14.35	1.3587188317059966
14.4	1.360275771811376
14.45	1.361821446370025
14.5	1.3633559430639697
14.55	1.3648793489733
14.6	1.3663917505784233
14.65	1.3678932337623473
14.7	1.3693838838130576
14.75	1.370863785425353
14.8	1.372333022703595
14.85	1.3737916791650595
14.9	1.3752398377414141
14.95	1.3766775807807874
15.	1.3781049900507354
15.05	1.3795221467406706
15.1	1.3809291314643921
15.15	1.382326024262625
15.2	1.3837129046055765
15.25	1.3850898513955168
15.3	1.3864569429693796
15.35	1.387814257101379
15.4	1.389161871005641
15.45	1.3904998613388535
15.5	1.3918283042029307
15.55	1.3931472751477016
15.6	1.3944568491735685
15.65	1.3957571007342087
15.7	1.3970481037393623
15.75	1.3983299315575564
15.8	1.3996026570188438
15.85	1.4008663524175666
15.9	1.402121089515056
15.95	1.4033669395424389
16.	1.404603973203457
16.05	1.4058322606771925
16.1	1.4070518716208678
16.15	1.4082628751726876
16.2	1.409465339954603
16.25	1.4106593340751263
16.3	1.4118449251322347
16.35	1.4130221802162024
16.4	1.4141911659123354
16.45	1.4153519483038361
16.5	1.4165045929747397
16.55	1.4176491650126755
16.6	1.4187857290116845
16.65	1.419914349075113
16.7	1.421035088818434
16.75	1.4221480113721106
16.8	1.4232531793844525
16.85	1.4243506550244311
16.9	1.425440499984527
16.95	1.4265227754835943
17.	1.4275975422697054
17.05	1.4286648606229952
17.1	1.4297247903585035
17.15	1.4307773908290156
17.2	1.4318227209279015
17.25	1.432860839091954
17.3	1.433891803304223
17.35	1.4349156710968376
17.4	1.4359324995538185
17.45	1.4369423453139225
17.5	1.4379452645734634
17.55	1.438941313089093
17.6	1.4399305461806056
17.65	1.440913018733754
17.7	1.4418887852030424
17.75	1.4428578996145154
17.8	1.4438204155685408
17.85	1.4447763862425858
17.9	1.4457258643939874
17.95	1.4466689023627133
18.	1.4476055520741178
18.05	1.4485358650416915
18.1	1.4494598923698025
18.15	1.4503776847564287
18.2	1.451289292495882
18.25	1.4521947654815266
18.3	1.4530941532084862
18.35	1.4539875047763462
18.4	1.4548748688918434
18.45	1.4557562938715476
18.5	1.4566318276445358
18.55	1.457501517755055
18.6	1.4583654113651754
18.65	1.4592235552574377
18.7	1.4600759958374898
18.75	1.4609227791367114
18.8	1.4617639508148292
18.85	1.4625995561625225
18.9	1.4634296401040172
18.95	1.4642542471996727
19.	1.465073421648554
19.05	1.4658872072909972
19.1	1.4666956476111601
19.15	1.4674987857395663
19.2	1.4682966644555746
19.25	1.4690893261903593
19.3	1.4698768130294848
19.35	1.470659166714549
19.4	1.4714364286452537
19.45	1.4722086398822685
19.5	1.472975841150579
19.55	1.473738072841877
19.6	1.4744953750165355
19.65	1.4752477874060903
19.7	1.4759953494156504
19.75	1.4767381001263291
19.8	1.4774760782976346
19.85	1.4782093223698425
19.9	1.4789378704663652
19.95	1.4796617603961078
20.	1.480381029655814
20.05	1.481095715432403
20.1	1.4818058546052881
20.15	1.482511483748677
20.2	1.4832126391338831
20.25	1.4839093567316166
20.3	1.4846016722142314
20.35	1.485289620957988
20.4	1.4859732380452735
20.45	1.4866525582668524
20.5	1.4873276161241487
20.55	1.4879984458314497
20.6	1.4886650813180793
20.65	1.4893275562305353
20.7	1.4899859039346872
20.75	1.4906401575179855
20.8	1.4912903497915597
20.85	1.4919365132923121
20.9	1.4925786802850582
20.95	1.4932168827647072
21.	1.4938511524583513
21.05	1.4944815208273123
21.1	1.4951080190692436
21.15	1.495730678120036
21.2	1.496349528655843
21.25	1.4969646010954234
21.3	1.4975759256021426
21.35	1.4981835320858075
21.4	1.4987874502048393
21.45	1.499387709368286
21.5	1.4999843387374725
21.55	1.5005773672279898
21.6	1.5011668235117999
21.65	1.5017527360191443
21.7	1.5023351329404657
21.75	1.5029140422283167
21.8	1.5034894915992663
21.85	1.5040615085357847
21.9	1.5046301202881136
21.95	1.5051953538761291
22.	1.505757236091193
22.05	1.5063157934979823
22.1	1.5068710524363158
22.15	1.507423039022969
22.2	1.5079717791534746
22.25	1.5085172985039128
22.3	1.5090596225326902
22.35	1.5095987764822947
22.4	1.5101347853810598
22.45	1.510667674044826
22.5	1.5111974670787294
22.55	1.5117241888790778
22.6	1.5122478636349013
22.65	1.5127685153295802
22.7	1.5132861677426088
22.75	1.5138008444512558
22.8	1.5143125688322239
22.85	1.5148213640632948
22.9	1.5153272531249644
22.95	1.5158302588020636
23.	1.5163304036853789
23.05	1.516827710173255
23.1	1.5173222004731697
23.15	1.5178138966033121
23.2	1.5183028203941582
23.25	1.518788993490018
23.3	1.5192724373505817
23.35	1.5197531732524638
23.4	1.5202312222907235
23.45	1.520706605380376
23.5	1.5211793432578775
23.55	1.5216494564826186
23.6	1.5221169654384215
23.65	1.522581890334993
23.7	1.5230442512093745
23.75	1.5235040679273963
23.8	1.5239613601851063
23.85	1.5244161475102136
23.9	1.5248684492635167
23.95	1.525318284640159
24.	1.5257656726716262
24.05	1.5262106322273619
24.1	1.5266531820142966
24.15	1.5270933405781972
24.2	1.527531126306855
24.25	1.5279665574312467
24.3	1.528399652026262
24.35	1.5288304280121117
24.4	1.529258903155636
24.45	1.529685095071606
24.5	1.5301090212240145
24.55	1.5305306989273564
24.6	1.5309501453479006
24.65	1.5313673775049503
24.7	1.531782412272094
24.75	1.532195266378451
24.8	1.5326059564099008
24.85	1.5330144988103045
24.9	1.5334209098827238
24.95	1.533825205790625
25.	1.5342274025590705
25.05	1.534627516075905
25.1	1.5350255620929314
25.15	1.5354215562270794
25.2	1.535815513961562
25.25	1.5362074506470202
25.3	1.5365973815026657
25.35	1.5369853216174099
25.4	1.5373712859509874
25.45	1.5377552893350674
25.5	1.5381373464743573
25.55	1.538517471947702
25.6	1.5388956802091716
25.65	1.5392719855891186
25.7	1.5396464022953285
25.75	1.5400189444141092
25.8	1.5403896259110876
25.85	1.5407584606322526
25.9	1.5411254623052488
25.95	1.5414906445403807
26.	1.5418540208315423
26.05	1.5422156045572424
26.1	1.5425754089816026
26.15	1.542933447255354
26.2	1.543289732416821
26.25	1.5436442773928996
26.3	1.5439970950000268
26.35	1.544348197945143
26.4	1.5446975988266456
26.45	1.5450453101353356
26.5	1.5453913442553553
26.55	1.5457357134651193
26.6	1.5460784299382382
26.65	1.5464195057444334
26.7	1.546758952850447
26.75	1.5470967831209392
26.8	1.5474330083193821
26.85	1.5477676401089464
26.9	1.5481006900533785
26.95	1.5484321696178718
27.	1.5487620901699304
27.05	1.5490904629802265
27.1	1.5494172992234494
27.15	1.5497426099791454
27.2	1.5500664062325566
27.25	1.55038869887545
27.3	1.5507094987069363
27.35	1.5510288164342854
27.4	1.5513466626737331
27.45	1.5516630479512838
27.5	1.5519779827035016
27.55	1.5522914772783007
27.6	1.5526035419357278
27.65	1.552914186848732
27.7	1.553223422103933
27.75	1.553531257702384
27.8	1.553837703560326
27.85	1.5541427695099344
27.9	1.5544464653000714
27.95	1.5547488005970245
28.	1.5550497849852083
28.05	1.555349427967888
28.1	1.5556477389679213
28.15	1.555944727328465
28.2	1.5562404023136727
28.25	1.5565347731093988
28.3	1.5568278488238916
28.35	1.5571196384884778
28.4	1.5574101510582432
28.45	1.557699395412708
28.5	1.5579873803564972
28.55	1.558274114620004
28.6	1.5585596068600482
28.65	1.5588438656605275
28.7	1.559126899533065
28.75	1.5594087169176498
28.8	1.5596893261832732
28.85	1.5599687356285585
28.9	1.5602469534823855
28.95	1.5605239879045099
29.	1.5607998469861772
29.05	1.5610745387507332
29.1	1.5613480711542156
29.15	1.5616204520859513
29.2	1.5618916893691703
29.25	1.5621617907616028
29.3	1.5624307639560489
29.35	1.5626986165809365
29.4	1.5629653562008983
29.45	1.5632309903173465
29.5	1.563495526369034
29.55	1.563758971732616
29.6	1.5640213337232038
29.65	1.5642826195949087
29.7	1.5645428365413843
29.75	1.5648019916963527
29.8	1.5650600921341524
29.85	1.5653171448702972
29.9	1.5655731568619675
29.95	1.5658281350085181
30.	1.5660820861520122
30.05	1.566335017077725
30.1	1.5665869345146508
30.15	1.5668378451360057
30.2	1.5670877555597251
30.25	1.5673366723489581
30.3	1.567584602012557
30.35	1.5678315510055554
30.4	1.56807752572965
30.45	1.5683225325336771
30.5	1.5685665777140838
30.55	1.5688096675153942
30.6	1.569051808130675
30.65	1.569293005701994
30.7	1.5695332663208743
30.75	1.5697725960287443
30.8	1.5700110008173844
30.85	1.5702484866293802
30.9	1.5704850593585642
30.95	1.5707207248504167
31.	1.570955488902499
31.05	1.571189357264913
31.1	1.5714223356407215
31.15	1.571654429686357
31.2	1.5718856450120386
31.25	1.5721159871821844
31.3	1.5723454617158197
31.35	1.5725740740869831
31.4	1.5728018297251265
31.45	1.5730287340155134
31.5	1.5732547922996123
31.55	1.5734800098754866
31.6	1.5737043919981843
31.65	1.57392794388012
31.7	1.5741506706914545
31.75	1.574372577560474
31.8	1.574593669573958
31.85	1.5748139517775503
31.9	1.5750334291761319
31.95	1.5752521067341816
32.	1.5754699893761377
32.05	1.575687081986756
32.1	1.575903389411457
32.15	1.5761189164566762
32.2	1.5763336678902158
32.25	1.5765476484415868
32.3	1.5767608628023497
32.35	1.5769733156264538
32.4	1.577185011530571
32.45	1.5773959550944296
32.5	1.5776061508611408
32.55	1.5778156033375266
32.6	1.5780243169944412
32.65	1.5782322962670923
32.7	1.5784395455553575
32.75	1.5786460692240987
32.8	1.5788518716034738
32.85	1.579056956989245
32.9	1.5792613296430846
32.95	1.5794649937928789
33.	1.579667953633027
33.05	1.5798702133247393
33.1	1.580071776996333
33.15	1.5802726487435228
33.2	1.5804728326297106
33.25	1.5806723326862737
33.3	1.580871152912847
33.35	1.5810692972776135
33.4	1.581266769717577
33.45	1.5814635741388223
33.5	1.5816597144168054
33.55	1.581855194396632
33.6	1.582050017893318
33.65	1.5822441886920566
33.7	1.5824377105484835
33.75	1.582630587188938
33.8	1.5828228223107212
33.85	1.5830144195823548
33.9	1.583205382643837
33.95	1.5833957151068954
34.	1.5835854205552349
34.05	1.583774502544785
34.1	1.5839629646039444
34.15	1.5841508102338258
34.2	1.5843380429084974
34.25	1.5845246660752212
34.3	1.58471068315469
34.35	1.5848960975412618
34.4	1.5850809126031908
34.45	1.5852651316828597
34.5	1.5854487580970071
34.55	1.5856317951369554
34.6	1.5858142460688325
34.65	1.585996114133795
34.7	1.5861774025482471
34.75	1.5863581145040586
34.8	1.5865382531687833
34.85	1.5867178216858724
34.9	1.5868968231748832
34.95	1.5870752607316887
35.	1.5872531374286882
35.05	1.5874304563150128
35.1	1.5876072204167302
35.15	1.5877834327370468
35.2	1.5879590962565084
35.25	1.5881342139331989
35.3	1.5883087887029375
35.35	1.5884828234794732
35.4	1.5886563211546783
35.45	1.588829284598741
35.5	1.5890017166603558
35.55	1.5891736201669087
35.6	1.589344997924663
35.65	1.5895158527189455
35.7	1.5896861873143278
35.75	1.5898560044548107
35.8	1.5900253068640033
35.85	1.5901940972453017
35.9	1.5903623782820637
35.95	1.59053015263778
36.	1.5906974229562505
36.05	1.5908641918617579
36.1	1.5910304619592353
36.15	1.5911962358344345
36.2	1.5913615160540933
36.25	1.5915263051661002
36.3	1.5916906056996587
36.35	1.591854420165449
36.4	1.5920177510557898
36.45	1.5921806008447956
36.5	1.5923429719885365
36.55	1.5925048669251927
36.6	1.592666288075211
36.65	1.5928272378414572
36.7	1.5929877186093702
36.75	1.5931477327471026
36.8	1.5933072826056782
36.85	1.5934663705191552
36.9	1.5936249988047564
36.95	1.5937831697630085
37.	1.5939408856778936
37.05	1.5940981488169914
37.1	1.5942549614316206
37.15	1.594411325756979
37.2	1.5945672440122811
37.25	1.5947227184008965
37.3	1.594877751110486
37.35	1.5950323443131358
37.4	1.5951865001654915
37.45	1.5953402208088903
37.5	1.5954935083694923
37.55	1.5956463649584103
37.6	1.595798792671839
37.65	1.5959507935911814
37.7	1.5961023697831764
37.75	1.5962535233000268
37.8	1.5964042561795149
37.85	1.596554570445132
37.9	1.5967044681062026
37.95	1.5968539511580022
38.	1.5970030215818742
38.05	1.5971516813453501
38.1	1.5972999324022676
38.15	1.5974477766928885
38.2	1.5975952161440108
38.25	1.5977422526690852
38.3	1.5978888881683273
38.35	1.59803512452883
38.4	1.5981809636246744
38.45	1.5983264073170402
38.5	1.598471457454314
38.55	1.598616115872198
38.6	1.5987603843938174
38.65	1.5989042648298248
38.7	1.599047758978508
38.75	1.5991908686258918
38.8	1.5993335955458423
38.85	1.5994759415001687
38.9	1.599617908238726
38.95	1.5997594974995166
39.	1.5999007110087846
39.05	1.6000415504811139
39.1	1.6001820176195305
39.15	1.6003221141156003
39.2	1.6004618416495218
39.25	1.6006012018902218
39.3	1.6007401964954497
39.35	1.600878827111871
39.4	1.6010170953751592
39.45	1.6011550029100878
39.5	1.601292551330621
39.55	1.6014297422400028
39.6	1.601566577230846
39.65	1.6017030578852212
39.7	1.6018391857747443
39.75	1.601974962460663
39.8	1.602110389493944
39.85	1.6022454684153504
39.9	1.6023802007555237
39.95	1.6025145880350897
40.	1.602648631764741
40.05	1.6027823334452977
40.1	1.6029156945677898
40.15	1.6030487166135454
40.2	1.6031814010542698
40.25	1.6033137493521237
40.3	1.6034457629598031
40.35	1.6035774433206154
40.4	1.603708791868557
40.45	1.60383981002839
40.5	1.6039704992157158
40.55	1.6041008608370517
40.6	1.6042308962899048
40.65	1.6043606069628447
40.7	1.6044899942355768
40.75	1.6046190594790146
40.8	1.6047478040553504
40.85	1.6048762293181285
40.9	1.6050043366123128
40.95	1.6051321272743577
41.	1.6052596026322767
41.05	1.6053867640057082
41.1	1.605513612706005
41.15	1.6056401500362847
41.2	1.6057663772914543
41.25	1.6058922957583177
41.3	1.6060179067156584
41.35	1.6061432114342806
41.4	1.6062682111770759
41.45	1.606392907199089
41.5	1.6065173007475835
41.55	1.6066413930620855
41.6	1.6067651853744562
41.65	1.6068886789089893
41.7	1.6070118748824371
41.75	1.6071347745040565
41.8	1.607257378975688
41.85	1.607379689491812
41.9	1.6075017072396063
41.95	1.6076234333990063
42.	1.6077448691427603
42.05	1.607866015636488
42.1	1.6079868740387357
42.15	1.6081074455010336
42.2	1.60822773116795
42.25	1.608347732177147
42.3	1.6084674496594347
42.35	1.6085868847388252
42.4	1.6087060385325855
42.45	1.6088249121512916
42.5	1.6089435066988804
42.55	1.6090618232727012
42.6	1.6091798629635685
42.65	1.6092976268558121
42.7	1.6094151160273282
42.75	1.6095323315496295
42.8	1.6096492744878947
42.85	1.6097659459010185
42.9	1.6098823468416599
42.95	1.60999847835629
43.	1.610114341485243
43.05	1.610229937262762
43.1	1.6103452667170417
43.15	1.6104603308702792
43.2	1.6105751307387224
43.25	1.6106896673327136
43.3	1.6108039416567344
43.35	1.6109179547094525
43.4	1.611031707483763
43.45	1.611145200966833
43.5	1.6112584361401494
43.55	1.6113714139795638
43.6	1.6114841354553346
43.65	1.611596601532165
43.7	1.611708813169246
43.75	1.6118207713203008
43.8	1.6119324769336252
43.85	1.6120439309521297
43.9	1.61215513431338
43.95	1.6122660879496375
44.	1.6123767927878996
44.05	1.6124872497499392
44.1	1.6125974597523445
44.15	1.612707423706558
44.2	1.6128171425189153
44.25	1.6129266170906826
44.3	1.6130358483180969
44.35	1.613144837092401
44.4	1.6132535842998834
44.45	1.6133620908219128
44.5	1.6134703575349767
44.55	1.613578385310718
44.6	1.613686175015971
44.65	1.6137937275127971
44.7	1.6139010436585193
44.75	1.6140081243057582
44.8	1.6141149703024666
44.85	1.6142215824919641
44.9	1.614327961712971
44.95	1.6144341087996437
45.	1.6145400245816064
45.05	1.6146457098839857
45.1	1.614751165527443
45.15	1.6148563923282069
45.2	1.6149613910981073
45.25	1.6150661626446061
45.3	1.6151707077708297
45.35	1.6152750272756007
45.4	1.615379121953469
45.45	1.6154829925947438
45.5	1.6155866399855232
45.55	1.6156900649077253
45.6	1.6157932681391192
45.65	1.6158962504533525
45.7	1.6159990126199832
45.75	1.6161015554045117
45.8	1.6162038795684068
45.85	1.6163059858691335
45.9	1.6164078750601851
45.95	1.616509547891109
46.	1.6166110051075362
46.05	1.6167122474512097
46.1	1.616813275660012
46.15	1.616914090467992
46.2	1.617014692605393
46.25	1.6171150827986795
46.3	1.6172152617705644
46.35	1.617315230240035
46.4	1.6174149889223803
46.45	1.617514538529216
46.5	1.6176138797685113
46.55	1.6177130133446143
46.6	1.6178119399582775
46.65	1.6179106603066835
46.7	1.6180091750834695
46.75	1.618107484978752
46.8	1.6182055906791524
46.85	1.6183034928678204
46.9	1.6184011922244588
46.95	1.6184986894253472
47.	1.6185959851433662
47.05	1.618693080048021
47.1	1.6187899748054644
47.15	1.6188866700785196
47.2	1.6189831665267052
47.25	1.6190794648062552
47.3	1.619175565570144
47.35	1.619271469468108
47.4	1.6193671771466676
47.45	1.619462689249149
47.5	1.6195580064157071
47.55	1.6196531292833467
47.6	1.6197480584859434
47.65	1.6198427946542662
47.7	1.619937338415997
47.75	1.6200316903957535
47.8	1.6201258512151082
47.85	1.6202198214926105
47.9	1.620313601843806
47.95	1.6204071928812571
48.	1.620500595214566
48.05	1.6205938094503913
48.1	1.620686836192465
48.15	1.6207796760416149
48.2	1.6208723295957876
48.25	1.6209647974500643
48.3	1.6210570801966808
48.35	1.621149178425046
48.4	1.6212410927217606
48.45	1.6213328236706368
48.5	1.621424371852716
48.55	1.6215157378462872
48.6	1.6216069222269047
48.65	1.6216979255674064
48.7	1.6217887484379332
48.75	1.6218793914059446
48.8	1.621969855036238
48.85	1.6220601398909655
48.9	1.6221502465296507
48.95	1.6222401755092064
49.	1.622329927383952
49.05	1.6224195027056298
49.1	1.6225089020234218
49.15	1.622598125883967
49.2	1.622687174831377
49.25	1.6227760494072525
49.3	1.6228647501507008
49.35	1.6229532775983504
49.4	1.6230416322843664
49.45	1.623129814740467
49.5	1.62321782549594
49.55	1.6233056650776594
49.6	1.6233933340100994
49.65	1.6234808328153518
49.7	1.6235681620131375
49.75	1.623655322120822
49.8	1.6237423136534328
49.85	1.6238291371236726
49.9	1.6239157930419341
49.95	1.6240022819121813
50.	1.6240886042965967
50.05	1.624174760609816
50.1	1.6242607514063638
50.15	1.624346577167173
50.2	1.6244322394199402
50.25	1.6245177369461818
50.3	1.624603070960494
50.35	1.6246882418320017
50.4	1.624773249838376
50.45	1.624858095514388
50.5	1.6249427795055456
50.55	1.6250273023393709
50.6	1.6251116645584964
50.65	1.6251958666711337
50.7	1.6252799093101344
50.75	1.6253637927654885
50.8	1.6254475174842937
50.85	1.6255310839393844
50.9	1.6256144925774518
50.95	1.6256977438451115
51.	1.6257808382602608
51.05	1.625863776250382
51.1	1.625946558272658
51.15	1.6260291848617356
51.2	1.6261116592687046
51.25	1.6261939774080756
51.3	1.6262761415618483
51.35	1.6263581518252659
51.4	1.6264400079974424
51.45	1.6265217107836971
51.5	1.6266032607815661
51.55	1.6266846586354502
51.6	1.6267659050127725
51.65	1.6268470004469955
51.7	1.626927945764121
51.75	1.6270087410611092
51.8	1.627089386667401
51.85	1.6271698828924737
51.9	1.6272502302385135
51.95	1.627330429205959
52.	1.6274104803188556
52.05	1.6274903840133377
52.1	1.6275701405387708
52.15	1.6276497502551222
52.2	1.6277292135265644
52.25	1.6278085308820358
52.3	1.6278877030306416
52.35	1.6279667302936565
52.4	1.6280456127013743
52.45	1.6281243509346184
52.5	1.6282029454552904
52.55	1.6282813961542342
52.6	1.6283597035768882
52.65	1.628437868233078
52.7	1.628515890355492
52.75	1.6285937705232922
52.8	1.6286715093393436
52.85	1.6287491071330025
52.9	1.6288265641527488
52.95	1.628903880889319
53.	1.6289810578926354
53.05	1.6290580956239047
53.1	1.629134994257285
53.15	1.6292117540829965
53.2	1.6292883751906002
53.25	1.629364861509149
53.3	1.6294412104320222
53.35	1.6295174204158778
53.4	1.6295934938343835
53.45	1.6296694302458392
53.5	1.6297452292715406
53.55	1.6298208916191808
53.6	1.6298964183120686
53.65	1.6299718098414835
53.7	1.6300470668835636
53.75	1.6301221901234657
53.8	1.630197180692649
53.85	1.6302720384948817
53.9	1.6303467635589812
53.95	1.6304213558915719
54.	1.6304958156872345
54.05	1.6305701432253974
54.1	1.6306443386958371
54.15	1.6307184026676709
54.2	1.630792335626883
54.25	1.630866137873904
54.3	1.630939809793133
54.35	1.631013351887891
54.4	1.631086765030022
54.45	1.6311600496775984
54.5	1.631233205597651
54.55	1.6313062329001196
54.6	1.6313791326863805
54.65	1.6314519042682432
54.7	1.6315245479958382
54.75	1.6315970647127114
54.8	1.6316694544740544
54.85	1.6317417175370033
54.9	1.6318138543877543
54.95	1.631885865625192
55.	1.6319577514669925
55.05	1.6320295121110426
55.1	1.632101148205557
55.15	1.6321726603588274
55.2	1.632244048971791
55.25	1.6323153139727191
55.3	1.6323864553755068
55.35	1.6324574732835029
55.4	1.6325283682868923
55.45	1.632599140495819
55.5	1.6326697912117947
55.55	1.6327403201929334
55.6	1.632810727179408
55.65	1.632881012514283
55.7	1.632951176405092
55.75	1.6330212194243892
55.8	1.6330911422541814
55.85	1.6331609455652856
55.9	1.6332306295667487
55.95	1.6333001942343572
56.	1.6333696402956144
56.05	1.633438968392952
56.1	1.6335081783743874
56.15	1.633577270158315
56.2	1.6336462436756294
56.25	1.6337150992031786
56.3	1.6337838367359867
56.35	1.6338524571502455
56.4	1.6339209609400431
56.45	1.6339893480770296
56.5	1.6340576242001412
56.55	1.6341257843353996
56.6	1.634193826867731
56.65	1.6342617547835798
56.7	1.6343295676818141
56.75	1.6343972652294396
56.8	1.6344648474053671
56.85	1.6345323150618492
56.9	1.6345996688360962
56.95	1.634666909502367
57.	1.6347340377768818
57.05	1.6348010543425442
57.1	1.6348679595239226
57.15	1.6349347529655445
57.2	1.6350014348226258
57.25	1.6350680053045012
57.3	1.635134464887411
57.35	1.6352008135792577
57.4	1.6352670513176952
57.45	1.6353331785275658
57.5	1.6353991954851255
57.55	1.6354651020366275
57.6	1.6355308984049548
57.65	1.6355965854331
57.7	1.6356621640225397
57.75	1.6357276356505142
57.8	1.6357929991995637
57.85	1.635858253492571
57.9	1.6359233997139238
57.95	1.6359884377452443
58.	1.6360533668012345
58.05	1.6361181884532088
58.1	1.6361829039082034
58.15	1.6362475128255318
58.2	1.6363120149259631
58.25	1.6363764103606564
58.3	1.6364406996517673
58.35	1.6365048833543376
58.4	1.636568961671549
58.45	1.6366329350528543
58.5	1.6366968042729189
58.55	1.636760569720509
58.6	1.6368242310581902
58.65	1.6368877884703217
58.7	1.6369512422977661
58.75	1.637014592644524
58.8	1.6370778393003773
58.85	1.6371409821967724
58.9	1.6372040223231679
58.95	1.637266959849495
59.	1.6373297949461876
59.05	1.6373925279607635
59.1	1.6374551592845326
59.15	1.6375176889119827
59.2	1.6375801170092592
59.25	1.6376424441517399
59.3	1.6377046710248506
59.35	1.637766797623546
59.4	1.6378288245348416
59.45	1.63789075239501
59.5	1.6379525808010051
59.55	1.638014309546962
59.6	1.6380759387169372
59.65	1.6381374682718617
59.7	1.6381988978916162
59.75	1.6382602277526863
59.8	1.6383214593061268
59.85	1.6383825933322198
59.9	1.6384436296707163
59.95	1.6385045683153117
60.	1.6385654088805763
60.05	1.6386261517675338
60.1	1.6386867976096482
60.15	1.638747347390224
60.2	1.6388078017359289
60.25	1.6388681605398434
60.3	1.6389284235055621
60.35	1.6389885901134942
60.4	1.6390486609804267
60.45	1.6391086365577103
60.5	1.6391685173584098
60.55	1.6392283034629493
60.6	1.6392879948397125
60.65	1.6393475916667841
60.7	1.6394070940759928
60.75	1.6394665025669148
60.8	1.639525817799477
60.85	1.639585040109042
60.9	1.6396441687299192
60.95	1.6397032092576467
61.	1.639762158427547
61.05	1.639821011283676
61.1	1.6398797716288271
61.15	1.6399384393398952
61.2	1.6399970138294653
61.25	1.6400554961280807
61.3	1.6401138862216136
61.35	1.640172184147979
61.4	1.6402303902044197
61.45	1.6402885048757994
61.5	1.64034652875204
61.55	1.640404462935803
61.6	1.640462308264023
61.65	1.6405200643242168
61.7	1.6405777309680016
61.75	1.6406353075317883
61.8	1.6406927938168054
61.85	1.64075019048879
61.9	1.640807498050727
61.95	1.6408647167392534
62.	1.6409218463206394
62.05	1.6409788873800613
62.1	1.6410358401366323
62.15	1.6410927052698807
62.2	1.6411494829423006
62.25	1.6412061746580635
62.3	1.6412627810203713
62.35	1.641319300876856
62.4	1.6413757329542125
62.45	1.6414320769748278
62.5	1.6414883348871883
62.55	1.641544504914814
62.6	1.641600588041988
62.65	1.6416565856479997
62.7	1.6417124981501328
62.75	1.6417683244145806
62.8	1.64182406460879
62.85	1.641879718811795
62.9	1.6419352880800566
62.95	1.6419907724637393
63.	1.6420461719398973
63.05	1.6421014875158808
63.1	1.6421567199296843
63.15	1.6422118691050807
63.2	1.6422669347034893
63.25	1.642321916753625
63.3	1.6423768152624316
63.35	1.64243163009172
63.4	1.6424863615946237
63.45	1.6425410098668312
63.5	1.6425955750527368
63.55	1.642650057431386
63.6	1.6427044572689056
63.65	1.6427587746046475
63.7	1.6428130095099585
63.75	1.6428671629580682
63.8	1.6429212356415137
63.85	1.6429752275671645
63.9	1.6430291385315736
63.95	1.6430829694892761
64.	1.6431367197207964
64.05	1.6431903891813338
64.1	1.6432439785467516
64.15	1.6432974883501088
64.2	1.643350918177628
64.25	1.6434042672653204
64.3	1.6434575343963078
64.35	1.6435107191649252
64.4	1.6435638226404885
64.45	1.6436168450155322
64.5	1.6436697881392153
64.55	1.6437226531914335
64.6	1.643775440565416
64.65	1.6438281509077421
64.7	1.6438807834734421
64.75	1.6439333378780459
64.8	1.6439858144759418
64.85	1.644038213530246
64.9	1.6440905355576771
64.95	1.6441427809584754
65.	1.6441949491186107
65.05	1.6442470403596485
65.1	1.6442990547428253
65.15	1.6443509930036428
65.2	1.6444028546762428
65.25	1.6444546396697657
65.3	1.6445063480314366
65.35	1.6445579800437886
65.4	1.6446095361322737
65.45	1.6446610168591551
65.5	1.6447124223105563
65.55	1.6447637521795162
65.6	1.6448150069581022
65.65	1.6448661872332757
65.7	1.6449172917444215
65.75	1.6449683206891175
65.8	1.6450192748046166
65.85	1.6450701547886424
65.9	1.6451209599965608
65.95	1.6451716904772564
66.	1.6452223471141696
66.05	1.6452729318359631
66.1	1.6453234455401238
66.15	1.645373885893553
66.2	1.6454242512255772
66.25	1.6454745414229925
66.3	1.6455247574727427
66.35	1.645574898885784
66.4	1.6456249666194915
66.45	1.6456749624249012
66.5	1.6457248877398993
66.55	1.6457747424876723
66.6	1.6458245258276751
66.65	1.6458742429576232
66.7	1.645923885114659
66.75	1.6459734532628674
66.8	1.6460229502490245
66.85	1.6460723750932456
66.9	1.6461217265778072
66.95	1.6461710057087555
67.	1.646220212945483
67.05	1.646269348502725
67.1	1.6463184128807484
67.15	1.6463674069508611
67.2	1.646416331343077
67.25	1.6464651867251645
67.3	1.6465139735136929
67.35	1.6465626913708327
67.4	1.6466113396011879
67.45	1.6466599186542348
67.5	1.6467084282435502
67.55	1.646756868278365
67.6	1.6468052398183717
67.65	1.6468535427650028
67.7	1.646901777214921
67.75	1.646949943281983
67.8	1.6469980411787606
67.85	1.6470460719269187
67.9	1.6470940354736636
67.95	1.6471419310954178
68.	1.6471897588287883
68.05	1.647237519820699
68.1	1.6472852145578627
68.15	1.6473328422794888
68.2	1.6473804011738273
68.25	1.6474278898040637
68.3	1.6474753104867195
68.35	1.6475226629091602
68.4	1.6475699463039337
68.45	1.6476171624584741
68.5	1.647664312875038
68.55	1.6477113972684299
68.6	1.6477584163287406
68.65	1.6478053694547907
68.7	1.6478522562078408
68.75	1.647899077463009
68.8	1.647945833662839
68.85	1.647992524579754
68.9	1.6480391500441034
68.95	1.648085710399197
69.	1.648132205780267
69.05	1.6481786363184636
69.1	1.6482250023456397
69.15	1.648271304413322
69.2	1.6483175416762554
69.25	1.6483637142379404
69.3	1.6484098218978205
69.35	1.6484558642965643
69.4	1.6485018409321734
69.45	1.648547752868877
69.5	1.6485936011299847
69.55	1.6486393859404491
69.6	1.6486851085923198
69.65	1.648730769298965
69.7	1.6487763666629844
69.75	1.6488219010540084
69.8	1.648867371929811
69.85	1.64891277937972
69.9	1.6489581237228876
69.95	1.6490034049273303
70.	1.6490486236530015
70.05	1.6490937807439063
70.1	1.6491388771593756
70.15	1.6491839119845808
70.2	1.6492288846199736
70.25	1.6492737950250727
70.3	1.6493186430027136
70.35	1.6493634290733827
70.4	1.649408153386382
70.45	1.6494528153108174
70.5	1.6494974155930002
70.55	1.6495419549671895
70.6	1.6495864340968345
70.65	1.649630852174489
70.7	1.6496752098326852
70.75	1.64971950683547
70.8	1.6497637436359884
70.85	1.6498079197078173
70.9	1.6498520347582888
70.95	1.6498960894101917
71.	1.6499400842669756
71.05	1.6499840190304391
71.1	1.650027894339813
71.15	1.650071709608616
71.2	1.6501154654480001
71.25	1.6501591631965606
71.3	1.6502028043600399
71.35	1.6502463880535778
71.4	1.6502899125984059
71.45	1.6503333773516158
71.5	1.650376782736721
71.55	1.6504201290569422
71.6	1.6504634161151053
71.65	1.6505066445391257
71.7	1.6505498154704479
71.75	1.6505929295949797
71.8	1.6506359865553237
71.85	1.6506789853787307
71.9	1.6507219256659673
71.95	1.6507648078817225
72.	1.6508076321990517
72.05	1.6508503975438018
72.1	1.6508931047783404
72.15	1.6509357554674822
72.2	1.6509783509886022
72.25	1.6510208924398913
72.3	1.6510633773909078
72.35	1.6511058037886666
72.4	1.6511481701196038
72.45	1.651190477957658
72.5	1.651232726774526
72.55	1.6512749172942875
72.6	1.6513170516313904
72.65	1.6513591319787575
72.7	1.6514011588692918
72.75	1.6514431311504227
72.8	1.6514850477923346
72.85	1.6515269077262047
72.9	1.6515687125837428
72.95	1.651610462831199
73.	1.6516521580537993
73.05	1.651693798705773
73.1	1.6517353835816002
73.15	1.6517769125712727
73.2	1.6518183869679461
73.25	1.6518598076055504
73.3	1.6519011738391662
73.35	1.6519424855722755
73.4	1.651983742231316
73.45	1.6520249451829636
73.5	1.6520660983332451
73.55	1.6521071939254255
73.6	1.6521482315911225
73.65	1.6521892145983292
73.7	1.6522301438683444
73.75	1.6522710188869203
73.8	1.6523118389647433
73.85	1.6523526044447696
73.9	1.6523933163336813
73.95	1.6524339753469914
74.	1.6524745823345646
74.05	1.652515137266002
74.1	1.6525556396919854
74.15	1.6525960898347485
74.2	1.6526364878245097
74.25	1.6526768337908917
74.3	1.652717127287049
74.35	1.652757368522461
74.4	1.6527975573884954
74.45	1.652837694273187
74.5	1.6528777795959428
74.55	1.6529178140105716
74.6	1.6529577973664473
74.65	1.6529977295884042
74.7	1.653037609831506
74.75	1.6530774378496482
74.8	1.6531172134690602
74.85	1.6531569360271758
74.9	1.6531966055350469
74.95	1.6532362225116721
75.	1.6532757881941198
75.05	1.6533153038505437
75.1	1.6533547712788208
75.15	1.6533941893941109
75.2	1.6534335562251898
75.25	1.6534728715420575
75.3	1.6535121355351852
75.35	1.6535513488814009
75.4	1.6535905104783466
75.45	1.6536296207758459
75.5	1.6536686798554894
75.55	1.653707688876111
75.6	1.653746648197219
75.65	1.6537855572143259
75.7	1.6538244157352624
75.75	1.6538632233284567
75.8	1.6539019806232282
75.85	1.6539406881073209
75.9	1.6539793454795562
75.95	1.6540179533883466
76.	1.6540565128476457
76.05	1.6540950241194667
76.1	1.6541334878627272
76.15	1.6541719055916742
76.2	1.6542102756774688
76.25	1.654248597147871
76.3	1.6542868691410653
76.35	1.6543250917232126
76.4	1.654363265154515
76.45	1.6544013884301083
76.5	1.6544394611526385
76.55	1.6544774847269614
76.6	1.6545154598240221
76.65	1.654553386866755
76.7	1.6545912662413698
76.75	1.6546290977572593
76.8	1.6546668811189156
76.85	1.6547046166518735
76.9	1.6547423049319288
76.95	1.6547799471044708
77.	1.6548175416200994
77.05	1.6548550887504154
77.1	1.6548925888722592
77.15	1.654930041789994
77.2	1.6549674478356555
77.25	1.6550048076378476
77.3	1.6550421218493145
77.35	1.6550793913363497
77.4	1.6551166153165293
77.45	1.6551537927942863
77.5	1.655190922802802
77.55	1.6552280045788526
77.6	1.6552650380215717
77.65	1.6553020231924243
77.7	1.6553389607955409
77.75	1.6553758512044046
77.8	1.65541269489326
77.85	1.655449493238923
77.9	1.6554862481207064
77.95	1.6555229594584149
78.	1.655559625826025
78.05	1.6555962459014113
78.1	1.6556328180108202
78.15	1.6556693442012036
78.2	1.6557058254437638
78.25	1.655742260451134
78.3	1.6557786491436768
78.35	1.6558149922786902
78.4	1.6558512917105708
78.45	1.65588754807053
78.5	1.655923760505299
78.55	1.6559599279147912
78.6	1.6559960495643
78.65	1.6560321260228148
78.7	1.6560681578152425
78.75	1.6561041451514285
78.8	1.6561400881486787
78.85	1.656175987263552
78.9	1.6562118428564772
78.95	1.6562476548352487
79.	1.6562834237306792
79.05	1.6563191495399425
79.1	1.656354831955246
79.15	1.6563904713561595
79.2	1.656426067694739
79.25	1.6564616203741984
79.3	1.6564971291845254
79.35	1.6565325943085847
79.4	1.6565680155224012
79.45	1.6566033925425936
79.5	1.6566387254471946
79.55	1.656674014739332
79.6	1.6567092614264771
79.65	1.6567444668675504
79.7	1.656779631354792
79.75	1.6568147536859044
79.8	1.6568498324718628
79.85	1.6568848670638836
79.9	1.6569198570740264
79.95	1.6569548023229625
80.	1.656989703327643
80.05	1.657024560880013
80.1	1.6570593763543207
80.15	1.6570941511740238
80.2	1.657128885777891
80.25	1.657163579561398
80.3	1.657198231526969
80.35	1.657232841263871
80.4	1.6572674087168977
80.45	1.657301933174893
80.5	1.657336414608955
80.55	1.6573708540437857
80.6	1.6574052520828197
80.65	1.657439607917114
80.7	1.6574739221495571
80.75	1.6575081950537263
80.8	1.6575424269733992
80.85	1.6575766183632306
80.9	1.657610770419116
80.95	1.6576448826555255
81.	1.6576789540148475
81.05	1.6577129840499416
81.1	1.657746972190199
81.15	1.6577809184183674
81.2	1.6578148275365887
81.25	1.6578486984109064
81.3	1.6578825249577986
81.35	1.6579163109878525
81.4	1.6579500585872327
81.45	1.6579837665522608
81.5	1.6580174344564174
81.55	1.6580510615716928
81.6	1.6580846474051096
81.65	1.658118191378036
81.7	1.6581516941387195
81.75	1.6581851564424657
81.8	1.6582185785592896
81.85	1.6582519597104057
81.9	1.6582853010166296
81.95	1.6583186031792887
82.	1.6583518666401533
82.05	1.658385091696044
82.1	1.658418279268593
82.15	1.6584514283923468
82.2	1.6584845383045341
82.25	1.6585176090883242
82.3	1.658550640275751
82.35	1.6585836318903369
82.4	1.6586165843968155
82.45	1.6586494978733286
82.5	1.6586823724665631
82.55	1.658715208561955
82.6	1.6587480055584896
82.65	1.6587807634813394
82.7	1.6588134826613623
82.75	1.6588461627715938
82.8	1.6588788031429051
82.85	1.6589114045916136
82.9	1.65894396859527
82.95	1.6589764965527438
83.	1.6590089888488593
83.05	1.659041443571152
83.1	1.6590738605333004
83.15	1.6591062382414097
83.2	1.6591385768307303
83.25	1.6591708787034847
83.3	1.6592031415479505
83.35	1.6592353655555678
83.4	1.6592675513044275
83.45	1.6592997003771086
83.5	1.6593318138160391
83.55	1.6593638892221805
83.6	1.6593959252943113
83.65	1.6594279217735013
83.7	1.6594598785913475
83.75	1.6594917966517424
83.8	1.6595236774715032
83.85	1.6595555221342626
83.9	1.6595873296516268
83.95	1.6596191007049743
84.	1.659650835634477
84.05	1.6596825339193924
84.1	1.6597141964052347
84.15	1.6597458225223318
84.2	1.6597774120187618
84.25	1.6598089652900112
84.3	1.6598404826001467
84.35	1.6598719640122517
84.4	1.6599034094579177
84.45	1.6599348188022882
84.5	1.6599661915152404
84.55	1.6599975273180951
84.6	1.6600288272583608
84.65	1.6600600924077464
84.7	1.660091322122717
84.75	1.6601225159880497
84.8	1.660153673930986
84.85	1.6601847957997724
84.9	1.6602158814634167
84.95	1.6602469309229166
85.	1.6602779440856792
85.05	1.660308921084297
85.1	1.6603398625313117
85.15	1.6603707694901346
85.2	1.6604016430979316
85.25	1.6604324828312202
85.3	1.660463288143555
85.35	1.6604940581696714
85.4	1.6605247926308722
85.45	1.6605554923083314
85.5	1.660586156168537
85.55	1.6606167835832135
85.6	1.660647374770134
85.65	1.6606779302146535
85.7	1.6607084511471837
85.75	1.6607389377007573
85.8	1.66076938946783
85.85	1.6607998069329697
85.9	1.6608301916421222
85.95	1.6608605440965114
86.	1.6608908636851762
86.05	1.6609211487736535
86.1	1.6609513981050503
86.15	1.6609816109320537
86.2	1.6610117877553754
86.25	1.6610419282853848
86.3	1.6610720324728177
86.35	1.661102100395698
86.4	1.6611321338545788
86.45	1.6611621344254601
86.5	1.6611921033368062
86.55	1.6612220398123734
86.6	1.6612519427255636
86.65	1.6612818115137655
86.7	1.6613116460820618
86.75	1.6613414468116228
86.8	1.6613712141936865
86.85	1.661400948038525
86.9	1.6614306484161614
86.95	1.6614603159444936
87.	1.6614899506510108
87.05	1.6615195527835915
87.1	1.6615491227957564
87.15	1.6615786606279828
87.2	1.6616081666064386
87.25	1.6616376404068418
87.3	1.6616670819384667
87.35	1.6616964910570857
87.4	1.661725867993656
87.45	1.6617552119818675
87.5	1.6617845219445446
87.55	1.6618137975248604
87.6	1.6618430393197756
87.65	1.661872248104997
87.7	1.6619014239884065
87.75	1.6619305667047806
87.8	1.661959676282403
87.85	1.661988753784492
87.9	1.6620177993141534
87.95	1.6620468133198063
88.	1.6620757965564383
88.05	1.662104750780417
88.1	1.6621336739112191
88.15	1.6621625651942105
88.2	1.6621914228157852
88.25	1.6622202474696448
88.3	1.6622490400938943
88.35	1.662277799871459
88.4	1.6623065261805445
88.45	1.662335219950541
88.5	1.662363882121523
88.55	1.662392513750254
88.6	1.6624211153407666
88.65	1.6624496860515998
88.7	1.6624782238642977
88.75	1.6625067285099084
88.8	1.662535199686472
88.85	1.6625636391929082
88.9	1.662592047791085
88.95	1.6626204270239657
89.	1.662648780585944
89.05	1.6626771053588798
89.1	1.6627053962860572
89.15	1.6627336555980508
89.2	1.6627618850129966
89.25	1.6627900840480534
89.3	1.6628182508669702
89.35	1.662846385729672
89.4	1.6628744894986534
89.45	1.6629025611905464
89.5	1.6629306018836338
89.55	1.6629586117279624
89.6	1.6629865905138534
89.65	1.663014538118961
89.7	1.6630424551226335
89.75	1.6630703413668761
89.8	1.6630981979376815
89.85	1.6631260254750622
89.9	1.6631538246383593
89.95	1.6631815936041818
90.	1.663209331678623
90.05	1.663237039913424
90.1	1.6632647179617257
90.15	1.6632923644284525
90.2	1.66331997910167
90.25	1.66334756217086
90.3	1.6633751150304068
90.35	1.6634026382560858
90.4	1.6634301325244192
90.45	1.6634575979603468
90.5	1.6634850349437336
90.55	1.663512444273815
90.6	1.663539824609855
90.65	1.6635671752473242
90.7	1.6635944963970375
90.75	1.663621787529813
90.8	1.6636490484524062
90.85	1.6636762803982204
90.9	1.6637034838266895
90.95	1.6637306592813927
91.	1.6637578060658327
91.05	1.663784923034755
91.1	1.663812010527138
91.15	1.6638390680847035
91.2	1.6638660970534578
91.25	1.6638930984792317
91.3	1.6639200697807097
91.35	1.6639470109538028
91.4	1.6639739226461738
91.45	1.6640008049670096
91.5	1.6640276587949874
91.55	1.664054483585926
91.6	1.6640812784381194
91.65	1.6641080444820329
91.7	1.664134781476382
91.75	1.664161489737401
91.8	1.6641881711840947
91.85	1.664214824928912
91.9	1.664241450019842
91.95	1.6642680459285701
92.	1.6642946120251567
92.05	1.664321149345937
92.1	1.664347658649706
92.15	1.6643741400249437
92.2	1.6644005942247109
92.25	1.6644270210728322
92.3	1.664453419893742
92.35	1.664479790581057
92.4	1.6645061333659332
92.45	1.6645324483216786
92.5	1.6645587353314126
92.55	1.6645849945444042
92.6	1.6646112264571777
92.65	1.664637430955133
92.7	1.6646636083496693
92.75	1.6646897598151407
92.8	1.6647158837380622
92.85	1.6647419804202852
92.9	1.6647680499137145
92.95	1.6647940920240114
93.	1.6648201065430313
93.05	1.6648460933948952
93.1	1.664872052733246
93.15	1.6648979844623026
93.2	1.6649238885175386
93.25	1.6649497648292448
93.3	1.664975613121469
93.35	1.6650014344548714
93.4	1.665027229103502
93.45	1.665052997065782
93.5	1.6650787385323675
93.55	1.6651044540161228
93.6	1.6651301428234808
93.65	1.6651558047423483
93.7	1.6651814393359405
93.75	1.6652070464682909
93.8	1.6652326254886862
93.85	1.6652581774565238
93.9	1.6652837038065118
93.95	1.6653092054900571
94.	1.6653346822162929
94.05	1.6653601325898926
94.1	1.6653855547983933
94.15	1.6654109475900531
94.2	1.6654363115895574
94.25	1.665461647282441
94.3	1.6654869555571792
94.35	1.6655122365552062
94.4	1.6655374904366482
94.45	1.6655627184308097
94.5	1.6655879219270564
94.55	1.6656131013972402
94.6	1.6656382565287084
94.65	1.665663386059485
94.7	1.665688489343336
94.75	1.66571356581805
94.8	1.6657386161814474
94.85	1.6657636410803223
94.9	1.665788641200837
94.95	1.665813617715791
95.	1.665838570928087
95.05	1.665863499888791
95.1	1.6658884036472257
95.15	1.6659132805426056
95.2	1.66593812934052
95.25	1.6659629515254455
95.3	1.6659877476400307
95.35	1.6660125166818136
95.4	1.6660372592592545
95.45	1.6660619771083014
95.5	1.6660866717137124
95.55	1.6661113416995978
95.6	1.6661359868480803
95.65	1.6661606065504202
95.7	1.6661852000611168
95.75	1.6662097674326521
95.8	1.6662343088595462
95.85	1.6662588247539576
95.9	1.666283315466522
95.95	1.6663077820220358
96.	1.6663322251393917
96.05	1.6663566448647695
96.1	1.6663810403733241
96.15	1.666405411985766
96.2	1.6664297590217272
96.25	1.666454081112541
96.3	1.6664783774428324
96.35	1.666502647806017
96.4	1.6665268932336628
96.45	1.6665511153865298
96.5	1.666575313477429
96.55	1.6665994861881233
96.6	1.6666236333571334
96.65	1.6666477548027314
96.7	1.666671849463213
96.75	1.6666959186694608
96.8	1.666719962974635
96.85	1.6667439826127661
96.9	1.6667679781471356
96.95	1.6667919495521997
97.	1.6668158974637892
97.05	1.6668398220602687
97.1	1.6668637241637934
97.15	1.6668876028689494
97.2	1.6669114578224569
97.25	1.6669352884157558
97.3	1.6669590946426434
97.35	1.666982876799084
97.4	1.6670066352923008
97.45	1.6670303703126605
97.5	1.6670540825273341
97.55	1.6670777730213675
97.6	1.6671014405449895
97.65	1.6671250840497662
97.7	1.667148703317075
97.75	1.6671722975776688
97.8	1.6671958673664604
97.85	1.6672194140712677
97.9	1.6672429368780972
97.95	1.6672664353393345
98.	1.6672899098266314
98.05	1.6673133601647883
98.1	1.667336787057506
98.15	1.6673601909932356
98.2	1.6673835718215018
98.25	1.6674069289902835
98.3	1.6674302628155913
98.35	1.6674535731855331
98.4	1.6674768592943907
98.45	1.667500121311815
98.5	1.6675233599402082
98.55	1.6675465752961003
98.6	1.6675697679956432
98.65	1.66759293755188
98.7	1.667616084446087
98.75	1.6676392087415677
98.8	1.6676623098515337
98.85	1.6676853870270456
98.9	1.667708441631931
98.95	1.6677314734110391
99.	1.6677544825523403
99.05	1.6677774691771674
99.1	1.667800433123638
99.15	1.6678233752074245
99.2	1.6678462955067652
99.25	1.6678691934559395
99.3	1.6678920694527386
99.35	1.667914924099673
99.4	1.667937756366061
99.45	1.667960565738773
99.5	1.6679833518856388
99.55	1.6680061144978056
99.6	1.6680288540995405
99.65	1.668051571052716
99.7	1.6680742652282068
99.75	1.6680969357921835
99.8	1.6681195834106037
99.85	1.6681422089753777
99.9	1.668164812634985
99.95	1.6681873941657388
100.	1.6682099534680068