18.239877329044674	0.7387807718536393
18.235630563512792	0.7385657906870026
18.218992715867937	0.7368967105639405
18.158432705362365	0.734429881158997
18.111705792846053	0.7312891340864289
18.154853141381345	0.7276675483222199
18.174564335612214	0.7230373200071835
17.926878503058244	0.7155158436183363
17.84930510943385	0.7088629370420639
17.873165625804663	0.702478795666396
17.709535240882428	0.6936274498662682
17.551781687073003	0.6842242966423465
17.25752351296659	0.6730888167006188
17.534729984957742	0.6658930003501357
17.052753242881096	0.6523840325525239
16.88872475621038	0.6405797682791374
16.72225912349053	0.6289196719167153
16.553070150851568	0.6163436683125223
16.371359580370182	0.6036514720322823
16.185607589031868	0.5903594190270783
16.00196471598698	0.5761835231347225
15.807164040932658	0.5624693804771614
15.611906521171882	0.5481667311069952
15.405765385830072	0.5343936358607687
15.209171558924263	0.5198508676890585
15.011395511770711	0.5048575038464381
14.796324255622517	0.49041551022115415
14.606465596812786	0.4757240675786206
14.39624726037826	0.4626259000976528
14.192682572270115	0.4496360555837419
13.986138185909407	0.4373000569183345
13.786825576049388	0.4250958301769676
13.587439699634356	0.4128037315948268
11.71834068823287	0.3012516131202531
10.137086996714546	0.2048278553859765
8.885220471776393	0.1215698268371004
7.892584985703315	0.04956496705660343
7.1263384100477225	0.00002954144925713453
6.550809229257992	5.5685358704590605e-6
6.07320403277432	4.214833789482918e-6
5.670498817336582	4.896237106948287e-6
5.320590331357522	6.137889609864216e-6
5.0248253147713156	7.956962925025584e-6
4.759884361564033	9.976450182633234e-6
4.525753302168865	0.000013869257068854456
4.311661800519066	0.000018323579138724828
4.117584149003741	0.00002494106107561318
3.939676424552296	0.00003488192971095239
3.7723054982752267	0.000048041578257392805