0.5161759746013848	0.368772304281263
0.5162428607173029	0.36913925014303706
0.5162501935673535	0.3685907290708889
0.5165195668202193	0.36866922415445424
0.5163397342412079	0.36844604247785906
0.5159569150976128	0.36884688095261575
0.5161289371380023	0.36871512413206275
0.5175987133399779	0.36835907343652635
0.5177279943220955	0.36843336707577906
0.5173588427032331	0.3683175497651589
0.5175549176975045	0.3683255358568891
0.5175739197968873	0.3679644105348604
0.517659319417017	0.367653893394967
0.5178700614934548	0.3672360674057613
0.5179474374304843	0.36719308985325533
0.5181376009301374	0.3662107737302853
0.5184749525116393	0.36615088667199014
0.5198610930689114	0.36595095983750836
0.5181365872520372	0.36515670991788635
0.5195372840419882	0.3649367703528803
0.5198985953059851	0.36404014769387394
0.5195034558662612	0.36285620443582106
0.5190802587695729	0.3621264379552569
0.5188211003539626	0.3612356851390162
0.5193203400891976	0.35980956972472666
0.5192024272785005	0.3590880230806945
0.5198499199876195	0.3575295725441795
0.5199789527566498	0.35635793272608557
0.5202660134242919	0.35487144290957967
0.5213937006567331	0.35375799476681974
0.5199555636689842	0.3512838445936932
0.5208955325524242	0.34946261755498714
0.5210772527751931	0.3474676436261205
0.523540243419943	0.3150571341321811
0.5263141421623981	0.27796591042282065
0.5288621809619392	0.2444284175715831
0.530236229130377	0.21386126857067064
0.5323650460067733	0.18519307102423163
0.5333184454155615	0.1610680586820457
0.5343983577692659	0.13849717644392548
0.5355765090073977	0.11793772033120549
0.5366994788334818	0.09933720936624718
0.537499837867677	0.08239373763720786
0.5391508451809642	0.06625407668859687
0.5412819995745018	0.05173296677059711
0.5436698755638324	0.03634930889867943
0.5450249017883422	0.5997497533523347
0.5506240923960866
0.5517738596537575