0.017754914817480854	0.2498992938926766
0.017752614877698383	0.24974281190230962
0.01775348864017565	0.2501108898970678
0.017836600323037202	0.250390441249291
0.01787231299873185	0.2507141038652399
0.017890219511872776	0.25127004337982406
0.01795337350022922	0.25192702711743925
0.01808694489721648	0.25310140437827977
0.018205545385462815	0.2539845711372701
0.0182679198322904	0.25466033353030165
0.018412356478885814	0.2558985883267351
0.018559642261308063	0.25722089046579016
0.018805154725484885	0.25879227638692814
0.01879701272509575	0.25959394912089506
0.0191276680660596	0.261530084414513
0.019322560471833894	0.26323809340389226
0.019535956072826148	0.2646483111285372
0.019776036186855507	0.2664057636667257
0.01998972465467504	0.26807853924473085
0.020234709672107196	0.2699310814483215
0.020541578513122376	0.27208942772719386
0.020801585802380614	0.27399223458733407
0.02107538632670288	0.2760679847346606
0.021413370759264704	0.27795175666465666
0.021717002356118988	0.28013522127981544
0.022039693416657728	0.2824896658343487
0.022403769011864243	0.2847041235023684
0.022742551810826024	0.2870431656429716
0.02309825364044599	0.288842334812648
0.023482449776252964	0.29068703707217936
0.02386518721149492	0.29238868205348234
0.024262975338089	0.29414830871122527
0.02467389830577183	0.29600988488289826
0.029346285235955484	0.31722530009103916
0.03483434752800273	0.34565226580302494
0.04100314867777573	0.3806441332946023
0.04752638102902932	0.4200952033878953
0.05428932047218621	0.45415427841177347
0.060651433959088646	0.4622107924408924
0.06715253143248112	0.4710174587754619
0.07356158612726538	0.4802326397817314
0.08031111943863585	0.48970679579513965
0.08698527551907259	0.49943139352021776
0.0938045970139238	0.5092403939980247
0.10071297128548193	0.5190790525883167
0.10759754972752987	0.5287472781195177
0.11477860660271463	0.5383468695564402
0.12210963528180181	0.5478349441334495
0.12961546191160966	0.5571876855598867