0.4465154735390456	4.414820280994979e-6
0.4465341415157779	4.3727996087867235e-6
0.446437992141886	4.579945338663089e-6
0.44638012760589724	4.497429616379324e-6
0.4463585162230724	4.444866485469547e-6
0.4462242476822239	4.550505453874904e-6
0.4460637090037497	4.3932881478925e-6
0.44594665249426146	4.484744215425444e-6
0.44577394779877105	4.703994005828286e-6
0.4455787260299871	4.623564396720953e-6
0.44529771194407325	4.811401803519013e-6
0.4450923275464991	4.6594112996302165e-6
0.4447690014274837	4.899045099056832e-6
0.4445225944245472	4.942462411577487e-6
0.44425624400670943	5.0890874689985646e-6
0.44390493769827494	5.267958292092058e-6
0.44356481121684177	5.3641985448394e-6
0.4431395283773038	5.577965383308228e-6
0.4427626984045332	5.6357838805042695e-6
0.44233424009708194	5.734364543874656e-6
0.4419218548808762	5.937624170836868e-6
0.4415664480157677	6.0983358891379035e-6
0.44108769768151496	6.2146363347643384e-6
0.44059341622454945	6.381914432815941e-6
0.4401199841502535	6.793077390963796e-6
0.4395557933447386	6.972349664294917e-6
0.43889677201856503	7.141341436599216e-6
0.43858282731772125	7.439028779585854e-6
0.4379751803515592	7.623686776167323e-6
0.43739782711420083	7.892310308231472e-6
0.43684806153346645	8.198254837569306e-6
0.4363331328296554	8.638060260230112e-6
0.43572320659724767	8.809464484599978e-6
0.4294650819767264	0.000013642816884597798
0.42271938648787516	0.000022844573381077034
0.41605074192545083	0.00003799028449248431
0.4096621502887436	0.0000668370970214043
0.40366287436870973	0.00011777068286578548
0.3984777533533723	0.00021995190396975533
0.39367130220712754	0.0004979867274425902
0.38902621843928287	0.0013879497178455583
0.3846848378726251	0.9741438821736811
0.38054765989537037
0.3764793395173843
0.37259064289017685
0.36888151075439823
0.36504495448475927
0.3614098022178311
0.35772822423826317