0.5324890430200017	0.21801828140968738
0.5327073106782044	0.21841317876481312
0.532271586396179	0.21745266443919398
0.5322720486049102	0.21727482056273414
0.5326779373688854	0.21686497103827784
0.5326094278111456	0.21700942413280302
0.5318311745052212	0.21656337286668334
0.5326816621274695	0.21596130798146718
0.5325591411794908	0.2150492748335695
0.53252630197463	0.21397956835667992
0.5317547699881365	0.21338009301616956
0.5325332759278697	0.21216426233569258
0.5321953970848392	0.21127014956835144
0.532733591562546	0.21040395555404381
0.5333502922049388	0.20955774541298475
0.5336186380372555	0.20842081967604886
0.5335086303689177	0.20700161070256462
0.5330660060966294	0.20573842562644779
0.533103742742185	0.2047597607694836
0.5333908876881326	0.2023590285750159
0.5333519737180432	0.2013675427699738
0.5338865666633068
0.5340766306958314	0.19837718038519767
0.5342594051916261	0.19672381179298615
0.5343221190449523	0.19567707889938046
0.5339793329663526	0.19287723002355825
0.5333736827920506	0.1914462626405901
0.5351967779838833	0.18916601598530253
0.5344203122727958	0.18752581561661685
0.5347247946490371	0.18563950975664967
0.534772250308374	0.18335336609494352
0.5354779253192037	0.18179028637861447
0.5355685218221167	0.17927794759279303
0.5373626312175926	0.15773269440962479
0.5387430560468256	0.13500758124893159
0.5404572675333645	0.11341190885193042
0.5420166323798121	0.09406497575128031
0.5428741892071521	0.07678103468707562
0.5439568902617903	0.06177915486701619
0.5455923020254666	0.04836288591673146
0.5463827546759354	0.0343267796221382
0.5476301330860652	0.366910250621517
0.5503385195702161
0.5502791336818756
0.551665036988329
0.5536895837228549
0.5554347222577447
0.5577616518269276
0.5593821097345519