0.006939201342145472	0.04211091837228748
0.006934304507902786	0.042132894740790024
0.006927946702320816	0.04218481126745665
0.00698752704112227	0.04234700038451392
0.006967627607660165	0.04247448951377384
0.00703759176800326	0.042716406209043496
0.007075948039135254	0.042976779546577866
0.0071701480887923965	0.04332667784296264
0.007229329745343288	0.04368264434853801
0.007283971887292852	0.04407505242748217
0.0073526570030502825	0.04451015446175654
0.0074886047828801395	0.045069209371679415
0.0075705185673482795	0.045621546569667985
0.007570947152539109	0.04608882503278569
0.007731702191749821	0.046782678619437516
0.007822932044514197	0.047457240175668956
0.007973209057092246	0.04821466281677007
0.00796622139788384	0.048873413854255456
0.008219548066847977	0.04983161710329095
0.00827722038931026	0.05060114270166837
0.008547674917179603	0.05162592175163233
0.008649162518229236	0.052541280535064495
0.008831977029479271	0.05354325631898681
0.008947766680015954	0.05452243568162582
0.009085900973921292	0.05555451691410403
0.009399165336826484	0.05684231787460985
0.009534306070323396	0.05793820326890911
0.009736767820806404	0.059145933995530676
0.009935228480091799	0.06037015897715654
0.010222488167191122	0.06172549267778356
0.010378462145866291	0.06298277172586396
0.010617444408352347	0.06434003087356811
0.010791212237126223	0.06567581705899635
0.013346962381277486	0.08092120113249174
0.016013814629971118	0.09779723380488776
0.01900275239349051	0.11651908482611259
0.022071793844425504	0.13743485163741506
0.02505610886996831	0.15985149424084558
0.027710715956818104	0.18069196075311034
0.030311051654083734	0.2002775957777455
0.03281229305610592	0.21807518356390276
0.035181434908956546	0.23380483683612233
0.03761588733345937	0.24757643875321644
0.039926291241976074	0.25917695267338714
0.042204907150079636	0.2696757175388073
0.0444294496280441	0.2816519738072411
0.04653730552439534	0.2937417236362219
0.048842798444826106	0.3062549983006937
0.051010600338205696	0.3185180490289356