0.056943753584435486	0.3504757242060457
0.05695162001617296	0.35118199881687207
0.056967754054506714	0.34996034464363585
0.05699944479884784	0.3502127985552422
0.057050146138974904	0.3502966350197142
0.05710400222050295	0.3513487029088817
0.057220739226091645	0.3519725742335329
0.05725414444800412	0.3521338792501498
0.057361810578233606	0.3521684739820641
0.05748019114335518	0.3522403377298441
0.05764047730709485	0.35323238276895363
0.05773403861936657	0.35329868770136624
0.05787398451013197	0.3540155608025007
0.05798666169229992	0.35487584883742673
0.05813141113350341	0.355984301323953
0.05829324103290366	0.35682181598095014
0.05849496816861106	0.3575100991385995
0.05868504056818505	0.35848535769243417
0.05889400944597903	0.3601339749171296
0.05908762127247481	0.3595461208460734
0.05932289243469909	0.36143956828169105
0.05955667000082498
0.05978463352043613	0.3639265218923398
0.06002226788363341	0.36510607363750996
0.06027786680956869	0.36733082484132296
0.06054225761155562	0.36679440635579036
0.06078960812100003	0.3686295533416288
0.06103731185015299	0.36901163983780894
0.06136287653590952	0.3708849913461551
0.061620924028159586	0.37214884203266557
0.061938768694602055	0.3729571586956565
0.06222247025275823	0.3749540629685014
0.06251616522825897	0.37537438954153557
0.06571303487177486	0.38794415694140155
0.06906096547904961	0.39748193988264996
0.07231924315273204	0.40386106746970823
0.07537720783656167	0.40689446928350287
0.07828131853607644	0.4052927739975136
0.08074837313021903	0.39634857366020276
0.0830416032315056	0.3830027922715305
0.08522645477421839	0.3561198074467604
0.08735668067652388	1.2470395166658013
0.08917248647787275
0.09126539437613061
0.09315418838297893
0.09502951411311372
0.09687613469854808
0.09873625573991242
0.10058994511898056