0.057110938309239204	0.8144189558795818
0.05750650560952242	0.8149626025778052
0.05902240879028769	0.8129327262241408
0.058538472545036586	0.8113166381885688
0.05761200196494367	0.8096225968443159
0.05702588364602948	0.8064975036580657
0.058164126543389795	0.8031720347412993
0.05868295406708425	0.796301154737644
0.05920472771217651	0.7910025750706383
0.0590269584145201	0.7869456609689655
0.06025998621475185	0.7799308752599006
0.059765707432202046	0.7717795829348527
0.061553442280001584	0.761481216856492
0.06103481603804352	0.7563159724032082
0.06180002435617076	0.7434058414921862
0.06360710746219163	0.7311958744566125
0.06334138767869392	0.7218909945002288
0.06459731720642337	0.7091382509882276
0.06605497427807072	0.6972678726972266
0.06610239400644137	0.6831533173040762
0.06751646162071248	0.666052226106869
0.06862038170657733	0.6513791688742541
0.06907517708002053	0.634896058263013
0.07072460940699278	0.6211731528888006
0.07224060520608178	0.6038304804610392
0.07423663046691693	0.5847048182372143
0.07462531071257848	0.5683974362552253
0.07602819034682831	0.5504815019471135
0.07734841919214436	0.5388459634015464
0.07903245274410914	0.5271057194556338
0.0798457736508793	0.516923140045717
0.08138581087199745	0.5070121394863754
0.08315427413782503	0.49580927908507944
0.10239591299126233	0.3855867789917457
0.12586947725545392	0.2666169290309932
0.1536907946799354	0.1555663477020478
0.1834179903334319	0.06003851443992055
0.2155041553297319	-0.002655933082620007
0.2461499524432998	-0.006773118503536967
0.27829580603640547	-0.014999674798467168
0.3085646994278122	-0.02564204033976445
0.3419252893519343	-0.0370104138325914
0.37591414650470456	-0.047111993966963535
0.40975594066465704	-0.05928256216683932
0.4433288475858875	-0.0675311635338177
0.4758006492709519	-0.07862411894572248
0.5104163315949591	-0.08828926096814788
0.5446172119798856	-0.09684413727153876
0.5783314479501479	-0.10556591081822655