0.0288027586426803	0.21870908877435985
0.017180650158236607	0.21889047216264185
0.004271324235263096	0.22070850123019758
0.01880889005693789	0.22144023612871006
0.03312313521691789	0.22283992865585786
0.011742022270223538	0.2250349336411493
0.030059205426155772	0.22866771277300624
0.008408313788069222	0.2311248085867626
0.011109392114626937	0.23635776689943458
0.03667462793786273	0.24122439911378846
0.026469457790871325	0.24712469911250798
0.01945058400302867	0.2518572789335042
0.029611921971283345	0.2594145399499546
0.018307345361009555	0.26633495091018533
0.05924611368752082	0.27470242131515765
0.005466300525082357	0.2838517590548721
0.03227049974538487	0.29261334122067273
0.027766413405371816	0.30462381991674575
0.016954450558547773	0.31579121788519016
0.015085973883787032	0.3279622799837002
0.01915199183461768	0.3426945483776223
0.034502863923731225	0.3553691906371142
0.009649186193216563	0.3726008048283236
0.014235060318475526	0.3890450153725001
0.0271872731707942	0.40554362398494154
0.028066107687401098	0.42534537438441183
0.02040666855240026	0.44597293682149725
0.020989499236586884	0.4682788353431841
0.03393732736544107	0.49366435595347435
0.029402755477498113	0.5164057682884033
0.03658090763120344	0.5397931883433845
0.0348058844388854	0.56945513173441
0.0363528482261828	0.5950222132129392
0.038458635274503813	0.8517399425102812
0.04801419423700668	0.9050606165424196
0.060795099675273606	0.7579735413370468
0.07447877612755158	0.56135529617145
0.09061782293470966	0.4570701684619354
0.10516060153682125	0.3705195478258234
0.12109955689106418	0.2885540245279496
0.13858315013832936	0.21467842330124284
0.1555115278306279	0.1471164461524869
0.17496880405076237	0.08625871736231427
0.19261184885742094	0.03277898898690263
0.21352192042861598	-0.0028386336230635328
0.23539110787706044	-0.0045644606787945095
0.25711867408553113	-0.00933126463108605
0.2799646989119453	-0.01647767579663691
0.3053194018549032	-0.024880401128204405