3.0173508002670166	3.288911123622368
3.017340596595986	3.2888332842747645
3.0173148900405247	3.288809835701198
3.0172689213381814	3.288786734779106
3.0172028099940498	3.2887507772676545
3.0171204312202535	3.2884283244839465
3.017020802141456	3.288393265618679
3.016900592081133	3.2881464707582375
3.01676473764743	3.287828363307972
3.01661033991208	3.2877245365331778
3.0164407588214677	3.2872866267619876
3.0162514517027277	3.287191221271941
3.0160485462500257	3.2866944633441464
3.015826754367638	3.2863033013654706
3.0155886759193207	3.285790800125764
3.015336330188066	3.285286746863272
3.0150681081145976	3.2848800299155467
3.0147872369609905	3.284326839968835
3.014490056983063	3.283776369373223
3.0141793752687724	3.283501517740436
3.0138548856808103	3.282812492076698
3.013514963084277	3.282290737164729
3.0131651393289176	3.2816772232391007
3.012803537710285	3.2810885589155583
3.012429947920551	3.280200896898089
3.012046715957319	3.2798781843927656
3.011656354502193	3.279194487452768
3.0112443777683175	3.2786363757052963
3.010831314090578	3.2779830662142406
3.010408013565224	3.2773356189139795
3.009974802052471	3.2767720012541304
3.0095321348445756	3.2759476687597977
3.0090848946780695	3.2755063057432423
3.004295245530247	3.269226313485765
2.9992405390925008	3.2640774971350592
2.9942388051917566	3.260690388610303
2.9894802373595746	3.258780459002871
2.985048071892331	3.258691663380481
2.981187607692815	3.259935796240365
2.9775381728183534	3.2620839902972083
2.9740752072626906	3.2678040059486766
2.970754389601593	3.3745416510919433
2.9675497645783673
2.964420611768959
2.961353316581478
2.958311193225717
2.9552784756354242
2.9522453000559774
2.9491790009453562