



0.14899611649781508	-0.00391272819444984
0.032266228421939366	-0.029582657941659183
-0.03534494271144639	-0.06905494409741338
-0.05448771172982251	0.22399764158958496
-0.030138365665173004	0.030652726537458944
-0.13639817330018011	0.06729620895552865
-0.06966230917461397	0.0769911585958576
0.0048665418900181705	0.2640824152301001
0.26526797395531737	0.1609825138824513
0.23313314159730497	0.32155135738096313
0.26210642912565774	0.4883248327405279
0.2627039197707459	0.5042449082949727
0.3108816478656314	0.40758790645426124
0.4979966650209763	0.3639338127593289
0.548858053718695	0.31270623625203
0.534139209463804	0.27037086698728335
0.5366765270885081	0.24242694166640416
0.5228502640919773	0.2267738672786854
0.5229490387401992	0.22401707358151848
0.5147632055551481	0.2249840336018505
0.5162943067504502	0.22397183225232897
0.5212507151018504	0.2231839198191722
0.516983101803536	0.22213816542122158
0.5163122036067885	0.22238182820618543
0.5159194212807071	0.2229558140880755
0.5163237827950748	0.22420391014074711
0.5174201156881953	0.22496368523226062
0.5172341207600903	0.22533199957129874
0.5168054254997319	0.22522749191905367
0.516077359012903	0.22455840578917252
0.5123621351264361	0.225134583399164
0.5119638226870766	0.22476362434838196
0.5149232081563563	0.2248897255464286
0.5146047331405235	0.22480852171791366
0.5146841154193127	0.22478432586140432
0.5146939013817019	0.2258455840986068