



0.00009929665855161586	0.00014185629996842818
0.00019942136541886083	0.0002158509753873258
0.00011201249215516781	0.00010368324778559321
-9.396818826251616e-6	1.5597277589555726e-7
-0.00008925760842543303	8.956145708333839e-8
0.00013089512778385637	1.8384576656403887e-8
0.00046692135591752475	0.0005636295305839073
0.0001809099448259891	0.00034397376740149085
0.0001809425349034567	0.000459786546186864
0.00018956403926725937	0.0005563733490558903
0.0003201052237612975	0.001163311114154973
0.00040399168871350075	0.0023682183117769754
0.0008033954171759846	0.005023669193956081
0.0011226003464054675	0.008751007061323162
0.0019186894474218204	0.014259137540912655
0.0032046093528548827	0.021423083846955217
0.004654895307199613	0.02964203957245321
0.006327553564478691	0.038628308753378804
0.0077828876887626845	0.04741060745918122
0.009139095042717028	0.05528607017041873
0.01010799187134987	0.06129130786453749
0.010752384649963587	0.06554278863255533
0.011334049528418263	0.06863387229121337
0.011701886821475192	0.07069180908188775
0.011944543136936667	0.0720688648900557
0.012097609715096424	0.073008636554936
0.01217383396917172	0.07358029303548422
0.012243670175360804	0.07395550567135589
0.01230147993309384	0.07418491998768416
0.012339542102589472	0.07430677777831735
0.012427551724547254	0.07452274134299548
0.012439971757227289	0.07453602436705482
0.012385837249920765	0.07451783520195103
0.012393918262265045	0.07454066423215304
0.012394416414037827	0.07455132449159177
0.012395716261796223	0.07461017557534472