0.4923977209417473	0.060020064107503594
0.49003447645072684	0.05286691007287356
0.48766856237937795	0.045337213238040804
0.48530612151428404	0.037162699050672515
0.4829567988955934	0.02893100291747441
0.4806115627241723	0.020485189974494313
0.4782574137916291	0.011915472690620219
0.4758958883858109	0.0036327151759467597
0.473568329854987	0.000010377786318270523
0.4712262073095112	4.169786378087651e-6
0.46888548811208886	2.849426851326001e-6
0.46655760906259375	2.2967363147438755e-6
0.46421894824083876	1.977249380359603e-6
0.46187905903138854	2.059496689391803e-6
0.4595384908646023	2.185082832467599e-6
0.4571953278338945	2.4255290111807126e-6
0.45482922554047284	2.765997979163511e-6
0.45240439316788217	3.1914046270238893e-6
0.450126101615204	3.7017293286799813e-6
0.44776720655372415	4.056368365460376e-6
0.4454034988819217	4.883661225890499e-6
0.4430720678446925	5.549604068371928e-6
0.4407003756272551	6.366017462069035e-6
0.4382470229801673	7.614693344068814e-6
0.43594306521342346	8.868608034268372e-6
0.4335536371397879	0.000010372630928220298
0.4311079817615075	0.000012200344037836683
0.4287562336871998	0.000014203640895976447
0.4263485558946731	0.000017587928830537273
0.4239364541440021	0.000021022243218281076
0.42145873476766527	0.000024557036513785887
0.4191605391068775	0.000030210087886183537
0.4166591131167954	0.000036903825029480533
0.4143039349853905	0.00004492091820800918
0.41187386772326606	0.000054953074938167766
0.40944342005777695	0.0000683536313560353
0.4070026191674124	0.00008560763164220604
0.404569867695813	0.00011086707776363934
0.4019735888602971	0.00014960545779720499
0.3997067814480469	0.00018795568776610764
0.39737447454174885	0.00027159443257360617
0.3949520475491789	0.0003864017876763261
0.3925536269053246	0.0006042553859285424
0.390150780234896	0.0010683908451095227
0.3877554636164877	0.002122027258946398
0.38537517500374857	0.004131261618212918
0.383112918103779	1.1789698940819549
0.38083757484395653
0.3784965802016335
0.37615767538560696
0.37386371904330135
0.37167862164617677
0.3693181851371296
0.36721928113475427
0.3649623601453552
0.36277109733126367
0.3606925312364424
0.3585502035552032
0.35647486708536785
0.3544686547901759
0.35240386796405926
0.3502642011856467
0.3482814573770079
0.3462897312450837
0.3443499788479347
0.3422391905615532
0.34067698001587937
0.33878895432711725
0.33688743190416853
0.335094396336631
0.3332471576118705
0.3314627880208045
0.3297797653079108
0.32804602306997366
0.32634086614647945
0.32465615617280913
0.3230616286907648
0.3214244709775368
0.319851561074728
0.31831344740257866
0.3167477158540612
0.31524825150961505
0.31372293184152084
0.3122615484495025
0.3107132441818631
0.30933041271701744
0.30789029089097214
0.30650062771701275
0.3050375741110316