9.728640021310923	0.17879597810813957
9.324875908903278	0.15127768346537177
8.930609773126198	0.12506767667780005
8.567153125792544	0.09912158119010547
8.236477305053855	0.07486049783855347
7.931624011555089	0.05157561770470159
7.631767327448039	0.029272539280381007
7.358099422996689	0.008730430040867754
7.102853561169037	0.000024376568413447934
6.860811659830326	9.550535632791268e-6
6.634561332093224	6.372474642939679e-6
6.4097911466256265	5.0126766379541e-6
6.2169983105330395	4.208728968172037e-6
6.026325979044641	4.284323183819168e-6
5.848404312661961	4.4411425781127915e-6
5.675744846890412	4.825475821171465e-6
5.512822220404004	5.392127177599773e-6
5.354967642235688	6.0891947681851645e-6
5.210709961735106	6.921141015733839e-6
5.068023919221573	7.453880775856806e-6
4.9319454211894875	8.805854554537541e-6
4.807117178347972	9.850492331412149e-6
4.683267635848848	0.000011120116958986001
4.569512767512149	0.00001309882941342078
4.454213202375877	0.000014962336726853157
4.345168826471405	0.000017341413155171196
4.2410203674147136	0.000020179035927274296
4.141572802606011	0.000023253878529272275
4.045677763714609	0.00002848830152168668
3.9545021242579432	0.00003368118355004343
3.868047687382472	0.00003917572864474766
3.7814382151472556	0.00004773851304741338
3.692627830654014	0.00005803007214141276
3.6164272707249143	0.00007038659545715349
3.5403071037372524	0.00008553169961897462
3.46811118372118	0.00010753066040196767
3.392103877618823	0.00013402549456284678
3.3236922590752633	0.0001743880516671297
3.256977258694719	0.0002356878456123059
3.1901344384698533	0.0003001690036324644
3.128131773838048	0.0004377975615288666
3.0651191401554487	0.0006332975862866188
3.0096060096989286	0.001011224121478446
2.9524781068482855	0.00185924619112772
2.8939676108801433	0.003909784941397953
2.8396170598739574	0.007786789193166351
2.78944503900891	0.49802119086739877
2.744390468459017
2.6921482225239686
2.6385726912141685
2.5918605724014165
2.546310828255326
2.50166461607001
2.458869608523438
2.416675299196892
2.3757022588103784
2.3360045278036887
2.2972307131713188
2.2594234511354787
2.223922105461226
2.1887950326910266
2.1520524402375827
2.1176326860691046
2.08381969381797
2.0513206014239707
2.0188751284840243
1.9889881260879205
1.9586428564179237
1.9289492496535863
1.9001248684625855
1.8718151530202456
1.8440952720580102
1.817414037253349
1.7910060349825712
1.7652662637706935
1.7399528377944353
1.7155871906450073
1.691417070249669
1.6679575673361808
1.644999828142727
1.6224589367573756
1.6004740149419503
1.578814431653607
1.5577547273098706
1.5367683828429741
1.516621936154357
1.496735543750008
1.477346433383088
1.4579736848756166