0.03222137157234555	0.21370704170144358
0.03345520518428215	0.22247908273975
0.03476352198334914	0.2307755859712491
0.03606279333059498	0.23868171518399578
0.03732904687148629	0.24603160576635943
0.03857555819753258	0.25285740741172735
0.0398948386183237	0.25913793946255975
0.0411743188992486	0.26489626485313655
0.04244532986023681	0.2710268259076216
0.04372542720964866	0.27794969380830103
0.044991938090080494	0.28466201516847744
0.046338451921971696	0.29169002021989043
0.04753595648515823	0.29908223122886984
0.048792803848378925	0.3060264731064547
0.05002241189361399	0.3132227598963845
0.051281301993798996	0.31999740216167205
0.05252360160608978	0.3265666676371121
0.05378362691214835	0.33365844985023024
0.054994267278610356	0.3404921352177916
0.056246273035286565	0.346445614453983
0.0574930681210876	0.3530645752427001
0.058677254684825084	0.3586610252434619
0.059906585450412594	0.3644505361353672
0.061056120029685974	0.3700837830885264
0.06230729476383412	0.37734287972950015
0.06352085012291872	0.3807891479944012
0.06471363998238981	0.3849034350385292
0.06590604799205141	0.3888520627905066
0.06708935719925035	0.39303232030138036
0.06824786545945224	0.3973487354562032
0.06936547464638058	0.3990607331696627
0.07056730053734372	0.40286841892635905
0.07183324231738585	0.40485396317463523
0.07293222206250062	0.40629248422071734
0.07406336236688266	0.40902044755198574
0.07515900242705188	0.404677819997658
0.07638501771038149	0.40663540281459837
0.07749128288758901	0.4047305600022976
0.07857111496706595	0.4041014174505722
0.07976505226572408	0.39862979092725465
0.08087141649313162	0.39493684075696045
0.08203083505397342	0.3884287946766281
0.08303658345882163	0.380411145334722
0.08412516263069339	0.365824999324422
0.0852990869883091	0.3455239944898944
0.08639807798516787	0.3377570351186272
0.08743576421242712	1.5070755208055509
0.0883433800665825
0.08950413826173594
0.09075717886252706
0.0918294132980013
0.09292579557870029
0.09398352498687935
0.09507582441729372
0.09614127918454049
0.09721220432741118
0.09829775344927227
0.09936318005018795
0.10044108758125972
0.10147017009715091
0.10249807170336528
0.10361509406466972
0.1047031732999822
0.10579364929340848
0.1068677441238474
0.10791961945371273
0.10904122484389192
0.11011693442612992
0.11118447012063519
0.11227036804696115
0.11334010694309081
0.11442779982979666
0.11551815646755137
0.11660518192219786
0.11769048793615776
0.11878628187558146
0.11988164847540642
0.12097854346289952
0.12207974110996556
0.12318824048496341
0.12428533887456927
0.12539614404336855
0.12650139082289466
0.12761436213797914
0.1287156848039228
0.12984505382377323
0.13095770172605553
0.1320775922549834
0.13319372839756793