0.03658949333368806	0.35552874873592105
0.038586234247738806	0.3669267387180823
0.04071745934116123	0.37897524778757447
0.04291217781270321	0.3920082428544093
0.045063990060575126	0.40520425190276926
0.04726840993854182	0.41881980085540493
0.0496648895591009	0.4328456009705353
0.05216546822277627	0.4466472761568746
0.05450657729011717	0.4544348169460723
0.057030588889701084	0.457519740393089
0.05961969063091961	0.4608975782993862
0.0622456571425737	0.4644955701746303
0.06492430978783094	0.4680414883727241
0.06770175786703733	0.47191304825790664
0.07053878512961591	0.4759108514526431
0.07346974951225754	0.4800935853434136
0.07657861951067789	0.48434102987937866
0.08003547077276905	0.48865656488896536
0.08278987121383831	0.4930283914425414
0.08601963307328389	0.4979281305230908
0.08931628530618459	0.5024497611575378
0.09249018195541253	0.5073340158735458
0.09591572149587568	0.5122794812886654
0.09970952120845597	0.5170449413141951
0.10293635368262401	0.5218590639061705
0.10655312412716712	0.5270801416583386
0.11042480668405882	0.5321729678859354
0.11395369019462036	0.5372680990423127
0.11773530061849305	0.5421293171973864
0.12155177324141134	0.5470124769283141
0.1256384028551078	0.5520654423675972
0.12908924950549766	0.5568115543949167
0.13338598268115	0.5616992781800403
0.13706448532820512	0.566332375132989
0.1410654794827407	0.570820558989859
0.14505980324288306	0.5754150267906777
0.14918212040995307	0.5797011062245755
0.15322064774727154	0.5838164499564781
0.1578487073444202	0.5876793714831471
0.16137434103584716	0.5915985684026628
0.1651112598104771	0.5950635530074988
0.16919547161525422	0.5984054311433114
0.1731375525769061	0.6012860050791703
0.17713003391031382	0.6036348562404417
0.18115331195059395	0.6047075565095014
0.1850989362350926	0.6036616021893806
0.18864440164997678	0.10277446481204225
0.1921789071715906
0.19603736665279148
0.19992321893373202
0.20361893342378695
0.20697688300062994
0.21085173398907556
0.21397214988266394
0.21753984464165957
0.22092059597088953
0.22397906064953366
0.2272235101465368
0.23028028449630228
0.23312387349348354
0.23613675218235808
0.23937064097055988
0.24217029301204782
0.24499512239052412
0.2476753763775028
0.25076308864366703
0.2525199703954225
0.2550646192196282
0.2576367157841259
0.2599408761963587
0.26237418963380377
0.2646449197840211
0.2666898008206972
0.268836571378938
0.270922258056271
0.2729491800861887
0.2747846632666667
0.27670065057484594
0.27848209057958684
0.28018207928782474
0.281939241579223
0.2835528945211211
0.28521638372521213
0.28674752703455825
0.2884512547234207
0.28981107303226017
0.2912970978540639
0.2926736443795832
0.29419048823820393