0.	0.1097469128993462	0.13819787134692002	0.09034228308586789
0.05	0.11042039959096756	0.1390459537640347	0.09089668888865184
0.1	0.11079097060390461	0.13951259217615788	0.09120173830161236
0.15	0.11121048509542848	0.14004086224951254	0.0915470773726679
0.2	0.11183502830846302	0.14082731300539575	0.09206119351735684
0.25	0.11268465984115257	0.14189720432301856	0.09276059954543633
0.3	0.11370316191642962	0.14317974444234566	0.09359901768748115
0.35	0.11477972775859675	0.14453540086877065	0.09448523319463477
0.4	0.11599900932782357	0.14607077086677886	0.0954889304994464
0.45	0.11743237337193349	0.14787572240963345	0.09666885781418415
0.5	0.11901771506544197	0.1498720505213985	0.09797389122495652
0.55	0.12067886169991503	0.1519638353635819	0.09934132631296066
0.6	0.12241009736623383	0.15414387922599612	0.10076645781345553
0.65	0.12413949040400277	0.15632160277400195	0.10219007248522441
0.7	0.12583510712211268	0.15845679377730565	0.10358588291401624
0.75	0.12738340223815692	0.16040647129990154	0.10486042004657707
0.8	0.12812005197533133	0.16133409124761836	0.10546682087674873
0.85	0.12736278170467297	0.16038050506761098	0.10484344548187932
0.9	0.12445867273619739	0.15672353042477147	0.1024528193803246
0.95	0.11891238925188623	0.1497394198819869	0.09788718833543443
1.	0.11051440523867469	0.13916432958039707	0.09097407315953894