0.	0.11430539091278062	0.06030596083490887	0.14840757612172711
0.05	0.11220941853062831	0.060646023654167616	0.14880602135282275
0.1	0.11526137624664409	0.06067987178246919	0.14956112495895083
0.15	0.11714456365802375	0.060772944695900506	0.15021876191882555
0.2	0.11621736158050756	0.06105378273002951	0.15071467379617454
0.25	0.1138224865877854	0.06149255608017574	0.15121460626897154
0.3	0.11259624555090185	0.06197959380168095	0.15195444665866903
0.35	0.11602202520523922	0.06235301366584519	0.15327897346287433
0.4	0.12051837155203285	0.06273174688187003	0.1544889338673654
0.45	0.12262329632279557	0.06323160656247738	0.15485214620185758
0.5	0.12269767299674451	0.06382015362405792	0.15553329297430085
0.55	0.12096766505547307	0.06446443929803189	0.1576761464827327
0.6	0.12051254093080105	0.06515972980950029	0.160141973991899
0.65	0.12451175352373568	0.06587725769207857	0.16174541121263528
0.7	0.1294082512067042	0.06660931539815283	0.163027298767094
0.75	0.13103383418165665	0.06709957996608348	0.16393299217768093
0.8	0.13218899912833085	0.0678339069526542	0.1652819768450232
0.85	0.13345425622882628	0.06846689449349778	0.16610528975517103
0.9	0.1325005899737765	0.06745915393211285	0.16278310015556238
0.95	0.1219833960049218	0.06151279602078211	0.1478822637361938
1.	0.08743641795768188	0.045006917121490506	0.10899387681079092