15.046496589331626	1.0785600465799352	0.00726237852513362
15.001851585997652	1.079651794365418
14.872983097535174	1.0674635660709084	0.0031807915033596717
14.675606282645347	1.0560628820486901	0.002964773080802483
14.413579401802522	1.0406110142160032
14.100900963233736	1.0164832096648353	0.003469107724778376
13.745064832924841	0.9970294239341246
13.367441909438186	0.9720448515413374
12.980373849223549	0.9449854757575356	0.006610796180089433
12.584091560792467	0.9236412244998614
12.196836739671049	0.8997880870962407
11.824174221407954	0.8735013563958614
11.45988324300988	0.8526076788337156
11.130797572781676	0.8347734357345611	0.8320027406481282
10.812710574247975	0.8175603660239326	1.1439268390565522
10.53044646907549	0.7948561708110753
10.271336687896962	0.7811029365783195
10.023387031217775	0.7683224209235042
9.798689498571006	0.7592196433459563
9.595646247632757	0.750817017503938
9.415699119901012	0.7407276570217141
9.253489089772717	0.7379759802086033
9.12138908671275	0.7359048263998366
8.99318731541627
8.880953039011832	0.7437392912990928	1.3460877516615253
8.783261517002895	0.7417067760625886
8.69885879364996	0.7458893421015896	1.446444032725915
8.628865690491105	0.750768419995331	1.0178128965571096
8.566391361740612	0.754609789044291	0.010545700382576179
8.525777185473348	0.7649071251637501
8.468388060647172	0.7714318986100788	0.019420128017196902
8.432265666955375	0.7839532191135499
8.410641686983507	0.7888605449967594	0.009747662900624015
8.388103632856122	0.8010561928149689	0.009750003765553067
8.356925048357354	0.8083591580507639	0.01246508699849288
8.354384306564423	0.819730430660147	0.013841191735856939
8.344730855879767	0.8337754146076148
8.33422491577057	0.839840636350784	0.022574460793797217
8.314206644817435	0.8485855356483145	0.028616182474278003
8.322720302257311	0.8590777215024065	0.034035663115078156
8.318105985163346	0.8685404506971464	0.040750727834563204
8.32125992813329	0.8790841821682402	0.043517723092436206
8.326673435080536	0.8864678864389209	0.0432809092888714
8.32075444488651	0.8913024403067517	0.05424940390601185
8.312721108719055	0.8974406712664139	0.05840762739892239
8.315408021745517	0.9025105381268583	0.05787475658047369
8.325223372377858	0.9064747606193406	0.06348962917516265
8.331062209976965	0.9101684669404386	0.06589687363552091
8.33224978291605	0.9138221359244568	0.06834286319250261
8.327824748043216	0.9146764784729026	0.06928300959761256
8.328689536739995	0.9148827517147461	0.06696971596443492