1.0014232892345662	0.3926035165595252	0.1166194820148856
1.0010662337101948	0.32599900838641344
0.999526225142363	0.3896804392404991	0.11830256530417035
0.9977823712206881	0.38320195428832204	0.1148016642438936
0.9953813542403895	0.3350703641410659
0.9927588299763652	0.37776806958840853	0.10728929615879727
0.9887644739222586	0.330647095396294
0.9849362521866624	0.33186471126835965
0.9804574448158825	0.3582109786211217	0.08735081257206274
0.9750833021335288	0.3301340863518937
0.9696626851415683	0.31891970663285524
0.96333940365203	0.33411218885617194
0.9561880147024203	0.3290966849519801
0.9500703811017683	0.305798726931932	0.4361034280261633
0.9421209412270354	0.28940869159015487	0.00004510882462849141
0.9358777197816079	0.3217943544759663
0.9296996567618273	0.3186692843029722
0.9216441868930212	0.31395919084213003
0.9132067530682064	0.30791682134060744
0.9062299617818574	0.2978042060470432
0.8984699122679972	0.3031077288587431
0.8904767174728436	0.2930113020722857
0.8839297202325445	0.28961318270708286
0.8769367152471048
0.8684988663868247	0.24178403958963704	-0.001392805735857764
0.8607893902643361	0.2671513189144823
0.8533186181718077	0.2557038955131992	-0.3951519849314196
0.8463276899151667	0.2522821420905938	0.12657775060546972
0.8392847269330082	0.27106453597201857	0.07172260529196677
0.8338646545738574	0.2428069564373442
0.8260760089746093	0.2530400082428597	0.077135733880553
0.819705060655734	0.22805202439232758
0.8150099538203818	0.261649782142532	0.09477036305035612
0.808010739515927	0.25799401125605675	0.1027196054808971
0.8024995331503031	0.2577582271269083	0.10651575829878618
0.7982967512876952	0.2599675655264045	0.10955440013636762
0.7930658715243397	0.19802117747071438
0.7888583839421641	0.260265130391306	0.11515397328008317
0.7836952959701892	0.26489144241831863	0.11545016278386588
0.7802362312543181	0.2592191153805076	0.11940425240974659
0.7762234038465825	0.2645876726930211	0.11812269896870164
0.7725213106291124	0.264386976511891	0.12087590147994381
0.7704212753636193	0.2636937619028266	0.12649574515268758
0.7680733508184483	0.25937150797073694	0.1222731087620995
0.7651378139183682	0.2595688638530488	0.121499526839689
0.763356563994864	0.2607212680535763	0.12551124033583863
0.7620857013283441	0.2607145212019495	0.12280484088610585
0.7614466934764726	0.26089855054047406	0.12230367460094352
0.7607801489273625	0.25752924037004027	0.12095160463962937
0.7593650790819622	0.2598720021824595	0.1209404048887422
0.7598082139269053	0.2615686517798942	0.1238826205372302