0.0811458210700557	0.5187790817474535	0.9753325035632818
0.08123649949445194	0.529884317370386
0.081846274138446	0.5223514526739425	0.9790716589052892
0.082893417579315	0.5250276441031353	0.9798163101451625
0.08428913518365792	0.5380814816158448
0.08588962802920772	0.5374934541023191	0.9806136363515406
0.08785580525418327	0.5499823270566432
0.09006010648098818	0.5565399402606136
0.09243612390671195	0.5590341025454494	0.9806436767498709
0.09498575976238034	0.5681227042007715
0.09749096382707303	0.5770147853571002
0.10036608103153458	0.5835921955216877
0.1028542544754628	0.5903826422115109
0.10538376031975738	0.599602729757114	0.1479105852646286
0.10786270821610756	0.6084106116805221	-0.14836020889135718
0.11019651906013317	0.6131923803035585
0.11241620996429276	0.6189779923963676
0.1146597865504242	0.6253005667409282
0.11685509507128297	0.6297179549571565
0.11821896637750068	0.6349235457969136
0.11975721846731652	0.640629458627201
0.12109441371045795	0.6441707142918496
0.12241867959865943	0.6462278044084424
0.12316980681571202
0.12402473759968544	0.6511050403281168	-0.3353944885740444
0.12459879167385986	0.6505140388034137
0.12512053753108127	0.6523173812923753	-0.7088506903784494
0.1252085745086642	0.6528397707101831	-0.0941310586573511
0.12534834187336671	0.650243319497079	1.0044651953594634
0.12524926665172553	0.6512985856231172
0.12521642831224852	0.6489901982623419	0.9975806426028804
0.12490339340092006	0.6484931027827034
0.12479270101900805	0.643063799456103	1.0071677093380147
0.12451863059298526	0.6406569064088496	1.0067442679239953
0.12395886151432836	0.6389357706047067	1.0051517623231723
0.12361156206634226	0.6345222982627738	1.004018295417619
0.12306793276908795	0.6398972555913806
0.12269531165376048	0.6284465705808079	0.9966886447603973
0.12226075180443177	0.6256393546742232	0.9919548409567945
0.12201644531469233	0.6229804316357409	0.9873458633712507
0.12138952035915902	0.6204020761558777	0.9816284006812468
0.12100642298317647	0.6164367348080423	0.9794906233107749
0.12038575140269257	0.614092073990832	0.9794887560808019
0.12016604278297825	0.6132182025642848	0.9712238209212565
0.11986956642016987	0.6111458363130357	0.9681842043567976
0.11960435242487205	0.6093914475964424	0.9685742365640824
0.11962831940939572	0.608382120907917	0.9641276181942052
0.11919804325129225	0.6069121943537885	0.9622629704473676
0.11895735725757345	0.6054105968096911	0.9604470884955562
0.11924488661136305	0.6053423264003839	0.9598089972338086
0.11898679816699939	0.6052302164032313	0.9615513359390359