0.2336448727990171	0.5557159245435394	-0.3843818627505876
0.23262585707938366	0.6863934174502736
0.23451426081055035	0.5565614890893681	-0.3967722092513797
0.23804414837393378	0.5621103398804631	-0.3937886897609769
0.242368883835103	0.6482668042694016
0.24571497904556988	0.5532330020123934	-0.3874711874249744
0.2512618388214849	0.6302410046061446
0.25744909327680837	0.612394619787656
0.2636374236369747	0.5454945277660035	-0.3636264933384993
0.27088591857086936	0.5805500377725902
0.2766829514430267	0.5828415890088106
0.2868709054727503	0.5370538647879597
0.2921228657812427	0.5282533717721554
0.29871426858349714	0.5532319873919401	-0.7763774611551387
0.30603712700050023	0.566110475245609	-0.00006797920653527836
0.3114342747792791	0.4933933827063182
0.31755728783591575	0.4828772884401663
0.32469376434724967	0.4773830474374074
0.33283412500947934	0.4752662499565123
0.3334626671178503	0.4831970769983127
0.3375275998886891	0.4629650860890553
0.34103195924799085	0.4710935084644158
0.3462557571511114	0.4686143854064587
0.34487214364962887
0.3498116840005865	0.5402459026538335	-0.0011368886600051802
0.3518869107488869	0.4886162688849577
0.35410394365061404	0.5047269579808366	-2.0347737906937113
0.3530111893364709	0.5066138702811994	-1.6748420693836288
0.3533082745480217	0.4664674104806604	-0.39532720505120716
0.3527984435740472	0.5166531143711557
0.3525379226591359	0.4929287049601087	-0.38863533455717403
0.35130188726542744	0.5372296834326613
0.35147000674905304	0.46797677457144554	-0.442890832095792
0.35210110719615645	0.47194537439199474	-0.45985999832103375
0.3489101258169583	0.46903653558728464	-0.460741746527258
0.34807569695425855	0.4608596977566775	-0.4617088578054425
0.34661286185459006	0.5819665269755812
0.34541664119109783	0.4535291204132241	-0.45628951441635773
0.3439100778081394	0.44098294215331696	-0.4456361137488033
0.3447278124328596	0.4497823620746059	-0.44626103986812193
0.3424365598478005	0.43656261888519043	-0.4320234381410348
0.34169145414367014	0.4339440456374481	-0.4321790868205787
0.33834587405881583	0.4334544616821905	-0.4448149305100112
0.3377014638988305	0.4400450608678871	-0.4184696162392377
0.3368524567037206	0.4375618405673235	-0.4097357188776813
0.33590035854695394	0.43373158385508653	-0.41897163994591247
0.33741314982044646	0.4326740349002029	-0.40427919350839936
0.3348292084316323	0.4311331776119887	-0.39894897742955177
0.3335143867948968	0.4369372432174667	-0.39189627030513
0.336356851087422	0.43175365695662576	-0.3905181352058918
0.3338634200267015	0.428082654897011	-0.40036590552370305