0.5457687511353161	0.22701480381556455
0.5446842961238642	0.22365889597174518
0.5436388641747744	0.22027454257774826
0.5425673240821206	0.21686896357803462
0.5415138890483584	0.21341710156880178
0.5404430328873618	0.20992710129440534
0.5393709193095968	0.20635812558662336
0.5383018494395442	0.20273463547356121
0.5372371707092598	0.1989381816800586
0.5361690943493849	0.19508868249977052
0.5350969187826268	0.19098364995684933
0.5329711905372793	0.18235938885701955
0.529800550437928	0.168038782796767
0.5266508432977761	0.15354869711058186
0.5235304572778692	0.1404882317330275
0.5204362017979837	0.12958071563532542
0.5173765519885484	0.12018796341747551
0.5143488155113681	0.11073969613831039
0.5113508355148942	0.1047208959722504
0.5083914989093821	0.09875177391582328
0.5054590959435682	0.0918252627798958
0.5025595846130193	0.08415562760890372
0.499692268377267	0.07616708306302039
0.49685082954389054	0.06709318361291203
0.49403035361251624	0.05710511713702447
0.49129720191196	0.04699002146029797
0.4887019033236361	0.03666834304790158
0.4861294306742951	0.026180875821245172
0.4835458542581114	0.016480552125587165
0.4809796801476074	0.006461470453896237
0.47840135952116514	0.00002588155095836222
0.47577746790858044	7.986395430532693e-6
0.4732382476616142	6.46297212001227e-6
0.47067620514808206	6.508259631437264e-6
0.46808054570760343	7.035011505830216e-6
0.4654769895435596	7.83039945962508e-6
0.4628215315991298	9.163014148919251e-6
0.46023879678494833	0.00001106274821244554
0.45739432776014183	0.000013808026397985217
0.45473063616839426	0.000018003141805556782
0.4522582391513478	0.00002139984279730288
0.44954108094065504	0.000027655204972615512
0.4468113354511801	0.00003657338032141658
0.44416607176951256	0.00005060570884175551
0.4414408746102289	0.00006983256322721849
0.43873153135838033	0.00009870836001103916
0.4362234154962471	0.00014904574222318723
0.43356018178238886	0.00023929189315005704
0.430933849979131	0.0003918669851397973
0.4283435832951572	0.0008376772102831186
0.42580242538445784	0.0019600901663333705
0.42330504423290327	0.07692076002193275
0.4208856206093259	0.9561964980509121
0.41850898731386843
0.4160933984392957
0.413866453979913
0.4117063815897403