0.5027563773027369	0.08880229829246838
0.5003666032145164	0.08371070211014969
0.4979600579269733	0.07838847994182635
0.4955545686887929	0.07299761915024873
0.49317577187854167	0.06676179736234288
0.49079385166285	0.060270951705019116
0.48843497738762737	0.05320647489100083
0.4860586914756676	0.04597220529706465
0.4837156345322143	0.03822931793915205
0.4813350702513123	0.03073418233671648
0.479008002870657	0.022603038614977367
0.4743079942856483	0.006801085242619154
0.4672868579266966	3.7871298916542375e-6
0.46028509348934854	2.5084529606365514e-6
0.45327868392170717	3.262127103528709e-6
0.44627611352098895	4.729791596682613e-6
0.4392474960736375	7.228606180674603e-6
0.43221464144363725	0.000011890263206574443
0.4252473236830879	0.000019003042524483925
0.41821959739150427	0.00003356651403065874
0.41127342015728857	0.000059849891605432635
0.40428443936005015	0.00012235366450233124
0.39733808054080194	0.0002944524097462836
0.3901666045949033	0.001154883709135539
0.3819657501623308	1.1629661555729185
0.39392931751756255
0.38910666796796817
0.3842979697965335
0.3798288144801895
0.3754918407746574
0.3714825557726618
0.36764661419879885
0.3640347057879793
0.3606574684947072
0.35757868374639573
0.3545887060520473
0.35186810786199085
0.3493407514345138
0.34694733206472866
0.34479635343280224
0.34276882672649206
0.3409015216469143
0.33918965193885575
0.3376489221974275
0.3362141326407536
0.33492388082399077
0.33376304673780344
0.332729220400815
0.33180943072997726
0.3309872044949327
0.3303098107532468
0.32969569704944524
0.3292050791353509
0.32880242912918384
0.3285324965211168
0.3283182359310904
0.3281915197761295