0.22625936937620608	0.08054340773032014	0.052563336203873004	0.036558036210718625
0.22589761414039125	0.07925053648007138	0.04955399752945467	0.02953964995858928
0.22548756819302165	0.07793555248458155	0.04621562086575395	0.01950366852766431
0.22506562905513736	0.07660554652127446	0.042446190435691714	0.012965944158976003
0.22462963795919444	0.0752463252291155	0.03819518320967711	0.006358977050317219
0.22418490079900483	0.07387408686552654	0.030141355680187814
0.22372683996890766	0.07245795546134155	0.02690814595137684
0.22326320914161477	0.07101223867465735	0.023947648376380724
0.22279225023419952	0.06953805316477597	0.020881915108540303
0.22231535150729498	0.06796852812068595	0.017808460382488414
0.22183190760280322	0.06640158322389862	0.014226201623380678
0.22135502665815324	0.06475177301725023	0.010821681413296296
0.2208883900065914	0.06313645367913744	0.007442259989486843
0.22041885981699538	0.06146593279563108	0.00448018885937505
0.21993993693723787	0.0504998122231788
0.21945678808642463	0.049154645095081106
0.2189665337722078	0.04801287789326341
0.2184671081522665	0.046927864047746126
0.21796030363469301	0.0459625735739371
0.21745055164892824	0.04497215827825096
0.21693712081295538	0.04398532448119303
0.21640735962480318	0.0432470694242138
0.21587952298783236	0.04238620113487154
0.21534146666828227	0.04157842190908938
0.21479283650569883	0.040845876768272595
0.21423778384532322	0.04002854171811849
0.21368521368948085	0.03924105112761195
0.2131186815536842	0.03838893225499767
0.21254488711317573	0.03747317002928992
0.211966544752001	0.036535212673002415
0.21138184982537978	0.03552513506193564
0.21077876035515825	0.03453063442903552
0.21017278623300517	0.033320068826216874
0.20956316476230072	0.03224431351705326
0.20895080759764728	0.030913619733351026
0.20833021021639708	0.029475793111087282
0.20769048364556392	0.028088094689442393
0.20704161990074924	0.026627607165218076
0.20639143788877087	0.025089882997697145
0.20572241441003802	0.023427878114920874
0.2050507364399343	0.0217261724323433
0.20437286021273504	0.019974022709730463
0.20368591220382248	0.01815988564315167
0.20299186477967632	0.01631222976661785
0.2022939599629332	0.014448494318125553
0.2015626403740331	0.012791652875242908
0.2008422891340119	0.010895730679523267
0.2001026001601369	0.009262477817079218
0.19938804585529754	0.007421259562331925
0.19862070580255384	0.005863974224844403
0.1978612243029692	0.0043161768189171395
0.19709214573233794	0.0028753927094889225
0.19630692195512717	0.0014759091905616232
0.19553609294001828	0.00012241339862703907
0.19475580930653197	-0.0010926815244559687
0.1939280806409915	-0.0020248902066023777
0.1931373477357659	-0.0031788898300091715
0.19715823554026785
0.19654580131083085
0.1958586196143594
0.19515810875396206
0.19452568389264308
0.1938904418874875
0.19316168456968888
0.19242214912304517
0.19177056136792317
0.19111770578501963
0.19024909245039393
0.18958679440278675
0.18892507367562902
0.18814458798718373
0.1873598328914511
0.18656716172693932
0.18590410209455188
0.18511490486412124
0.18431843134413312
0.1835255093609587
0.18273122438899078
0.18208320262600847
0.1813037381254867
0.18051942261455933
0.17989279132826413
0.17897852651381957
0.1783678994860964
0.17746832128698364
0.17687627158677982
0.1759974471434511
0.17542226295371813
0.17457046300750376
0.1740158736956102
0.17318669167842873