4.718222705602346	0.915953824592671
4.691350561273911	0.8475569266431849
4.664703993764694	0.7779965895921361
4.638244252078515	5.09041675766371e-8
4.61200627414379
4.58596546665714
4.560129004671232
4.53444284332021	0.35470728232662707
4.509071499483018
4.48371358559868	0.15243635012749393
4.458558366323056	0.03894089967543596
4.408981405210598	1.379049787074623e-7
4.335391368053351	2.2159985655837498e-7
4.263170613936653
4.191638810548958	5.555905318410302e-7
4.120351326162382	8.531734664760696e-7
4.048742849591503	1.2981106481953074e-6
3.9776141029031122	1.9397674040693732e-6
3.9081043961087976
3.837395902580958	4.339158395181779e-6
3.766603087455281
3.696301691649668	9.944003464220167e-6
3.626665885535912	0.00001531527522747954
3.5586469124778537
3.4891894228038884	0.00003772681329746714
3.4260404943612643	0.00005803893092099037
3.3636868962756923	0.00008838570566371941
3.3052172312511354	0.0001272318442311207
3.2475031285720557	0.00016908639470836572
3.1904878590734356	0.00021399842187236155
3.1365214588632506	0.0002436379593906583
3.084600511635397
3.029979714544254	0.0002550643632354041
2.9823541585256637	0.0002503244580145474
2.934504921947086	0.00022394269252660584
2.8881574480572985	0.0001942503803560357
2.8442873263812922	0.00016392768478193674
2.800192226862427	0.00013163970937008732
2.756376393241121	0.00010634280782766092
2.715585066403074
2.674947664759359
2.636305035278163
2.597031185765615
2.5595134024021307
2.5212344308306367
2.4856121494628374
2.4495357826909405
2.4148253936455557
2.379211504190717
2.3441016295805244
2.306473718924591
2.276069031718499
2.2423687478783663
2.2083300530221077
2.1746685317415144
2.142373317005006
2.108118085424876