0.5266786687982674	0.15098023806553434	0.00002080078321377057
0.5250065414784227	0.13216969175441773
0.5233326432004087	0.1361527352512578	0.00014861612542965553
0.5216734879006419	0.1292433387003393	0.000695097517784314
0.5200176432202035	0.12217050114415177	1.5184400001884175
0.5183654391445297	0.11752712878559826
0.5167156962509454	0.11439344828037176
0.5150810649652057	0.11131141035299386
0.5134539304064609	0.10821008003938548
0.5118152614516757	0.10532411817894749
0.5102070803473728	0.10232904278837579
0.5069757926429461	0.09631734454754406
0.502086455161865	0.08612369088683092
0.49722909786441566	0.0744897150807651
0.492210029938268	0.06091227524273946
0.4870819646934151	0.0459699437893894
0.4818365217631123	0.029640724068395494
0.4767136985297907	0.013263683335367942
0.4716211878076124	0.00002395410763949918
0.46649136399105695	3.952636663375469e-6
0.4613410849241027	3.619354531334145e-6
0.45609284292989893	4.1670923190007285e-6
0.45094309407225774	5.144213502527018e-6
0.4457159200448376	6.863007723252175e-6
0.4405330564197289	9.26731324958613e-6
0.4354665919239182	0.000012693045158487129
0.43051592423836904	0.000017826187311029814
0.42559586636550384	0.000025800421486775668
0.42057171556197437	0.00003889940043878585
0.4156745857471321	0.000058886319681411705
0.4108928382577679	0.0000872234543483127
0.4056368742636838	0.00016792133943673175
0.4005489222074599	0.00033117208069848817
0.39516217613705373	0.0008520568585972922
0.38933180841873954	0.0034502010043635433
0.3821089329416697	1.615258788532024
0.4098479383053164
0.4067430002724588
0.40364616468272474
0.4008124939425278
0.39801708847646144
0.3952967335460842
0.39318348660194646
0.39048246765012584
0.3884445757195319
0.38600852179929773
0.38438110117214136
0.38219923697736996
0.38071828850515693
0.3788989996248096
0.37729211650901917
0.3759791627085878
0.3748010439189552
0.3736208076021817
0.37270579420918853
0.3716065355303452
0.3690882481148585