0.22476548622762116	0.07587212635593817	0.04069070320850178	0.010219415861732967
0.22405768508071894	0.07373580969722482	0.03011253465732448
0.22333305544551008	0.07156514559849451	0.0252710386795568
0.22259621143337685	0.0693397041130747	0.02099989853561124
0.2218527429180949	0.06705747015128877	0.016424478413759245
0.22110280434208418	0.06465626805226772	0.011545882410574814
0.2203473729141253	0.062152919376921065	0.006590947229437158
0.2195892650022662	0.05968840039368466	0.0022207441072283787
0.21882517435744098	0.0482809317142086
0.2180580268379116	0.04646952741642555
0.2172851345571725	0.04489934196038587
0.21652407365286377	0.04351804921616327
0.21578305627255495	0.04224796530824571
0.2150347568265536	0.041054348320761054
0.21427570521429293	0.03997017933303801
0.21350416860608715	0.03896383952880628
0.2127265487345298	0.037906812951467965
0.2119405781394581	0.036836396316916424
0.21114680963292687	0.035728044012544605
0.2103402557600215	0.03453739043849262
0.2095282395752779	0.03327780408633912
0.20869684814535194	0.03200456949243449
0.20787370458986684	0.030429789395359015
0.20702670196052259	0.028957275718035858
0.20618088891248784	0.02722937020165376
0.20529711659358418	0.02539121789819282
0.20441294661171985	0.023500363320524426
0.2035176155843423	0.02147246860522083
0.20262900704833695	0.01917881320471168
0.20169197776462142	0.017137978416704416
0.20076554325744714	0.014790271578050636
0.1998294825543978	0.012479728331263004
0.1988800237397697	0.01013996655852101
0.1979011553823304	0.008011611548044802
0.19690682357342817	0.00594524960127841
0.1959292375295626	0.0037139000091698893
0.1949187036476884	0.0018412566794752372
0.19390179123719742	0.0003777675858548885
0.1928768254826482	0.00010146757338282204
0.19179952331892108	0.00006970926795435444
0.19076487528647063	0.000053646750255141536
0.1896733555498137	0.00005063803112776136
0.18856965972648917	0.00004923025341367311
0.19216952165661103
0.1912524433434221
0.19031824141687262
0.18944856167516544
0.18848973389410284
0.18760741603489667
0.18662623319060237
0.1856315844804881
0.1846259609217984
0.18372428938056318
0.1825862098547837
0.1816789712921452
0.1806495993022644
0.1796153509180263
0.17858291166965337
0.1775529606078716
0.17651969262421732
0.1754984546904897
0.17462705057734515
0.17347421699108334
0.1724809318212947
0.17148963422218444
0.17052181501992772
0.16941594193308832
0.16862034258035338
0.167549353581023
0.1666528803143363
0.16561742460509718
0.1648868537604613
0.1640456440943558
0.16307836037997742
0.16227821438242096
0.161356937466831
0.16071049530178416
0.15983259693901966
0.15911056073807908
0.15828055788637513
0.15759971364386546
0.15681613155500698
0.156173978515604
0.15543038518366606
0.15471069822612912
0.15412639686665497
0.15344628167089994
0.1528971703737548
0.15225725148376382
0.15167030040079216
0.1510688760168751