0.5033943539568146	0.08880229829246838
0.5009685331510222	0.08371070211014969
0.4986623069615409	0.07838847994182635
0.49623610755224906	0.07299761915024873
0.4939190961633135	0.06676179736234288
0.49144579547145983	0.060270951705019116
0.489083164074167	0.05320647489100083
0.4865861005896003	0.04597220529706465
0.4841166731667475	0.03822931793915205
0.48161044824196486	0.03073418233671648
0.47899134309553015	0.022603038614977367
0.4741261014942097	0.006801085242619154
0.4667414773715241	3.7871298916542375e-6
0.4593701641416838	2.5084529606365514e-6
0.4519770370936126	3.262127103528709e-6
0.44456835230612934	4.729791596682613e-6
0.43712423850445814	7.228606180674603e-6
0.42970182444903393	0.000011890263206574443
0.4223364564217951	0.000019003042524483925
0.4149003489560877	0.00003356651403065874
0.4075545503400864	0.000059849891605432635
0.400114483837224	0.00012235366450233124
0.3926177517590511	0.0002944524097462836
0.3847227027800485	0.001154883709135539
0.37560631340871975	1.1629661555729185
0.3991663867019179
0.39483626266256455
0.39043947921693006
0.3862554487350585
0.3823496610350038
0.37878580857152216
0.375288400017033
0.3720723812750283
0.36939335416677466
0.36642487524648903
0.3637764938182002
0.36142182059151023
0.35961838228125514
0.35733516014583344
0.3555374582509991
0.35390971665441145
0.3524809376294493
0.35124654738195743
0.3497279246140685
0.3465434692412601
0.3437626620889151
0.3411982133344463
0.33865276599320626
0.3363501197946543
0.3344464873280049
0.33248005559104626
0.33098479572805456
0.3296316335651945
0.3284739968746685
0.327509093363185
0.32682176725121936
0.3263532711327702