80.38161965843844	5.46225462837499
72.05199455269418	4.842673219487225
66.11410303420122	4.333609054140414
58.99262454819178	3.882053925550231
54.417612987512385	3.5067950705654054
49.61485427220666	3.1744710639573337
45.434821090370534	2.884666098593834
42.44025678212398	2.637114984684697
39.204770403109016	2.4124621708719016
36.86486257282037	2.217475669277976
34.65513102593924	2.040480855439873
30.53508134224723	1.737001399292831
25.867275157847878	1.3800315818790247
22.26072333408323	1.1083095863286665
19.108756529703964	0.8984436235084975
17.278972330420928	0.7407749064048094
15.579541628685064	0.6133308467983932
13.814859834791172	0.5044147576052765
12.501264562686321	0.42834833155734553
11.376431010929299	0.3654622157215429
10.411807724549075	0.31196344088587113
9.573133434710666	0.264046595073345
8.835669315117208	0.22183814687771572
8.188480988137725	0.18281837621131716
7.607589511762619	0.14717295588572796
7.111076965708209	0.11487285057424364
6.683481106032135	0.08656809903705678
6.27008583837656	0.05981213044710077
5.917412767304658	0.03595058267835732
5.574703657299862	0.0140401813559633
5.270125104154578	0.000050970317956382606
4.989674392249925	0.00001607489345823317
4.7322716054003715	0.000012587278937818237
4.493030893355377	0.00001223608465984011
4.269702338311656	0.00001283304352025262
4.069597864842726	0.000014145558367747815
3.877713481567002	0.000016139796178772023
3.700311201588178	0.00001916838932520482
3.5353626182048052	0.000022815667109362916
3.379992673240514	0.000027616019780205337
3.235784345407254	0.000034787549238374674
3.0573018485588985	0.00004834503572727819
2.9322963940428517	0.0000621777937007322
2.815784937232361	0.00008419169132832805
2.705080976180824	0.0001151091401435373
2.6011905136106086	0.0001714792105058879
2.5032787878035707	0.00025316584126008825
2.4083398978265107	0.00042874234236144396
2.326009744678214	0.0007895822765921514
2.24093897793849	0.0016415082406170168
2.1644260646660314	0.0050758345249884325
2.088955374184302	0.4569951137952315
2.019361601995079
1.9515122980034145
1.8888062604869769
1.8281336781736592
1.770645328929487