119.39369985734278	3.6730375320663677
112.60923562247216	3.1881434444909234
106.3082182586164	2.757636064803758
100.71232401479271	1.4756515106809168e-7
95.45038725422943
90.60955245972113
86.39618051790173
82.29454983432133	0.9901567349563363
78.65613452096211
75.24681031955087	0.3963700006372411
72.14760444200786	0.09821709251839543
66.28036856407628	2.230139868836552e-7
58.92606131487977	3.0567097774743665e-7
52.80600378124441
47.674398471976026	5.937855775427404e-7
43.277813589090684	8.244492577630449e-7
39.42036092174239	1.146157484207294e-6
36.16496468232189	1.5833556896373792e-6
33.26267559859607
30.694413093886475	3.07373902363366e-6
28.39858705039259
26.37414551971829	6.1903852367211514e-6
24.546488439249135	8.967305145294626e-6
22.888833533586066
21.330151414693077	0.000019542172308159118
20.05385573169035	0.000028506831246600576
18.85218271173304	0.000041266486403901
17.75428527762712	0.00005712940343245735
16.746043296899305	0.00007384132520051929
15.813644309886628	0.00009123443017471074
14.953406653084695	0.00010264774848949271
14.172935443313595
13.409236537912744	0.00010722484051471188
12.729962393951388	0.00010558599434205096
12.091414730639546	0.00009583664564401535
11.495415661899436	0.0000848687767216927
10.940933706117397	0.00007344420264070216
10.420295412218243	0.00006094410992077891
9.929884153181193	0.00005080809926700183
9.473266503739852
9.04330874636033
8.640674349017479
8.257891578249565
7.899820677643278
7.55756151477416
7.238529606390129
6.93434525492853
6.648005141867792
6.37282466227798
6.111679936868673
5.856934330582831
5.629311560707688
5.4049181101987465
5.189138188519042
4.983742269744128
4.79040253913285
4.600100447187267