12.742807439218126	0.34651503483769464
12.032184302545597	0.3068091274964293
11.371560401476355	0.2710487143847034
10.784954507804699	0.23921614506470124
10.232791291917776	0.20820843102617478
9.724553218245708	0.17952686513814564
9.282560364397694	0.15203475756841292
8.851554911789394	0.12639574788977734
8.469398687961224	0.10154285060853174
8.111076655337904	0.07907101629279986
7.785460521444416	0.056516812106652305
7.167547714257961	0.016183034323835967
6.3925018831878475	8.39117525947536e-6
5.74640518704364	5.177014565144587e-6
5.203971809623466	6.314669898609705e-6
4.738644081213113	8.64138507155748e-6
4.3296880904573385	0.000012561679407824034
3.9844364231785327	0.000019868331686744406
3.6759088869966505	0.00003064658203540217
3.402603607543745	0.00005285199324756396
3.1581500751974754	0.00009319092169691965
2.942197915131468	0.00019006346696161925
2.746813033426035	0.00046781845733121717
2.5684927805999886	0.001942478412711838
2.39792529162666	0.612426076410586
2.294640496955444
2.167483233798707
2.050709005068427
1.9438964939004717
1.8451345635352128
1.7540112997535915
1.6714216791833045
1.5911141733948369
1.5191729545933998
1.4520550539134185
1.3892397750610688
1.330810004151955
1.2763344593526391
1.225233628931656
1.1776088872990678
1.1328259527476736
1.09080380343281
1.051354933517825
1.0144503592612557
0.9794709221750104
0.9465919881577424
0.9156457363462894
0.8863450884759843
0.8586450775088525
0.8325713264159895
0.8077393788030022
0.7843616861631725
0.7621978404585249
0.7411088505450976
0.721122594482605
0.7021661013037622
0.6841813977306336