12.74403643611651	0.34651503483769464
12.033292378907941	0.3068091274964293
11.37287600206567	0.2710487143847034
10.786175424751463	0.23921614506470124
10.234132538700374	0.20820843102617478
9.725681174754358	0.17952686513814564
9.28367689353548	0.15203475756841292
8.852435234366299	0.12639574788977734
8.470057072132896	0.10154285060853174
8.111519131345124	0.07907101629279986
7.785405673670186	0.056516812106652305
7.166937075865945	0.016183034323835967
6.390584014090098	8.39117525947536e-6
5.743018839257448	5.177014565144587e-6
5.198863802606766	6.314669898609705e-6
4.731523452327392	8.64138507155748e-6
4.320162078187332	0.000012561679407824034
3.9724122039895624	0.000019868331686744406
3.660940845024102	0.00003064658203540217
3.3844566258780806	0.00005285199324756396
3.136668192825523	0.00009319092169691965
2.917249786224844	0.00019006346696161925
2.7183182684105436	0.00046781845733121717
2.5363311591058895	0.001942478412711838
2.363514077709932	0.612426076410586
2.276903358386206
2.1474756104332173
2.02765901942392
1.9181840428017127
1.8167060292905832
1.723406060273277
1.6382697427471289
1.5558200264238347
1.4820393850154612
1.413519276657307
1.3488771894220501
1.2892274797343957
1.2339117404438897
1.1818302917975172
1.1336577288641916
1.0883535720573323
1.0460746292087078
1.0066136331944608
0.9700098628626875
0.9346611611272502
0.901993876629447
0.8715523378711016
0.842804799154338
0.8159640670371103
0.7911586800268056
0.7675486913076502
0.745794589554684
0.7253533748596994
0.7061335127502741
0.6881369613089557
0.6713116445915154
0.6555478111169195