25.125249643255977	1.245568835143846
23.331552302546854	1.114967560797796
21.988695785857722	1.0031931357189023
20.605897701847148	0.9037104025667357
19.35875220776354	0.816203665544001
18.239877329044635	0.7387807718536414
17.152420604136353	0.6694189380767379
16.32361345924836	0.6081277276474513
15.496209978893315	0.5516593445742632
14.725214445051183	0.5004232659472273
14.025873827618305	0.4567177331008205
12.78533220929179	0.387805422593724
11.247182177025062	0.3026420407331139
9.99813815323452	0.23320048071598365
8.953964766019883	0.17294726434859758
8.120050154817944	0.12037210645928635
7.356000214190145	0.07257072115782334
6.723059451628498	0.03074839677392084
6.178465422734301	0.00005304280230795477
5.700676894139265	8.32347656577042e-6
5.291125903694121	7.2680209368198324e-6
4.903132170471772	7.98772880156265e-6
4.570493913752294	9.466714987907969e-6
4.271229420605884	0.000012153988303736902
4.003603768427589	0.000015871260450631437
3.760913898554033	0.000021153216350192853
3.546270977118443	0.00002890034306769991
3.3510122514613094	0.00004101851525000336
3.1708117241485367	0.00006113801536448832
3.0050962764477425	0.0000909782074467038
2.852576891384765	0.00013460693385172675
2.710102816004687	0.0002591038770260547
2.5789176963206946	0.0005173657594643963
2.4585504125583775	0.0013771361394147375
2.343166039766084	0.006151429909609999
2.2367140879910385	0.3989826724217949
2.138083480062586
2.046906657440275
1.9602178256200506
1.8796750426329394
1.806659748440486
1.7326875341041832
1.6656841644287423
1.6031916246035802
1.5440522991040593
1.4882924251223837
1.4333714623835108
1.3885086809617155
1.339188999596606
1.2948595438582937
1.2527998882806157
1.213085768683469
1.175396302446703
1.1395207318558267
1.1055639564200854
1.0731756418106113
1.0422153703668462