0.20877690870602936	0.08848372628096685	0.07027062032784177	0.056023947789320024
0.20819667663806102	0.0901952022796936	0.028782485748991414
0.20262821727790067	0.09343724249700952	0.05462422555522712
0.19935081640899432	0.09707000914776417	0.07041694125891454
0.19532732689180402	0.10168244245905932	0.0768450030948894
0.19640805617081805	0.10636862207707933	0.07561309104718776
0.19255487833386425	0.11078145765773527	0.06884119601977183
0.19231759773624618	0.11535517584980423	0.05820646941069729
0.1905409154572728	0.06540533819721876
0.19085976479092664	0.07761165739608362
0.19021219173693196	0.08704987274617701
0.18944322476377964	0.09408037121546771
0.18932458590823834	0.09970660145583972
0.1891347825509055	0.10386175618349122
0.1891112334658048	0.10665154719696981
0.1890488755257091	0.10814104965327438
0.1889172214367898	0.1093677791767781
0.18886705716040592	0.1101646369758549
0.1892588267948897	0.11061760666323701
0.18868680783395161	0.11075749350675111
0.1891021416677448	0.11074326315966224
0.18921356678414752	0.11032059202542283
0.18932865050940131	0.11028849609260562
0.19024856286607558	0.10956931523565747
0.1910304054775489	0.1090271108492456
0.18992485546503876	0.10791978375923827
0.19031748080093422	0.1067014698342015
0.19073298992050164	0.10531871101543773
0.19101421227509963	0.10385125265671905
0.19138257783078547	0.10180374245781239
0.19190981167188034	0.09980755457673239
0.1924518245691267	0.09737928477230147
0.1926218825427531	0.09477571461594037
0.19348558246014283	0.09183349748081952
0.1939858342037484	0.0886800084995837
0.19409747747593545	0.08542495258533456
0.19478877417019919	0.08194503422583432
0.19554711469916236	0.078267793651861
0.19625560502340114	0.07429394136128767
0.1968374843743827	0.070449041178255
0.1976090770314731	0.06667109943663889
0.19818797989966355	0.063053815180282
0.19847607637141762	0.05957315351615826
0.17107820289350992
0.1704372547791322
0.16947726857204723
0.16895241565643954
0.16799580812537024
0.16747972550632081
0.166486754304999
0.1658651414607084
0.16487439461618816
0.16442218937731493
0.16334310499775778
0.1629598646012998
0.1620771695200187
0.16164914725407278
0.16085063098942215
0.1600918679113747
0.15980630761482947
0.1591708024399481
0.15905898135046648
0.15848312062736697
0.1580255364750094
0.1580156020818197
0.1576561201217419
0.15741471040256003
0.15749809835314385
0.15737825405724828
0.15735032689471667
0.1572807821646951
0.15747058066380287
0.1575003304857846
0.1576941912586137
0.15779223576588328
0.15810785685793466
0.15829932053666873
0.15863753239731945
0.1587939251836239
0.15920650261966168
0.1594109845786506
0.15989606567957934
0.16009773916412037
0.16052997099309893
0.1609933870267252
0.16125376552837314
0.16167415558075077
0.16196994214864163
0.16240440592015998
0.16274457776817675
0.1631934936333116