0.5163979126949856	0.21971626771310943
0.5145981870069605	0.22565641175008486
0.5179806484580527	0.2372331229765033
0.5176096749315293	0.2520529389831715
0.5166458877424105	0.26859993669424437
0.5156012722015956	0.28599443465265506
0.512263656903034	0.30301444587433596
0.5148073608045859	0.31989149605019374
0.515071244053283	0.3362728622080498
0.5144956633751425	0.3503268809045298
0.5143909041097029	0.3579707359397843
0.514249447213092	0.3595611433281803
0.5147655659581175	0.3615800791366207
0.515456791441454	0.3604885366736791
0.5151564160960276	0.3568963226754224
0.5185239952704114	0.34977162417802643
0.5171405231875137	0.3385047146785572
0.5175144379024125	0.32315404029333455
0.5185943130249188	0.30318134544534436
0.5190344684726336	0.278508163378276
0.5208075850992375	0.25589679073922417
0.5188570942291403	0.23454556959418926
0.5191342866410308	0.21406253322910995
0.5186930703309938	0.1946891402246884
0.5182907499116126	0.17590675549267637
0.5173060425289641	0.157696363438558
0.5160420818520699	0.1415847833208556
0.5149983577698976	0.12558405915452245
0.5145097992481857	0.11069455264426159
0.5135172203991435	0.09612997241983554
0.5125081230100207	0.08198708248726543
0.5119654680226879	0.06921357233027649
0.5113673004692778	0.056794663804705436
0.5119389130761514	0.044082537772057936
0.5119342478207397	0.027794282353940998
0.5122698458653394	0.037274551912624805
0.5134805959578702
0.5149065458929871
0.5158112338358597
0.517570968864739
0.5200186414596513
0.521110732786107
0.5240065460784165
0.5257092408510585
0.5281474721638061
0.5303839425715711
0.532544189462823
0.5358740980653308
0.5375549011156034
0.5398722934706972
0.542210525388397
0.544301150578439
0.5462762450430498
0.5483677316559004
0.5500836513667026
0.5519297925008213
0.553996803986239