5.80637666402833	4.6000015717528635
5.804361763846971	4.5531617729898235
5.795181395015981	4.497883946199766
5.791010640644329	5.64928740483134
5.779486498517168
5.768401975025099
5.771291340065849
5.758709992153212	4.221535533763964
5.76039684677094
5.756453239166494	4.068212034442143
5.758061377946561	3.981591345639908
5.741220278551086	4.467025757911026
5.721892280645642	4.296649577364129
5.7020570312046335
5.682978535740208	4.022421240536806
5.656480267026527	3.859123990578673
5.6111046901112775	3.6812005685555276
5.582266254872378	3.470025448490614
5.563197150789508
5.519668770375826	3.017400176824337
5.482175538291325
5.450608770310955	2.5507870979087435
5.422108023617544	2.3187704949093946
5.403747734072307
5.356960752667144	1.8866365443977227
5.366534770588627	1.664602065044061
5.353134974435867	1.4548178147967596
5.354941850902529	1.2219466797412346
5.358588127564518	0.993979145550272
5.363571556141726	0.8078039817911886
5.370268365530897	0.6456602717350837
5.385108571839967
5.388818340893889	0.4242077104204269
5.403396405192314	0.35582103915062296
5.415475327297594	0.2999261591560254
5.4268689178827705	0.25665790886268824
5.434407464402266	0.22317151335469643
5.442396628304804	0.1954738286114447
5.452510512601479	0.17428221836831526
5.458527049022249
5.461129617900445
5.460322603969999
5.463365762924122
5.460690306051293
5.4616703810086324
5.454081889809558
5.448916764131753
5.43943557598686
5.433140403772161
5.425575143242816
5.423875306430745
5.40337560466956
5.391685982316078
5.380697412367946
5.368819373558638
5.351867660069622
5.341979508253406