0.5313885183986603	0.2073396367062099
0.5289343752573873	0.20885761994852592
0.538362926317852	0.21149401819665262
0.5260929765214322	0.21247253080671932
0.5327110892114316	0.21469107022885425
0.5256594304749225	0.21609928020015512
0.5194625255086904	0.21706822127713787
0.5235409607785982	0.21858915399372614
0.518301419706203	0.2186608436561973
0.5208855376010549	0.21926689382380035
0.5228409578513323	0.2184454935444046
0.5189890824734757	0.21588127826663114
0.5163793633634209	0.21144912183375525
0.5147919675578614	0.21681954163616815
0.5023983031022597	0.23792423379180264
0.5163917665922162	0.270745843882976
0.5225944249522761	0.3048489389496652
0.5142311305437229	0.33671235667535804
0.513605910910791	0.3412804195521599
0.5132191850819839	0.3432084246875349
0.5130970850014489	0.34365487248370497
0.5130514642109745	0.3439490122548755
0.5131413022986447	0.3422849026661472
0.5132385726526162	0.33951438353089913
0.5128655976820884	0.3348505012884514
0.5137723920696273	0.3287487759804836
0.5148048709778077	0.320958378080381
0.5136007311359061	0.31132336592490883
0.5146923514728106	0.3003149442125047
0.5136505987555529	0.2876303762141234
0.5132770763217079	0.27306051517326757
0.5126788333609484	0.2565968157801975
0.5122052300351274	0.24089707382672318
0.5115066135663822	0.22605085010722284
0.5103530319975277	0.21147808452872463
0.5107262416563998	0.1977385111429103
0.50878561159789	0.18421263848085984
0.5083361234614387	0.17137129619965938
0.5073127724715844	0.15873385268388646
0.5059492317230979	0.14638308878163678
0.5048213533519544	0.13493627525049068
0.5032224038571355	0.12007262835629427
0.5020452257256846	0.10931880745658584
0.5010238027667797	0.09922723929289164
0.49992810154080264	0.08940568333485008
0.49863280593358644	0.07997105010444357
0.49786494928957975	0.07063579149316794
0.49628013395279985	0.06149991558111671
0.4975628287128717	0.05326554004476001
0.4962869060537401	0.04356663546384073
0.4959706755062209	0.03188168823848537
0.49533230964167696	0.3877148735958986
0.4962023394862793
0.49567430923769196
0.4961684502411451
0.4965443194225904
0.4970509947721021