0.5063249753819553	0.3719962932701135
0.5064654338674301	0.3728187347989674
0.5061671492560655	0.3727414434679566
0.5057849122143199	0.37130160201354867
0.505171471566751	0.3704962586915151
0.5040039600355511	0.36877230428117747
0.5050485866284858	0.3667077728676304
0.5038487589806857	0.36342616035275993
0.5045185972181567	0.3595070264765848
0.5044228118869603	0.3541856175362417
0.5050332445860394	0.3485720589659215
0.5036725919913144	0.33357804065352886
0.5025989298860367	0.3012214322032987
0.5017241101172005	0.2699075055754421
0.5013902868528315	0.24112295730781727
0.5008172899186011	0.21410090911358468
0.49973859515258445	0.18800509387690797
0.5010606792165319	0.16278298122682033
0.5021726825768752	0.13932594540421697
0.504310537240922	0.11674690330358647
0.5076298578830927	0.09523875828849623
0.5133455664175762	0.07589610642516663
0.5205099847179272	0.057255651705387774
0.5301834486918882	0.03901650911547336
0.5459034249068104	0.35642905524384577
0.5268183318186467
0.5290845336933274
0.5317581264216653
0.5349193140469548
0.5386005087637467
0.5422962332771185
0.5467870510156131
0.5499389297432699
0.5541203271052673
0.557737319174965
0.5616588865520145
0.5651177113169643
0.5683672953269984
0.5716930846667885
0.5744132795627263
0.5771765990070322
0.5796759637739534
0.5819363791878608
0.5836359698194793
0.5856798828672697
0.5872016050215716
0.5885042881424469
0.5898988028794584
0.5910765258634716
0.591760573548693
0.5928688848731511
0.5932671701937375
0.593747035527224
0.5941487574933157
0.5946274643987236
0.5947592756643733
0.59481225607781