0.5150630211518188	0.3724120822412591
0.5157199084440864	0.3720457294718922
0.5156919954422776	0.3718943262666879
0.5165306622527069	0.3718788739130011
0.5165165076355542	0.3704629857046443
0.5163768636993102	0.36914705474975185
0.5174249896267586	0.36659570596876284
0.5192097200055861	0.36436492686510014
0.5187679963207925	0.35962405657679564
0.5194399184140804	0.35487036402816535
0.5207216183231214	0.3488720268484296
0.5209229386832824	0.33382430276842795
0.5220474389204925	0.3017764858506548
0.5233013883073588	0.27023344645170144
0.524227177034635	0.2416116265438368
0.5240319734045777	0.2144387134393327
0.5244097214286245	0.18839070903753374
0.52423174437132	0.16347803882436496
0.5239809302868964	0.13910396432501335
0.5217800994249017	0.11713274001723559
0.5219356609916268	0.09585450601712994
0.5224654484176493	0.07619186236282981
0.5224991055166652	0.05783257237460782
0.5231682492394722	0.03917279499372616
0.524643406023462	0.28114387522541034
0.5272528038663729
0.5294538903578164
0.5316110704066994
0.534895084827209
0.5383582151753218
0.541977651190717
0.5462905684037168
0.5502133042091414
0.5537151335148248
0.557793890951608
0.5612229567507605
0.5654297063990357
0.5682370547827612
0.5715067097224481
0.5742852505533255
0.5770464269856964
0.5800632831268939
0.5827188163349128
0.5843347665867036
0.5860125077117048
0.5874519500829121
0.5889929060486987
0.5901485275172957
0.5908562474671024
0.5920740452875078
0.5928253967702518
0.5931796997189551
0.5939164116725251
0.5939995803609068
0.5944099674260501
0.5948167791795019
0.5948132679000037