0.19900174382616567	0.0830524436491246	0.08101738946228874	-0.17333395049137437
0.19384336386845993	0.08229260753343322	0.08019748573953785
0.1934550558434469	0.08018934767872939	0.07719562861678725
0.1899684511117054	0.07741177204542417	0.06373932654714692
0.18863315602114974	0.07179770427518668	0.04624085447524782
0.1903432974474305	0.07337596790941392	0.0318921834495514
0.18641996698172855	0.07947842769056453	0.0213463805484461
0.1855572659242088	0.08743745898283974	0.013755656530694167
0.18501330680611228	0.09605780770092508	0.007490084432069898
0.18460375145355268	0.10355818799150776	0.1708012184597485
0.18369835873097934	0.11001128054055523
0.18365926443662955	0.11606271851970322
0.18287885832296738	0.1162215228005247
0.18241739521394548	0.11608955708499023
0.18200085782757747	0.11602512534215496
0.18124686890621552	0.11518636208172892
0.1811895177672488	0.11472152563201604
0.1808100895551981	0.11369207930107086
0.1803788086013841	0.11228566432691475
0.17994423597047532	0.1105862080748882
0.17950361220685818	0.1085189129584955
0.1790972588210561	0.10629111144180418
0.1784497328374383	0.10348893118633848
0.17808487040106388	0.10027755181879815
0.17734036968586295	0.09663012569283615
0.17693123738738797	0.09270112057370078
0.17654483801743015	0.08840202942303867
0.17611930486542635	0.08354824322120954
0.1754223201832424	0.07866456365575276
0.1746582785229351	0.07404108016636651
0.17419151633394528	0.06945426026565521
0.1733551311692117	0.0651149288962447
0.17208762158841878	0.060881488476785865
0.17198507024812706	0.05678924356712724
0.17102207426809346	0.05287601212108228
0.17005559494654474	0.049038121685978854
0.1693742628818511	0.04533935723303535
0.16835925389040524	0.04171203026192957
0.16733668136663568	0.038330060829010075
0.16687174199166818	0.035054600773100617
0.1657178467681631	0.03196627868245695
0.16473663332253982	0.028951454895424403
0.16437674081260206	0.026054643174306447
0.16335913002801133	0.02340892408844648
0.1625422416281348	0.020934755405072607
0.16179155717239976	0.01852034321057198
0.16154683152673238	0.016214540056519188
0.16094148571863776	0.01395554971351116
0.16085570034688035	0.011596348695058083
0.1599505616350978	0.009040948378074967
0.15963274078266962	0.16497527133662732
0.15977457488809974	0.06693105088813073
0.15957637433981295	0.0695166685903443
0.15983201336540104
0.1598543160741431
0.15987842029734878
0.16008872386215484
0.16023970908028273
0.16057263586223786
0.16114714034296498
0.1616891321473063
0.16157530896961772
0.16211136600376438
0.16259969305533625
0.16302243280721262
0.1635518916571102
0.1638911914133247
0.16500098227783064
0.16477273101354734
0.16549643080104265
0.1657676842287247
0.16631279314547914
0.16683702626308516
0.16724730663745593
0.16772251603419294
0.16809516187609572
0.16859463388727663
0.16881042570027105
0.16924155582359313
0.16887015576642725
0.16852213172389238
0.1682845916794835
0.16831130953679285
0.1683024556956803
0.16827680943365456
0.16857905256628233
0.16880812079561183
0.16933113088512416
0.1696786219357978
0.1700858551827743
0.1707776238618068