0.516392044062425	0.3467986191520408	0.07653852348327492
0.5142861691164283	0.28171201488938025
0.5178598075745996	0.3486901452288853	0.03969951115003959
0.5173725425596584	0.3467963748322461	0.024669949010352396
0.5164292135085373	0.33823973621539655	0.3599972564487599
0.5153005464186313	0.3371102120722744
0.5118855556439003	0.34340357301110275
0.5142815936448439	0.3490771390592101
0.5143930791128581	0.3538060582372379
0.5136490931026341	0.3557917725842129
0.5134478614241333	0.35797073593978174
0.5129090044078755	0.3595611433281819
0.511901753425406	0.3615800791366299
0.5110221380582126	0.36048853667362313
0.5075238087586308	0.35689632267547167
0.5066442872259995	0.3497716241782975
0.5024307997117594	0.3385047146782244
0.5083348899345014	0.3231540402933394
0.5142749725724844	0.3031813454453454
0.5219040522494686	0.2785081633782784
0.5317780966010945	0.25589679073922356
0.5402094257756183	0.23454556959418804
0.5492728089507819	0.21406253322910448
0.5594856234922441	0.1946891402251801
0.571901061484353	0.1759067554926987
0.5826402201804036	0.15769636343854937
0.5930431873872521	0.14158478332089217
0.60521779304386	0.12558405918874008
0.6144099953676734	0.11099081862237466
0.6261465742489357	0.09612996821803892
0.6377215181619127	0.08198708248624643
0.6467775100598104	0.0692135723301682
0.6583599016195703	0.056794663810167595
0.6666871621416726	0.04408253736499761
0.6728883831291641	0.02783632253277554
0.6792604452576039	0.000026400106480369272
0.6776590643142677
0.6843132145857299
0.6894356559940665
0.69464104489506
0.7001415518399458
0.7040767804117997
0.7082754297222962
0.7110858337254469
0.7137256280783134
0.7167015018774603
0.7184994841847592
0.7204453426656647
0.7207455382035243
0.7216949316920306
0.7225703726766486
0.7223438979146155
0.7217701071033057
0.7215221457505673
0.720321805303191
0.7191281295328428
0.7147884254517325