0.025146726520563063	0.16314818475668483
0.02650367526155535	0.1736972056762364
0.02791363277753919	0.18411323724626572
0.02928876134403931	0.19426668578008166
0.030724505606942287	0.20413140827290618
0.03216886352970004	0.21372667274784388
0.03353843699563936	0.22279309333820232
0.03499266861529942	0.23154904623037614
0.03638679688295847	0.23967753060249428
0.037798435652435534	0.2474482949688083
0.039167562049951116	0.2546063863391337
0.042115348245931536	0.26754595290152144
0.04649604049076494	0.28732110759203994
0.050921673341776684	0.3084655707841585
0.055346231291082265	0.3288746122009951
0.05981604151359398	0.3484486369594779
0.06441469745269904	0.36634222796751864
0.06886412175250613	0.3809870287705263
0.07344225163190367	0.39474916296549634
0.07804318237912901	0.40431978452120404
0.08271747890271992	0.4088555373879767
0.08731538616412243	0.4098250089247447
0.09194958024487271	0.40069865377937963
0.09656549721007858	0.3784967694927805
0.10117071355622023	1.2089087609908882
0.11160649981168935
0.11704932546731024
0.12258544952642877
0.12819304632014916
0.1339849982597224
0.1399220652564232
0.1458343577721283
0.1522468091737013
0.15867534656732227
0.16503016585729516
0.17168895026421724
0.17846988275571543
0.18554015264068333
0.19248671310072407
0.19965653651624735
0.20701537537043888
0.2145127393514112
0.2221413357273722
0.2295272659407092
0.23603893440674054
0.2426248263517029
0.24922602977094588
0.25580424674203406
0.2624222626334634
0.2691182590889072
0.27576540707343006
0.2825328425073999
0.28930728497129843
0.29613810609917113
0.3029902129782173
0.30993235518630774
0.31693027061744605