0.013344979865718773	0.07903783282043318	0.22205374156908714
0.014325326582369746	0.07847984798784532
0.015151730791815449	0.08923408030621242	0.23460156508188604
0.016117283192313946	0.09439446620640425	0.2289767166091613
0.0171012219536307	0.09904605541408822	1.5995410293955086
0.01809264441719214	0.1050184445309849
0.01917860942073852	0.1123795796126973
0.02008872633159275	0.11970632047857344
0.02109463023644419	0.12724788932134265
0.02212851626537658	0.13491504607446364
0.023159049505751383	0.14263665981225868
0.025245913045419077	0.15811415309977733
0.028423692816995492	0.18116466686193564
0.03166827738760104	0.20335131948629326
0.0350099639218123	0.22421839943805652
0.03821161890967509	0.24312422546971268
0.04173932387361972	0.26002044223850074
0.04520080726376726	0.2746134417285497
0.04868170112013119	0.2874972265564767
0.052216906048359366	0.30231678229971304
0.05567355936188054	0.31702614478853924
0.05944304178847154	0.3321161032709588
0.06310381994882079	0.3459392231825206
0.06680989164126132	0.35948086461599643
0.07052604744212182	0.37172566535911894
0.0743051168284738	0.38200543055431063
0.07801225320915518	0.3926771139496285
0.08173586964848853	0.4004302441935765
0.08550404825896352	0.4086785008100393
0.08932936690256248	0.412094247686226
0.09320294266943803	0.41252091704929417
0.09707449330682699	0.41258373310025065
0.1009869525054421	0.40750801717719465
0.10480021666802196	0.3938876317196274
0.10868983125043938	0.3610056294957365
0.11221514282922473	2.511789146011656
0.1231365925818574
0.12783168816711496
0.13268187912730933
0.13761163159579776
0.14242527997770765
0.14777831632383012
0.15312271703128988
0.15834798158777566
0.16383218210799172
0.16931710862208696
0.17536314515506668
0.18038274744596927
0.1866199702623013
0.1925197127216364
0.1985812561329335
0.20472875551936717
0.2109810451376684
0.21735628582172148
0.22380431547515364
0.23027513177349684
0.2359026915148356