0.025073555714800445	0.16277044249678618
0.026431680997297726	0.17332275529430233
0.02783101379350135	0.1837145913280087
0.029210303489477053	0.19387699172553594
0.030635542419031304	0.20377693119989984
0.032078512536360494	0.2133245947991977
0.033456720104478144	0.2224636919788825
0.034812861809260735	0.2312374747340564
0.0363037270921068	0.23937386326289894
0.03773497144206672	0.24701714088523236
0.03911874279730083	0.2542483850623464
0.04208223612306865	0.26729847307049703
0.046483639895918305	0.2870790371990262
0.050938023565167245	0.3079826812798094
0.05539246137101289	0.3286042120955507
0.05991983463713515	0.3480431309841084
0.06447626942268035	0.36575578877715065
0.06900589914112407	0.3813091628707712
0.07359234653212408	0.39305821869796337
0.07819576369175148	0.40407707961203887
0.08284682347817204	0.40951026784777234
0.08741125475944912	0.4095377335194221
0.09202653223524315	0.4018737932772995
0.09663361330843451	0.37779206723374376
0.10109091207333236	1.2073491683683673
0.10584730688399849
0.11073267832502658
0.11588347690275269
0.12108615336306422
0.12647887746565042
0.13203828998158473
0.1376653884264574
0.14370091968083296
0.14973137876490702
0.15598724227005534
0.16238937862705882
0.16900971760028602
0.17577012190231914
0.18274302221550542
0.18983488777365454
0.19714544076646434
0.20706239289199385
0.2148247632005854
0.2226695588839115
0.23067588552463372
0.2388368036863391
0.2472477560858077
0.2556894830546951
0.26427136224737285
0.27324415272352764
0.2822206994161282
0.29121501070007955
0.30059810910095847
0.3098289147609506
0.3194731743894199
0.3292750259851361
0.33900933690114105