0.025158060001567072	0.15875533811476053
0.026521861283451593	0.16924316835257988
0.02793427303473722	0.17960601041245325
0.029319132775744078	0.21960875816978223
0.030760424015704328
0.03222084440563457
0.03360181285235259
0.03507785116438419	0.22805850968822491
0.036495107331075534
0.03793410923470889	0.24483183480761214
0.039341658454338096	0.2524056256554505
0.0423480556817448	0.39366605377492214
0.04683828859875891	0.46152517088307193
0.05139602529007274
0.05597302180933408	0.5956694323461587
0.06061066643156803	0.6587999114606053
0.06538523978506203	0.721020380487754
0.07001880983431628	0.7799222191872216
0.07479784732484171
0.07958979696119203	0.8987080583509997
0.08443708822131914
0.0892214210231237	1.022642207186345
0.09405855408676006	1.0872839577875815
0.09897861260749463
0.10413835949437616	1.2290156342322336
0.10876138478425859	1.2961360268965278
0.113588416734902	1.363529893712152
0.11851598690013443	1.4178041926883742
0.12345750371118142	1.4577709950002062
0.12844146578628998	1.4932479586765435
0.13353288808979516	1.5110389124926578
0.13855405490389644
0.14385196283902738	1.5143787212229585
0.14914620850900906	1.5093052868640893
0.154503331251023	1.4875974110074022
0.15994707727168544	1.4571157697971955
0.1655004590016319	1.4209372778020464
0.17107554704834824	1.3751032203547928
0.17671542637910548	1.3324634278563496
0.1824919784675999
0.18830768927575037
0.1942352927166076
0.2002110813210837
0.20626250975802168
0.2123790439949429
0.2186065301699122
0.22488394434566186
0.23124614972517443
0.2376737422540053
0.24417205436883732
0.2507022771702248
0.2574010219969727
0.26411802227767917
0.27092486740436017
0.2777906462091797
0.2847103562292687
0.29174790226325925