0.005466138901116839	0.034014297930601	0.08500535826461221
0.007178278912867495	0.043291851157294975	0.11107394490251794
0.008809942373620604	0.052562558732420564	0.1334936373299418
0.010668699985987809	0.062095827175659535	0.14984699605899887
0.012502146260744518	0.06248744075081964
0.014190908788322206	0.071359847030854
0.01635154286015473	0.08164506846303807
0.018363325829815005	0.09245557463990758
0.02042147858482459	0.10389442403101308
0.02251776098814815	0.11590897052364009
0.024743730315487444	0.12842521326990408
0.026902676282782187	0.1409563578016507
0.029182714684298786	0.15352793219390495
0.03148150251514204	0.16616315245116822
0.03384005339074912	0.17879947275077346
0.03632052460778177	0.19149029113419455
0.0387692814400484	0.203832727952416
0.04132985938527689	0.21596355844298434
0.04395614093900449	0.22788005732650274
0.04664675052362889	0.2393507577923974
0.049395576357879716	0.25029587451062385
0.05220850748928338	0.2605342607528883
0.05508501713345997	0.27024567734133886
0.05801662176096883	0.27926426666329957
0.061000383191973	0.2879053516900596
0.0640694749988209	0.29552356732110596
0.06717492255252772	0.3029103433771768
0.07034490394678725	0.3111988813033683
0.07356969557979301	0.32016590428346525
0.07684393594365153	0.329567361695683
0.08018457438250091	0.3382676122852015
0.08357059381894921	0.3473399323163114
0.08699985519773547	0.3560820680462057
0.09195656514668551
0.09562215034839071
0.09935880410892793
0.1030982640051887
0.10690642752212942
0.11080141016718836
0.11471418050208472
0.11860839875742342
0.12266037236430419
0.12669758688709315
0.13071629436102572
0.13491363768042178
0.1390822419026212
0.143220542073379
0.14747788638650755
0.15178369239607375
0.1561489971456417
0.16043649121838374
0.16490088204196948
0.16946670464515448
0.17399040684857062
0.1785087836636543
0.18318720979263026
0.18781673742875618
0.19260261459624198
0.19738348176030715
0.2023068275044415
0.20708524607185222
0.21222982278411576
0.21725627168941827
0.22245974395019724
0.2275902817305324
0.2329278257884755
0.23829997935696295
0.2436850321179262
0.24924536457839058
0.25473444643036336
0.26043020746710666
0.2661355936576604
0.2719233811368557
0.2778016721374884
0.28375869504297446
0.28980988311041045
0.2957854456871369
0.3022389564015356
0.30837937596594184
0.31491418408417343
0.3214712719164115
0.3281642342462958
0.3349567926070288
0.3421849165814849
0.348643058076256
0.3557053568944864
0.36264889520498733
0.36968990083563763
0.3767218941198073
0.38374591948433306
0.3908936257047166