0.033693784131624	0.3071860188947021
0.036206586395094525	0.3152015549718082
0.03870565558342208	0.32410270157481513
0.04120701392407103	0.33384803020786
0.04396685341590278	0.34388149851144856
0.04667163305147733	0.35498864224532994
0.049523665504271674	0.36616139386718455
0.0523493451570215	0.37855280660578966
0.05542377028797454	0.39094448186903713
0.05843922275095378	0.4042245967960066
0.06158894587985567	0.4171096104521185
0.06840806157936617	0.44359326659580484
0.078861224392276	0.4633877355423709
0.08995466861998805	0.4751547162152367
0.10167536472030453	0.48791917707794075
0.11368799741234577	0.5016215991989911
0.1265154068495552	0.5156218898660069
0.13912729897974602	0.5297595759997619
0.15204936762684826	0.5436212896756686
0.16495205153291825	0.5565173731345873
0.17807501429149983	0.5686019739831647
0.19076504776440015	0.5793456877386816
0.20326507215107498	0.5885372494107689
0.21601289837302728	0.5952171815195318
0.23000436173131172	-0.12378461524412272
0.23953810275494247
0.24631159990391893
0.2521918389716656
0.2574261321560392
0.2617070728885381
0.26549259841427575
0.2685660482721486
0.2713085609358167
0.27355309719624793
0.2754376974736563
0.2769255650570969
0.27816632103489586
0.2791226850377869
0.27982678792007226
0.28037108787949055
0.28069842419754887
0.28094902596304583
0.2808811880370736
0.2807642191111741
0.28051831847151937
0.28018812675452337
0.2797007548587666
0.27921996217830103
0.2786797959758725
0.27791785320042506
0.2771853559913772
0.276484286254584
0.27558082142689133
0.27481145935525764
0.27384363935559497
0.27283407109196117
0.2718945150704786