0.0003378088696355953	0.0027481268213093973	0.010369212756023479	0.03073333455250224
0.000555112193574528	0.004563992379613922	0.01838248917907836	0.06117042818583946
0.0007958554637142318	0.006662749629669464	0.029210183116481013	0.10582186052191174
0.0010564158617280433	0.009090786329243917	0.04308433399718524	0.13209848044952816
0.0013676787141128296	0.011949590125770624	0.05954827977332847	0.15886686949631473
0.0016694178856333966	0.015040467298943545	0.09120968773121477
0.002020468715971887	0.01862903541046272	0.10165540166093508
0.0023759649511211852	0.022533954706893757	0.11107407407037
0.0027538492434143326	0.026727240082722772	0.12071508431799186
0.0031381290497515314	0.03150694250955162	0.13034219531731056
0.00355876507153978	0.036337166401982694	0.141209812720135
0.003990996186050974	0.04162752677329804	0.15170007180521622
0.004450261256525398	0.046830463657393226	0.1621476917649547
0.00488272858419303	0.05218067288476776	0.17176476113505215
0.0053672380077071985	0.08832842776786269
0.005853049446963168	0.09079435779792401
0.006354632846601744	0.09278441862646021
0.0069170289840869426	0.09476287830299027
0.007510265960628013	0.09655472570120956
0.008085825509532355	0.09846511850420016
0.008664353407122403	0.10039775322190596
0.009350534318887948	0.1018878028341589
0.009986531167950483	0.10363948106310528
0.010686854343012671	0.10534795849120768
0.011431952623206613	0.10696101307927512
0.01219796340365532	0.1087523151183995
0.012925906511700634	0.11045362855279023
0.013731889357628826	0.11232280868045075
0.014568634345261072	0.11430158183812968
0.015407591669168608	0.11631829750769833
0.016273700739602194	0.11843610810725833
0.01722023791404068	0.1205647235445764
0.0181793271967298	0.12301518938271637
0.0191296373269496	0.1252012375438197
0.02009243568762046	0.1277721889617586
0.021081161863180913	0.13047249711548486
0.022144349989454123	0.13311933601258613
0.023234652192547292	0.13586136499793608
0.024318327389057356	0.13864914374266085
0.025475664434843885	0.141663433794903
0.026627132757551714	0.1446978720025913
0.027793651568620556	0.14778720641467305
0.028987671298553706	0.15095117360523758
0.030197301351011476	0.15416439800680745
0.03140914716327958	0.15740052505467234
0.03271591141472174	0.16040042089349288
0.03398321556511404	0.1636911610279392
0.03529167056597896	0.16668826039732892
0.03652685111261471	0.16993198730920006
0.037895730961052115	0.17286568761943277
0.03923185905676992	0.1757954834423217
0.040580836823637875	0.17862121516584484
0.04196174924405559	0.18141031030775895
0.04329310170679581	0.18415463210778632
0.04463393385160294	0.18676102017175888
0.04607241351523396	0.18903304907683316
0.04741686510264062	0.19157777193084888
0.0378622253193389
0.039045785531911584
0.04040967950597311
0.041792584373569364
0.04299596078846947
0.04420371893069868
0.0456093789798634
0.047019746149713264
0.04822523096683114
0.049424562275529195
0.05105053720313996
0.05223523757787285
0.05341006475363015
0.05479719832547951
0.056168059012536575
0.05753200329769753
0.05864747743808954
0.05997099071495664
0.06127844743735713
0.06255707652419829
0.0638160363294233
0.06482705089054738
0.06602783698292326
0.06720888254989768
0.06813941100838145
0.06947554555031388
0.07035067375203946
0.07161702160955527
0.07243582233995896
0.07363289076728596
0.0743964697376536
0.07551403693175457
0.07622410668345693
0.07726762251431572