0.004693963500638196	0.03305614947051361
0.005227044193149088	0.03823505986227833
0.00570592984365937	0.04352310939649169
0.006357660118523442	0.04975937871265554
0.0069035801221349604	0.05664909079678838
0.007562032404407826	0.0640916036325309
0.00821114281373309	0.0719550677367493
0.008858148420484876	0.0805651062482705
0.009612980487330548	0.08995746793481069
0.010268235285336273	0.09974151120262038
0.010983346394934075	0.19319763784641267
0.012453921507633177	0.1318945952389194
0.01494881796167916	0.1676638968242615
0.017468552465060717	0.20257584744104404
0.020495909031090873	0.2354653768188426
0.023305015527694088	0.26177040206026925
0.026265487452959774	0.2722923194694928
0.029879440026116005	0.28241336598096156
0.033407226292404946	0.29298549563965165
0.03729010848637289	0.3041311502923143
0.04131549605650131	0.31612173597041643
0.04550785725580972	0.3297591286981392
0.05003243337287823	0.3442607801386301
0.054647189842001787	0.3602393085950608
0.059591574758108896	0.3771995225031591
0.06459632412537801	0.39463188568071195
0.06956827763230858	0.4116831473164287
0.07485929900816067	0.429581299662841
0.08018984307145166	0.4470182765308641
0.08583509793921154	0.46463494595414956
0.09153352312598331	0.4783871865497635
0.0973174775691586	0.48423743320556684
0.1032775892688529	0.4902755109389816
0.10950712068634555	0.4964375090748404
0.11571977838990076	0.5027993515446713
0.1220374113721243	0.5091101182247413
0.12822231250062185	0.5155395951197906
0.13478579226176093	0.521863911538956
0.14111536248240666	0.5281853604754349
0.1474509697534178	0.5344729094849479
0.1539088307619063	0.5403981640633949
0.16238316688759064	0.5480871301729857
0.16863466492475448	0.5536500578394171
0.17491540371722544	0.5588654765276838
0.18107875226184342	0.563841866063769
0.1872334969814828	0.5684529569861114
0.19317253869133766	0.5727679839613001
0.19928061981129078	0.5766673609447963
0.20523745984895242	0.5799504823284919
0.21113605484695733	0.5825875459916882
0.21723335220840215	0.5824173688040917
0.2240373670880789	0.20079052678762133
0.23588712436281753
0.23963608570863937
0.24273998535939034
0.24558437912659414
0.24816302767643722