0.012822026831336557	0.18973882678176357	0.4974411959943145
0.013845536176192528	0.24241323416275498
0.014915855745201469	0.22516782277248257	0.5179557720168014
0.016000301987898015	0.24060440089727433	0.5242416662297064
0.017173784732531772	0.25594228995510954	-0.08184717030575572
0.018411762154270987	0.264604288271101
0.019788711870235433	0.269602365571954
0.021029051739856218	0.27450743583084036
0.02235873746460229	0.27959495421679353
0.023897367820043713	0.2843971722608479
0.02525329940917304	0.2894636232288216
0.028383041796660905	0.2997967160301276
0.03399558685644076	0.31747320020473757
0.039959659148672666	0.3375317654181894
0.04738474702323509	0.3605424814084099
0.055637821927464026	0.38554914034928
0.06473493792666744	0.4129834829066205
0.07339672136115324	0.44091137042610773
0.08212447125617107	0.46545065706156935
0.09120045427714037	0.47370731000568517
0.10048310200243736	0.4824278282130292
0.11030625028979636	0.491836043888092
0.11983531359932052	0.5015548123725022
0.12968343455854867	0.511344506701919
0.13939773718941628	0.5212304113311715
0.1489368440290352	0.5309988930622607
0.15832441388228735	0.5400259362126982
0.1675261003273099	0.5488349760534285
0.1769308768341175	0.5571190699219133
0.18586328692528375	0.5650458377217302
0.19436973717948375	0.5724351422370693
0.20386942447128573	0.5789041111814203
0.2127160742837308	0.5846529919295319
0.22198942800667612	0.5891456915649036
0.2319043171476899	0.5894304059279895
0.2441329298798986	0.18904477170157236
0.18655754583595743
0.1925449999357233
0.19844037266398612
0.20373474030274752
0.20879518066991554
0.2138145712079323
0.2176156184769039
0.22231376439648168
0.2258653125280446
0.2299797808751861
0.23289637128582366
0.23624786447079305
0.2388470203462888
0.241780087236847
0.2443759697867437
0.24652626286407156
0.24848087422221368
0.25041237152655055
0.25199427335393865
0.25376095720142483
0.2569992130804886