0.2930019970864097	4.042342770394608
0.31234057610562843	4.122872567138998
0.33230125629109586	4.206864090696415
0.3529085308301621	5.33848045750503
0.37421885135352
0.39612412245099
0.41838170065131725
0.44186185895636965	4.742021234251625
0.4648023017990322
0.48971763256405343	5.004321054674421
0.5147084181801891	5.152473352115997
0.5659884760243257	5.143266433276985
0.6494376703552986	5.079428745890104
0.7374634017933294
0.831992807846937	5.006269256508567
0.9338391884636417	5.016391628491919
1.0437999583345001	5.048773371214229
1.156059524418282	5.1143356424799125
1.2663736057667663
1.3838311393475444	5.2898536868382875
1.503099415145579
1.621093187791632	5.502394225941265
1.7369525924181834	5.617292836388592
1.8475163975848319
1.9616408368894789	5.841106474144792
2.057661938427805	5.971466530942882
2.1533749097285004	6.101875755774387
2.2377625576330176	6.2657319938575196
2.3188862038199485	6.444173140029017
2.3964825229176023	6.604323311956225
2.4658144705467393	6.763159072170611
2.52916023725709
2.596355663170753	7.028521691746841
2.64821878372163	7.130584485891149
2.6993344878361896	7.226842279872907
2.7463455341940732	7.310718954005943
2.78798452532506	7.383812173622883
2.8287240102256197	7.449279339017373
2.867670831368604	7.505974527464252
2.901027281112049
2.933117053147821
2.9614867612583256
2.989827830742574
3.0150923269041594
3.0403176186490644
3.0616888913097573
3.0828967027786054
3.1019480304174394
3.1212867658186965
3.139490767752472
3.159529062726867
3.172065193862309
3.187310682825641
3.2023171077392343
3.216549556412543
3.229205441267096
3.243042033670148