0.029073097197651346	0.3072825429111851
0.03184868597517077	0.31581355399353284
0.03390755800436854	0.32479330741633516
0.036932788909949825	0.33389072615051185
0.039373141132978455	0.34433032255474366
0.04291439121493843	0.35516780134301124
0.045841048733050484	0.36680895431278665
0.049668610928507585	0.3788074177784284
0.05337037018987931	0.39155494190213597
0.05733814216722658	0.40403269406795556
0.06190016583907582	0.4174907708917457
0.06935647227080818	0.4443773075311652
0.08135651934199215	0.4635572965028166
0.09376157209644623	0.4752984822621711
0.10661076905732124	0.4881692279010985
0.11981774531133389	0.5017936313875182
0.1333460900252468	0.5159429734131189
0.14690074518154375	0.5299612523607078
0.16031940182633428	0.5437278352537572
0.1738991792211901	0.5567641438277071
0.18710216551406467	0.5688983433304424
0.20034439348973884	0.5795708439442996
0.21343678026184265	0.5887501097495558
0.2270591294986725	0.5953298732942505
0.24285851714006595	-0.033477229527067956
0.1867553464397781
0.1947020952568933
0.20271929955069606
0.2101297522072327
0.21686941855891226
0.22282000363472027
0.22850262155214032
0.23370270637919366
0.23782924051581164
0.24232822866699277
0.2462721026489739
0.24968599466938424
0.2522714892541003
0.255455498824945
0.2579371593467673
0.26016344810574976
0.26211019693534926
0.26381223039710505
0.2657885670003818
0.26950705556890414
0.27266358799070783
0.27549581453960076
0.2782204440598103
0.28062363070017965
0.282580195254068
0.2845483291631366
0.28604019510090517
0.2873816192445151
0.28852951749038286
0.28950172727350243
0.2902332806370877
0.29079407949041153