0.10365528719894851	0.44175699562341486
0.11664135569258285	0.3968287613593066
0.12427100581459007	0.35362634211715444
0.13847920046545684	0.3145522901217798
0.14858310700869037	0.27280411293889384
0.16563981529071564	0.2334390619271923
0.17838023788971352	0.19511518812789655
0.19657440028255296	0.1593007470095042
0.2137389545220848	0.12484151304505399
0.23213824132340427	0.09418795789691413
0.25260085985209657	0.06330275149997247
0.27091166036966263	0.009449035189522208
0.29179196049914186	-0.01560140604935488
0.3130929492845339	-0.02722896907408351
0.3327461063503793	-0.04160336576248996
0.3510447662713895	-0.05736399906260321
0.3648584961171866	-0.07306835641337729
0.3802454611427618	-0.08664862196518489
0.3906552632581533	-0.10101029923923366
0.40092247097731015	-0.11262949629172307
0.40902405608850867	-0.12230721287991604
0.4173411762422543	-0.129958430221484
0.4252830641563917	-0.13302991934367117
0.43325695537288406	-0.12751719038647913
0.4482129086064539	-0.9570468570788565
0.2694749205770382
0.2717915451813039
0.27261894630245814
0.27396018519115395
0.2725052852468517
0.2706104741370362
0.2680027616308963
0.2645338334200293
0.25864161803713825
0.2568349459375057
0.252039903595275
0.2474318262923248
0.24096309262565044
0.23724033085541427
0.23244124459196705
0.22715015047805412
0.2218511065803915
0.21657633292152423
0.21343340731680713
0.21568247274771465
0.21728585756718277
0.21854908594773964
0.219752118426631
0.22060009466288008
0.2209144193576063
0.2213153608164991
0.22111350418019593
0.22076434565981912
0.2201860986405931
0.21941288113218718
0.21833245015394745
0.2170347607806968