0.12865178526024973	0.44175699562341486
0.13941004613449276	0.3968287613593066
0.14961725659930294	0.35362634211715444
0.16222863392476253	0.3145522901217798
0.1734396135491298	0.27280411293889384
0.18667555466715466	0.2334390619271923
0.19851171533447712	0.19511518812789655
0.21235533384658759	0.1593007470095042
0.22529821315919646	0.12484151304505399
0.23977454799642997	0.09418795789691413
0.2537844355732058	0.06330275149997247
0.28364940497192553	0.009449035189522208
0.33026934929244656	-0.01560140604935488
0.37797187299116747	-0.02722896907408351
0.42577447110253647	-0.04160336576248996
0.473332736129154	-0.05736399906260321
0.5185152606192632	-0.07306835641337729
0.559865911143206	-0.08664862196518489
0.5967040831339768	-0.10101029923923366
0.6278116073051445	-0.11262949629172307
0.6512181874748344	-0.12230721287991604
0.6669668713980079	-0.129958430221484
0.674989264087936	-0.13302991934367117
0.6739301791758564	-0.12751719038647913
0.6560410751331305	-0.9570468570788565
0.6873284113060458
0.6908566228952568
0.6907051510403757
0.6865492063347023
0.6785082661540647
0.6680928506051567
0.6557455746959698
0.6410387474946544
0.6253340225126571
0.6093020182715599
0.5916502647497442
0.5742983514279254
0.5568263371753711
0.5387471572038979
0.5216525339364633
0.5041880095807043
0.48712868131445963
0.47053763151602723
0.45503074405418253
0.43890391326575984
0.423869670024856
0.40938013611911106
0.39486658977511707
0.380923792911499
0.3680910817544443
0.354714785089657
0.3428091192449456
0.3310067143162686
0.3195709755361143
0.30827408358944014
0.29778150210249815
0.2877197264561093