0.05274684678893158	0.4978798773153219
0.05786766765389393	0.5511411740480503
0.061738896980928985	0.5851228569729938
0.06706223525690405	0.6333364917670473
0.07227824066837245	0.6787234006247639
0.07774797658559283	0.6856930361969306
0.08390498932831073	0.6603656353126263
0.08997308783876025	0.6251120176111568
0.09593568376941432	0.590761536318417
0.10262049563729922	0.5591189244720255
0.10875784657252556	0.5252832051796432
0.12368056475057852	0.46488583395649435
0.14703684788965302	0.37777958327103717
0.17188511124207567	0.28874166235242815
0.19847177523412948	0.20599443647556176
0.22743395294082122	0.13263342225046248
0.2568747399475375	0.06647252285119994
0.2884667048943264	0.010240475586068352
0.32115734289972536	-0.03135680930286354
0.35345144050499394	-0.03667958978158027
0.38615319698501455	-0.04475765923255789
0.4191532263497435	-0.054368659633914726
0.4508353344527955	-0.06456341555647296
0.48112546038103543	-0.07476145733680793
0.5100223462753524	-0.08450784847585763
0.5429568303269248
0.5587042680710286	-0.10368068867624858
0.5783718570151863	-0.11140403414310182
0.5949729186916541	-0.1190602907666906
0.608320578054955	-0.12466803000734303
0.6184646201735711	-0.13042513535255784
0.6249931067977725	-0.13361428976243073
0.626802965489986	-0.13514511890068645
0.6251423382649246	-0.13221007612652297
0.6173963156227104	-0.11549227186535231
0.5989180514505454	-0.05071029834933347
0.5807211314264986
0.5659443948947289
0.5503008682024125
0.5333466456912174
0.5172676583409653
0.4947658617965304
0.47777921549640845
0.4621719586330217
0.44590598830183875
0.43022681689107
0.41484294004978717
0.4003196853372914
0.38515924113190514
0.37158294035823836
0.3585519455951983
0.34605334049196257
0.3332874946952944
0.3218472600015776
0.3101647079183068
0.29899864015788424
0.28833138504879385