-0.06959409326823959	0.008097253627054268	0.03282012565136835	0.12287831022857042
0.14093125112614377	0.014515505548862032	0.06505842807596494	0.2506197495830664
0.07629218299334255	0.0219747617832097	0.12124187015297518	0.2526750282583236
-0.08976526904653989	0.030323911361044228	0.21430101909238686	0.24432972277717596
-0.0033151179169734236	0.0410996679169377	0.3085996637280864	0.11082066960942012
0.014785979185206695	0.053107426272032	0.27643628257765135	0.0225920486393951
0.005214167695494714	0.06690143591638514	0.2503674759512451	-0.0024160212234022914
-0.01772538810639975	0.08413986973182841	0.26516490181061303	-0.009294520607915262
0.008081203162376746	0.105985020953673	0.2501778262691718	0.11917971212026428
0.00827983292779649	0.1277929380222312	0.2158488125162302
0.010512478386532938	0.15849151268793363	0.15875633361625419
0.010467249146307573	0.18417005734287037	0.1125675308546839
0.008894605452929017	0.2152731540092636	0.07406778753517716
0.011671241899736378	0.24948680783169644	0.044265751158249246
0.010186299163773435	0.2782624560231394	0.023062683752249225
0.012033406796581577	0.30386448505089186	0.007402981777108909
0.014072462379026778	0.30756352347362204	0.0017685629431584023
0.014801349143955941	0.29870127675180985	-0.0026014701053462437
0.016380256745663055	0.2923913781125519	-0.006454860732932718
0.01767398120037848	0.2843552348796405	-0.009948444254235488
0.018981683851314796	0.2705608021020845	-0.012698680218971598
0.020560206743593122	0.25824538508953476	-0.014415844492413083
0.022404392308680677	0.24597412866936497	-0.014739683142862777
0.02336281901347455	0.22741930661552484	0.046418270085255266
0.025432354860879317	0.21170071908414087	-0.10377970149160914
0.026857538343185945	0.20701945214458312	-0.2567217836975762
0.02847308704757214	0.20914861783598315
0.031071514424057766	0.1974306972256787
0.03283690562309663	0.18587699703547061
0.03465147597122932	0.17456200021267715
0.036513600373859284	0.16354560947820088
0.03841297726269259	0.15324495235121896
0.04048452184391166	0.1422464728083302
0.04280572369168435	0.13291867937305332
0.0449721228593312	0.12266683921099795
0.047711270349699304	0.11278674759882926
0.04984007946218017	0.10373707785329296
0.052146131006079746	0.09513288401179541
0.055125361236389184	0.08659795276897042
0.05741927658652634	0.07827857607942423
0.059878380025996575	0.07041321075365352
0.06239045346142437	0.06283732976791567
0.06575885009131947	0.055636368656480445
0.06924406191749469	0.04873860762135058
0.07193886039146147	0.04217997551606686
0.07465528430739982	0.0365451440813955
0.0803872483602845	0.030607907304893312
0.08087042922220093	0.02555907514357363
0.08260645673887503	0.020317056086509137
0.0875586685227104	0.015862953001338203
0.08925687536159571	0.011625774895536851
0.09204206242381378	0.0077677262282531846
0.09763369476682823	0.004185633352700356
0.0992087675090064	0.0012173108916110403
0.10197328981052575	-0.00042478992018432665
0.10469359441848201	-0.0016138833812826198
0.10870265569326064	-0.002746411521751959
0.11407512514913153	-0.0038678332370894455
0.11392850538402452	-0.004980614945517514
0.11970366597010404	-0.006067076549180075
0.12074669576206763	-0.007202010781101276
0.12310530812143791	-0.008252154628618105
0.12537693290869872	-0.009319820894213852
0.12944136633927678	-0.010360060354053003
0.13149690669936825	-0.011340059482227452
0.1334434799544861	-0.012327233276380337
0.1366823767152215	-0.01326750516955835
0.13882161949842006	-0.014157927710898147
0.1403879847642985	-0.015041509410084386
0.14317763515898624	-0.015851607150161675
0.14354545951588663	-0.01658391560862028
0.14600606231521396	-0.017353614331957878
0.14738994946888598	-0.018069415882777853
0.14948171561191684	-0.01873119959097426
0.15137183288640207	-0.019664793145390606
0.15108341484528046	-0.019722100426791764
0.15263422131662013	-0.02013081627093185
0.1542087191445824	-0.02031162821238973
0.15434175509878015	-0.020551706889551456
0.15530106345190794	-0.020420974722002886
0.15444241950378443	-0.020230006220479217
0.1542419730557311	-0.019426071360256453
0.15486825423276407	-0.01783982267029914
0.15443037198380763	-0.015961209382065196
0.15467684211467994	-0.10061785923903166
0.15402713684659206	-0.12928052051133943
0.1545058682628603	-0.06344294279048429
0.1530896405399345	-0.23664449703867832
0.1521186457886788
0.15168257968593454
0.15098664329470224