0.09444902354129227	0.44175699562340764
0.10360814250438793	0.39682876135937084
0.11052347184445895	0.35362634211717564
0.12023081928320273	0.3145522901217971
0.12848719519353152	0.27280411293894186
0.13935664808446369	0.23343906192727154
0.1485713830378453	0.19511518812795864
0.15977051062909325	0.15930074700939068
0.17063951068654676	0.1248415130446577
0.18195588600157234	0.09418795789635125
0.19471562476505236	0.0633027515017482
0.22043910463333835	0.009449035189526462
0.26447990173876856	-0.015601406049356236
0.3121494881139692	-0.02722896907408453
0.36302776655164654	-0.04160336576248911
0.4168247764032326	-0.057363999062608674
0.47210753009226636	-0.07306835641308618
0.5226055495214912	-0.08664862196507087
0.5706835309911397	-0.10101029923915016
0.6107077672654538	-0.11262949623342008
0.6411384052900403	-0.12230702584001
0.6616240815569508	-0.12995842916879535
0.6737773360705837	-0.13302991885578572
0.6781722761816561	-0.1275157375245089
0.6734863504867438	-0.9877965248172328
0.49908115671025866
0.5038140469215568
0.5060134597004246
0.5073019163693342
0.5043569982862312
0.49997850338112654
0.4942342226739416
0.4867710852624405
0.47640278104655015
0.4699261711765253
0.45995104237619217
0.4501211718731048
0.43842496055412966
0.4290583529346102
0.41894577299638736
0.408209632907368
0.39755340439453246
0.38703591392038483
0.3772462272820783
0.3662653810445526
0.3569747413574232
0.3470504935757136
0.3377934353640931
0.3284077250569936
0.31935767507456037
0.31047801652454715
0.3023523631473984
0.2940730620781252
0.28610979354241306
0.2780314829610203
0.26953426609118886
0.26319861553319124