1.0425183966268157	7.716423658050626
1.120919121138891	7.249415550385181
1.198939046041262	6.806942020028406
1.2916810778003895	2.301472476474807
1.3811607176984404
1.4705639262859376
1.5768020257927484
1.6821323091649625	4.647776802992151
1.783838060477027
1.9075979962526823	3.8959433248971096
2.0251161146501904	3.526672853383447
2.253396709394147	2.211372731494663
2.6419159027047816	2.167871457467675
3.051527186899017
3.486182546275467	2.0631898879310233
3.954870946130842	1.9999391542872118
4.473621618464165	1.9332807115077417
4.967974417960844	1.8617524700236887
5.353161856537182
5.836516865357421	1.7187269357712676
6.245394798868912
6.621788143941457	1.5825565559463657
6.939408326953452	1.5188425018882463
7.172677737129883
7.423243819959186	1.4042470828915938
7.54293081118917	1.351118791544397
7.649037619358098	1.3027327660695824
7.67605723871416	1.2545945964158784
7.676582062382234	1.2108141222418003
7.65044160569858	1.175040628172682
7.595545492398084	1.145257850635
7.517117487259953
7.420555278989756	1.1044261377563325
7.301659071197576	1.0910713210094831
7.175970157351668	1.0807635085740477
7.0419202542500505	1.0732601792672145
6.908441594393703	1.067446299619935
6.769473057682798	1.0633740320823262
6.621625032309037	1.0599687704264025
6.478055060211102
6.339469822746348
6.205129950687929
6.063640913204467
5.932708002333667
5.7955932266718495
5.674297752474234
5.550117952814892
5.434467749690643
5.315137647923591
5.200084179745943
5.0782795282054956
4.987248726702469
4.885101754025566
4.784018282351052
4.686764917882454
4.599347860051818
4.503938149931759