0.03983564745535083	0.48740218311281147	-0.09026829199939568
0.04311308981275274	0.8134721432364821
0.047258191126056386	0.596679107191743	-0.11620867879378786
0.05091882376928217	0.6377490419718274	-0.11650267025205349
0.05519032799489267	0.6868066598278393	-0.6270918842045848
0.05990749556584467	0.6884112081991318
0.06521856591144481	0.6565011963884424
0.06995248436179674	0.624018708049921
0.07485484012866941	0.5895434175263681
0.08114714029787493	0.5593182601329938
0.08618967277038704	0.527226175674236
0.09874807142281913	0.4667240939140784
0.12273639876455805	0.37285827161721136
0.14777023366168984	0.28576743325748616
0.18081987288751408	0.2038495019770991
0.21821104133575578	0.13135844288051501
0.2528011479866988	0.06545263303879265
0.26602582257477253	0.009353379550545934
0.2825027719113677	-0.03137811961866078
0.29559377280077226	-0.03661848426511132
0.307868400502435	-0.04416540066020346
0.31801721052536386	-0.054305580234324705
0.3300632526482338	-0.06442218057496006
0.3402549409823576	-0.0747976150413483
0.34631288032900237	-0.08492423600455438
0.3534401464254699	-0.09420908610975086
0.3601875097457512	-0.10358003223028577
0.3637011933629664	-0.11142810282331335
0.37180394295061553	-0.11945367844431752
0.37399882545410945	-0.12528182333844945
0.37512913851235125	-0.13032001690025063
0.38135269451061055	-0.13391289866436157
0.3820996745336261	-0.13564082991616974
0.38794536196556756	-0.13211376927334265
0.39559920387895986	-0.11090345256166556
0.4074306251523425	-0.02321765958877262
0.24545764879046622
0.24620367376873234
0.24740227023108574
0.24687067682721303
0.2462938693297242
0.24467657051366
0.24076010632317102
0.24035414707209435
0.23712934161458707
0.23500115451379117
0.2299956632176603
0.22913520321890124
0.22465553318855322
0.2216100341575216
0.21791079914200615
0.21425822701458852
0.21055128338591755
0.20665542598096212
0.20289529683728919
0.1996033048060072
0.20151173969732175