3.0898163465610065	3.6253630471429354
3.089168612744178	3.6208275480091268
3.0885122040243216	3.616277369675925
3.0878481937771003	3.6117185710186126
3.0871772807240054	3.6071511262203977
3.086500387883549	3.6025796853886147
3.0858178661745694	3.597995371206535
3.085130398959431	3.593415557335903
3.08443841533966	3.5888353712368555
3.083742522114481	3.58424035100316
3.083043050068013	3.581529461732712
3.0816344017483	3.5704319656547785
3.079501914305427	3.5566944589243423
3.0773518043881025	3.542979436837786
3.0751880761310426	3.5297802679815637
3.073014749588237	3.5177419748654177
3.070833895076946	3.5046971481270894
3.0686485640266556	3.4922382440966038
3.0664595813048705	3.480094936685504
3.064268110873223	3.4683388856773236
3.0620764285433144	3.456890285767538
3.059883511130698	3.4455120638197076
3.057691583007959	3.4344528460740746
3.0555011304457165	3.4235119660531677
3.0533116861134406	3.4128251996991783
3.0511748677938666	3.402614590360189
3.0491274529677064	3.39316092478663
3.047077766339079	3.3838986315410144
3.045025125851027	3.375038493444217
3.042971702254558	3.3665137759182864
3.0409172923706134	3.3596876508916904
3.0388638427914043	3.3563617716168417
3.0368089275567027	3.3533587404607657
3.0347523532208682	3.350633994393747
3.032697501523843	3.3483072751114
3.030637659163195	3.3462695957961053
3.0285867805976556	3.344627048255554
3.0265265684095426	3.3432687350071655
3.024470465801704	3.3423732611038197
3.0224138697589518	3.341958898607928
3.0203571472809356	3.341615715906275
3.0176110506649017	3.341957282609648
3.015549083352454	3.342758876191513
3.0134835439814394	3.343801330919009
3.0114132095810837	3.345380874135501
3.009342681765923	3.347201494183977
3.0072591670282223	3.3497715306039124
3.0051713247093796	3.3526765375600487
3.003056957418383	3.3558694647710325
3.0009375954119926	3.3610710187707196
2.998794468945706	3.37189078739041
2.996588746376037	3.525260328174133
2.9940577903231165
2.991794316443278
2.989535112848234
2.98726129197124
2.9849732478927637