3.0610800320773874	3.4478990534345106
3.059381996591785	3.4390085880774084
3.0576869970568024	3.430167133974299
3.055995654726278	3.4213577247023115
3.0543081357702233	3.4127829485226697
3.0526247019952493	3.4041775928185873
3.0509458164846857	3.395814277044433
3.0492714313212357	3.387331971635236
3.047602248974005	3.3792340149435227
3.045937427227662	3.371061719712728
3.0442783555418127	3.3632051472846705
3.0409755713222766	3.3479915123936888
3.036061995452022	3.3331838364490656
3.031197204907006	3.3229316870730172
3.02638210132634	3.3138725938377656
3.0216168817309947	3.3062722168035408
3.0168959962354425	3.299974716745678
3.0122250110480073	3.2953602474358057
3.0075968331600653	3.292491633411864
3.0030221565081963	3.29075619839821
2.998471621779265	3.2911889068199485
2.993962677340268	3.293329538312622
2.9894897856541167	3.2973788257226433
2.985044647925661	3.304834433844099
2.9806237737392243	3.560767539978662
2.9762965141380935
2.9721310396429383
2.9679678235255396
2.9638041462341884
2.959643701215191
2.9554837454355325
2.9513251752640906
2.9471488156182186
2.9430043421484986
2.9388421737732484
2.934696246009405
2.930522339331163
2.9263942521898354
2.9222473945698124
2.9181184204592294
2.9139851712881297
2.908503144510323
2.904368509083032
2.900286511517562
2.8962009795725567
2.8921281608943996
2.888051531187259
2.883998437599253
2.879980242206805
2.87593139051971
2.871918206789043
2.867937874729965
2.8639396115107507
2.8599965066258055
2.856037568807848
2.8520835975928835
2.848175164595662