3.0612230521084376	3.446751539337013
3.059523775138539	3.437761552761924
3.057827576304372	3.4289818417053453
3.0561347676503905	3.394068703995099
3.054445919250244
3.052761188931402
3.0510812177278854
3.0494055715555044	3.385672135710139
3.0477351811504407
3.04607002043527	3.3685695737177523
3.0444094740888565	3.3597880657402475
3.041104699658999	3.3459867128128664
3.0361878925431	3.3271265561085275
3.0313207291817106
3.0265026807393647	3.2865703012037746
3.021734172438245	3.266661030491323
3.017016720876909	3.2468644369813253
3.0123459002595108	3.2286531025160445
3.00770981133327
3.003130440940847	3.1938323126021744
2.998585736288064
2.994081393704182	3.1618014353047514
2.989609219905952	3.1474341628299665
2.985159097041214
2.980756545824711	3.120640972758424
2.9764331262765458	3.1152505730719957
2.972272885134195	3.114461127245751
2.968101858392616	3.128849913462397
2.9639370221327073	3.158512322231383
2.959773436637733	3.194862159803744
2.9556109817315988	3.2443336056835905
2.95144757305301
2.947271393185145	3.356624564530321
2.943098125893562	3.4098788640684967
2.938922207632853	3.4662184339746163
2.934742315773044	3.5193792555893832
2.9305742009639566	3.5685511455025547
2.9263948445266563	3.6148189723686075
2.9221951685442966	3.6564086112213565
2.9180125577168994
2.913832391392109
2.9096659308714092
2.9054666643001985
2.901296134112483
2.8970853181788416
2.8929310346782104
2.888749383310452
2.884595424118771
2.8804005317739407
2.8762091415808078
2.8719341413922654
2.867869528803633
2.863696719369232
2.8595025207722755
2.855314343067001
2.8511835079796577
2.846954321815933