3.0612241903835913	3.4478264890283334
3.0595260176383725	3.438779578150661
3.0578298935182286	3.429911967740948
3.056138633340069	3.4213157968517183
3.0544503934434797	3.4126291357428897
3.0527685304477026	3.404102884797881
3.051090030090087	3.3956130350490445
3.0494182716600458	3.387310693323034
3.047751752126079	3.3790558988106616
3.046091196349523	3.3710990817780644
3.0444369156927524	3.3630882605701538
3.041129419473203	3.3477735147112084
3.036193547943467	3.333202260890068
3.0312933971708795	3.3229243483524944
3.0264217186012274	3.3139352695798685
3.02157380938596	3.3062720291184995
3.0167343789681342	3.3000954494714287
3.0119161931455927	3.2953765596511744
3.007092705322261	3.2923282021809808
3.002269530152924	3.290881204928727
2.9974393133129373	3.2915446556212724
2.9926050923859306	3.2935379281742447
2.9877630436540437	3.2977457030483954
2.9828933874899373	3.305153690549748
2.9780186283752084	3.5133966314889298
2.973996843653203
2.969485536285024
2.9649133649444988
2.9603727124139474
2.955790560781093
2.9512382058037314
2.9466606715488926
2.9420732579970044
2.9374817458601625
2.932990472172804
2.9284075077369427
2.923881817669113
2.9193521687660797
2.9148580431285946
2.9103991571467103
2.9059250029407098
2.9014803925119894
2.8970689296220713
2.8927729216768467
2.888565857230716
2.8844412849421204
2.880373108230254
2.876332388974811
2.872350609575991
2.868450676738069
2.8645669206562143
2.8607725940140707
2.8570233880402025
2.853323179971346
2.8496741648932384
2.8460831817467245
2.84254525005789