9.451028487683331	9.97611312162375	10.208937555842212	10.435948850940388
9.448262512621268	9.965095594589023	10.1780715840264
9.445427681731584	9.954298025342329	10.148066638240689
9.442544757879478	9.943745118858136	10.121889890182478
9.43962583057926	9.933542602165224	10.10464780642623
9.436678181938758	9.92330595537408	10.096640590304478
9.433705281362943	9.912902467696176	10.092369991933234
9.430709846551931	9.902318392642542	10.092975346507975
9.427692702382567	9.891485109132985	10.107454197305742
9.424654308571249	9.880505162713998	10.269827184343917
9.421594983825104	9.86936160763205
9.418576101919871	9.858281987756067
9.415614364962634	9.848750159196983
9.41261997492514	9.839321108785088
9.40959427729266	9.829821539408222
9.406537511448379	9.820576856297125
9.403450147670773	9.811102206971782
9.400332365412936	9.801777810516736
9.397185661221366	9.792560560827225
9.394009968241669	9.783378972256653
9.390806157561428	9.774264849115694
9.387574853506829	9.764973088481055
9.384317176998882	9.755991378884303
9.381031646081937	9.747150019686964
9.377722719161646	9.738710551679386
9.374385114355668	9.730261386627424
9.371023261549473	9.722475522287816
9.367636840027409	9.717268093625119
9.364229548369654	9.713461052859001
9.36079987790869	9.709851601955801
9.357344053665493	9.706647295140524
9.353871343141966	9.703591626436895
9.350385598648375	9.700843568465958
9.346859219036048	9.698415413771693
9.34332679177248	9.696129249509807
9.33977676338305	9.694203353476611
9.336199851059426	9.69266816280234
9.332613644055092	9.691595577843731
9.329010490406104	9.69064370475344
9.325375025309745	9.690164037453718
9.32174074396985	9.68988581177057
9.318086311596678	9.690175847324037
9.314395481521375	9.691100675480419
9.310710523888506	9.692248906867796
9.30700482024892	9.693832158719315
9.30328189892186	9.696465159156404
9.299518560150123	9.700236445898204
9.29575828842468	9.706034685306625
9.291954673575153	9.715149056223655
9.28817982534731	9.731167098959283
9.284357372700082	10.000584570480152
9.280494023956638	10.134840355107876
9.2766262929623	9.939632686919563
9.272723888691834
9.268809863782796
9.264884936416376
9.260921355278901
9.256951718683078
9.252937418648374
9.248882806107574
9.244818303450863
9.240801774156163
9.236688436033791
9.232547938796936
9.228428056585713
9.22424189582094
9.220081935996944
9.21576257619151
9.211656407489311
9.207353690530917
9.20312060676272
9.19880896969185
9.194478716661349
9.190152073320277
9.185784549936416
9.181420266351891
9.177023852629949
9.172621483021945
9.168195152143394
9.163971412467303
9.15974346496907
9.155469217638718
9.151109428434543
9.146684322232291
9.142356332956759
9.137837569931738
9.13333462444895
9.128704281007138
9.124099752531729
9.119447619538951
9.114645596719749