0.5037584602935156	0.15265903770540096
0.5053030314228406	0.1545223841528037
0.5067314905500238	0.15678400235022397
0.508004981305641	0.15861054358319754
0.5090991536193983	0.16010916106115478
0.5100285208052819	0.16163438855617807
0.5108047334923734	0.16278192522019402
0.5114330540726553	0.16351901495110432
0.5119450195443414	0.1641549487867324
0.512343222127555	0.1648041317279529
0.5126537352922538	0.16513336119905547
0.5128798500080907	0.16542927716090508
0.5130553606967687	0.16555838246813775
0.512829138261776	0.163392589590003
0.5115770498068133	0.159809528043315
0.510356564015282	0.1567362332405561
0.5093173275661483	0.15418828997294579
0.5084696833880042	0.15220102874654554
0.50777627549102	0.1509800105745991
0.5071862633723364	0.1497202402506088
0.5067006983096739	0.14882454669655115
0.5062662061891857	0.14805610656564525
0.5059254113792486	0.14725369315562797
0.5056096467768293	0.146524348924867
0.5053319906504125	0.14596661976590142
0.5050935838990714	0.145466195086376
0.5048659881860788	0.14512385257508423
0.504684439836811	0.14469602450544647
0.5045140371664671	0.1444211045798477
0.5043519130278417	0.1440468424818027
0.5042119832451344	0.14357585941350265
0.5032803392786429	0.14183372173546088
0.502804707501676	0.14079877062281496
0.5025044719405115	0.14006100967201393
0.502307961112513	0.13947476845015885
0.5021569719736841	0.13924019578384733
0.5020595414907649	0.13906216558199297
0.5019666680470533	0.1390540271707288
0.5018996213325987	0.13867959495215454
0.5015856821752511	0.13803841569111555
0.5014833005772101	0.1380040553569651
0.5014318650189967	0.1377813288152165
0.5014009709759419	0.13773482652681152
0.5013803221467722	0.1377011998294687
0.5013656182644457	0.1376724651267229
0.5013545508924164	0.13765415117573618
0.5013459746068454	0.13764003056430954
0.501339068095974	0.13762872372248752