0.5296385101528228	0.17144571966992248
0.5442898054104548	0.2223289531040429
0.5464095315298735	0.22904106543243774
0.5463305023159283	0.22881405392411797
0.5458526778325733	0.22733146127636053
0.5453577588994364	0.22573754160751633
0.544903095469502	0.22429186085910402
0.5445038121679963	0.22303843420548536
0.5441656774440732	0.22195812427119618
0.5438748023567836	0.22103094922124056
0.5436292161286395	0.2202286532664899
0.5433996123737765	0.2195280256549499
0.543203303723525	0.21891483138811638
0.543047705119663	0.21837074231824136
0.5428883981401433	0.21788753241605097
0.5427649649797778	0.2174538504127504
0.5426460036201094	0.21707164373993743
0.5425189303134341	0.2167253010084673
0.5424322457702159	0.2164021812256568
0.5423207740652993	0.2160547466472395
0.5417449684648797	0.21416294373313982
0.5414289776511886	0.2131710271458965
0.5412406886147518	0.21253999822511951
0.5411087252825976	0.21213557389368476
0.5410198111041856	0.21182582414678308
0.5409410841736156	0.21159879975715373
0.5408927188744079	0.21142259779507416
0.5408473454117448	0.21126805635057896
0.5406422960985812	0.2106056724818106
0.5405743205259593	0.21038587940628467
0.5405425806834698	0.21026166347946537
0.5405235495353448	0.2102079313727457
0.5405138913025251	0.2101519747257611
0.5405009099842981	0.21011714074103208
0.5404888704932352	0.21009383459680853
0.5404829207520799	0.21007475070300313
0.5404805292158685	0.2100588793110381