20.362987517333426	1.5481503898817335
21.802676501159944	1.658646891943324
23.335933834974938	1.774665184826314
24.905217289203897	1.890603625117024
26.460073969905395	2.0040732125838527
27.95817316204672	2.112435961993143
29.366182522133073	2.2134829081957603
30.659974159054222	2.305797282902301
31.82428207328717	2.3885319343262053
32.85152072342324	2.4612784766450053
33.74063005341958	2.5239668833370024
34.49545072258884	2.5770497171943463
35.123382347825896	2.621110908822414
36.721663875362935	2.730660332260303
35.08872394101744	2.614748926586152
33.23496998551198	2.4839566302431364
31.693003227152104	2.3744854331249123
30.47339569300399	2.2877381032700668
29.508333756192293	2.2190025151840818
28.734503830751105	2.163779451539451
28.10399745368473	2.118763344608109
27.582260923079254	2.081450277104475
27.14435230555097	2.0500874549066572
26.772133473834288	2.0233812489408476
26.4521949442097	2.0004602890444074
26.174431510256987	1.9805434456679343
25.931159843868734	1.9630017594618043
25.716395038168294	1.9475625395946956
25.525485705485252	1.9338189213791859
25.354699377399854	1.921595400138018
25.201043014470827	1.9105155290608333
24.230564869920435	1.8403850693723285
23.74824511982334	1.8053950917732111
23.460158850643406	1.7845545478727756
23.26873853170307	1.7707092423223025
23.132357235077524	1.7609091344945709
23.030262210325635	1.7534705629279708
22.950972522682747	1.7477600400302087
22.887617588234423	1.7430994111118652
22.60341638492254	1.7223596691097676
22.50901697371057	1.7155364211533717
22.461885626898834	1.7120709746670955
22.43362399455606	1.7100439178806128
22.41479517247196	1.7086915046589262
22.40134914531378	1.7077240179832007
22.391269128948224	1.7069983039174468
22.383428528075545	1.7064340773370137
22.37715902835644	1.7059834320718523