11.798169660141516	0.16243783385854463
14.64359002926205	0.40477828243364955
14.65477222833175	0.4307627006984533
13.953355963424116	0.40073341133207757
13.294315835891268	0.3694651012577199
12.780423383138672	0.3433409339067808
12.382883360438283	0.3234821014180239
12.078446442343012	0.3067634907368375
11.821579649309133	0.29388404444045996
11.63057266475015	0.28298605183449416
11.452491213278716	0.27420592879398886
11.303089739795054	0.26709619360431885
11.185781906018997	0.2596603215488206
11.084501321998902	0.25463365377141134
10.997253857049081	0.24959972012231507
10.917054738060479	0.24575803735640156
10.850864183257006	0.24186763809650585
10.791205519342194	0.23837350555592365
10.73632505620496	0.2351410364004063
10.672721264937694	0.23282020549130644
10.365949016912328	0.2149982713483601
10.20716152893021	0.2063250807456848
10.112736282505189	0.20124093349796623
10.055048141259324	0.1970812454982859
10.007106849663586	0.19496282126410935
9.97552650180938	0.19340216489450587
9.937656464999352	0.19107429436311313
9.920563749675427	0.190380679541193
9.826929761717546	0.18468747199395363
9.796041036171307	0.1826719948681714
9.782307470061502	0.18177389480852787
9.772387891438038	0.18133965987645206
9.764253856737326	0.18077317249246816
9.759675463576256	0.18077083636141209
9.755447031811826	0.18139747054225072
9.752424700183893	0.18044182250429994
9.750268830333871	0.18057874947170355