0.5157216876509954	0.3620699083065812
0.5152580263172163	0.2233189737710142
0.5153322770402247	0.2195428478477009
0.5171852439943808	0.21829444689424038
0.5158564088410729	0.2186509257561677
0.5174579989927081	0.2210642985646014
0.5153192481691722	0.22373906369348975
0.5146809837648129	0.22719661031084631
0.5147708202474893	0.23041638612317875
0.515106316338044	0.2340301391041264
0.5012740002085025	0.23611969367271657
0.5176213587919739	0.23960872252159546
0.5183517770635113	0.24225127102923083
0.5176549531879778	0.24499147876331043
0.5175404055782561	0.2468005883137141
0.5173749581785118	0.24882304296271837
0.5173535722425116	0.250474344496827
0.5176412048394595	0.2521239244677634
0.5179672539146446	0.2537265869807003
0.517479351017362	0.2554121657833181
0.516744856970599	0.2644988956321229
0.5165750339821524	0.26981952661121783
0.5163068003054517	0.27268755872441913
0.5160725035815855	0.27462744256337485
0.5162468645184406	0.27653619635920307
0.5163813691866869	0.2778297655326601
0.5163628491155132	0.27824009240765923
0.5165027963927502	0.2789324913628576
0.5160519221490553	0.2826064990632024
0.5160112581562503	0.2838781225049638
0.5159324941267552	0.2846335196330225
0.5156991353190764	0.28445045201876973
0.5159529399038755	0.2845109797039129
0.5157490082774648	0.28515647946168077
0.5157899990882067	0.2851768825898563
0.5157888744109244	0.28520569705412946
0.516062273602055	0.28522511913344895