0.5204138898850406	0.18220296728061403
0.5217211670589188	0.18570465452498147
0.5230525789322061	0.18848239004939824
0.5243224174543885	0.19105126892459895
0.5254962556477315	0.19301440912437476
0.5265913481870451	0.19491062426157374
0.5275755662030717	0.19621079952108458
0.5284199249324104	0.19722879367477253
0.5290561463228753	0.1981530720507528
0.5297686973504031	0.19898823054005524
0.5302489088126487	0.1994805509958795
0.5306420006323335	0.1999034298300165
0.5310543813228844	0.2003319853132253
0.5323090914884505	0.20156780806794425
0.5319286148441816	0.20064962490485663
0.5312196192145288	0.19930780355896874
0.530504202527581	0.19814104215584877
0.5300129933114853	0.19728663787487666
0.5295706665506064	0.19661899040472441
0.5291144237780728	0.195907557228128
0.5288225957187559	0.19538550199825214
0.5285487006004141	0.1949500295779601
0.5283301056188001	0.1944009407324494
0.5281248426839389	0.19391378438650195
0.5279345662534616	0.19374567848303048
0.5277542693833338	0.19344136273900414
0.5276347837784386	0.19290730721785787
0.5274859088317998	0.19268379160564159
0.5273824152648285	0.19249901562162242
0.5272901471669611	0.19242546583579803
0.5271996508218347	0.19210097999008674
0.5265885371467728	0.19072748948634827
0.5262689568563876	0.1898973893098931
0.5260878066451459	0.18934395626270475
0.5259728690607076	0.18907817837472604
0.5258927003879464	0.18901550729047215
0.5258242717372886	0.1886939145221302
0.5257755574214685	0.18874901920308404
0.5257175567533665	0.18849812577738972
0.5255030417412951	0.18787272338901734
0.5254343889629172	0.18788933133781943
0.5254177983278115	0.18766727259717825
0.5253877325014104	0.1876046130496914
0.5253839826991594	0.18755961046815842
0.5253786478378207	0.1875299848250873
0.5253562150165776	0.18750389765436162
0.5253671299104717	0.18748911270617374
0.5253484492795921	0.18747171123871367