0.028255880508027752	0.1507394639029081
0.024518032436181114	0.13573147256852522
0.024762335056435783	0.1370724757779879
0.02589189475960575	0.14219279531321416
0.026989477845338408	0.14696227711779042
0.027912984006012862	0.15080864371208955
0.028670358520206645	0.15409086372513056
0.02929289526599181	0.1565639288011903
0.029809612622208957	0.15873737395677548
0.030243562250151457	0.1603976812784989
0.03061228430958476	0.16205861864383947
0.03092888443610637	0.16322547764739476
0.03120346897620194	0.16433659656821753
0.03144345143816822	0.16529466042741203
0.031655417230466665	0.16609203904935124
0.031843497299449186	0.1668972401687893
0.032011450865396564	0.16756785753657252
0.03216257782427694	0.16823184012980347
0.03229907723826927	0.16867695255459098
0.03244636604326196	0.16924376850905454
0.03324224479580276	0.1724599164948347
0.03365679956283811	0.17410491071298548
0.033911088227504084	0.17510794458926685
0.03408263923022412	0.17590171223441411
0.0342065559313196	0.17626972272171687
0.03429989532388702	0.17652616362211979
0.0343729134572533	0.17705141872259522
0.03443146607667911	0.17722448078606828
0.03469790342653138	0.17821158816144844
0.03478741694882196	0.1785965599090683
0.03483243195246246	0.17882695356266784
0.034859670981411045	0.178829844887478
0.034877556422327025	0.17897012182340807
0.03489046926542276	0.17897514916956195
0.034900339148821465	0.1790145675702696
0.0349078839039795	0.17902567074962755
0.03491391669859488	0.17920423336173333