0.026384366482475392	0.20579514962928236
0.02214791896486027	0.16868827902907735
0.02229443220259922	0.16821622164142438
0.023340920323262102	0.17465481236933428
0.02435927149832126	0.1814155336230224
0.02524128788167722	0.18733166452527986
0.02597309701485049	0.19159905004010966
0.026562164564339557	0.195704327780413
0.027061970324230408	0.19861929690426902
0.02748629378977887	0.20153559772684496
0.02783847933284491	0.2032609654978689
0.028152167347730784	0.20541273970420684
0.028415379638056727	0.20705450259099642
0.028692323918626406	0.20844499810982917
0.028860779263742704	0.2098233885154865
0.029040701128313594	0.2107288291929408
0.02922669606355243	0.21174324437184053
0.029360431510315307	0.2125052165174556
0.029491974680242658	0.21358985375029468
0.029646780550465063	0.21445819026530907
0.03042969604220017	0.21870730184217385
0.030859133001047666	0.22064640472753622
0.031091934481164988	0.2218726782474839
0.031287249961799414	0.2224817224375715
0.031379762440013274	0.22331270057423594
0.031484854685921715	0.22391635744560787
0.031555851750344706	0.22380696679284842
0.03162743123821911	0.22418237370061603
0.031873201165698604	0.22547709190688867
0.03199009731697188	0.2258793144447899
0.0320338525933457	0.22590215850812265
0.032030781938485055	0.2262536947780462
0.03207791549602041	0.2262004795015798
0.03209071709369339	0.22641581211100376
0.032070697564033454	0.22645542427032786
0.03207768636500792	0.2264511941757311
0.03208379441428897	0.2262545874683948