0.041911741871535256	0.27562980316285696
0.03897093966262341	0.2508397941168439
0.036010108772608976	0.22904031796777377
0.033501590521110576	0.21157086618577733
0.03159037963732743	0.19767858108239494
0.029681835884142846	0.18496308334292597
0.027789414757265207	0.17550180410342256
0.026794151453707567	0.16797299363700288
0.027610381083320992	0.16124678304595602
0.025490069036502364	0.15535229212206983
0.026093348304281387	0.15158020013615725
0.02665070336162797	0.14829494324200684
0.02573134639122623	0.14514668009391657
0.025283443174350412	0.13827904681332606
0.025164407490203	0.1449146608583003
0.026100105823643444	0.15319467286269323
0.02814069179093058	0.16139356661749946
0.027815290141211965	0.16785176305286767
0.02819742110366345	0.17294602421215674
0.030002506010514976	0.1778932284063258
0.030042781344658993	0.18168801916676164
0.03040470093647866	0.1848790749439466
0.03055535952147921	0.18835960974514326
0.03087955918209422	0.19142139037204697
0.031418507387381396	0.19290329431716788
0.032017930736926686	0.1948988544572093
0.032010539148719895	0.19784304437376277
0.03255294851312659	0.19935375211668666
0.03269832618734222	0.2006500161835515
0.032705258061417414	0.20139157351071982
0.03280216299739261	0.2031858058170739
0.03428087572456684	0.2116608283352539
0.035125082446204006	0.21650629166710622
0.03542584653895979	0.219531504052955
0.035563056539562904	0.2211497415082519
0.035623737184869005	0.22177373991423427
0.03570868720193929	0.2233614448859605
0.03579428670047137	0.22337073714531996
0.036190593750654254	0.22456823873885456
0.0368537106799082	0.22798023997304
0.03702648054545288	0.22821028109696784
0.03685326446650569	0.22919260424297586
0.03711121551673623	0.22949984446472757
0.03700109389203515	0.2297202883401247
0.03696910377697021	0.22987127645633254
0.03719668802689278	0.2299978808393524
0.03699354164790975	0.23008022288094485
0.03718734934308233	0.2301593147735209