0.07729687089933962	0.37994079215066073
0.062770540251316	0.4058012035035294
0.06301424630081487	0.39879601802508613
0.06611296819249218	0.3856586086878094
0.06891827109764806	0.3723004022826184
0.0715813492096618	0.3635864282853362
0.07381660816232646	0.351509381965519
0.07552945088476631	0.3441431099334029
0.07693047272052257	0.3369153095934049
0.0782284403727967	0.3317104567474722
0.079297194733461	0.3235783223108618
0.08021040345865016	0.32111623803063827
0.08094374725615419	0.3155192208244189
0.08256476327693522	0.3126271050095996
0.08232516663709605	0.3096361159363796
0.08277513232805027	0.3071082337755787
0.08367065870235914	0.3033737148199108
0.08375164081546879	0.29900354429976234
0.08419489478452676	0.296874332293293
0.08477479598148494	0.29532971898789895
0.08701699237782413	0.28449851295752
0.0885980370900632	0.2854626613683756
0.08903526569010806	0.28505440834378987
0.08998798748529464	0.2823090039425495
0.08985971007484865	0.2840503183071728
0.09025983650650816	0.2869641875791105
0.09052876266306428	0.2825083713824438
0.091026659571626	0.2836694480993153
0.09149725974740842	0.28553623319437604
0.09216970901700408	0.2838155344440147
0.09234677699029065	0.28452216691203025
0.09186665288090888	0.2855863394462959
0.09250158228405093	0.2844924769534514
0.09255425025822275	0.28382243351398806
0.09200531050484471	0.2838289639424311
0.09202863098691426	0.2856180216804629
0.09205765689403105	0.2816239286315643