3.043373987384752	3.5081852374287372
3.044888813893967	3.5132610977709824
3.0463008918268972	3.517780613976849
3.047562620967284	3.5217366839484914
3.0486561435411463	3.5251559627616285
3.0495812841887084	3.528210969271666
3.0503484072264144	3.5306077551517623
3.0509728840035164	3.532671763962802
3.051471502296235	3.5344214602128843
3.051861285299397	3.535596412846096
3.0521577982777153	3.5366344100808957
3.0523753120649464	3.5374817084763976
3.052525962954194	3.538109824707249
3.0521017983246743	3.5378617129807606
3.050653904084853	3.5344931087240914
3.0492688449220857	3.531529422988448
3.0481048861342233	3.529179828131184
3.0471485130352094	3.5272843529279614
3.046360408770856	3.524239585117315
3.045704887457924	3.5223743278888215
3.0451530904456985	3.5208825609338894
3.0446837169241916	3.51954845540174
3.0442794265418813	3.518383882546761
3.043928624037107	3.5173489232988593
3.0436213387250315	3.5165063465595865
3.0433500426095224	3.515706395291192
3.0431092465162126	3.5150682862995413
3.0428933203505384	3.5144507274313805
3.0426992349404456	3.5139284797735657
3.042523912911027	3.513456373155572
3.04236444074091	3.5128867932221195
3.0413223194515036	3.5099677999094125
3.0407798812337954	3.508506901364946
3.040447691226477	3.5075109341902335
3.0402233041328905	3.5068227256977647
3.0400618189361954	3.506382371333232
3.039939681498657	3.506038516263722
3.039844458923236	3.5058074756167166
3.0397679680582823	3.5055248976968794
3.0394204844393173	3.504536770358681
3.039303381955827	3.504302328623755
3.03924471790153	3.5040626144003295
3.039209449656042	3.5040246449403747
3.039185909573331	3.5039676771840624
3.0391690827038893	3.5038792831374566
3.039156452807711	3.5038483154772693
3.0391466278148704	3.5038246549863294
3.0391387636269065	3.503805665167227