0.002574106655831073	0.0007118830753604947
0.0025189151818279234	0.0006232892598646354
0.0024586005550084108	0.00047153111099445253
0.002398537758906724	0.0004554239013523211
0.0023446216957428954	0.0003893649129777553
0.002291087754081868	0.0003331417476636922
0.0022364620635620842	0.8281518192249685
0.0021491051098744504
0.0020825178326740264
0.002021808970499764
0.002025332902471957	0.008191099236808936
0.0019228528393765184	0.00955115307965801
0.0016521742180924269
0.001488659865975203
0.0013463533639118002
0.0012171203711898399
0.0011022427994299973
0.0010912814109174153


0.006277095014256705
0.006575167058378389
0.006836746104940591

0.007290185696435048



0.008023636330926941





0.008942722978343951
0.00908413086429894





0.00989141983666366
0.01002127742979098

0.010278630311343854


0.01066141186875044




0.011301346163592628
0.011430981366524257
0.011561832351050095
0.011693571994469982

0.011961450726954079