0.000035202464171574325	0.000035851382706792044	0.00003067287108142746	0.000017826889034165294
0.000035112673238082835	0.00003568015430104514	0.00003101666883504564	0.00001616305093712471
0.00003502098511454776	0.00003550443734954779	0.00003056938859624151	0.000015118019667095306
0.00003492757169735079	0.00003532384809629537	0.000030046108416637677	0.000014637371678193643
0.000034832663387736916	0.000035138672905453494	0.00002951168234433186	0.000013293589038321433
0.000034736256352587474	0.00003494087707292795	0.00002907969689492098	0.000014290686080223688
0.000034637815726057333	0.00003475314317064279	0.000028562656516467985	0.000013744695318049581
0.00003453983641509522	0.000034552429259790627	0.000027982723330459694	0.000011857210048025731
0.00003443981787473397	0.000034345823115946744	0.000027381264527882733	0.000011544677492825228
0.000034338962291918054	0.00003413346782939265	0.000026856299476930422	0.000010887984242752254
0.000034237235573694725	0.00003391455255274013	0.000026364517738813753	0.000010401560997861932
0.00003403111754674724	0.00003345443184600182	0.000025236436817363534	9.332373769290202e-6
0.00003371684399053003	0.00003270028868184036	0.000023446758705448635	8.150125061161591e-6
0.000033397479845153946	0.000031850213613473286	0.000021533849809305935	8.36465457579854e-6
0.00003307304226811424	0.0000308817068844918	0.000019417277337179163	7.046496197197384e-6
0.00003274707841012297	0.000029763584818121297	0.000017315060830710365	5.596306304018118e-6
0.00003241717685565508	0.00002854407841345458	0.000015024568438994333	4.357285020587913e-6
0.00003208226568019592	0.000027350679595626113	0.000012863589318723709	3.0757311203870088e-6
0.00003174924032522006	0.000026196955717573496	0.000010644777261328588
0.000031407666992052036	0.00002495131670845794	9.11214020502899e-6
0.000031066054229170874	0.000023791519229629757	7.583021302813866e-6
0.00003072126115298112	0.000022573443133707675	6.352248685125213e-6
0.000030365613743040044	0.00002140309922979104	5.215046581502176e-6
0.00003001168945189768	0.000020233788749834365	4.222492382524955e-6
0.000029652961019496603	8.700093030584124e-6
0.000029282996258365804	0.00001534747842015207
0.000028946432752929798	0.00001449138931682818
0.00002857072557097995	0.000013606005871431887
0.000028504871749901964	2.4261345861650544e-7	0.000012772012671058071
0.00002779752086908487	0.000011979299697515621
0.000027404550134495535	0.000011194427022647548
0.00002696350387825227	0.000010330557992191622
0.000026581067221988316	9.574487185161084e-6
0.000026149226459655495	8.81688564985774e-6
0.000025650012803668055	8.075852493747081e-6
0.00002518171362658732	7.246493677268255e-6
0.000024629205771568852	6.515702506005825e-6
0.00002551981805716888	-2.601345556161989e-7	5.790881900804e-6
0.000023511915827198623	5.0640266861783374e-6
0.000022964165361351845
0.00002230056231607428
0.000021608716721673832
0.000021009849256246275
0.000020282050962389456
0.00001966701986483097
0.00001892332215046783
0.00001804384414479318
0.00001743423001568548
0.000016709173467841862
0.00001600276464025155
0.00001531843930657915
0.000014657998394135186
0.00001402168296704624
0.000013408500005589108
0.000012816544719528987
0.000012243344498105426
0.00001160966923907073
0.00001106933612367511