0.0035491028391538633	0.0019212711452070504
0.0035351593730437217	0.0019317968344224855	1.5862097178142567
0.0035207167095128687	0.0019232641088680533
0.003506055605567028	0.0018723811717934295
0.0034908734200056416	0.0019316971308912664	0.43572092553731856
0.003475375764471209	0.001941245592792231	0.4758036593666347
0.0034594537304059175	0.0019536881786202383	1.5717695753896417
0.0034432556663011827	0.001964077811301704	0.8239127326953922
0.0034267238141947425	0.001969758756963908	0.847584842250891
0.0034097555026066702	0.0019692680045974424	1.3157492119752665
0.003392558792669642	0.0019661630041505635	1.2686733476940102
0.0033572202581752535	0.0019472246947171044	1.1764685053430652
0.003301600326401995	0.0018964041297257466	2.215680607487894
0.0032428855157883834	0.001825537830861444
0.003180822153243581	0.0017672955322251872
0.0031144701401065143	0.0015947733966026963
0.0030442542754417433	0.001732269083392729
0.0029691588049012936	0.0013437676622150045
0.002888541719230793	0.0019834982700521354
0.002800363238180661	0.0022318371240453
0.0027069500550412034	0.002515862685599312
0.0026072342318324807	0.0007046922570199356
0.0025120119199983143	0.0031797887955265086
0.0024185976766681913	0.0035668215622483047
0.0023263049591482517	0.09469083971756599
0.0022349606278551813	0.5148865427136569
0.0020457166010962864
0.0019353712803753696
0.0019789743789739647	0.011805772982495629
0.0017338692240106842
0.0016427287003495925
0.0015533244931991996
0.0014696043947542957
0.0013911993333794485
0.0013164913739594504
0.00247584561591809
0.0012932017258030558
0.001311096838712798
0.0013367560992999686
0.004899816650187636








0.007265544881713136







0.008526635432325066
0.008672407216361396