0.000030215077729757694	0.00002315878697185608	7.749102234603892e-6
0.000029997945498040055	0.00002254625178991041	6.95914325620452e-6
0.000029781710013194212	0.000021865509753684042	6.321649779787626e-6
0.000029561462758283445	0.000021201544356872268	5.709097870904988e-6
0.00002934090650581239	0.000020929809884398964
0.000029126445701134974	0.000019986746748150042	4.458292786030147e-6
0.00002890584459833417	0.000019358405766203135	3.937231287910699e-6
0.000028539480405087112	0.00001873536611579665	3.4673304324068643e-6
0.00002856709767162943	0.000018378012604761428
0.0000282490613879648	0.00001480269404052007
0.00002803646951430695	0.000014248433493649647
0.000027587515000733392	0.000013342827491299017
0.000026950880099451258	0.000011995606731528889
0.00002627669801567847	0.00001070941285534741
0.000025585202645315153	9.479573318635613e-6
0.000024870569222766186	8.364758896390023e-6
0.000024126795149302795	7.188620254162017e-6
0.000023401218587303733	6.108287567753078e-6
0.000022528183067530924	5.062795922989114e-6
0.000021666497776963446	4.012432625867954e-6
0.000020852457690598945
0.00001992112008835732
0.00001895732839842416
0.000017972766006513926
0.00001685668878174413
0.00001588925746152325
0.000015084888189450061
0.000014191850750548085
0.00001322102496676656
0.000012326064470662728
0.000011574470385421763


























