0.5329900997749598	0.21863174377471975	0.0309091515885929
0.5316447476783437	0.215940487101631	0.034770998916994526
0.5302946238060396	0.21302045607709832	0.0364859623771128
0.5289438867208804	0.2098667961243227
0.5275904229369645	0.20622918945488802	0.038224360274926844
0.5262339233164528	0.20316573985825023	0.038678405844687486
0.5248763155176839	0.19995885473584693	0.03779571777780515
0.5235187642625033	0.19668417891957266	0.03682594886986936
0.5221605126787092	0.19323082217838436	0.03523024687605061
0.5207992414423946	0.18975315457410252	0.033034230585616525
0.5194404999464423	0.18612080640696532	0.031016319068374907
0.5167159735015124	0.17863890947563216	0.02567330935147562
0.5126385605098936	0.1669804845580907	0.016379261686205814
0.5085613109050193	0.15596306154615144	0.007390013172508339
0.5044856531556781	0.14492960500660748	0.0010076932712324378
0.5004090508467197	0.1341697099098176	0.0009097926604779966
0.49632124229382274	0.12407957383921187	2.8449472022517535
0.49223993299290897	0.1155547786448449
0.4881383121941352	0.10805576490670359
0.4840041877794876	0.10055985665471169
0.47982176450155956	0.09241395013618983
0.47567405494160164	0.08408998959931271
0.47140336151352474	0.07514946096880426
0.4671231647451509	0.06610515353342629
0.46267793089903464	0.05672383932338492
0.4583675743866582	0.047614069840557514
0.4540693580293948	0.03877341047142866
0.44962227137804256	0.030071537997346538
0.444926202899786	0.02154217572921972
0.44036464028248457	0.01382478461134963
0.43562269257959824	0.006990788567292905
0.43067245933566045	0.0007735966477917466
0.4255858397066493	0.000046113449150784345
0.4204798674769977	0.00003233764230199005
0.4150221912674334	0.000032556432403099395
0.40943387103615025	0.000038696619117375534
0.4040237617356131	0.00005085649049035239
0.3984111449318916	0.0000728345121117134
0.39276129256028536	0.00011946738041544007
0.38694122250336127	0.00023910222377354108
0.38130097220891707	0.0006741865328488662
0.3755567744348854	0.002358219454605083
0.36990406345902943	2.93362955676507
0.36437520894660297
0.35899801067510195
0.3536520882772025
0.348781059653544
0.34396924641079485
0.33938898152851005
0.33499399336202845
0.330717677283901
0.3266643476847092
0.3229259346709743
0.31928702753611726
0.31578813406083095
0.3126255747585398
0.30951771853093374
0.3066283648185047