0.000033136559278718744	0.0000314614204191335	0.000021493244027099342	8.477771193405094e-6
0.00003297992513693248	0.000031058623180793406	0.000020672625125052835	7.710155992617192e-6
0.00003282220830753065	0.000030243173982031305	0.000019713639927134167	7.1129438655879504e-6
0.00003266501978825878	0.000030197196748648205	0.000018784452094455698	6.4977589554917434e-6
0.00003250771613643811	0.000029737946677951494	0.000017846652042145434	5.942672649917691e-6
0.00003234916612526656	0.00002916415493636497	0.000016904337599365895	5.2877555044009625e-6
0.000032190267303602974	0.000028649294752183198	5.924478912280559e-6
0.00003203263735849078	0.000028110212709216428	0.000014993797894132753	4.030066650989421e-6
0.00003187505256968458	0.000027563437173727297	0.000014053901241572286	3.476043389814444e-6
0.00003171563674625217	0.000027112667273852835	0.00001312699984775641	2.979087940290442e-6
0.00003155586706779946	0.000026575678352456227	0.000012216126388369027	2.5009324830442853e-6
0.00003124074378081301	0.00002552588680579515	0.000010266077279407106
0.000030765750552149776	0.00002404054104689498	8.247991528782195e-6
0.000030285828283835984	0.000022468651764376128	6.587399192592838e-6
0.00002980213791519324	0.00002098709545262112	5.109823388936282e-6
0.000029321628165150605	0.000019460567745325308	3.934886816945413e-6
0.000028838320302484423	0.000015318563570830074
0.000028351164193922436	0.000014177002035559335
0.00002782624697904897	0.000013055811632919383
0.00002732067193916179	0.000011990559324878453
0.00002680609078531552	0.000010962106564325766
0.000026281062796605143	9.955057519897569e-6
0.000025708535216595102	8.966893868381537e-6
0.000025107371916560946	7.983339075112341e-6
0.000024527499358308373	7.125255406226048e-6
0.000023878480439718293	6.1732586627830904e-6
0.000023279420270078835	5.355577136713571e-6
0.00002250073743683523	4.517273048926781e-6
0.00002175353158858153
0.000021074101705602584
0.00002026973885541466
0.000019440720013216702
0.000018720178565475266
0.000017873763037753265
0.000017030914717422363
0.000016201939541096713
0.000015395371659895352
0.000014617213153530588
0.000013870648339336906
0.000013156222688329074
0.000012384070218299268
0.0000117342479089169
0.000011107340403145212
0.000010428849882059902
9.773102805836199e-6
9.133408131156445e-6











