0.5075956810588343	0.15996611273121716	0.012414153822259574
0.5056860807520179	0.15516788517471128	0.008215294084095756
0.5037928711505464	0.15036333957511158	0.004290339650910732
0.5018984324887742	0.14554278253065706	0.0009212180884976069
0.5000004632726905	0.14092219007367693	0.0002879575170364366
0.49811379446979603	0.13613621799348224	0.0003852159477368189
0.4962412097662421	0.13136358656080985	0.0007057556516060668
0.4943688997357422	0.1269212749020613	0.0013631690644630955
0.4924892424394042	0.1224555678156037	2.3891346559667155
0.4905977290896773	0.11800413424136734	1.4528976420397794
0.4887568189253721	0.11405656917325306
0.485019058398204	0.10778118774145311
0.47943319624283015	0.0984120448701767
0.47383196218594825	0.08849810222746539
0.4682071638562228	0.07832472705903716
0.4625886530332024	0.06733774980742604
0.45690004275266505	0.05590164760470344
0.45114174989130373	0.044417095123425385
0.44524954395145944	0.03283063906266185
0.43928353836814216	0.021982248388398993
0.4331228427609859	0.012029486880745028
0.4268718076851875	0.003252660017860723
0.420372703313821	0.00003370590845661971
0.41378767015005913	0.00002007326244168962
0.406569675383466	0.000021022416340769643
0.3999798924260529	0.000026174419520829866
0.39302932871395213	0.000037702780260496804
0.3861185349143611	0.000060033211203094774
0.3789978728656067	0.00011202504275717886
0.3720323123429993	0.0003069216710550614
0.36495654421962576	0.001428637570646408
0.35798982085005127	1.223455748761231
0.3510302609268349
0.34446517429129914
0.3379765757509598
0.3317795342632213
0.32602811248120156
0.3205800938601927
0.315209871440601
0.3103448981241242
0.3056814995195661
0.30120666177325955
0.29691528294725217
0.2931657925234779
0.28948890389193527
0.28603527139692686
0.28267050081896533
0.27973358320917546
0.2767645078535863
0.2741989823727789
0.2716806499460302
0.26932844969544123
0.2671253726482561
0.26508743900153436
0.26315455525108716
0.2613826061029155
0.259776411885928
0.25825396606711903