0.0031948167582694685	0.001782211104264363	1.6168425825476875
0.003165412071755375	0.0017270517880382202
0.003135458223335995	0.0016906153800093117
0.0031049273750619515	0.0016655226310189311
0.003073328520643441	0.0015909557180395159
0.003041499047333068	0.0016132963207994041
0.0030089854546535956	0.001599256126471404
0.0029757488062593183	0.0015946935934839333
0.002941743599623616	0.0016042993620735825
0.002906915203587281	0.0016340117130270177
0.002870294746513647	0.0012056207897572313
0.002797056525260961	0.0010571718844130122
0.0026782339411231025	0.002204511805848388
0.0025499616531855893	0.0025995486645556854
0.002419633589464426	0.00037562817629250374
0.0022969320433161976	0.13864582243545204
0.0021756611178133994	0.004057655067065929
0.0020564641489253044	0.00842710168778849
0.0019383038175478518	0.1126080862764456
0.0018245851901381772	0.07555368430534751
0.0015621582779742605
0.001443548560114084
0.001339200095369828
0.0012397763676088769
0.001897012753799366
0.0011809781514780689
17.51685558289973

0.005777608655412998


0.006615378719981244

0.007043079691092559


0.007595446150308317
0.007764226451267836


0.008240460367894276







0.009385335953645607
0.009521569239156496
0.009656793433691874

0.009926544756858906
0.010060775793259275
0.01019471887752308
0.010328958189161823
0.0104631494222696
