15.081786295950806	1.3276357629267554	0.059724746761143276
14.379777411471519	1.2745256057082655	0.06919213552148389
13.736298483985852	1.224097527526426	0.07459476745609514
13.144352178979663	1.1759786270725787
12.597965878273099	1.129523548506964	0.0823468850971398
12.092061270958883	1.0858499768717735	0.08542822565090825
11.622295197711715	1.043877463858244	0.0854998048961736
11.184923706072679	1.0036691245331952	0.08528407961712167
10.776685838803104	0.9647639380437234	0.08344120500759532
10.394737067144582	0.9273447620660531	0.0800469257180298
10.036631698293778	0.8910674771837757	0.07684358849151106
9.383414168421917	0.8218215386212511	0.06641578983734996
8.53556483764215	0.725854267273227	0.04499868942924185
7.814239301603411	0.6444675791459296	0.021490619343179262
7.192886982647597	0.5725870138509622	0.003002700941456138
6.651910475910869	0.509655160532873	0.0025973179845837956
6.1765142752448	0.4556709830671391	1.0067747819004638
5.755434352851512	0.4092281397700365
5.379733395579695	0.3644996932540674
5.04237932654499	0.3238343345592135
4.7377177483494615	0.2851598186237547
4.461418421009596	0.2493416934466871
4.209303510086065	0.2149639478530961
3.9785922058200818	0.18294257145570966
3.7663248717194553	0.152447405988327
3.573146311073534	0.12467603094017476
3.3977565059406154	0.09928409411904653
3.23414678725903	0.07556480684492992
3.081037966411083	0.05329953134958861
2.9380665514461266	0.033745422784260765
2.803826226090892	0.016877271530224787
2.6774519065291	0.0018503644150035597
2.5584036619024126	0.00010853980663646178
2.4462786226943436	0.00007485272414449718
2.3399789727309197	0.00007417414016549659
2.239384704564172	0.00008686929540107148
2.1444495729378805	0.00011269571733904086
2.0542782844874097	0.00015998100044849986
1.9687888128187043	0.0002610593888944715
1.8873827826730676	0.0005238622747866135
1.8102331314483981	0.0015065211635765133
1.7367385145782117	0.005530141408533705
1.6668719648603194	0.7854993751189717
1.6004351817616456
1.5372424012652686
1.4767687080718714
1.4198962657125527
1.365319359208368
1.3136326128542208
1.2642120409285784
1.216974837127296
1.171946738796038
1.1292343402153107
1.0882855595682204
1.0490896772761624
1.0120231766753065
0.9763220477944106
0.9424847678198167