38.35600838241051	2.5749790145847125	0.05769641100744908
35.3831524235295	2.435495580094725	0.005808006169498962
32.806668054198994	2.3114902686436354
30.554455221322964	2.2002977991366848	0.0000286037579672887
28.57050337564796	2.099958224171431	0.00002722258666236093
26.810743679666547	2.008566074535997	0.000026131152514906392
25.240127798111832	1.925160183985249	0.000021435036657371214
23.830384188829512	1.8481511818621135	0.000021129683920341344
22.55852863424152	1.777024280424659	0.00002546435830076795
21.405661865386428	1.7107823453390048	0.000038397059878698196
20.3561455316051	1.649057127728049	0.00003380417371485724
18.51704231759253	1.536756945287865	0.0004596910097677009
16.266960350674687	1.390295466415404	0.026306138115007774
14.46699730891189	1.2636940686220612	0.05022745515423213
12.995589097085036	1.1515417450510683	0.062163224252427055
11.771010666504802	1.0514693540085636	0.07001193829982834
10.736429053572623	0.9607442214312684	0.07089341857818503
9.85112113250953	0.8771705337682144	0.0681152896089186
9.085173716609715	0.799125999373121	0.060372928582820534
8.416167039275328	0.7272084857783504	0.04961415569469557
7.826910862166092	0.6642611953525756	0.035036165039846454
7.304093323674956	0.606145771092536	0.01980881292107586
6.837127749265959	0.5532106041636122	0.005789493515134694
6.417664964341596	0.5055607967467068	0.0026771901753909946
6.038860119846293	0.46340505151850975	0.00885608968807438
5.700468101480401	0.42714733285714684
5.39974051947516	0.39302724734182876
5.122937075963975	0.36075068416383893
4.867434345921414	0.3306359455651314
4.630868059797351	0.3012154228187424
4.411249701253905	0.27377451928358204
4.206897853556393	0.2475757906678147
4.016570816364919	0.22206944321495506
3.83855455603028	0.1977003946281246
3.6716344026333236	0.17431175813619254
3.515464280666751	0.152149270312235
3.3684663015053458	0.13082220167517175
3.2299723893195593	0.11044613108896185
3.0994457150485863	0.09165668715875964
2.9758611201000895	0.07399460763335065
2.859565111144312	0.057813425914161366
2.748983864026789	0.04245407183822508
2.6442094393536775	0.028238949260176918
2.544577394353412	0.015873487743584627
2.4499760630929717	0.0045753465675993305
2.3599403567707706	0.00027846604159761115
2.2739732740329113	0.0001366835530936952
2.191864567537247	0.00011864919225698321
2.113958874291532	0.0001225078850141931
2.039249259952448	0.00014330902646262058
1.9677901245671476	0.0001834412800524874
1.8995075642132822	0.00025058805385062236
1.8341824648333942	0.00039805365717224077
1.7712689938401307	0.0007211756558940916
1.7114123055503625	0.0017551268227412528
1.6541705343984232	0.0058778780182845705
1.5992519820886744	0.5608486591922958
1.546397011197213