26.213531111067685	1.6339515572501377	0.43368369865031703	0.13425042919220953
20.64452745906622	1.3055309298673763	0.3370547949222279	0.09359564843725497
16.900997793144843	1.0794520830588636	0.26714563060115704	0.02418705589156367
14.219735734618508	0.9138259778553617	0.21361467449980032	0.03633718259897208
12.208053230101571	0.7869545788270383	0.17090275364187885	0.019473827070270174
10.64474255181046	0.6862112563708189	0.13583502370840791	0.009714228659698267
9.396182657372139	0.6036136365267408	0.10724249053601377	0.004112643528507393
8.376854715604672	0.5339100945652406	0.08387436273442056	0.5164046940257259
7.529643706447655	0.47477354535748656	0.06494906347673993	0.26762573385601
6.814944911814321	0.423700222509068	0.049155599178283396
6.204433369137503	0.3792195192133019	0.03440035363383406
5.6841856444282755	0.34045238612416023	0.022684065077679887
5.237404372730386	0.30622205193240776	0.013911024277329523
4.842244716789412	0.27513901943765184	0.007440001268187309
4.490670370637349	0.2469935170591631	0.003256349527861186
4.176228621169533	0.22069317050383433	0.0018494765766962017
3.8936936804429783	0.19744112230323996	0.001998787075897749
3.638660214710728	0.17734403192062387	0.5217530759618759
3.407605359618826	0.15936000080263307	0.2402778485520681
3.197456559783908	0.1432405317498413	0.23631860033531712
3.0057372959123105	0.13015523823760008
2.8302804966418775	0.11687993500063296
2.6692481110916995	0.10481910158053569
2.5210690900524946	0.09353691382062672
2.3843405381352483	0.08287288216571231
2.2579560557415026	0.07281382728172374
2.140846682946222	0.06313908850536525
2.0320606546620614	0.053491783131911476
1.930966935728207	0.04504989798335336
1.8365711828971292	0.03662620769970087
1.7485522976797965	0.028554520666347366
1.6662451769785382	0.02145341713895915
1.5890722269951774	0.014297065485270403
1.5167593330350913	0.008214876531991447
1.448629746689985	0.0028601601663719033
1.3848337362160217	0.00036703026867213864
1.3245326195124458	0.0001421996715024174
1.267773808613417	0.00010299634202535208
1.2140485092436981	0.0000956015365826408
1.1630991983944656	0.00009535662357841923
1.1151183326679996	0.0001059467867843221
1.0697007998478636	0.0001138708679213063
1.0264714963565162	0.00013730414275900905
0.9856085223809633	0.00017392377989768927
0.9463906473668068	0.0002250493284276717
0.9094979874285966	0.00029210680158961243
0.8739751032883083	0.00041328094147362505
0.8405796052857151	0.0006009606908243427
0.8087843341652707	0.0008720796296764455
0.7780368007692889	0.0015103102523521311
0.7489743571303956	0.002659839596927361
0.7213763622967608	0.0044460771606694895
0.6947448982880953	0.09631119109872563
0.6694335009559265	0.07369906717333642
0.6450939171088309
0.6222750418142844
0.6002243799953353
0.5792377586729351
0.5591089763783581
0.539699314880377
0.5215338454746309
0.5037695808960047
0.48691706293627185
0.47087359098869225
0.45528608696872436
0.44049557193749556
0.42640626968456335
0.41268932636900124
0.399538418134831
0.3871314230858865
0.3750286605066872
0.3634252106977931
0.3522849724792969
0.341892897961564
0.33139451588310515
0.3216082189632402
0.31229915315763684
0.30318366196303004
0.2944236811689929
0.2861624999819983
0.27793289551916583
0.2701458988049599
0.2628330047751283
0.25588292665124873
0.24917595997729888
0.24260312949691099
0.23606977412706467
0.22990074956801043
0.22358642626078898
0.21748813385078117
0.21132792039927709