0.0005854224719015649	0.0001781657996361143	0.00004463176181972977
0.0005612271736215885	0.00016879474297844328	0.000039913570777011086
0.0005386402721948175	0.00015963386713658523	0.000035873815363033296
0.0005174778327987223	0.00015103576752869782	0.000032087769238213315
0.000497630378822942	0.0001471085110871668
0.00047900505055070496	0.00013566012677884842	0.000024907252998465928
0.00046143509109052944	0.00012865383445024184	0.000021878684804026456
0.0004444210774578237	0.00012199966760800105	0.000019186118575899332
0.0004298407779087638	0.00012027543814547006
0.0004144035132798921	0.00010715669771751827
0.0004003875641914871	0.0001016656164507255
0.00037434429118416985	0.00009187196131878799
0.00033990821187515553	0.00007867293920222303
0.0003097858373163024	0.00006716658343132228
0.0002832541295372041	0.000056929464630481384
0.0002596774214790805	0.00004808635587161795
0.00023855774329686912	0.00003985005318830604
0.0002196477700967173	0.00003260350174763734
0.00020222916345051097	0.000026139745571559076
0.00018641814010888184	0.00002010451706132201
0.00017210847716809703
0.00015873638832594665
0.00014644160171909017
0.00013497571391902103
0.0001241595562354049
0.00011446582891181257
0.00010575847880235463
0.0000974929078398729
0.0000895059024259136
0.0000821518153980792
0.00007537501711286305


























