0.001096151622176078	0.0003588363601522348	0.00014008734843362294	0.00003611721275928177
0.0010407228584205332	0.0003405813642437904	0.00013093698581981175	0.000033775476507737024
0.0009900063971328952	0.0003227112008220574	0.00012188427448335857	0.00003178138868567636
0.0009434449490371988	0.00030807859801450715	0.00011354112444245481	0.000029588081334456255
0.0009005480899609509	0.00029349691003904626	0.00010561466530213743	0.00002756928541343665
0.0008608933650954354	0.0002796357090982481	0.00009807830376526102	0.000024994121926946094
0.0008241358662029919	0.0002668214253419379	0.00004761665372769433
0.0007899828596134391	0.00025475633671245785	0.00008360552681315585	0.00001996957663920783
0.0007581623396637397	0.00024330468831136254	0.00007707071795636865	0.000017542405627895234
0.0007284300652404563	0.00023286079741463914	0.00007085834114787107	0.000015255727659485429
0.0007005979224094587	0.00022265009858038378	0.0000649523037766405	0.000013005983705001762
0.000649986653859496	0.00020388898990789708	0.000058601604324683886
0.0005845435414444313	0.00017928220589320747	0.000045895196257568465
0.0005291032906305696	0.00015717494173904435	0.00003581283066090664
0.0004815527887108832	0.0001383077278460055	0.000027333514321653986
0.00044035318759123843	0.00012182633344945179	0.000020656858079702975
0.00040429886561097335	0.00010530426115952483
0.0003724839012249116	0.00009324450511712963
0.0003440848291513497	0.00008251423899059465
0.0003187589691990039	0.00007289046528528314
0.0002959567667113085	0.0000641680700074572
0.00027531338056142066	0.000056297637581330986
0.0002564217438454898	0.000049047780700646525
0.00023914021023800893	0.00004230710472861767
0.0002233551575590863	0.00003656931471235767
0.00020886552107389993	0.00003088224814535521
0.00019582293883826338	0.000026096290455039668
0.0001833352117353532	0.00002146887961922727
0.00017179554629933772
0.00016111151155780815
0.00015092720880229688
0.00014133894468214698
0.00013246496888401409
0.00012395138849620043
0.00011592749465437611
0.00010836524944016997
0.00010123642002330878
0.000094510827027358
0.00008815601958739772
0.00008213802810737506
0.00007628970071802627
0.00007083975351988338
0.00006563040142831518
0.000060475391885994595
0.00005549093349647033
0.00005066343900688252











