8.6543246445173	0.723012283188467	0.03813082593988333
8.33914034152976	0.6866800758358614	0.02584390884838879
8.04432433691698	0.6522133513515794	0.013681433879442706
7.767846967592042	0.6197061825948578	0.002918703936755343
7.507995534851858	0.5891519004949427	0.0008934975007136824
7.263344459126986	0.5602606481990448	0.001174355739153582
7.032575901023076	0.5327204011943613	0.0021345689888434952
6.814463581867834	0.5070114788123163	0.0041594559360509705
6.607934153553942	0.48263086215125606	1.1000508480099553
6.412049564538375	0.46053200170897235	0.5269622364059834
6.22621563526617	0.4406273595898052
5.880993616901792	0.39941708584191293
5.420759563768693	0.3434549671525264
5.0177423010696725	0.2922891690339306
4.6616554671736505	0.24591825906262452
4.344651637921362	0.20219569015062405
4.060335958778422	0.16144620399901735
3.803785054833524	0.12402877524754194
3.5708772863893734	0.08918743858272084
3.3585495567498875	0.058392755785431565
3.163884949624843	0.03138035486438446
2.984886501908581	0.008372057138078634
2.8194187453003727	0.00008517347978781098
2.6662463226719226	0.000049584491931831646
2.523124282064811	0.00005079904615384053
2.3919717534721605	0.00006206853401653107
2.2707884917988874	0.00008801390140376986
2.1572474753544517	0.00013861826192372185
2.050252043709964	0.0002587478272209931
1.9497703369264954	0.0007137189207789701
1.8549531629041265	0.003487688970699309
1.7656223775564783	0.6230308968768832
1.6812361157922262
1.6017648096062407
1.5267203723637848
1.4559234031382322
1.3893707559479123
1.3266418386839232
1.2668773035942062
1.2108042509527401
1.157646391722266
1.1071489028626498
1.0591950532816026
1.0145002523753701
0.9718128081154965
0.9314255561120458
0.8929297686266404
0.8569124037676388
0.8226118458196079
0.7902469647929572
0.7596696764726439
0.7304534915439288
0.7029619759447385
0.6768190574386497
0.6522368927382883
0.6288629944954821
0.6066403560902298
0.5857087802873816