0.002983428130586625	0.0009294375089554097	0.0003483861931976008	0.00004775149202405888
0.002741396078991261	0.000858583679232447	0.0003292795546398435	0.000044911942411533364
0.0025320430727282773	0.0007969288784401033	0.0003096540083148122	0.00004342971381966221
0.0023493797845744184	0.0007428172887027152	0.00029174683716939783	0.00004335249809895253
0.002188769232512267	0.0006949595549681611	0.0002751177784815926	0.000040591042484552956
0.0020465644543824425	0.000652297106573175	0.0002603134939144516	0.00004509796719902625
0.0019198556764413878	0.0006141481085190257	0.0002463327019114029	0.00004453447708951278
0.0018063413564483708	0.0005797265629300315	0.00023310346355334894	0.00003913859524102927
0.0017040907225078668	0.0005485473615147071	0.00022070579405012583	0.000038904725258044287
0.001611562575998217	0.0005201627455635351	0.00020941165814639522	0.000037537577598132954
0.0015274676805617894	0.0004942100427777844	0.00019914016088255713	0.00003664318277809642
0.0013804492479917241	0.00044843557643045633	0.0001801186514160324	0.000033805988999456
0.0012012695635778591	0.00039175711416858584	0.000155019475996164	0.00003087099503689474
0.0010585792442350263	0.0003456646739251818	0.00013309102347362593	0.00003376472389610584
0.0009424323998288527	0.0003072268194894724	0.00011329047389807739	0.00002964396363695483
0.0008461898191133127	0.00027450909621941615	0.00009582748209107426	0.000024687591524424196
0.0007651998029544371	0.0002462194395190115	0.00007966300678963153	0.000019904688865275523
0.0006961496048980844	0.00022145303372295537	0.00006544425920381486	0.00001466471378657061
0.0006366615463702086	0.00019986040087192114	0.000057753084492392216
0.0005848543155481965	0.00018019977618000842	0.00004819121874880569
0.0005393955328278101	0.00016267956424698485	0.000039460903769385554
0.0004991933085388347	0.00014658198169369903	0.00003246540734510353
0.00046336980307105956	0.00013260916162755976	0.000026268557566106166
0.0004313066910796238	0.00011997934837831404	0.000021048104086199084
0.0004024310982604536	0.00006391182205000878
0.0003766680031207344	0.00009694296650472962
0.00035394605108642844	0.00008843927458369077
0.0003329670466964678	0.00008035213366772118
0.00031507671515058845	0.00041139090865724843	0.0000731875949504496
0.0002957748136239473	0.00006647755844870428
0.0002792328733233372	0.00006033636812518441
0.0002637702798402357	0.00005422407390396417
0.0002495394526879231	0.0000489645841063873
0.00023614485361524339	0.000043895566053515034
0.00022349444668441057	0.00003922315911147089
0.0002117091777345197	0.00003454347024411961
0.00020050356971549992	0.000030377708258820916
0.0001942705145830419	0.00022709891724960476	0.000026442135721787957
0.00018003974773053274	0.000022676627842301
0.00017069407359876043
0.00016170042660285046
0.00015315726455381346
0.00014518111363386854
0.00013745614080173672
0.0001302525197843332
0.00012325487692346093
0.00011634361658222555
0.00011014114691714539
0.00010410085457810762
0.00009834842162772908
0.00009286499280892777
0.00008763037896148001
0.00008262351573632853
0.00007782328190603541
0.00007320953355030855
0.0000687640502459623
0.00006432190234498481
0.00006015730323282995