0.033031935045845055	0.00589021624364893	0.13671767642148178
0.03144594446807278	0.005693105822131143
0.02998008750419091	0.005586192878067816
0.028620462631926573	0.005463036324020123
0.027354000153271635	0.005286672445870678
0.02617306600899082	0.00526462006030631
0.025067772263297438	0.005183796731722716
0.024030577216131697	0.0051080080046608
0.023054910744929623	0.005035415210824665
0.02213501653242625	0.004964734167306456
0.021263800596165477	0.00398239876083188
0.01966192011579171	0.003478031520805203
0.01754106574217208	0.0045974873548752055
0.015697099455749902	0.004467919277784612
0.01407442978513602	0.00116487646337333
0.012640391640405974	0.03456948688823868
0.011362433428342816	0.00441727825893716
0.01021749885101937	0.004600244768442828
0.009178722092967892	0.02900050413367289
0.008238146761860231	0.020283093843620183
0.007347378879308551
0.006553155239688145
0.00582753832279931
0.005148151919219221
0.004931639105941181
0.004478560750849927
29576.073439298456

0.004319827595154578


0.004335474562443008

0.004346322332297405


0.004363162372747117
0.004368917364315334


0.004386679911875662







0.004437582141591733
0.0044442937779754325
0.00445104251406873

0.0044650126866585356
0.004472079677768212
0.004479202309327256
0.0044864612336112455
0.0044937636028749865
