0.00006016495675473074	0.00004480741886510456	0.00004748989898912377	0.00006204074333671814
0.000059866941724845964	0.00004440588219923722	0.000032617986280234454	0.000046226458717504195
0.000059578965990560265	0.00004406883797674612	0.00004289535389151729	0.00006331967220844672
0.00005929586253876859	0.00004367338049809786	0.000040057104355399254	0.00006262718271663775
0.00005902434422904689	0.00004334454823342632	0.00004152048022355132	0.00006175567786286543
0.00005875789638179503	0.00004290056324664878	0.000041527289188197536	0.00005677648069162782
0.000058501755786707105	0.00004260688612372785	0.00003265962534864151
0.00005824666217902782	0.000042282998889364126	0.000045008521952137835	0.00005587286032116538
0.00005800083915649974	0.000041829837406090545	0.00004712494049746663	0.000057166671751694276
0.00005776029233528269	0.00004149400029801615	0.00004831520702381606	0.00004913337120250692
0.00005752619263837758	0.00004115770421056381	0.00004764549934994607	0.000048157199015181105
0.000057063360468679346	0.000040259622007632136	0.00004570031587127093	0.000042062706380236874
0.00005641396562228666	0.00003881275995372349	0.000020329398407663117
0.00005578433868981266	0.000037039337036288034	0.00004236986263064179	0.000025772402898328405
0.000055173499493571526	0.000035316061693842674	0.00004204695385599927	0.00001802935162246015
0.00005460944489762178	0.000032701190984633304	0.00001420299752384379
0.00005406246696794137	0.000030885607330551565	0.000013809031400224568
0.00005349357506157496	0.000033472937703706425	0.000012520246680705273
0.000052983961738457106	0.00002266881781709702
0.00005241951602554585	0.000039299395024419755	0.00001208851631838221
0.00005191335909146699	0.000014339529924087594
0.00005141382481037966	0.00004780258364589473	0.000013010001086036167
0.00005081749541524248	0.00004817693874657407	0.000012306173306999418
0.000050309419237325786	0.000048022481824907306	0.000011704476434003022
0.00004979963792943415	0.000048395737545861055	0.00001153597453657612
0.00004913725389722867	0.000014706328100684282
0.00004870491823143198	0.000015595858825459522
0.00004799770462022235	0.000016840854564059827
0.00004747172375818556	0.00001799352891123651
0.000046643159701163196	0.000019166357849628977
0.00004605846006750357	0.000019624652505235503
0.00004507457085778946	0.000021137606944971998
0.00004457437919502154	0.000021209364094870633
0.00004391059835832769	0.000021835878365446607
0.000042712611068335195	0.000022083165519732257
0.00004196896009240353	0.000022502168329609483
0.000040571156140783884	0.000022604288418877193
0.00003975821611166547	0.00002259504710035189
0.00003817718214553776	0.000022518014390774085
0.00003648251376945467
0.00003470227169032872
0.00003184620666574531
0.00003308916045136794
0.000031400949624950016
0.00003080783273482574
0.00002935670822857547
0.000027829271620729232
0.00002775524179662854
0.00002702252570355385
0.000026596008452210216
0.000026482616189369408
0.00002667002745552867
0.00002712965261276097
0.000027820569712735397
0.00002869436677616563
0.00002969983330672065
0.00003080121315715478
0.00003207392968319707