0.49497520587081545	0.2937836204545924	0.33534383266542905
0.49255103473895007	0.28333229457646886	0.32877400576844446
0.4901580234172653	0.273471338309115
0.4879400528813623	0.26441750987103463	0.3108473672522774
0.48578681765011894	0.2559349639664295	0.30244647569205196
0.4837111607368777	0.24780216349887954	0.2938221949976824
0.4817082971650472	0.24048552707574825	0.28841147390271477
0.47982685782332424	0.23306359067176058	0.28301900017673565
0.47807976287235954	0.22627099842808396	0.2759435280440419
0.4763370655423795	0.2193215702995749	0.27148656572607716
0.47466768953041777	0.213036323214213	0.26724669671908347
0.4715059000652404	0.20137293721336177	0.25804075400416554
0.4671378707322082	0.18462317730864475	0.24021691766252856
0.46335633290333444	0.169100965226186	0.21871657530092278
0.4598733023483054	0.15382873194701296	0.19988192265791763
0.45669407670289663	0.14900137881882328	0.17937221933097847
0.4538107223360731	0.1565652513450827	0.15977237498500962
0.45113879660203376	0.16906607021807685	0.13946639695669552
0.4486304704652883	0.18729115599919857	0.12041035833122755
0.44630950317057616	0.20298841434351936	0.10134564579078302
0.4440832700644046	0.20040132432902025	0.08442481139191607
0.4420074121169171	0.19777370467293587	0.06828815350281113
0.4399078218392621	0.1948799624854661	0.05306985395241505
0.4380324822336953	0.18910881342066208	0.03772378578023635
0.4361786471842732	0.17924198248011203	0.020194500398432735
0.4345071976907882	0.16317794923683773
0.4327823480692273	0.17093097406563462
0.43105436529226115	0.17788564401763207
0.4294396104103007	0.18361270732802368
0.42768486099486086	0.18947992937811936
0.42572060869607503	0.19378085152945745
0.4237902265790737	0.19688314917082378
0.42247069697587025	0.19930490651149907
0.4205089143321232	0.20060512201666003
0.41784147494715207	0.20062855786635816
0.4164932379903174	0.19932595780598758
0.41445753498104926	0.19697747877827104
0.4119924070059232	0.19344932244592125
0.4097625560273263	0.18844784873347156
0.4058857687717543	0.1825736897745781
0.4047642855183198	0.1756468669931942
0.40179647157468745	0.16787050434308115
0.3992355841112199	0.15947743750463267
0.3960811669401296	0.15039331054237354
0.3934583391609671	0.14067414116071988
0.39086873727345217	0.12985864226150975
0.3881440941611486	0.1185913393934195
0.3844123825747275	0.10791981106918112
0.3828433032416426	0.09773512896930892
0.3801498130714274	0.08806402352534615
0.3782345204770761	0.0789175883833464
0.3761896456724642	0.06995884506162688
0.37456959378868876	0.06126017496312486
0.3727030160925587	0.052876354548281025
0.37218301425281464	0.043733874470527505
0.37326740871023534	0.032203840228725
0.3738807121263357	0.21912016911335316
0.37513868397061967