0.46095539995161294	0.16689296366031586	0.22888682922990908
0.45938935445602447	0.16064890028559944	0.21803998981310294
0.45788819537168207	0.15397216626031998	0.2089892386113153
0.4564942108442945	0.14791600222425405
0.45516302512392093	0.1418425269122385	0.18977650325721135
0.45387088398012215	0.1430684797294533	0.17923622355267282
0.45261248915751323	0.14586057967285287	0.17008234424222043
0.45142946288352753	0.14880077882794954	0.1601684267219579
0.450291416162693	0.15340283228962337	0.1507925767441632
0.44917558250122913	0.158914113988826	0.1416843393648675
0.44811551687344875	0.16529101205476793	0.13168805036455142
0.4460279416838624	0.1814415735102252	0.11326918860963495
0.4432644906492269	0.20654921312578442	0.08818883579264589
0.4406905102337951	0.20540220381284757	0.06529126464018664
0.438308525854123	0.20207081053884055	0.0467563422675702
0.4360837013733822	0.19614846667287636	0.03284638406441998
0.4338885708264707	0.1843607027932718	0.3947141762113612
0.43194676754894457	0.17578691481558767
0.42998987883150214	0.18710084190309378
0.427945847720362	0.19545290761627984
0.42571783997359264	0.20319810303963345
0.4241024782388816	0.20827806215538044
0.421878990897623	0.21199144502616568
0.41983878090962223	0.21315159316681961
0.4168857023091648	0.21236794557155453
0.4149888041937923	0.20911145900831107
0.41262020319381515	0.20402491430866745
0.40998413790571003	0.19707959785775245
0.40594512369496805	0.18859617753726143
0.40388364802047616	0.1783632604900546
0.4009392976312886	0.16664975251292624
0.39771023590847854	0.1542194996803138
0.3944250987034119	0.13944451615775708
0.3913850763345609	0.12521046740431177
0.38749263085547875	0.11175396676623184
0.38374812497887834	0.09905625235126538
0.3818427438462449	0.08704022344564386
0.37963235585466926	0.07549904499908999
0.3774375433322384	0.06455395587323759
0.3757678310184017	0.05390154216278082
0.3756345219259808	0.04280535959144764
0.3757525258522812	0.029647953759353415
0.37689704549519315	0.16490420982109533
0.37908770424800814
0.38229887423608466
0.3874568200815387
0.39148524955166797
0.3978672996822244
0.40325857541546156
0.4100933946950635
0.4174020637241125
0.42501600439692677
0.4323243737353345
0.4401111166349568
0.4481074808007973
0.4552798387970389
0.4630354703255129
0.46979700736770286