0.0000553274696630365	0.00003690861243244727	0.00004165196297047886	0.0000273361956108723
0.000055045575120116704	0.00003629719551043933	0.000041807869632701314	0.000023875071467741645
0.00005476513322476359	0.000031131230114249986	0.000042201815716160354	0.000020270392733513764
0.000054511142542158944	0.000034525333433492174	0.000041621014208392065	0.000016965585540670564
0.00005424469051791949	0.000033793218640120365	0.00004104752081182622	0.00001316115187675499
0.00005397831242151672	0.00003205442124305835	0.0000404966043572805	0.000010703960379364968
0.00005371368198902367	0.000031178925708198436	0.00006257517634460316
0.000053482532102943935	0.00003027945971649655	0.000041556337853303	5.440742509919675e-6
0.000053231248532373446	0.00003089767127418811	0.00004112067867997746	3.465104423703381e-6
0.000052975541437682585	0.00003057477116779049	0.000040708924813413056	1.5634551366004922e-6
0.00005272010055787663	0.0000319187321431109	0.000040324600562093446	5.938491033510958e-7
0.0000522686069304995	0.00003442302930486561	0.000012084483203700995
0.00005158491379795787	0.000038213748242387505	0.000013358172886203705
0.00005090220243000134	0.000044862677493988	0.000013082815275009245
0.00005015299927690636	0.000047325108023723306	0.000012943558338369396
0.00004948781133122327	0.00004710095867180659	0.000012155197671515471
0.00004882441154624047	0.000012951747154792278
0.00004815811259150996	0.000015002809763536384
0.000047215443114795766	0.000016183281665842143
0.000046484851508574945	0.000017708979446099736
0.00004573397281928984	0.00001940094036004661
0.000044958582989777166	0.00002050442715656404
0.00004401848303699007	0.000021716292642326428
0.00004271042841076412	0.000022867646999243884
0.0000417774675224232	0.000022923886769151155
0.00004024648894540719	0.000023437027701975248
0.000039318609759698075	0.00002326448586690599
0.00003731219263629659	0.00002315863321594845
0.000035446666916722564
0.0000344582761624221
0.00003254674969302857
0.000030667639700882804
0.000029966093388861346
0.00002841299169982882
0.000027134822332199678
0.000026206462433808656
0.000025676107046621902
0.000025558436128272617
0.000025834065423276575
0.00002645423316993934
0.000027129347683808465
0.00002833287469749123
0.000029637601037307514
0.00003104508175620137
0.000032542210305144665
0.00003402593427982993











