0.00006016496093776497	0.00004480741916081111	0.000049969630838747934	0.00007342223900195075
0.000059866941724845964	0.000044405882631032985	0.00004572732279704616	0.00007258516176484415
0.00005957896633423136	0.00004406884031063358	0.00004289535389151729	0.0000707981740779675
0.00005929586253876859	0.00004367338682698507	0.000040057104755170446	0.00006791005214900971
0.00005902434422904689	0.000043344548421581514	0.00004152048011939838	0.00006730807421779178
0.00005875346449419454	0.00004290056324664878	0.00004152729028020197	0.000059493872699661506
0.000058471195246987824	0.00004260688612030129	0.00004279710052184061	0.00005693798975260105
0.00005824666217590894	0.00004228300075058454	0.000045008535819942926	0.000059779169556769576
0.000058000839149472776	0.00004182983763589196	0.00004712493749733499	0.000057166680794553816
0.00005776029233528269	0.00004149399686383026	0.00004831523645180941	0.0000552726435715939
0.00005752619263837758	0.00004115770883192779	0.000047645499355917234	0.00005287774023236443
0.00005706331682080788	0.00004025962379253638	0.00004570031587127093	0.00004989249744009975
0.00005641396557004392	0.00003881276468776457	0.00004369524342086298	0.000042822358681569395
0.00005578433869426931	0.0000370393370846428	0.000042369862918409187	0.000025772403314624607
0.000055173499604827454	0.000035316061693842674	0.00004204695356054026	0.00001802935074200152
0.00005460944466336776	0.000032701190692825006	0.00004158128759602633	0.000011227079060007206
0.00005406246720091886	0.000030885607272779975	0.00004145343680060544	4.8696288906267446e-6
0.0000534935750205007	0.00003347293762821047	0.00004107110871381608	8.578071418912124e-7
0.00005298397155856315	0.00003513993261627171	0.000012425363918791915
0.00005241951602554585	0.00003929939446766141	0.000012088516278808028
0.00005191335909134402	0.0000435856475293862	0.000013015639003166365
0.00005141382482271339	0.00004780258184817692	0.000012417911306869239
0.00005081749541524248	0.00004817693869629054	0.0000123061771159092
0.000050309416999824843	0.000048022481597605805	0.000011704377546413104
0.00004979963873555971	0.0000754612309733704
0.00004913725009592433	0.000014706327882342338
0.00004870491823143198	0.000015595859804048833
0.00004799770462022235	0.000017859477674336988
0.00004922494840061461	-0.0001182030443753017	0.000017993528422467853
0.000046643159701163196	0.00001916635784592376
0.00004605846003892793	0.00001962465248458356
0.00004507457085778946	0.000021137606944971998
0.0000445743790268995	0.000021209364359192106
0.00004391059838078869	0.000021835878233802495
0.00004271261089964553	0.00002208316533636719
0.000041968960094579985	0.00002250216869530799
0.00004057115613382491	0.000022604288952986076
0.000046446264820084565	-0.000030491419890273518	0.000022595063380895624
0.0000381771821440795	0.00002252357364813834
0.00003732977551785855
0.000035625335566012435
0.0000338643709181107
0.00003308916044656321
0.00003140094939982174
0.0000308078324011277
0.000029356708228319952
0.00002782927108061052
0.00002775524179026618
0.00002702252570355385
0.000026596008426896006
0.00002648261618469543
0.00002667002743741486
0.000027129652591940008
0.000027820569677103804
0.000028694366714112673
0.000029699829598281433
0.000030801212884200054
0.00003198144087026249