0.03285749493678721	0.082750683466996	0.11053186115690997
0.03402772733049069	0.0850345776708698	0.11099804175350893
0.03519904921342314	0.08719964060120954	0.11218453356770805
0.0363675707425928	0.08936507267888462	0.11326822254354231
0.03753589414088966	0.09057484645744054
0.038710387731434696	0.09379291076381072	0.11395224269674994
0.039880001680829835	0.09579150069596971	0.11456444062885078
0.04088194381532198	0.09776505744413634	0.1150504257476464
0.042309571710237685	0.09727510771452061
0.04339710078243829	0.08794305826169772
0.04457823478166912	0.08922224449126556
0.04691605544296548	0.09245810885408393
0.050476753884135	0.0970681978362029
0.053999452183583034	0.10150618992155423
0.05750329539996915	0.1060063334061354
0.0609721708844259	0.1107418270319086
0.06438522859764995	0.11484094558710788
0.06782531160509135	0.1192711344639687
0.0709189838478289	0.12330173525268216
0.07399130189109744	0.12705572270793677
0.07713209184535429
0.07989459171715507
0.08241244255749634
0.0847694586801537
0.0864315377767516
0.0883706129978581
0.09080442716375667
0.09267148754171767
0.09403587558681749
0.09551847782641831
0.09775834201150775


























