0.03733918707742979	0.14085181212188122	0.20726264342983206
0.03860466959820323	0.14385584672518734	0.2023694898643724
0.03986966332031188	0.14676834630012986	0.19963660797618496
0.04113346557620161	0.14951506970035533	0.20093358645077428
0.04239616015150256	0.1522762677857395	0.20517063427804055
0.04365882579753467	0.15469051483195329	0.20882606588811828
0.044921941895407005	0.15698414475254946	0.21048652192591674
0.04618485558464372	0.15936639802718144	0.20863795478524583
0.047447262961394863	0.1615264207523486	1.3826364150243948
0.04870895202439191	0.1631238758661691	1.7552365278717301
0.0499745387944746	0.164789284014727
0.052503495610673696	0.1717894342472598
0.05630514481726536	0.18241417243983873
0.060116836977259176	0.19275309407195904
0.06394079102884419	0.2027627802064883
0.06778289896096698	0.21201511724712893
0.07163732365127994	0.22043314300096928
0.0755052543666624	0.22798581160112422
0.0793795587424841	0.23434504117268481
0.08326707153649378	0.23965873466519372
0.08715062967077666	0.2440446971621245
0.09104367380968013	0.24733558861434726
0.09491941384701204	0.2519310919614038
0.09880010340359562	0.2577224303088893
0.10258325205541145	0.2634554567215134
0.10645406146550764	0.268463775747729
0.11018650247846129	0.27271073096680537
0.11394645102722675	0.2757091938697061
0.1176818919857797	0.2756249510788455
0.1214723198479524	0.2737666028924872
0.1252530558461145	0.26077409214570213
0.12907822258963228	1.2501404411603314
0.13292172509634095
0.13690732842344977
0.14093122395885735
0.14507453559960404
0.1493884493139541
0.15383777326163336
0.15839642563271167
0.16317393851546014
0.1681021839074801
0.17319632070978994
0.17845829175344663
0.18396756399544215
0.1896397727624122
0.1955021613599635
0.20153167271282196
0.20782046015812203
0.21418820903755095
0.22089359594986283
0.2276743154056203
0.23473064106356445
0.24191535210761772
0.24934272050984496
0.2568535986336192
0.2646066578167508
0.272614240943589
0.28070192324930804