0.022498133134535175	0.10483695516559251	0.32946773516011146
0.02353691219012912	0.10786129609941461	0.31991938460487845
0.02457692973756589	0.11078613526119802	0.3113849115060383
0.0256183136433286	0.11361205799187887
0.02666101005502066	0.11623447764313007	0.2955106742460811
0.02770503001654519	0.11911344091387684	0.2882353898465183
0.02875048644193722	0.12194703400753162	0.2814217094108538
0.02979746713462175	0.12475529450038564	0.2748945323911284
0.03084600513489395	0.12750742143103258	0.26879132132192335
0.0318960539737195	0.1302650481379343	0.26272394807308047
0.03294791547353712	0.13297330274263358	0.2569583536194488
0.03505670745476094	0.138381700335043	0.24608811240949102
0.0382348268575516	0.14645237048552803	0.23172590087579964
0.04143207975687147	0.15406386907909847	0.21891544531818494
0.04465043625034993	0.16113717202228664	0.2136468044790497
0.04789154893084956	0.1675938885659595	0.22299618292906498
0.051156348420770964	0.1733520741682752	1.798962064660019
0.05444761505044727	0.1797639256142223
0.057764665707832875	0.18872563607333817
0.061107389169838634	0.19768871370596847
0.06447493048745093	0.20631429835812515
0.06787606092986889	0.2146987505262651
0.07129557181632568	0.22255654128663951
0.07474499205338517	0.23003857144843048
0.07820619014046308	0.2368785316073771
0.08166636220923267	0.24312659037032508
0.08507658828475785	0.24861907606910805
0.08850508244824415	0.253347245549114
0.09193292036591608	0.25730385730950983
0.0954181371138038	0.260809630051907
0.09890984569854244	0.26369631005875177
0.1024013175955341	0.2661567190917678
0.10590055214173924	0.27046974203466617
0.10942571914540405	0.27503050445373295
0.11291184066659159	0.27942445358069395
0.11639523001446057	0.28358734510461736
0.11994197414250445	0.28728906620275085
0.12346740668513492	0.2898337326999609
0.127001739869979	0.29133331249837824
0.13051641418538548	0.2905672169909493
0.13409529077448432	0.28489508640994
0.13766428638792813	0.2714739138617345
0.14127554223810113	2.3776041583174012
0.14494086684637977
0.14867221438095105
0.1524557709719532
0.1563782680218088
0.1603856430179494
0.16447653175669338
0.1686930616813275
0.17300391594570794
0.17744917561465812
0.1820534743768296
0.18677490756250614
0.19162991913537672
0.1966591544799372
0.2018238755951858
0.20711812697382434