0.009734356492447974	0.04984201570199862	0.1007026247831659	0.12232012442787711
0.011626845394292032	0.05791139162573072	0.11047716498909083	0.12477545787569262
0.013556893037398064	0.06566289088948916	0.11830108046697495	0.12662802565517636
0.015527874116380496	0.07305870247613742	0.12420014528584275	1.304494094637425
0.017543022032389118	0.0798786097111772	0.12903259428301775	1.3576959390192815
0.019605291860300064	0.08658710772186266	0.13497265953778945
0.021717259904381312	0.09332405696630336	0.13910167924856756
0.0238813526708042	0.09996948271141745	0.14189956929204364
0.026099352653915654	0.10671345460364041	0.14368891788200833
0.028373225317302745	0.11351456636875572	0.14742405592918
0.030704110115987875	0.12085597844165222	0.1541294926228181
0.033068980247885606	0.12773627166109258	1.1000233815334806
0.035462381770046444	0.12563193662656097
0.0379217688029306	0.13887065428124767	1.4604386481071385
0.040445751194649084	0.14370671649526032
0.04303508701964673	0.15303696998285207
0.045692139225930295	0.16253806090173362
0.048412831543488986	0.1719697296410229
0.051200595690381524	0.18133302211154728
0.05405172267756385	0.19037258256303402
0.056970280082531036	0.19912630063267764
0.059954234100342486	0.20744031969636478
0.06300272864182219	0.21524848729278123
0.06610235835159672	0.2222085446814151
0.06927615159657592	0.22880659298458417
0.07251245902363986	0.23422629853857813
0.07578366649415395	0.23956845957107034
0.07913676098455792	0.24687055788895013
0.08254859939739544	0.25453735419865625
0.08599369406021397	0.26275608296903785
0.08948555887458425	0.2702022883613745
0.09305644404036818	0.2783839537677557
0.09663923027843069	0.2860313062456686
0.10030896715063775	0.2920093783419765
0.10397447479410653	0.29871712443088516
0.10761561834020365	0.30361096073653787
0.1114160104328692	0.30834955082194454
0.1151856493396803	0.310975443817396
0.11890716457607625	0.3143213101705822
0.12284258114735962	0.31586852049164493
0.1266303653698376	0.31479990323013485
0.13055791867656275	2.2041560947455223
0.13454719026778283	1.2233425861935772
0.13868108384937977
0.14267409932914338
0.14688949391949305
0.1511249931284203
0.155475058364608
0.15984193189980586
0.16435282565147766
0.16900198855290013
0.1736611256749827
0.17857272641688693
0.1834782858048245
0.188516460666841
0.1937188108863418
0.19905356068248287
0.20449107322656304
0.21009978478192295
0.2158018333366919
0.22164084817366914
0.22761696717504
0.23371514572053437
0.23999919950463666
0.246341637405212
0.2529151146997327
0.25951076687376856
0.2663462028030108
0.27322790660590585
0.28030966766372234
0.28766762411411073
0.29483594072665104
0.3023651392825517
0.3099581924667687
0.3174663268235462
0.3251272142220152
0.3328313751921006
0.3403635169995085
0.3479807386096007
0.3555757678513914
0.3630637837667851
0.3704863508138667
0.37777658770529804
0.38496134119786685
0.3920035785508846
0.39889822546287473
0.40560391962013703
0.41213561161863743
0.4184409623459432
0.4245886856856164
0.430547068555968