0.019244955167045476	0.05581642366758023	0.09767494547486733	0.14943336860740958
0.0201741244208263	0.058055242286403755	0.1005109581448772	0.14532549235283518
0.02110619369920757	0.059661401547479086	0.10296728610926867	0.14248089500931185
0.02204177094085425	0.06240009089939522	0.1053235440035032	0.1398063558223143
0.022980510510956224	0.06450413683155337	0.10757532136367166	0.13722600542275187
0.02392179985341772	0.06639523162743974	0.10972493549939222	0.13468325534244827
0.024865997808938615	0.06835548337339582	0.07920843069110842
0.025813990842123286	0.07024562154991353	0.11417125836214806	0.1284764399532529
0.026765097195565433	0.07212121238186155	0.11608807659416509	0.12614677818443631
0.027718242847687688	0.07412351181389994	0.11793823450521243	0.124316999407859
0.028674205656326866	0.07598740090899438	0.11973443817052151	0.12241619735768594
0.03059828240509426	0.07970162712134043	0.11152574841660542
0.03350663162718273	0.08536644053779813	0.114409239260572
0.03644006274283671	0.091006796715677	0.11709961198517209
0.039398858651462317	0.09660197689445475	0.11901194132677173
0.042390355682567674	0.10169379523609592	0.12126852689942115
0.045409587975684736	0.09260879233259864
0.04845554837708975	0.09679240398557815
0.0514836386752007	0.1007291339228197
0.05456436251674545	0.10472463192665774
0.05766141995482282	0.10875648566084689
0.06077090834101428	0.1125728667222973
0.0638267316649816	0.11638654903009849
0.0668388196964492	0.12012997668671466
0.06990969552203678	0.12404056544268938
0.07278134133320487	0.12725817453993415
0.07568132375659671	0.1306494615986
0.07813236862440938	0.1339513468394717
0.08061168421667722
0.08327269542038984
0.08549894110205011
0.0875650145634574
0.08996820757545632
0.09180043156027555
0.09352584633129425
0.095182497302893
0.09681296513033848
0.09846074998111455
0.10016705642687349
0.10196874317596674
0.10334217973272175
0.10545285466842691
0.10774202755384654
0.10978369599470456
0.1121219286024836
0.11476734148677005











