0.007511689153135069	0.024556464396958157	0.05604974188699564	0.2376669200877418
0.008154028604385705	0.02645600220292787	0.05996674975755729	0.2291087237793474
0.008805162839386033	0.02836241405600786	0.06284781300092246	0.22160934053305925
0.009464447974446044	0.030273743592430714	0.06556351008400216	0.2149458655084162
0.010131338611428228	0.03218888608185776	0.06828973612655845	0.20849333028943448
0.010805321847905884	0.03410110666495143	0.0711169818336302	0.20173266966154974
0.01148582085279787	0.03602475980542271	0.07381704397602572	0.19648024129824165
0.012173082744130762	0.037943335801174434	0.07642252365240038	0.1928667678336998
0.012866139534829188	0.03986024111660047	0.0789805019206622	0.1889120128414189
0.013565009937066209	0.04177546490016729	0.08164421890822676	0.18465512410975374
0.014269435219345771	0.043687243999980356	0.08428321643951636	0.18071136000458457
0.015694080993953727	0.04749345035471625	0.08919684072545074	0.1757432289512465
0.017868437024470787	0.05313917624997843	0.09628899913317782	0.168071380757344
0.02008493566491306	0.058659380810365924	0.10300375041082058	0.15771206980290073
0.022341074695706446	0.06399150061116723	0.10911263986338551	0.15132722668221582
0.02463683340577294	0.06902535053559866	0.11503078077436403	0.14431214328212483
0.02696997002739112	0.07380296510102624	0.12006749085949184	0.13936082180046436
0.029338815292946515	0.07862607761810607	0.12513267631943148	0.1335226363243305
0.03174715712598128	0.08344574469423227	0.11733876617279723
0.03418755967002734	0.08814939674143817	0.12037397629108117
0.036665606531908645	0.0931042053521271	0.12233630846035366
0.03917873486586283	0.09803865429628901	0.12456234012281989
0.041719054588310135	0.1027503378529659	0.1263869079696247
0.044298025749168045	0.10736205990581568	0.1277132671131859
0.04690905194915891	0.08666082529103057
0.04949221664115219	0.10078614850079813
0.052064068446193386	0.10431457077860798
0.05462609285162885	0.10779866028850155
0.05759475103108329	0.0003754398105244321	0.11109691204950443
0.05983082599642662	0.1147193011373912
0.06247931434726396	0.11811439442555281
0.06507745949089644	0.12128630336899733
0.06781305633988254	0.12448401152780256
0.07049535207511984	0.1278717702047712
0.07306358414960887	0.13107683044173418
0.07572263502381794	0.13354944140480376
0.07820030034447005	0.13654832059241423
0.0836278258555409	-0.0007292276140590657	0.13942103452935878
0.08313803307611772	0.1421666192450546
0.08564703751414528
0.08779802999652696
0.08981967888094551
0.09212827423765162
0.09393508788703692
0.09612415736930222
0.0977402382816072
0.09873397690002092
0.10077047365721589
0.10218350514660383
0.10358759412623388
0.10501289075040449
0.10648786084949635
0.10803801483318516
0.10968589363341733
0.11145086420033724
0.11334927421410036
0.11490557211133842
0.11714218996885689