0.009139889151560979	0.05856194414923882	0.6486738752587333
0.009894061118090991	0.06191515057946169	0.5961800559968291
0.010655966250959865	0.06520388547759483
0.011424889211697625	0.06843233354600724	0.5440845912274007
0.012200261014489733	0.07161324802966695	0.5211458461701337
0.012981582977874731	0.07472950327873716	0.498670833400382
0.013768473472328176	0.07781879939029236	0.4814447548958389
0.014560551197937652	0.08083484068209902	0.4649282226668405
0.015357556184941452	0.08381704554120939	0.4468099240569329
0.01615918768249264	0.08673789598615762	0.4330671966142008
0.01696525732804646	0.08963075977011815	0.4202278818714867
0.0185900972999866	0.09529009889741114	0.3958810833991532
0.021057167650012455	0.10342684515896754	0.37076914016671547
0.02355786843004204	0.11113904957265745	0.3488630151640072
0.02609075880180496	0.11830034803166961	0.33064939172334795
0.028655193966239167	0.12537585873857238	0.3142532511972908
0.03125084085114375	0.13249793771593163	0.29956278197328096
0.033877607953530446	0.13945831556899863	0.2863353805055246
0.03653546561579739	0.14633385997255502	0.27469953935940633
0.03922470638691743	0.1532564809477014	0.26362072515830204
0.041945240021925366	0.15994892609003628	0.253644804104009
0.04469754554789973	0.16632717004705883	0.24486037114932402
0.04748100040453193	0.1725425853627699	0.23754178073548224
0.050296867919372316	0.17832986482824573	0.2360448826815017
0.05314468033087841	0.18359783659115436	0.22736964696010747
0.055980318008312026	0.18777117637037288
0.05876986563351991	0.19529319852305055
0.0615956867788344	0.20265729487866382
0.06445855583215612	0.2101113918997385
0.06735539623065905	0.21719801439483602
0.07028448430477029	0.22439205693314057
0.07324619993420896	0.23132630283090452
0.07625115263090507	0.23788324281311485
0.07927994083260481	0.2442508360202581
0.0823259438509965	0.25020740105462214
0.08542670043015574	0.25588210564109665
0.08854188813417936	0.2611202583654376
0.09167544150846561	0.2658575176639067
0.09483895341496354	0.2702056673670168
0.09799305701540588	0.2742644294593379
0.10122902368582636	0.27798901578414653
0.10443922134065453	0.28094861909492125
0.10767742685905458	0.2836026880001774
0.1109125197241478	0.2861762972820324
0.11417626919686992	0.2879663891532342
0.11745190227600669	0.29121694087865374
0.12071581147040901	0.2948875172438455
0.12395497584295442	0.2986106796537223
0.12728670451394702	0.3020824761404497
0.13056887806406364	0.3053534930997014
0.13386244673923636	0.3084444409697193
0.1371639146817998	0.3102643505969763
0.14047977059804131	0.3109307137825061
0.14373212831304275	0.31047961872893887
0.1470874234517079	0.3052972471837381
0.15052118228245295	0.2928902900602089
0.15394322106419053	0.9206985158187385
0.15736355678840017