0.007511689167279525	0.02455646440173218	0.056795688982042326	0.23696756314259557
0.008154028604385705	0.02645600221652401	0.057848573798801074	0.23663029352629897
0.008805162838812754	0.028362414067370226	0.06284781300092246	0.22088622249939893
0.009464447974446044	0.030273743514251987	0.06556351007898019	0.21440309835573476
0.010131338611428228	0.032188886081523364	0.06828973612952814	0.2076777741968227
0.01080534431093129	0.03410110666495143	0.07111698179632603	0.12073689290215413
0.011486053993630462	0.036024759806056815	0.07253369654012493
0.012173082744189967	0.03794333580110676	0.07642252273659995	0.19209955246514343
0.012866139534824076	0.039860241118724445	0.07898050208882577	0.18891201650124348
0.013565009937066209	0.04177546478051654	0.08164421653909497	0.10783123895086755
0.014269435219345771	0.04368724386542361	0.08428321643888187	0.17952926875313327
0.01569408092779325	0.04749345045801435	0.08919684072545074	0.17349656255775883
0.017868437024325126	0.05313917630142048	0.09108538254802798
0.02008493566489091	0.05865938081079103	0.10300375037482772	0.15771207003689475
0.02234107469525859	0.06399150061116723	0.10911263990505397	0.15132722606841714
0.024636833397141025	0.06902535052466235	0.1065029922580293
0.026969970030147648	0.0738029651022189	0.11028863557270949
0.029338815292372106	0.07862607762193714	0.11390500239679494
0.03174715711211538	0.08120366492408378
0.03418755967002734	0.08814939679003266	0.1203739762825414
0.036665606531926	0.0851241956162989
0.039178734865753774	0.09803865464490795	0.12462719295980557
0.041719054588310135	0.10275033786407825	0.1263869106909303
0.04429802550046981	0.10736205997032493	0.12771315519875823
0.04690905192531547	0.11198443628794588	0.128445806555876
0.04949221647602053	0.10078614849669221
0.052064068446193386	0.10431457080163968
0.05462609285162885	0.10750265117789523
0.05723705625369486	0.11109691203200667
0.05983082599642662	0.11471930113723933
0.06247931435064649	0.11811439442432607
0.06507745949089644	0.12128630336899733
0.06781305636685035	0.12448401155818369
0.07049535207787852	0.12787177018680088
0.07306358416582957	0.13107683040566362
0.07572263502343625	0.13354944150424936
0.0782003003441836	0.13654832079330423
0.08080130728437712	0.13942104304207914
0.08313803307607565	0.1421650751461394
0.08536428079197617
0.08746744845197439
0.0890501849994498
0.09212827423762332
0.09393508788260971
0.09612415736598798
0.09774023828160723
0.09873397690375763
0.10077047365728861
0.10218350514660383
0.10358759412675231
0.10501289075037529
0.10648786084950979
0.10803801483343196
0.10968589363441361
0.11145086420344257
0.11334927450430264
0.11490557214133616
0.1167047781650846