0.01924494866350607	0.05581642366634811	0.09767494547565163	0.14943336863429438
0.020174124420835188	0.0580552422863985	0.10051095850081815	0.14532549242629364
0.02110619369920757	0.059661401547479086	0.09578870121527289
0.022041770940856752	0.062400090893796084	0.09776278904107044
0.02298051050970539	0.06450413682841329	0.0996554803290029
0.02392179984921107	0.0663952316129179	0.10972493551143803	0.1346832545734034
0.02486599781214316	0.0683554833732429	0.10323036173727126
0.025813990842464645	0.07024562155272764	0.10439542056309248
0.026765097195565433	0.07212121238068649	0.10602054021125036
0.027718242847687688	0.07412351183158469	0.1179382345142888	0.12431709840851812
0.028674205653819743	0.07598740090913948	0.08429843022081501
0.03059828240509426	0.07744653138104489
0.03350382374413298	0.08536643635989762	0.11440923880013902
0.03644006274283671	0.0814780125270128
0.039398858651462317	0.09660197688428933	0.11901194167940811
0.04239035567925309	0.10169379527356169	0.12126852798011527
0.045409586926463234	0.09260879244754887
0.048455547442134025	0.09679240391745048
0.0514836386752007	0.1007291339228197
0.054564362526428156	0.10472463192346863
0.057661419955606676	0.10875648565990989
0.06071777100563504	0.11257286671025579
0.06375527921038802	0.11638654903019721
0.06674450307818569	0.12012997414118544
0.06990969552203678	0.12404057587786418
0.07278134133320487	0.12719737107711326
0.07568132375619324	0.1306494616198048
0.07813236862440094	0.1339547741049081
0.08061168421667722
0.08327269542040208
0.08549894110205011
0.08756501454108209
0.08996820757545632
0.09180043156035199
0.09352584633131307
0.095182497302893
0.09681296513043651
0.09846074998111455
0.10016705642687619
0.10196874317596674
0.1033421798026346
0.10545285466842691
0.10774202755384654
0.10978369599470456
0.1121219286024836
0.11476734148677005











