0.0007910052848556952	0.0045088903683609405	-0.12989454514039636
0.0008303879400254185	0.004583911687986209
0.0008712547654629832	0.004638316905188941
0.0009137448747641957	0.004676492159199759
0.0009597289954716589	0.0047864729141748295
0.0010059746261228944	0.004766989570939642
0.001054228116334978	0.004802564909818553
0.001104595587863991	0.004831091715920056
0.0011571940627978484	0.004846223900141202
0.0012121424428613245	0.004840788912644092
0.0012724323227165846	0.005357882199519982
0.0013917517169056393	0.005587280623740685
0.001594412950413653	0.004420747841839988
0.001818797105010557	0.004238111340464217
0.002041712443013231	0.006721342652880831
0.002237803578794835	-0.02598775754739157
0.0024249212327877062	0.003881402658068461
0.0026021716731383033	-0.006315568063980239
0.002770872779634358	-0.17308320998055768
0.0029243420968720034	-0.09802787151044498
0.0034093303428037384
0.003547143434917503
0.00364883859758395
0.0037333364574322677
0.048711048063798966
0.0037992560010769267
0.048168566077059036

0.003399410547385441


0.003336339441303658

0.0033161174365323016


0.0033026042924103253
0.0033013363405447003


0.0033049070699371795







0.003354730471757513
0.003364253335218142
0.0033744415990773083

0.0033964516825899303
0.0034083395469714493
0.0034207939619131365
0.003433730992136358
0.0034472087938269783
