3.4388241386797657e-6	0.000019087301825511286	0.0000684560279114948	0.00012945456633240926
3.605295747474817e-6	0.00002032569221391994	0.00007078072112255003	0.00013112807335525204
3.7830546615653496e-6	0.000023351204796591737	0.00007877145789538686
3.952399163363639e-6	0.000022988671371252287	0.00008119426265697307
4.122668604669971e-6	0.000024407042529536566	0.00008358248439573529
4.307372132312984e-6	0.000026269088179947836	0.00008129693016167726	0.00013678320427321116
4.495684822094367e-6	0.000027852618949027892	0.0000881986392524275
4.671322696300966e-6	0.00002950268375698581	0.00009073858665804273
4.848284211705768e-6	0.00003113678225074042	0.00009285455709293525
5.045097429061258e-6	0.000032409232025696054	0.00009144525239737148	0.0001429368197332298
5.246298997277699e-6	0.0000339517225158024	0.00011663085475320252
5.6141687789622654e-6	0.00004014641436015285
6.234219733239043e-6	0.000040842980591334694	0.00010591723700285137
6.855053797123333e-6	0.00005476791192956924
7.547731401906726e-6	0.00004857020458161677	0.00011392601827042115
8.234608049621346e-6	0.00005236310880464328	0.00011687627446868732
8.955685979012568e-6	0.0000649777539638886
9.713758250617086e-6	0.00006735217385009441
0.000010684188362724608	0.00006969147221912636
0.000011551151855760143	0.00007180636963307561
0.000012466539132182454	0.00007376025335213999
0.000013569145477528522	0.00007567345664878714
0.000014763176199575495	0.00007748360955720432
0.00001606057337678325	0.00007924337053894532
0.000017042494158731056	0.00008081629524902277
0.000018482985109771456	0.00008252180288137155
0.000019743476254169874	0.00008402292198788555
0.000021617267629980233	0.00008552687271029701
0.000023332393567845326
0.00002477643194375783
0.00002660438423870277
0.000028467816740037178
0.0000299369937198545
0.00003176912412147664
0.000033542792004491394
0.00003522493599883891
0.000036788150555328825
0.000038213221148452525
0.00003949031408691941
0.00004061867451328363
0.00004183744798842445
0.00004266428231413349
0.00004337855922292771
0.000044145352364457855
0.00004478901187481916
0.000045334512263188726











