1.3545661523408553e-6	6.7020175133946384e-6	0.000036495802242551655	0.0001096942073473686
1.4669370035052718e-6	7.264875970637498e-6	0.00004431417962626618	0.00010448848813624195
1.5814695121961546e-6	7.84101881950154e-6	0.00004034293118975278	0.00011510654566231621
1.6981158188547154e-6	8.433814702154494e-6	0.0000427377255607248	0.00011696394571014053
1.8144083520674742e-6	9.041134697109898e-6	0.00004497499844790344	0.00011901958371121056
1.9319046640345044e-6	9.726612159573911e-6	0.00004672229917539211	0.00015069207583989227
2.0509841360585067e-6	0.000010312492915844894	0.00005096359380242522
2.1738654135461337e-6	0.0000109776758862649	0.00005075971435308248	0.00012271113339478937
2.2984756377202217e-6	0.000011666309841456523	0.00005283315322077536	0.0001250363486013993
2.421075911560841e-6	0.000012376035106369443	0.00005459818997155606	0.0001521669417378202
2.54439074813326e-6	0.000013110899684024368	0.00005624141471126603	0.00012553864087017292
2.7992474781885392e-6	0.000014666100777947099	0.00005989558664971299	0.00012673620296055886
3.1888600099352342e-6	0.00001723175862455368	0.00007037269876583555
3.5906808192570387e-6	0.000020127691518638496	0.00007108457859592894	0.00013218693140996197
4.0164827398066834e-6	0.000023396876088299597	0.00007711201275506961	0.0001351699355084721
4.432835660554283e-6	0.000027111674781058183	0.00008723978955295073
4.874907329668253e-6	0.00003102635332967872	0.00009278837150494071
5.353424612496092e-6	0.000034628053909588105	0.00009781551208088004
5.807383327566885e-6	0.000041026019612038816
6.328976141327225e-6	0.00004144252998781742	0.00010641156572763148
6.8459819343622125e-6	0.000052811555759129695
7.384381676621137e-6	0.00004766339773951476	0.00011346822706880306
7.993065280029733e-6	0.00005066813297583791	0.00011631171174447045
8.586224156117234e-6	0.00005360260344374258	0.00011881074799366722
9.206373403407622e-6	0.0000564874679332015	0.00012102861621258277
9.91856374540341e-6	0.00006757385431802351
0.00001049963812417085	0.0000694389591141365
0.000011275920594715605	0.0000713797353015564
0.000012004696428473827	0.00007302141185315796
0.000012887810901196541	0.00007458746355475094
0.000013702803888018397	0.00007617460476663386
0.000014707678757842097	0.00007779677798615275
0.000015455365772386565	0.0000792979969884332
0.000016391195720555617	0.0000807079805005962
0.000017566705599258527	0.00008210406973473669
0.00001860079455555712	0.000083643492661196
0.000019915020463078326	0.0000849842910186317
0.00002104326855421672	0.00008630520395384304
0.000022489208318893512	0.00008761272649872144
0.000024005762986786562
0.00002558362999033329
0.00002756796445184
0.00002813491535319624
0.000029778231470429458
0.00003104078200980408
0.000032657266926752995
0.0000346035183265615
0.000035739523444665784
0.00003717638884217069
0.00003851768133453484
0.00003975296601882197
0.00004087694216561933
0.000041889261899296695
0.00004279371410613686
0.0000435972347202334
0.0000443087759064408
0.000045099697692224215
0.000045777456935194284