6.1447038869641095e-6	0.00004068557143676594	0.00010507593561219012
6.381462293303947e-6	0.000042191973022160616	0.00010710300732465502
6.620347310290937e-6	0.000053417951267815455
6.89807265845131e-6	0.00004551779215002482	0.00011026237741566607
7.184462855538015e-6	0.000047110718127759686	0.00011171037432406065
7.434651646277147e-6	0.00004843165488473831	0.00011332695220893576
7.734451699001644e-6	0.000049962075584105666	0.00011458270652571948
8.04436154357309e-6	0.000051464008137679204	0.00011577128783810001
8.307796490307276e-6	0.00005294737787634184	0.0001168836059328417
8.633611113081816e-6	0.00006384019439933357
8.905745083380172e-6	0.00006506247912250999
9.606207103504398e-6	0.00006688653903260326
0.000010481804969001674	0.0000695123618782908
0.000011595663366398113	0.00007196108210668076
0.000012812416184486449	0.0000741753473146669
0.000014143885238531208	0.00007614175036397331
0.000016197292269586253	0.0000782160309818257
0.000016977287737250893	0.00008010150142903876
0.00001892631991733143	0.00008196837887733348
0.000020789246772882782	0.00008384576646765216
0.00002245295481443903
0.000024867499738160536
0.00002663065957130772
0.00002876719652844099
0.00003128712286707015
0.000033294053119786995
0.000034743905092484524
0.00003643070933299751
0.0000382458039318243
0.000039781182985138425
0.000040816880355996954


























