0.00747011984430865	0.08151676262861818	0.3426068163392118
0.00806510495592364	0.08402908265606346	0.38665924052266587
0.008659631489815255	0.08657719835890071
0.009262978940919417	0.0891633524521565	0.4007831542340651
0.009873386472732615	0.09163086300432532	0.4051111767615985
0.01049596023779332	0.09433977520933068	0.40950909864672197
0.011109305726040575	0.09675425912191887	0.41343332560367796
0.011738471318240441	0.099616971918664	0.41721931070453167
0.012359166046238093	0.10238784608621722	0.4211620988248147
0.013001321861497075	0.1054549637293521	0.4245380912828435
0.013652287671165296	0.10844012937044328	0.4281589111601976
0.014949376808904973	0.11477690326543055	0.43460261045909615
0.01692811591927184	0.12561425871078483	0.4266110015774255
0.018964344448790995	0.13803082324786295	0.41987455558605835
0.021071065268127992	0.1526347081747023	0.42064420569374655
0.02324326543011622	0.16693937893187744	0.42374594543542243
0.02547939019404791	0.1809742387477582	0.43098727483337834
0.027788235186160512	0.1959282596005075	0.44017245186137466
0.03018806697475022	0.21176196026275157	0.45217115070150765
0.03265612799283764	0.22775395919767513	0.46590373667368934
0.035231641470344785	0.24329559600331427	0.48202576359025007
0.03787978972853797	0.25943332053160023	0.49858494514587914
0.04067927893474684	0.27531736431552095	0.5145076497434884
0.043530984156527994	0.2909386711262785	0.521824169104789
0.046489943769007815	0.3059491111561078	0.5206242856590345
0.049469192688919104	0.3205330269666901
0.05256252771842847	0.33071952244176944
0.05578864980071413	0.3414006232455382
0.05909450717941266	0.35213431792651345
0.06260120486063651	0.3638116270603272
0.06633714904882515	0.37547394625357283
0.07025069667053592	0.387624287232302
0.07397944682897788	0.40049330255909177
0.07813450748490795	0.41370446867089883
0.08280864891342325	0.42736925985366636
0.08698793400902276	0.4412308308240167
0.09169563648274044	0.4554766199954029
0.09674475418525819	0.4699927534264086
0.101852052188169	0.48431570840635796
0.10768600237912353	0.49860172514415513
0.11265071548872169	0.5125906330157263
0.1185345141471527	0.526680856840487
0.12440722568325806	0.5405316560264267
0.1306792191268008	0.5536053407987901
0.1368854544638885	0.5664172381944766
0.1432262042560859	0.5747182887795815
0.14994568259834468	0.5802645230060524
0.15705870690233137	0.5856681424058834
0.16339900440458038	0.5909957998277439
0.17034277194641123	0.5962033887716721
0.17729208958268833	0.6012637825779119
0.18420858695407166	0.6061781272185965
0.19105120383543586	0.610827092436801
0.1983825132567993	0.615117986670974
0.2049528666310165	0.6185603208191038
0.21106393900379009	0.6188814469670428
0.2172426064323597	0.03660352310360368
0.22345955110724128