0.03201656766399738	0.23660758448015035	0.48835529252998905
0.03334937122790381	0.24591938542947087	0.5003771633783851
0.03462273217706205	0.25521487735769377	0.5124821277210383
0.03595795508256609	0.26452293760979584	0.5239456983839501
0.037366044310351613	0.27339024731789985	0.5291894995784845
0.03875111760351509	0.28257489237179734	0.5325304723121339
0.04010050219005651	0.29166486170488215	0.5351052521978326
0.04149783911432914	0.3001171451828994	0.5365403098159421
0.04298420844539572	0.30860157026358803	-0.5601766978584485
0.0445774045386003	0.3172402856060696	0.019195710942641213
0.0459368591701887	0.32507157546142934
0.04908413281550916	0.3366984815067292
0.05398155713937606	0.35434859506216876
0.05925626233507438	0.373235098409236
0.06489908128125098	0.39302360742827014
0.07075357989013006	0.41457765467531305
0.07709703089845553	0.4374438784705713
0.08387812218577195	0.46110414112110143
0.09127642902129902	0.48572632592826454
0.09903509693022883	0.5101034701365367
0.10750445084357457	0.5339961553589965
0.11630444473968447	0.5569699439188428
0.1258636956944347	0.5716474043818385
0.13566372102456808	0.5813585325969242
0.14713464008288543	0.5911015626078672
0.15699464734807952	0.6007200601497084
0.16790952322913402	0.6099567110493554
0.17861076568083828	0.6189301696314958
0.1896797121226858	0.6274870537975482
0.20024429967067114	0.6351914278048544
0.21090825472226538	0.6402226849545373
0.22116802268073413	-0.0036400973014602935
0.23123658857763107
0.2403053881048124
0.24906983909374722
0.2571022126115235
0.26416348445604015
0.2705599372794669
0.2766659950205523
0.28181891111389207
0.2865433789189789
0.2908694268007848
0.2948257762841662
0.2979491124646637
0.3009094767970233
0.3035243661263525
0.30597997919414766
0.3078699478790679
0.3097992676938572
0.31121560162467354
0.3126021742714719
0.31378650869516805
0.3148322179117567
0.3157087947029248
0.3165119654602231
0.31716701080557663
0.3176793563886753
0.31815319973916345