0.01816225101136489	0.1317889627751551	0.4147171734865536
0.01903336673582484	0.13750308343169157	0.412854869795515
0.019926958066891067	0.14361503911004828	0.41346124002490886
0.020805296754188334	0.1501271056485974
0.021698538536225654	0.15761701858035385	0.41640787586469036
0.022611816896215234	0.16359724950530655	0.4182444151157647
0.023533759871332417	0.16980264520899926	0.4218841386968718
0.02445658967258521	0.17609715643095653	0.4256140593042577
0.02538962711796609	0.1826998946048664	0.4302585178740009
0.02635604550553282	0.1893018828814744	0.4358471531066802
0.02731060968127955	0.19617918310600327	0.44120724275339984
0.02930956556817811	0.21024032792958725	0.45428145949917403
0.03233764375300834	0.23206220142663345	0.4771815755229056
0.035504063857544156	0.25325342698711806	0.5014579367913297
0.03880385698861936	0.27436842183601007	0.5226038303868836
0.042250719100870165	0.2947252359029559	0.5300148827794102
0.045894523478694306	0.3138693143032189	-0.49363560370084913
0.049633670663184484	0.3302592066760988
0.053596351126216565	0.34423916465304844
0.05781903468382937	0.3584260009421896
0.06234524216095444	0.3737443824737187
0.06681838128426604	0.38959005444137373
0.07185984488051092	0.4065920864115633
0.07699896696468592	0.42407695946410046
0.08277555393652397	0.44240419010754767
0.08830943469189528	0.46067857103694
0.09413395050664213	0.47885464610586076
0.10042158711269394	0.49727842658488003
0.10742957304050657	0.5159326320087174
0.11400665471618819	0.5338691598848166
0.12107019015181941	0.5509670288764643
0.12865465604790838	0.5675871746675126
0.13653297310201848	0.5759158221724875
0.1443929005956886	0.5831843408229489
0.15303938024836108	0.590409482089409
0.1618858369484653	0.5975483868956797
0.17020785342943978	0.604551149663437
0.17888821416035797	0.6113674082724605
0.18753817498718037	0.6178698032713982
0.19642073460532017	0.6239340996543191
0.2047902542096064	0.6290050219391895
0.21323829285062884	0.630808587663058
0.22136091799189217	-0.1451470528214012
0.22910247117760046
0.23642084782654918
0.24352105900005463
0.24969117631938806
0.25561353028536177
0.2610670572081616
0.2660967063850114
0.27083635648192067
0.27513788191170657
0.27889850474395095
0.28243596985388975
0.2857037707538739
0.2884701538480114
0.29110269442629105
0.29342970481343067