1.3545693712177195e-6	6.7020175807342626e-6	0.00003927792889043416	0.00011459559128378009
1.4669370035052718e-6	7.264876148112909e-6	0.00003810226869119564	0.00011699688919737748
1.5814695694999075e-6	7.841018963381546e-6	0.00004034293118975278	0.00011860616204847537
1.6981158188547154e-6	8.433814123839848e-6	0.000042737725562893066	0.00011942235653805689
1.8144083520674742e-6	9.041134697711454e-6	0.000044974998449888536	0.00012163439601077408
1.934470040329119e-6	9.726612159573911e-6	0.00004672229914861052	0.0001202642538139827
2.070498989855316e-6	0.000010312492919705685	0.000048679973223157594	0.00012124589048056855
2.173865420933698e-6	0.00001097767592149773	0.000050759713612788097	0.00012438655168390126
2.2984756387448503e-6	0.000011666309857479252	0.000052833153327844284	0.0001250363544503384
2.421075911560841e-6	0.00001237603448924179	0.000054598188420628805	0.00012631789665043113
2.54439074813326e-6	0.000013110899240593645	0.00005624141471084666	0.00012731730108896057
2.799194751907782e-6	0.00001466610117478997	0.00005989558664971299	0.0001294478546606778
3.188860005015006e-6	0.00001723175889192535	0.00006542434157296889	0.00013197696102251554
3.5906808189347736e-6	0.000020127691520856113	0.00007108457858959969	0.0001321869315541594
4.016482737817187e-6	0.000023396876088299597	0.00007711201275548833	0.00013516993526908752
4.4328355307318425e-6	0.00002711167475912786	0.00008294237187416585	0.00013857880384486265
4.874907349169909e-6	0.00003102635332994308	0.00008911026794193244	0.00014179601316413568
5.3534246068112415e-6	0.000034628053912475065	0.00009481107443752052	0.0001451922004209251
5.807383381542216e-6	0.00003797395496099368	0.00010232465412096997
6.328976141327225e-6	0.00004144253001862545	0.00010641156572625314
6.8459819344559215e-6	0.000044519525719862444	0.0001102647453988054
7.384381676515108e-6	0.000047663397900487096	0.00011347331499905236
7.993065280029733e-6	0.0000506681329800696	0.00011631171218942433
8.586223172776295e-6	0.00005360260346588204	0.00011881073295547177
9.206373357380497e-6	0.00008174121115026242
9.918563144311697e-6	0.0000675738543252851
0.00001049963812417085	0.00006943895908477931
0.000011275920594715605	0.0000712239457029261
0.000010342466636168362	0.00024052395539357794	0.00007302141186143096
0.000012887810901196541	0.00007458746355477915
0.000013702803892301812	0.00007617460476658653
0.000014707678757842097	0.00007779677798615275
0.000015455365801734288	0.00007929799699740972
0.000016391195725124407	0.0000807079804938421
0.000017566705609589523	0.0000821040697212503
0.00001860079455526085	0.00008364349269791556
0.000019915020462487155	0.00008498429108867749
0.00001570521869363894	0.0000609889723354547	0.00008630520668488066
0.00002248920831879691	0.00008761342651585329
0.000023696958039060262
0.000025251963531451904
0.00002685760845781393
0.00002813491535302334
0.000029778231462025004
0.00003104078199991761
0.000032657266926748055
0.0000346035183220261
0.000035739523444634586
0.00003717638884217069
0.00003851768133470139
0.000039752966018835286
0.00004087694216575267
0.00004188926189953472
0.00004279371410667214
0.00004359723472135862
0.00004430877598297085
0.00004509969769849559
0.00004563920809608749