3.4388256654754005e-6	0.00001908730182053673	0.00006845602791170587	0.00012945456635263798
3.6052957499495677e-6	0.00002032569221389507	0.00007078072119746194	0.0001311280734022646
3.7830546615653496e-6	0.000023351204796591737	0.00007347792081537323	0.0001324684764294117
3.952399163403843e-6	0.00002298867135053762	0.00007608568927119643	0.0001338732337159492
4.122668604502712e-6	0.000024407042519503474	0.00007869606262780911	0.00013525190280361157
4.307372064650813e-6	0.00002626908814939712	0.00008129693016163072	0.0001367832041096884
4.495685040986849e-6	0.000027852618948743194	0.00011064974023209351
4.67132270077239e-6	0.000029502683758601886	0.00008644588324019138	0.00014002397772623423
4.848284211705768e-6	0.00003113678225014982	0.00008897330864062153	0.00014150045946299537
5.045097429061258e-6	0.00003240923203575968	0.00009144525239471932	0.0001429368193839807
5.246298991233327e-6	0.00003395172251591052	0.00009385437083229133	0.0001442290377712915
5.6141687789622654e-6	0.000036883340940580244	0.00010072215111994752
6.205074204716663e-6	0.000040842977670171443	0.00010591723690149497
6.855053797123333e-6	0.0000448643876152478	0.00011021385667302513
7.547731401906726e-6	0.000048570204577121605	0.00011392601833927765
8.234608035215577e-6	0.000052363108817387745	0.00011687627463743403
8.955682222354912e-6	0.0000649777538490288
9.713756557016032e-6	0.00006735217403756641
0.000010684188362724608	0.00006969147221912636
0.00001155115187916357	0.0000718063696351382
0.000012466539133863547	0.00007376025335231398
0.000013432166669450615	0.00007567345664668765
0.000014601870539410342	0.0000774836095572716
0.000015874432778540236	0.00007924336907995342
0.000017042494158731056	0.00008081629978572522
0.000018482985109771456	0.00008252663211539127
0.000019743476253908778	0.00008402292199619462
0.00002161726762994978	0.00008552494063803947
0.000023332393567845326
0.00002477643194265765
0.00002660438423870277
0.000028467816702765245
0.0000299369937198545
0.00003176912412091784
0.000033542792004452186
0.00003522493599883891
0.0000367881505553514
0.000038213221148452525
0.00003949031408700663
0.00004061867451328363
0.000041837448026157006
0.00004266428231413349
0.00004337855922292771
0.000044145352364457855
0.00004478901187481916
0.000045334512263188726











