0.09779477010786396	0.3501972950386814	-0.13711991071670035
0.10294772541948077	0.3616743319560981	-0.14148389849880322
0.10707348823125555	0.37199700961011906	-0.1527766405473268
0.1120367417060465	0.38444211348453516	-0.1716343940682795
0.1176369603445416	0.39418054595339386	-0.17632094756699165
0.12288772168340145	0.4096269990646354	-0.17701165413906686
0.12701725791423824	0.42252328515603443	-0.1723451182343974
0.13201509373422557	0.4326967569113429	-0.1607834057830433
0.137751931005285	0.44352644574401423	-3.526471153061894
0.14518417321954363	0.46635535270809064	-0.0014635577701737374
0.14884679995869918	0.48817622257266785
0.16127940837198215	0.4484977544990294
0.18043887393511004	0.387460015756661
0.20196964260569134	0.3233358867008323
0.2260684912414952	0.26105815944309
0.24918467197466548	0.19742234647296106
0.27595170435449445	0.13588057891698588
0.30470075198030633	0.07830977712367175
0.3360422714937722	0.02380930948608976
0.3687998728749769	-0.024499616886051807
0.40544958849042184	-0.06790135317086828
0.44172868327977804	-0.10586515791556436
0.4816447263834261	-0.12230969790448029
0.5214971644240742	-0.1281473136448804
0.5708660901291811	-0.13567351351604845
0.6018309751879342	-0.14398972479065553
0.6398359317715611	-0.15243719295410604
0.6742807056369806	-0.1607617961490574
0.7060602274904401	-0.16715675974014182
0.7308525507106816	-0.17177758778840094
0.7530603229137874	-0.16071943522117177
0.7696239008522066	-0.7117215480378427
0.7818792295601721
0.7841610502041952
0.7849277695353903
0.7804115536998477
0.772100113327368
0.7614651553054598
0.7452875196106845
0.7280974319565937
0.7087480481801527
0.6871189612346421
0.6641986109630974
0.6433191237724234
0.6207066606337882
0.5982965898585071
0.575440496637606
0.5538481211011981
0.5332259784898703
0.5119573231504564
0.4925673826822855
0.47223676337567033
0.4535444337594773
0.43479920633619
0.4177813636911089
0.40074272932708
0.3837477333556062
0.36814039623489947