0.003117113149096298	0.005114124912352694	-0.01446926675364973
0.003284619709535722	0.004836726603472843
0.003461600582387936	0.005124454172488086
0.0036481387181318214	0.00510111999829137
0.0038525024475095497	0.005538129932833468
0.004060725626624165	0.005848969508913688
0.00428013969388328	0.0063931480380519405
0.004511383294007322	0.007027783504084424
0.0047547754910554	0.007729140798518743
0.005010601771424274	0.008400946506594875
0.005292028480596131	0.005542824543351755
0.005830463819869692	0.005395866393568847
0.006769790746701872	0.010750905432114457
0.007804452860307249	0.011452896431297474
0.008453534503043753	0.0033264903079671484
0.008587928726733427	0.1618392216358878
0.008665419466977553	0.010844199108363813
0.00873068541864044	0.005168860522173936
0.008712626185556809	0.030109946310445473
0.008639131174539563	0.018527774049992115
0.011909330810443798
0.011585773109873123
0.011145012076309935
0.010625186383736567
0.053427061708267554
0.010421643031613012
0.044230773446236195

0.0014833527549100523


0.0012553447258724462

0.0011397805115940399


0.0009912383362474888
0.0009459648259349405


0.0008184374448628798







0.0005120528309867438
0.0004755126433979253
0.0004392001831820727

0.00036682968420333455
0.00033073450837885096
0.00029468211574474993
0.0002585416297811821
0.00022234797076096648
