0.007171876205851887	0.005978820909585464
0.007584476799481893	0.005596217087301376
0.008137322369878444	0.004416878565031586
0.008642952458209147	0.0045154353324450185
0.008750403087316635	0.004117059399808809
0.008883749309950239	0.0038312882162056428
0.008947977491902672	0.17691401505776122
0.010508868728984785
0.010870733112671435
0.011257930292717162
0.009176019037938252	0.005278247284244547
0.00922054206530309	0.005132606184242476
0.012669241405349536
0.01253559723910803
0.012176845326893448
0.01156636795473277
0.010922596095026426
0.01104203966602618


0.0013850653836764218
0.001307288242181234
0.001239728950765392

0.0011241264928685958



0.0009403172018572152





0.0007151794372952322
0.0006809636011403728





0.0004872118418792092
0.0004562586020548541

0.00039506837552609415


0.00030435243902783294




0.0001532794701806611
0.00012270317832836083
0.00009193493246030663
0.0000609152565027253

-2.0395208562993795e-6