0.022886998233791606	0.3373636059196764	-0.15248830466991986
0.022409979879929726	0.33719234232388434	-0.1889312794175954
0.023930560194016532	0.3380065071694399
0.024650484136947842	0.33808582008391813	-0.19758374571466117
0.02620252334047867	0.3384002913304499	-0.19850893100955924
0.028156832240746582	0.3397889569020727	-0.19919758827218972
0.030376846524850436	0.3395946255023323	-0.20348014992523988
0.032054088233089494	0.3422955033769886	-0.20732648734433695
0.03290983416052191	0.3439740039576307	-0.20877022709299936
0.03485026915947773	0.3480600254755331	-0.21271926391066123
0.03681243156743069	0.35088510277167934	-0.21848154652298798
0.040752891745460006	0.3571129209239081	-0.22641928320589175
0.04754795371214111	0.37240666250244364	-0.21197712170120925
0.052954865915283	0.39173485881829945	-0.19245218870200978
0.059300512422357135	0.4169705034227048	-0.1865532886602208
0.0660473230172411	0.4190873567490111	-0.17991351686007725
0.07274380053204059	0.3953359163109352	-0.17937705911616675
0.07987671918198762	0.3664294230341552	-0.17843624199477923
0.08762514552945797	0.330055789311786	-0.18179686366713663
0.0954745167882047	0.3027683365456825	-0.18435108321788973
0.10404874070313293	0.3164727630898604	-0.1916342929767694
0.11270269117779477	0.33013517005139154	-0.19728285132141882
0.12264700053354792	0.34157064093706413	-0.20015406055913565
0.13192104020510895	0.35558643785616684	-0.18211108285125222
0.14196708965817337	0.3736014484964743	-0.13354743375255146
0.1516636068869032	0.3993840449736113
0.16247510243913524	0.3677724194551205
0.17387025811270684	0.3351986531897642
0.18514417584617568	0.30269665582396293
0.19772048686588478	0.2674419949964979
0.21181942631992245	0.2333305429131531
0.22609789806409059	0.19973543012468498
0.2377815488579149	0.16552986962425703
0.2529735770564018	0.13189703718205914
0.2716213437097681	0.09930647035659397
0.2846681864817157	0.06812252015379364
0.30105474387527137	0.03771075281209346
0.3194338233216845	0.008553361685835266
0.33701102961728957	-0.01812331336308366
0.3609103587143272	-0.043692080184577625
0.3745905894397405	-0.06728132315085725
0.395185642732012	-0.08973328077678679
0.41430705015006236	-0.11105350138513446
0.4354206995186452	-0.13010702735941998
0.45463165011004114	-0.14769057724433637
0.4736250147475398	-0.15575204753600735
0.49295581724664767	-0.15807799512759582
0.5150342600645832	-0.1607946395493693
0.5302622042007331	-0.1638181666917213
0.5485392369451948	-0.16702550416628448
0.5642669731899395	-0.17040448790909316
0.5798652535233659	-0.17321973286009396
0.5938187636518971	-0.1750645443025876
0.6080017941813668	-0.17609285674846134
0.6179922652784788	-0.17226133114315176
0.6234693306125796	-0.1542200540871337
0.6295739994508595	-0.996035555354276
0.6336719816443956