0.00003230560621449392	0.00012915247377288632	0.00019753945787401927
0.00003361302674376489	0.0001241382647627573	0.00018946718952934092
0.000034934729789890264	0.00025734819063372004
0.00003648877770989937	0.00011251471481746093	0.00017495465942647431
0.00003870354049798874	0.00011053914232377061	0.000166823887800275
0.00004011443408340263	0.00010913227288947932	0.0001576985366997025
0.00004182668197790649	0.00011203492239841022	0.00015133557456165672
0.00004430534719982966	0.00011469840271137494	0.00014413044103135902
0.000045815205550310104	0.00011483152148085162	0.00013709152430603177
0.00004770764251076086	0.00026310683771382245
0.000049257902946318816	0.0002622291770050524
0.000054206379413822594	0.0002589606382112244
0.00005921434184569041	0.00024966200071801137
0.00006674469948416933	0.00023941408413623508
0.00007503854977024679	0.0002257688603471411
0.00008414300605242122	0.00021325783796260456
0.00010314214065519968	0.00019781880425442328
0.00010344645219774377	0.0001857071265853316
0.00011832722487879865	0.0001724924673708512
0.00013048374344842666	0.0001594501398309173
0.00014098413142557884
0.0001576783233789323
0.00016736940374519933
0.0001778891215766723
0.00019102933090627791
0.00019983127741035205
0.00020252719058943457
0.000206571614935397
0.00020836250262430537
0.00020901859000861965
0.00020634732226307745


























