0.000016705546596144492	0.00008904091890240458	0.00011748019198889553	0.00009095079585143089
0.00001763112770499317	0.0000945742765563745	0.0001136193892255828	0.00009344331067951607
0.00001863659880524799	0.00012421853481223274	0.00010964067264108428	0.00009747214875669683
0.000019322610064643357	0.00010889482216861993	0.00010982251169958451	0.00010099601555725432
0.00002029664743210962	0.00011521365636894079	0.00010999450539984153	0.00010711962384364097
0.000021364006075799288	0.00012690537947443654	0.00011002526293878007	0.00010878368423686331
0.000022466746740739086	0.00013391792182122317	0.00012166861730153736
0.000023178796690157612	0.00014105755740197198	0.00009972348727027143	0.0001150252099521947
0.00002423156733095277	0.0001411276893004802	0.00009859039839421732	0.00011679368199422297
0.000025412850775083846	0.00014530978518924426	0.00009699826209193454	0.0001188023644893165
0.000026633516970691574	0.00014225543010795743	0.00009487888326466953	0.00011772161746078204
0.000028502392948390307	0.0001373794232860551	0.00021091284593492617
0.00003176377283398081	0.00012958629381256792	0.00019132413042113595
0.000035416736293272576	0.00011083859795155517	0.00017565909628725954
0.000039970931335559046	0.00010691734771717545	0.00015845238681758847
0.000043977881464059535	0.00011256552400544074	0.000144024153012237
0.00004821929676941382	0.00025586210770466163
0.000052708646878826286	0.0002495583101179007
0.000059483385986525205	0.0002444509056202331
0.00006476745166656428	0.00023663919564677997
0.00007034792912396758	0.00022680954080873025
0.0000762276427400383	0.00021760551462349494
0.00008333469890549135	0.00020684197502593708
0.00009253161803426303	0.0001952081879793861
0.00009957341988780786	0.00018651497027395578
0.00010981000213537508	0.00017549331732220802
0.00011681730391992611	0.000166593624574219
0.00012919160861802698	0.0001569744529994432
0.0001404181813702724
0.00014755653579113698
0.00015854241465645486
0.0001690318317639353
0.0001745560873316974
0.00018318505467882152
0.0001904086039783324
0.0001960132775677381
0.00019990164230006117
0.00020209755429123998
0.0002027309400289616
0.00020200903598820198
0.00020098408480455357
0.00019798780536550858
0.00019443815171366212
0.0001905134133662839
0.00018607667916289592
0.000181398559116753











