0.05133585644388706	0.3950685404927422	-0.18998209038857727
0.0539943349592761	0.405404342125924	-0.1800003604012867
0.056934084090855826	0.41859724190096365	-0.1765317055851306
0.059382585813135706	0.431324454964904
0.06193706850365018	0.44563947407752297	-0.16927341693366887
0.06472029476571796	0.4402525886457454	-0.16395782983994478
0.06778544520373483	0.4322806305808422	-0.1636402027109566
0.07063957271346892	0.42550062725496685	-0.16147438171064377
0.07355511136893972	0.4159406214042773	-0.1613190637325353
0.07678063495523385	0.4052910970411679	-0.16248621061550497
0.0798584960302796	0.3939103076828557	-0.1607220700356677
0.08698705211437212	0.36594127088975203	-0.16181022301091455
0.09685406285775736	0.3272823963342801	-0.16751052362395702
0.10770445564938845	0.34891388897124553	-0.17131588116640636
0.1191744384973387	0.3709707152991723	-0.17691138123801609
0.13131465375255683	0.391115879601325	-0.17152359466558348
0.1448076514335114	0.4163730116524639	-0.7807701012074989
0.15797490237812103	0.4233721245663621
0.1725471085353138	0.3766972072113659
0.1887848721646526	0.3313953527006334
0.2070187961187671	0.28251982961195066
0.22276087364419553	0.2353631838580143
0.24269644322316725	0.1870835354653484
0.2624098538829592	0.1411190773734794
0.2871523884846817	0.09618208859079723
0.3073835632742549	0.05498603008503299
0.3300015982452214	0.016782584597674767
0.35427772702107196	-0.019105673458307885
0.3845095624090664	-0.05329255835264924
0.40717142010068785	-0.08367517390944477
0.4335360559552369	-0.11028203662308818
0.4611813599082326	-0.13523082032295647
0.4890800396218625	-0.14059216658728493
0.5160143595074265	-0.1446014768369309
0.5457480378407391	-0.14933474016395348
0.5745979472599858	-0.15464532385542304
0.5972062451237858	-0.16023418983074061
0.620397711798899	-0.16545330732455776
0.642879259528237	-0.17009429844719426
0.663215058185807	-0.17308752773411623
0.6783779225921353	-0.17082399042115576
0.6920814933724526	-0.15293349307472026
0.7021113340321041	-0.17683966508709845
0.7084571754141487
0.7112326672211639
0.708481328404061
0.7070186296423681
0.6992777645420132
0.6926680182176409
0.6819244282964533
0.6693167635262753
0.6551896752845865
0.6407664464736518
0.6246917940388297
0.6075605825141418
0.591263172818203
0.573375118745472
0.5567935941991631