0.03839411754616939	0.043286744014189665	0.1815591927440179	0.1247944970491198
-0.005783354426168048	0.05711924428248324	0.14617010898661392	0.10551444839250855
0.01412428980086131	0.07169588438497129	0.13159501732228635	0.017690145410529975
0.010851777485430631	0.09088721211489204	0.1462030165224462	0.05796210500580527
0.011368899827463577	0.11100765251206168	0.1490931775766494	0.01876908703063728
0.00995784219579952	0.13404412111792027	0.14741771704275158	-0.0017609308888333567
0.010852878013909707	0.16526569409964223	0.14073538569873442	-0.015463130981674546
0.012812338598908365	0.20441646399263508	0.13395676608821708	0.39269771618820104
0.01535882394237984	0.23739608568443168	0.1228902466571753	-0.3309268738776483
0.016793057902760443	0.24632653299208765	0.09714948507784986
0.018834340643556477	0.24538341485353313	0.06410721325384705
0.020806344100483157	0.24173062064813985	0.037407440008009094
0.022546219955107416	0.23209441806973577	0.01707025601760086
0.024616105144872304	0.2207486552457439	0.0011157268629526898
0.027081316197775672	0.20801336545411844	-0.009669424980861369
0.029743730005822012	0.18949474627445523	-0.014353276309264487
0.03142270140754603	0.1876508957730635	-0.01572853288094868
0.034371375032065714	0.19159794458515433	0.7261528031977917
0.03667445092133814	0.199353877051829	0.025964744700396985
0.03966101741712766	0.20311649429966544	-0.24152353068601567
0.04275407459783456	0.21830222972577862
0.04605024641493493	0.2007136342413259
0.04906414519592786	0.18421479138224348
0.05273176645009149	0.16782794643838259
0.05680346279426415	0.15141677480434082
0.060914312587495086	0.13552332202269998
0.06462719350942644	0.1195460709715826
0.06947384745712344	0.10327926842601011
0.07325687566153287	0.08916825852996063
0.07978986338156287	0.07499909225218794
0.08435427976859647	0.06141289034442624
0.08908663110132263	0.04953475018392139
0.09542807042328065	0.03759257421551959
0.10057100642305175	0.027383748310658783
0.109220074275711	0.018266273527836233
0.11304268419068614	0.01292111542391433
0.12056194306633002	0.010222003923297255
0.12637435908337372	0.007588820117009126
0.13434895797731802	0.004829525042254625
0.14478137300780522	0.001970436947344399
0.14944090335667812	-0.0009303516246185898
0.15544314943944396	-0.003792702814694903
0.16375295220048433	-0.006413343728104379
0.16951735640198712	-0.009129279580647812
0.17841583565882121	-0.0116497260492043
0.18366434403310777	-0.014018302377004785
0.1918245742493673	-0.016108677217366797
0.1962667882469719	-0.01823821932183918
0.20028329682463797	-0.019983411814378307
0.20663839542360965	-0.020721594966694488
0.21156268885234814	-0.020032214706066923
0.2124174403679816	-0.016788981227170246
0.2176716896159166	-0.10063374210472088
0.21895609929606208	0.12008441197577727
0.2184083113306254
0.21843182447655551
0.2200597393559737
0.21800482017528014
0.21809899687006495
0.21638311818822648
0.21415700642301153
0.2114390705901425
0.2081819855526278
0.20526759731666527
0.20147598667966585
0.19765091391493256
0.19412802566739204
0.18982108296737585
0.18541593085075686
0.18162866784145384
0.1771564381713442
0.17282429100014912
0.1684672830633351
0.16510739895493126
0.16026586301782883
0.1561126428838473
0.1526125477163949
0.148622967159071
0.1447485265511713
0.1415174611117938
0.13733533747191623
0.13380780408172702
0.13092827574559773
0.12779560903670498
0.12496899224656732
0.12195089988776227
0.11849493389746724
0.11584293182563969
0.11227083643698267
0.10904510256217291
0.10540161932320245