6.337524303169989e-6	0.00002853690798993537	0.00018356875140614537	0.000059739973258085674
6.822673355445753e-6	0.00003136059970535399	0.00018939978671779305	0.0000557645981283478
7.32788691764676e-6	0.000033511902826010286	0.00019296846340935683	0.000054691058849601464
7.967068099975678e-6	0.00003652490382441476	0.000197292572554229	0.00005731486754008933
8.472877858153863e-6	0.00003889369688107909	0.00018133684286999053	0.00005129450412145298
9.193195063020549e-6	0.000042583827322542494	0.00017330297230498543	0.00007060721337414551
0.00001016404400270439	0.000044803702073327817	0.00016078054405417496	0.00007169513081422651
0.000010254394968907586	0.0000474511271696558	0.00014545090349761278	0.00005341265534433046
0.000010832323391311108	0.000051344617207202924	0.00013161502501273593	0.00005452554374105998
0.00001141428328744797	0.000054250883355061174	0.00012164965123156274	0.000052461171634561196
0.000011978411299247557	0.00005726325280033239	0.00011957583906451083	0.00005236492481110957
0.000013345751914534198	0.00006516744620127152	0.00011979295178361378	0.00004561302504844292
0.000015171005550270627	0.00007784920829054145	0.00011796886752586232	0.00004598144881965438
0.000017311983467376585	0.00009263793059983027	0.00011492219584040799	0.00008750134351205962
0.000019646521578938867	0.00010716577423744474	0.00010908040623837403	0.0000950622016484498
0.000021690350568684322	0.00012626154706425283	0.0001035433517928295	0.00010163291993922695
0.000023879489621724207	0.00014115920121636325	0.00009668397850667823	0.00010989983160697672
0.000026665725100550295	0.00013636011652644193	0.00008909996042350872	0.00011220899051014682
0.000028961908350242865	0.00013575655575208206	0.00020002965796369696
0.000032125760584607673	0.00012551099986103648	0.0001903589577450226
0.0000348399826671157	0.00011409377931556092	0.0001743967474459449
0.000037682024549659136	0.00010302657107092603	0.00016347510170048525
0.00004156574889524629	0.00010514033919932108	0.00015049978376751013
0.00004478385866742558	0.00010828759040268791	0.00013948944553381347
0.00004815945736416179	0.00013497019473407114
0.00005284342550435272	0.00024232834824167057
0.0000558823776267104	0.00023854930567915027
0.00006101000095553995	0.000229581451130287
0.0000438587677647012	-1.939511377498421e-8	0.00022650216925545547
0.00007085668303065359	0.00021936973131831894
0.00007528086979579733	0.0002137922397584788
0.00008207510542291667	0.00020416560151086393
0.00008605320501294442	0.00019856605409759504
0.00009107431761706302	0.00019067173949311687
0.00009895828467974265	0.0001835310213940844
0.0001044137645951892	0.0001753122982262303
0.00011307888993176251	0.00016787119936492316
0.00006681704650678481	2.1918328162287724e-8	0.00016050238739917245
0.00012804580153057832	0.00015308771133400002
0.00013383848893776308
0.00014322006377714684
0.0001525331569518871
0.0001577118011849887
0.00016627550183921367
0.00017049859510043453
0.0001777043678398679
0.00018501430996596704
0.0001869601907197393
0.00019095353996541824
0.00019373121614085995
0.00019532748298987576
0.00019582921464397828
0.00019536130843525202
0.000194071140157355
0.00019211355717615032
0.00018963904635186597
0.00018691464454961918
0.0001836577444570771