3.0896447188967056	3.6454362517225065	3.937008835409456
3.088919336528062	3.6434511952762723	3.925487951012028
3.0881766814081213	3.6413973557274697
3.0874180688270014	3.639277286463425	3.92793762986121
3.086644711127289	3.637096144055746	3.9287503113023043
3.0858576963586795	3.6348590610130156	3.929322792548011
3.085058015157992	3.632565128045845	3.929026825665488
3.084246551046531	3.630225827646608	3.928304787963904
3.083424123950039	3.6278369434026345	3.92751464182391
3.0825915006838422	3.6254100283932655	3.9258356110319674
3.0817493448093813	3.6229374153592313	3.924199155857955
3.0800388937054777	3.617876773400675	3.9198775954490794
3.077415684288876	3.6100527671739098	3.919040112069552
3.0747336921804878	3.601992197665747	3.916392084837543
3.0720023149042484	3.5937656414987256	3.9088471623475542
3.0692287880313174	3.5850912854067474	3.899458847643093
3.0664188355641264	3.575797292070254	3.8873685956213726
3.06357706496668	3.566043607875927	3.8738994664747097
3.0607071561639727	3.5557149676782767	3.8584552328475143
3.057812007035637	3.5451964066829524	3.841927009491013
3.0548940911094937	3.535591533063079	3.8233094341543086
3.051955247423763	3.5259536918445153	3.8036907078456443
3.048997336041432	3.5163499071404285	3.7836972867216514
3.04602120128065	3.507029075238105	3.7721446497669966
3.0430282815960052	3.498214207521445	3.7771549954695653
3.040084905161673	3.4904959769224835
3.0372398690861964	3.4807769041601886
3.034374443291271	3.4709761612074654
3.0314889563735017	3.4611801799450346
3.0285849186581393	3.4511546981730867
3.0256633822182275	3.4412021053352086
3.022724026862044	3.4312583029862855
3.0197645277256955	3.421216434649436
3.016791325836972	3.4111884403221278
3.0138060470178063	3.4012031736535557
3.010797431467023	3.391319656513922
3.0077775271660565	3.3814618818178173
3.004745878961086	3.371681799845892
3.001698346858167	3.362165342328401
2.998650981580942	3.352754711988821
2.995566819302157	3.343586152705948
2.9924859794589693	3.3345102583421595
2.9893889511905405	3.325556627591751
2.986286338860247	3.316968324996198
2.9831664731886476	3.3085770413309534
2.980034811208691	3.3027692797585737
2.976893471194932	3.298924912307524
2.9737563587989486	3.2953385955995693
2.970578169536506	3.29202958660397
2.967406306262153	3.288966454108508
2.9642112690720936	3.2861647783108348
2.9610088768181733	3.2837823861362447
2.9577888130302643	3.281721614557237
2.954562627557896	3.2801953166680833
2.951299813640961	3.2801140282174575
2.9479885424164025	3.2855616452581606
2.944674488156694	3.456438855238724
2.9413292243368647