9.909039191861115	10.221805721550655	10.453694821356311	10.652551083181505
9.907820637183994	10.219127321258787	10.44877348132045	10.646924340078975
9.90659512601188	10.21668215785714	10.44372155540095	10.641645757239816
9.905363177560336	10.213784468485793	10.438826046142324	10.636303467417576
9.904125627732837	10.21110142823994	10.433901430959908	10.63180037791151
9.902882936350942	10.208480730715225	10.42894526516954	10.62621933479368
9.901635581952293	10.205810061493137	10.406518889332313
9.900383708804155	10.203142772799993	10.418354763492781	10.616989877277353
9.899128148484143	10.20035228191972	10.41324807399737	10.612479499048758
9.897869115420503	10.197637779128467	10.408105429722802	10.60875011343846
9.89660688336819	10.194759491282355	10.402923699092867	10.604174350925913
9.894073183258868	10.188957555873165	10.404057665812246
9.890254436215578	10.180098832119238	10.389855320200983
9.88641784963786	10.17056286405144	10.376491147443728
9.882568375087779	10.161413559601158	10.362955197104005
9.87870541212646	10.152598469141719	10.350012796331127
9.874832136068653	10.151393424580911
9.870949853919898	10.142882350182061
9.867069451048232	10.134532329264795
9.863174956524414	10.12596081260064
9.859274514038596	10.117166749279415
9.855368796186907	10.10846972662853
9.851465679417675	10.099527359780565
9.847584652649099	10.090364092168928
9.843675647556115	10.081787942803901
9.83988237041087	10.072716744753947
9.83615232952767	10.06432052995399
9.832520022180937	10.055538344934687
9.828884084809408
9.825140228871975
9.8215203742239
9.8179121258954
9.814113796655064
9.810466010948245
9.806776657044498
9.803016148282534
9.79915289472922
9.795156945859535
9.79100321028087
9.786674011924154
9.782223810962643
9.77747919178579
9.772551813831255
9.767376648837406
9.761953347056739
9.756306796827808











