9.451750174345364	9.99221475375769	10.292094086814256	10.514774526470548
9.449160725537846	9.983721810494815	10.274338982921428	10.487992201361239
9.44649500899211	9.975123090278261	10.256314979258999	10.43922936644319
9.443773061916444	9.966481680250627	10.238836477371764	10.434757555244214
9.441007162743004	9.957826221893834	10.221229351452841	10.407788501631085
9.438204377881268	9.949180571365265	10.203732480773564	10.384306333651027
9.435369100031902	9.940591460415376	10.186544490830958	10.362825534516833
9.432503883559182	9.93210384246019	10.170102556242577	10.2948491671203
9.429610152516739	9.923626219913315	10.154424420399208	10.51593600630339
9.426688543417303	9.914848939364239	10.13816574118148
9.423739543913035	9.9058285807065	10.120987619309341
9.4208213377424	9.896789825035077	10.104876140112758
9.417950142177665	9.8876391660299	10.09016015381738
9.415041665878716	9.878160016711329	10.076291756794273
9.412096490572177	9.868387650190902	10.064075277329163
9.409115151352697	9.858020638290325	10.055461788384852
9.406097784053005	9.848228936380458	10.050401789289468
9.403045479548013	9.838886033062515	10.064059172106798
9.399958185435104	9.829817880226486	10.059744757928215
9.396836735700198	9.82072245915077	10.233717404078108
9.393681445858768	9.81300495704706
9.390492811181641	9.802927881485891
9.38727094878164	9.792949740160175
9.384016934757794	9.78292562375432
9.380731115315294	9.77282416419128
9.377413744544201	9.76271689180042
9.374064687969852	9.752493196336937
9.370686221331148	9.742025317515324
9.367276061083443	9.731973038280254
9.363840459232637	9.721728838480475
9.360372303325825	9.711473537796863
9.356875439892116	9.701608114124456
9.353353998202971	9.691519914022535
9.349801744443505	9.681930642425865
9.34623343180953	9.672676973610193
9.34262226698186	9.665534577189081
9.338998338758714	9.660495962632936
9.335342047199532	9.65588110787023
9.331671144952631	9.651428134969231
9.3279922503538	9.647270746903134
9.324255441176291	9.643225182414982
9.320503800166025	9.639800531196297
9.31674709869566	9.636632365956352
9.312949573702085	9.633598836482816
9.309158397560216	9.631171208599357
9.30531512803013	9.629460737656297
9.301482930024346	9.628296922080276
9.297592206391968	9.627640305682695
9.29367650788397	9.6284375930111
9.28977322278852	9.631423483216015
9.285838787344055	9.639342132540676
9.281814239280177	9.657432800645417
9.27785615049683	9.80271559520498
9.273801823257582	9.536480343662069
9.269678010427603
9.265562081395364
9.26146872260182
9.257251234441402
9.253083469889157
9.248829993750665
9.244557024262544
9.240224539337598
9.235854265115082
9.231484710752037
9.227034240612307
9.222567285574362
9.218101807003444
9.213546977464862
9.208957656730119
9.204405799597026
9.199758232957796
9.195094096020808
9.190399537222298
9.185806806453435
9.18098425319472
9.176239317869475
9.171550569733592
9.166760553920268
9.161957538316084
9.157235480189444
9.152322043165759
9.147488622893693
9.142758284242703
9.137996709890745
9.13325656271796
9.128444904368205
9.12349710481028
9.118690873411124
9.113621469397835
9.108587496381393
9.103384702069352