9.924596099611108	10.257042898942782	10.514071180828498	10.733780504604958
9.923941349720023	10.25552098466753	10.512477856090094	10.740994671114334
9.923270391796354	10.253966603355709	10.509481028392743	10.72330852759222
9.922584426000947	10.252383646564466	10.507126176385732	10.719081031390626
9.9218845312832	10.250773392098782	10.504426126542821	10.714833819270707
9.921171693599463	10.249140432498306	10.501751123267377	10.675533187255423
9.92044679891567	10.24748317835959	10.499722182115015
9.919710675689675	10.245805943239425	10.495868667652068	10.70444046694064
9.918964049339065	10.244112557242113	10.492752346214964	10.698367610579535
9.918207605839248	10.242399946753798	10.489656504797166	10.661800572340734
9.917441954713556	10.240671590547853	10.48670994125063	10.694767136512176
9.915885278581397	10.237179236008224	10.480758730367805	10.688846013698235
9.913493857783012	10.231858681198293	10.475019546895837
9.911044318285956	10.226472962927716	10.461804525761796	10.668554957254651
9.908545161362055	10.22102792905791	10.451642528840798	10.658536771910677
9.90600286113731	10.215600551984867	10.448338061727078
9.903422853638848	10.210096842086342	10.438975934268436
9.900809782875799	10.204146132594857	10.429983609771856
9.89816621549774	10.199546029188898
9.895496316404444	10.191724706636165	10.411401402046922
9.89280081450208	10.189352081600386
9.890082244898473	10.178152613983098	10.39183003006776
9.887344513148644	10.171760945818527	10.382888491928902
9.884584959000383	10.165386157516735	10.373843381754437
9.881806541666048	10.158794287339235	10.363928710940804
9.879076616753077	10.161058583625785
9.876428186410752	10.155410796847141
9.873768635334796	10.149538062744082
9.871081369839224	10.143592950760777
9.868389247683965	10.13751311783916
9.865666437796664	10.131655416580326
9.862949774241779	10.125083760586557
9.860187199437567	10.119214976364633
9.857416857271886	10.112875895605873
9.854673020366072	10.106659762224796
9.851879801793261	10.100091461337913
9.849135119695905	10.093651665833272
9.84632425544658	10.087126934184662
9.843589174946233	10.080441665782207
9.840871400791086
9.838172934302788
9.83565450392616
9.832490843626951
9.829791219100041
9.826897519470691
9.82416791462332
9.82145801694833
9.818426464964647
9.81553844662568
9.812559085937432
9.809467245535668
9.806245100439849
9.802879088792519
9.799360595776731
9.795685917469031
9.79185560174985
9.787831235181956
9.783575269407297