9.885747125774733	10.1699991569996	10.372449752759824
9.883959912753843	10.165793434691311	10.36601229684058
9.882173838235984	10.1661011765337
9.880389392396781	10.157135561714286	10.353454148352354
9.878607923551865	10.152918221663713	10.347028947373673
9.87682658643544	10.148786355757252	10.34039599662289
9.87504758814947	10.144788815742793	10.334359139384128
9.873272754281684	10.140792430251233	10.328048574591424
9.871497312077658	10.136672195744078	10.32169778302423
9.869724837176856	10.139853374711894
9.867953440362433	10.13608514258299
9.864423582290316	10.12851515409198
9.859134692633779	10.116890629023372
9.853875599320753	10.105296414943645
9.848640416086178	10.093382231007821
9.843430612476864	10.081701955425956
9.83836517445378	10.069514368817494
9.8330797118679	10.057951933450811
9.828014324899067	10.04609478306725
9.82293854488825	10.03407239279733
9.817859051776832
9.81296965413163
9.807936128291256
9.802949237013522
9.79812780085533
9.793268194198134
9.788214566927147
9.783230119949494
9.778027666590917
9.772723224441759
9.767052175250418


























