9.885747125780064	10.169999158575116	10.372449752404203
9.883959912754003	10.165793434692452	10.366012306582858
9.882173838235497	10.161441174613149	10.35978420491879
9.880389392371821	10.15713556184745	10.35345405661647
9.878607923551865	10.157464231832812
9.87682658643544	10.148786355803901	10.340395996413964
9.875047588434276	10.144788815827951	10.334079926721657
9.873334425399793	10.140792431106599	10.328048574165651
9.871484246012574	10.143303597347904
9.869724837183787	10.139853379369736
9.867953440359697	10.136085142534123
9.864423582364138	10.12851515409198
9.859134692536005	10.116890629029285
9.853875599320753	10.105296415023606
9.848640416071493	10.093382231203329
9.843430612476864	10.08170195530619
9.838248101200337	10.069713885835826
9.83307971186464	10.057809930966213
9.828014324899295	10.046094780635205
9.82293854488825	10.034105452056835
9.817859051825755
9.812838131191437
9.807936128294271
9.802949237025215
9.79812780085533
9.793268194441465
9.788214566978663
9.783230120095112
9.778027666590917
9.772723224441759
9.767052175250418


























