9.924596099606608	10.257042898939979	10.513931577530451	10.725088677887289
9.923941349720023	10.255520984662889	10.511783504980793	10.720870488928192
9.923270391795965	10.253966603326457	10.509481028392743	10.717475152062319
9.922584426000947	10.252383646474039	10.507126176352827	10.714966954772896
9.9218845312832	10.250773392095716	10.504426126552294	10.710488106065208
9.921171700139002	10.249140432498306	10.501751123159739	10.71164285197387
9.9204468598772	10.247483178359657	10.498897017466062	10.708641509679882
9.919710675689693	10.24580594319637	10.495868666041488	10.701402398548248
9.918964049339083	10.244112557236186	10.492752346595946	10.698367601804565
9.918207605839248	10.242399946852421	10.489656500826216	10.694549997755768
9.917441954713556	10.24067159040427	10.486709941249787	10.691053187274365
9.91588527900882	10.237179235940243	10.480758730367805	10.68261046370789
9.913493857783301	10.23185868096914	10.471471240250388	10.671237345405082
9.911044318285926	10.226472962924783	10.461804525698328	10.66855495680033
9.908545161360854	10.22102792905791	10.451642528917606	10.658536772988535
9.90600286113959	10.215600552011487	10.441245832369052	10.64875451655726
9.903422853635929	10.21009684209259	10.430392577173599	10.64090721747186
9.900809782876424	10.204146132604373	10.419343925579634	10.633184583224887
9.898166215337216	10.198164801651837	10.420599650200318
9.895496316404444	10.191724706729818	10.411401402074192
9.892800814502083	10.18506140020035	10.401366802468367
9.890082244898139	10.17815261437166	10.392369497782258
9.887344513148644	10.171760945830556	10.382888486975709
9.884584959084583	10.165386157575636	10.37384354584169
9.881806541633495	10.141255946500086
9.879076616932673	10.161058583708407
9.876428186410752	10.155410796438204
9.873768635334796	10.149156400836599
9.871030303732013	9.883604391080777	10.143592951011216
9.868389247683965	10.137513117841259
9.865666437798854	10.131655416593311
9.862949774241779	10.125083760586557
9.860187199452948	10.119214976157185
9.857416857269538	10.112875895721421
9.85467302038501	10.10665976240598
9.851879801792998	10.100091460923862
9.84913511969686	10.093651665141953
9.845855517287728	9.864059206990788	10.087126909809601
9.843589174946471	10.080433727985564
9.84076333881907
9.83804363220439
9.835341716833145
9.83249084362805
9.829791219156157
9.826897519560264
9.824167914623395
9.821458017122007
9.818426464966848
9.81553844662568
9.812559085947752
9.809467245537737
9.806245100448546
9.802879088803362
9.799360595796864
9.7956859175071
9.79185560422186
9.787831235381592
9.783666737763314