7.470311984494037	0.533040023940681
6.912614885961078	0.47985897156850177
6.7280696354497165	0.4611278536148765
6.256523004262561	0.41662050873570977
5.840408241675544	0.37533735599808526
5.468575001329647	0.33760507920537486
5.137431971356044	0.30321837403567437
4.740189818689335	0.25977844231064606
4.3907634553573045	0.22064714384055606
4.050550963804698	0.1811444534748066
3.752023153022094	0.14604598442331848
3.4883935621793425	0.11404490603915327
3.2524643163086875	0.08549400922288229
3.041025349047921	0.059611365389886734
2.8507269567056865	0.03840530667890287
2.6781821682010025	0.019665922488647073
2.5212426793762126	0.004080955956333776
2.3773432768703877	0.00022450464081591708
2.801020605823384	0.03883201562082723
2.631450244579275	0.020843421845090408
2.4780219033274196	0.005223072199196477
2.3395060528610268	0.0003108410388639407
2.212999728649891	0.00019472041338226278
2.0957633308404393	0.00019917912254297825
1.987564200408857	0.00025036557569843365
1.8794216667033863	0.00039855743852125854
1.7798464506122766	0.0008981985662895022
1.6884054215596807	0.0032792746500748577
1.6041297901751568	0.8456750066249372
1.5259303511581648
1.454046490314894
1.387005616439867
1.3246393475181109
1.26603849082189
1.2123241844900894
1.1615178406852988
1.2745630701683863
1.2169972840773386
1.1636729151395453
1.1135543309358424
1.0671050536307376
1.0232488126480745
0.9821982066407157
0.9414744082265837
0.9043585965049916
0.869056284176613
0.8356089006907325
0.8051469568662296
0.7761901735296499
0.7489331022823243
0.7232240735256433
0.6990796724105708
0.6763955077383996