0.4785864805132588	0.20501453694943453
0.4778916180422947	0.19434155936925662
0.47254346410420445	0.19125781460975455
0.47249313163029133	0.1903606804684826
0.47219670205506103	0.19735098722164385
0.4719259261565782	0.20326237178534987
0.47150043010631754	0.2077638655757922
0.46972784571226883	0.21281964705093892
0.4685944382462675	0.21445300828863104
0.46757905026932683	0.21330639896927717
0.46630359952008626	0.20877960270376963
0.46475050770078746	0.20183439161896766
0.46273935740477706	0.19271661442378096
0.4606161802738208	0.18176846156804957
0.45861631022958804	0.16883587691017063
0.4558295673770853	0.15513664299172433
0.453518788359618	0.14093694509070898
0.4503543666199599	0.12485223273229086
0.4287949466583506	0.1651543008200687
0.4293585439067763	0.1511718529252074
0.4276456023544166	0.13739636026838245
0.4263503376976916	0.12204524285058967
0.42589335502316805	0.10729932681180285
0.4235829826958906	0.0937480500474218
0.42229889828643147	0.08117413513633924
0.42337974970521236	0.0685109825204366
0.4236205765639238	0.05662820378398141
0.4244771974894988	0.043413926444105896
0.4260971708976542	1.5646551426505
0.42919752623126367
0.43078639711207195
0.43390157301366183
0.43757592980116844
0.44240071425325256
0.4459122941758038
0.4506932893977019
0.4148885333578693
0.4215257243059447
0.42796244247837895
0.43496021911535837
0.44140770841341115
0.4484212884818349
0.4551659421239576
0.46291852164009817
0.4685947034516469
0.4751811227021335
0.48205776489668556
0.4870376469226063
0.49210145813612827
0.4970553419541331
0.5019682759564184
0.506232678011087
0.5101212163309378