0.04013134536242964	0.2768053142537336
0.04363301577595351	0.2937964068103716
0.04502058604168317	0.30140745668435703
0.0487691267594049	0.3149429892176289
0.05271116518691826	0.3278943776915677
0.0568126299679909	0.3411606520014544
0.0610257732693835	0.3547165148493847
0.06715657702214217	0.3744319382628717
0.07332545409799199	0.3946612250759394
0.0806343837490745	0.4174894098544878
0.0882707356391545	0.44028675851840726
0.09621001860572534	0.46339273407358084
0.10462456769700015	0.4860517215637144
0.11317369519595503	0.5085020077507194
0.12193409150677849	0.5290066078533111
0.13107165359039039	0.5487265631158549
0.1401359122454217	0.5669141883393394
0.14970835437413088	0.5772558021712005
0.12906625754883017	0.5459111374124282
0.13813901922959737	0.5654727824898509
0.14813774638026148	0.5838141419528944
0.15775651695098378	0.594840138024505
0.1667295045718227	0.6022226927452284
0.1766878836012547	0.6091638064811832
0.18615822391760609	0.6156819745439793
0.19503896523550232	0.6217327453409845
0.20433818032747808	0.6269045967201594
0.21313768543720907	0.629835764052152
0.2210965246816444	-0.212380250650556
0.2287203298160972
0.23560649564865924
0.24212699191540268
0.24808395746443307
0.25384020341678404
0.2583573006996841
0.26292568028934177
0.2651279815171121
0.2703126489781593
0.2747602453392342
0.2790142602092832
0.2825459171483046
0.28592453385123034
0.2888626806193095
0.29138119523770856
0.29315008283754856
0.29496492959681603
0.2967232382717969
0.2978020260754795
0.29895651036530485
0.29991018398347585
0.3006781443816601
0.30137253150942794
0.30190812345208756