0.12226235185730158	0.34836340183811254
0.1335850862439717	0.36254765755540563
0.14101201595574833	0.3754907493720005
0.15291056410378184	0.3569463468095204
0.16666753883869373	0.3179508171535509
0.18099419362239622	0.2780454492873181
0.19572535754831283	0.23907140572642055
0.21894823126324253	0.1862128685931917
0.23967250297329482	0.1368324352057756
0.2652660185921827	0.08424535055606916
0.2915225197263424	0.037101400236685414
0.31819180719640944	-0.006250710005469771
0.3464309778924891	-0.045720314947026025
0.37407913392019715	-0.08164226253610084
0.40011267707403775	-0.11124175860433122
0.4279057895580447	-0.1381289144414191
0.4526357555764633	-0.1615418118755898
0.4789380700120599	-0.16924874028025977
0.46920331566735257	-0.11301175157010761
0.49307752420056006	-0.14262377991760486
0.5228788963595375	-0.16975548000088977
0.5484331683044377	-0.1803594099705235
0.5687339775367959	-0.1845625348306797
0.5931524836420743	-0.18880765245289444
0.6120698568590492	-0.19267807024792252
0.622768680429283	-0.19563753984539886
0.6336722139730253	-0.19612228128147063
0.6405795699806626	-0.18605217494206414
0.6432003600125769	-2.3553108935259397
0.6404630606461615
0.6395536111794329
0.6336458641601825
0.6251569766211368
0.6131936691385184
0.6026257669587322
0.5889349467595414
0.720210041248772
0.7035313978466178
0.686110406062216
0.6666599304384364
0.6476208943865781
0.6270268051217616
0.6064859450622814
0.5819097417845535
0.560859395662704
0.5383907108544712
0.5155050194475205
0.49574939694521974
0.4761846050032869
0.45694944400887405
0.4379665382195444
0.42024800084196134
0.4033831142493925