3.047727063814652	3.515813303089783
3.0439580745962163	3.5053344778568474
3.0400688334491495	3.4941984731905475
3.036332973629465	3.4834903375244832
3.032618267198468	3.471983152511453
3.028927161543706	3.4606227295668535
3.025255594989774	3.449382831898062
3.019746876058843	3.4327188372427533
3.0142796203131637	3.41663693656264
3.008906404837415	3.400938349606835
3.0035785359765965	3.3859145256240004
2.998292511533647	3.3713327212262016
2.993055732836039	3.3574044455572802
2.9878608161737303	3.3439506354336106
2.982701122518269	3.3315595218865193
2.9775867850351907	3.3196329855444753
2.972505264023201	3.3084156536383755
2.967473968402004	3.302283812513412
2.95923620901985	3.2786232445882932
2.9540768937973723	3.268024864192172
2.949035151641716	3.257749785905888
2.9441379244401373	3.251800811249735
2.9392338030640612	3.248065010134379
2.9343636048900117	3.24482023814998
2.9294907946883444	3.242092526105441
2.924708724409164	3.2410456424740754
2.9199444737579494	3.2407251843481957
2.9151685410165484	3.2434437591853853
2.910392777948876	3.3435016411578315
2.9055812880363043
2.9008074851384493
2.895990869412379
2.8911552535813496
2.886278583828608
2.881446660479174
2.876546460675855
2.865610474685952
2.8605872791456277
2.8555477777461036
2.850468820267191
2.8453769808272287
2.8402281945427887
2.835064801154579
2.8300259626850743
2.8250726090756486
2.820016480092147
2.814914135856742
2.8099230955783905
2.8048867913721107
2.7998387652959074
2.7947762387536117
2.789757029036872
2.78475318462538