0.01	-10.346600775762075
0.02	-5.344447686559484
0.03	-3.7120597533723974
0.04	-2.919283025041871
0.05	-2.4603308315143386
0.06	-2.1667891146307587
0.07	-1.966619216903999
0.08	-1.8239101612836326
0.09	-1.7187973327946808
0.1	-1.6394309589467546
0.11	-1.5783262363690103
0.12	-1.530539062586152
0.13	-1.492684288251204
0.14	-1.4623751744887648
0.15	-1.4378874470672902
0.16	-1.4179496478991236
0.17	-1.4016077468515469
0.18	-1.3881351076976893
0.19	-1.3769710758300644
0.2	-1.3676781506619693
0.21	-1.3599115312876255
0.22	-1.3533970843750718
0.23	-1.3479151589878844
0.24	-1.343288532708041
0.25	-1.3393733234965057
0.26	-1.3360520612752824
0.27	-1.3332283528180644
0.28	-1.3308227360431253
0.29	-1.328769431805375
0.3	-1.327013779626242
0.31	-1.3255101993451488
0.32	-1.3242205605542166
0.33	-1.32311287064082
0.34	-1.3221602135251116
0.35	-1.3213398869452706
0.36	-1.3206326979420377
0.37	-1.320022385100828
0.38	-1.3194951428877695
0.39	-1.319039228613235
0.4	-1.318644636569756
0.41	-1.3183028270109447
0.42	-1.3180065000782664
0.43	-1.3177494067023872
0.44	-1.3175261900246626
0.45	-1.317332252092096
0.46	-1.3171636415442076
0.47	-1.3170169587850022
0.48	-1.316889275757843
0.49	-1.3167780679467034
0.5	-1.3166811566381975
0.51	-1.3165966598139562
0.52	-1.3165229503172435
0.53	-1.3164586201629551
0.54	-1.3164024500456823
0.55	-1.3163533832537904
0.56	-1.3163105033244311
0.57	-1.3162730148798616
0.58	-1.3162402271732536
0.59	-1.3162115399454637
0.6	-1.316186431255546
0.61	-1.3161644469991802
0.62	-1.3161451918723661
0.63	-1.3161283215740744
0.64	-1.316113536072182
0.65	-1.3161005737829115
0.66	-1.316089206535887
0.67	-1.316079235215489
0.68	-1.316070485984941
0.69	-1.3160628070129539
0.7	-1.316056065634158
0.71	-1.3160501458842675
0.72	-1.3160449463592123
0.73	-1.316040378354568
0.74	-1.3160363642476653
0.75	-1.3160328360899678
0.76	-1.3160297343817409
0.77	-1.3160270070048754
0.78	-1.3160246082929945
0.79	-1.3160224982208064
0.8	-1.316020641697094
0.81	-1.31601900794782
0.82	-1.3160175699776335
0.83	-1.3160163040996298
0.84	-1.3160151895245416
0.85	-1.3160142080017203
0.86	-1.3160133435052617
0.87	-1.316012581959499
0.88	-1.3160119109988464
0.89	-1.3160113197576226
0.9	-1.3160107986860516
0.91	-1.3160103393891323
0.92	-1.3160099344854888
0.93	-1.31600957748369
0.94	-1.3160092626738429
0.95	-1.3160089850325483
0.96	-1.3160087401395495
0.97	-1.3160085241046153
0.98	-1.3160083335033859
0.99	-1.316008165321066
1.	-1.3160080169029975
1.01	-1.316007885911258
1.02	-1.3160077702865418
1.03	-1.3160076682146755
1.04	-1.3160075780971956
1.05	-1.3160074985254913
1.06	-1.3160074282580752
1.07	-1.3160073662006013
1.08	-1.3160073113882906
1.09	-1.3160072629704775
1.1	-1.3160072201970114
1.11	-1.3160071824062956
1.12	-1.3160071490147587
1.13	-1.3160071195075895
1.14	-1.3160070934305794
1.15	-1.3160070703829414
1.16	-1.3160070500109853
1.17	-1.3160070320025476
1.18	-1.3160070160820856
1.19	-1.3160070020063537
1.2	-1.316006989560596
1.21	-1.316006978555188
1.22	-1.3160069688226796
1.23	-1.316006960215187
1.24	-1.316006952602092
1.25	-1.316006945868017
1.26	-1.3160069399110357
1.27	-1.3160069346410967
1.28	-1.3160069299786326
1.29	-1.3160069258533333
1.3	-1.3160069222030635
1.31	-1.316006918972907
1.32	-1.3160069161143242
1.33	-1.3160069135844077
1.34	-1.3160069113452266
1.35	-1.316006909363245
1.36	-1.3160069076088117
1.37	-1.3160069060557076
1.38	-1.3160069046807468
1.39	-1.3160069034634243
1.4	-1.3160069023856042
1.41	-1.3160069014312452
1.42	-1.3160069005861574
1.43	-1.316006899837788
1.44	-1.3160068991750316
1.45	-1.3160068985880622
1.46	-1.316006898068186
1.47	-1.3160068976077097
1.48	-1.3160068971998253
1.49	-1.316006896838508
1.5	-1.3160068965184246
1.51	-1.3160068962348561
1.52	-1.3160068959836244
1.53	-1.3160068957610311
1.54	-1.3160068955638022
1.55	-1.3160068953890396
1.56	-1.3160068952341768
1.57	-1.3160068950969417
1.58	-1.316006894975322
1.59	-1.3160068948675363
1.6	-1.316006894772007
1.61	-1.3160068946873362
1.62	-1.3160068946122871
1.63	-1.3160068945457633
1.64	-1.3160068944867935
1.65	-1.3160068944345182
1.66	-1.3160068943881755
1.67	-1.3160068943470904
1.68	-1.3160068943106649
1.69	-1.3160068942783694
1.7	-1.3160068942497345
1.71	-1.3160068942243441
1.72	-1.3160068942018301
1.73	-1.3160068941818657
1.74	-1.3160068941641614
1.75	-1.316006894148461
1.76	-1.316006894134537
1.77	-1.3160068941221883
1.78	-1.316006894111236
1.79	-1.3160068941015217
1.8	-1.3160068940929055
1.81	-1.316006894085263
1.82	-1.3160068940784837
1.83	-1.31600689407247
1.84	-1.3160068940671354
1.85	-1.316006894062403
1.86	-1.3160068940582046
1.87	-1.3160068940544798
1.88	-1.3160068940511753
1.89	-1.3160068940482432
1.9	-1.316006894045642
1.91	-1.3160068940433338
1.92	-1.3160068940412857
1.93	-1.3160068940394682
1.94	-1.3160068940378555
1.95	-1.3160068940364247
1.96	-1.3160068940351546
1.97	-1.3160068940340277
1.98	-1.3160068940330274
1.99	-1.3160068940321399
2.	-1.316006894031352
2.01	-1.3160068940306529
2.02	-1.3160068940300322
2.03	-1.3160068940294813
2.04	-1.3160068940289924
2.05	-1.3160068940285585
2.06	-1.3160068940281733
2.07	-1.3160068940278313
2.08	-1.3160068940275278
2.09	-1.3160068940272582
2.1	-1.316006894027019
2.11	-1.3160068940268066
2.12	-1.316006894026618
2.13	-1.3160068940264507
2.14	-1.316006894026302
2.15	-1.3160068940261702
2.16	-1.316006894026053
2.17	-1.316006894025949
2.18	-1.3160068940258567
2.19	-1.3160068940257745
2.2	-1.3160068940257017
2.21	-1.316006894025637
2.22	-1.3160068940255798
2.23	-1.3160068940255287
2.24	-1.3160068940254834
2.25	-1.3160068940254432
2.26	-1.3160068940254075
2.27	-1.3160068940253757
2.28	-1.3160068940253475
2.29	-1.3160068940253227
2.3	-1.3160068940253005
2.31	-1.3160068940252807
2.32	-1.3160068940252632
2.33	-1.3160068940252476
2.34	-1.3160068940252339
2.35	-1.3160068940252214
2.36	-1.3160068940252105
2.37	-1.3160068940252008
2.38	-1.3160068940251923
2.39	-1.3160068940251846
2.4	-1.316006894025178
2.41	-1.3160068940251717
2.42	-1.3160068940251664
2.43	-1.3160068940251617
2.44	-1.3160068940251575
2.45	-1.3160068940251537
2.46	-1.3160068940251504
2.47	-1.3160068940251475
2.48	-1.3160068940251448
2.49	-1.3160068940251424
2.5	-1.3160068940251404
2.51	-1.3160068940251384
2.52	-1.3160068940251368
2.53	-1.3160068940251353
2.54	-1.3160068940251342
2.55	-1.3160068940251328
2.56	-1.316006894025132
2.57	-1.316006894025131
2.58	-1.3160068940251302
2.59	-1.3160068940251295
2.6	-1.3160068940251288
2.61	-1.3160068940251282
2.62	-1.3160068940251277
2.63	-1.3160068940251273
2.64	-1.3160068940251268
2.65	-1.3160068940251266
2.66	-1.3160068940251262
2.67	-1.316006894025126
2.68	-1.3160068940251257
2.69	-1.3160068940251255
2.7	-1.3160068940251253
2.71	-1.316006894025125
2.72	-1.316006894025125
2.73	-1.3160068940251248
2.74	-1.3160068940251246
2.75	-1.3160068940251246
2.76	-1.3160068940251244
2.77	-1.3160068940251244
2.78	-1.3160068940251244
2.79	-1.3160068940251242
2.8	-1.3160068940251242
2.81	-1.3160068940251242
2.82	-1.3160068940251242
2.83	-1.3160068940251242
2.84	-1.316006894025124
2.85	-1.316006894025124
2.86	-1.316006894025124
2.87	-1.316006894025124
2.88	-1.316006894025124
2.89	-1.316006894025124
2.9	-1.316006894025124
2.91	-1.316006894025124
2.92	-1.316006894025124
2.93	-1.3160068940251237
2.94	-1.3160068940251237
2.95	-1.3160068940251237
2.96	-1.3160068940251237
2.97	-1.3160068940251237
2.98	-1.3160068940251237
2.99	-1.3160068940251237
3.	-1.3160068940251237
3.01	-1.3160068940251237
3.02	-1.3160068940251237
3.03	-1.3160068940251237
3.04	-1.3160068940251237
3.05	-1.3160068940251237
3.06	-1.3160068940251237
3.07	-1.3160068940251237
3.08	-1.3160068940251237
3.09	-1.3160068940251237
3.1	-1.3160068940251237
3.11	-1.3160068940251237
3.12	-1.3160068940251237
3.13	-1.3160068940251237
3.14	-1.3160068940251237
3.15	-1.3160068940251237
3.16	-1.3160068940251237
3.17	-1.3160068940251237
3.18	-1.3160068940251237
3.19	-1.3160068940251237
3.2	-1.3160068940251237
3.21	-1.3160068940251237
3.22	-1.3160068940251237
3.23	-1.3160068940251237
3.24	-1.3160068940251237
3.25	-1.3160068940251237
3.26	-1.3160068940251237
3.27	-1.3160068940251237
3.28	-1.3160068940251237
3.29	-1.3160068940251237
3.3	-1.3160068940251237
3.31	-1.3160068940251237
3.32	-1.3160068940251237
3.33	-1.3160068940251237
3.34	-1.3160068940251237
3.35	-1.3160068940251237
3.36	-1.3160068940251237
3.37	-1.3160068940251237
3.38	-1.3160068940251237
3.39	-1.3160068940251237
3.4	-1.3160068940251237
3.41	-1.3160068940251237
3.42	-1.3160068940251237
3.43	-1.3160068940251237
3.44	-1.3160068940251237
3.45	-1.3160068940251237
3.46	-1.3160068940251237
3.47	-1.3160068940251237
3.48	-1.3160068940251237
3.49	-1.3160068940251237
3.5	-1.3160068940251237
3.51	-1.3160068940251237
3.52	-1.3160068940251237
3.53	-1.3160068940251237
3.54	-1.3160068940251237
3.55	-1.3160068940251237
3.56	-1.3160068940251237
3.57	-1.3160068940251237
3.58	-1.3160068940251237
3.59	-1.3160068940251237
3.6	-1.3160068940251237
3.61	-1.3160068940251237
3.62	-1.3160068940251237
3.63	-1.3160068940251237
3.64	-1.3160068940251237
3.65	-1.3160068940251237
3.66	-1.3160068940251237
3.67	-1.3160068940251237
3.68	-1.3160068940251237
3.69	-1.3160068940251237
3.7	-1.3160068940251237
3.71	-1.3160068940251237
3.72	-1.3160068940251237
3.73	-1.3160068940251237
3.74	-1.3160068940251237
3.75	-1.3160068940251237
3.76	-1.3160068940251237
3.77	-1.3160068940251237
3.78	-1.3160068940251237
3.79	-1.3160068940251237
3.8	-1.3160068940251237
3.81	-1.3160068940251237
3.82	-1.3160068940251237
3.83	-1.3160068940251237
3.84	-1.3160068940251237
3.85	-1.3160068940251237
3.86	-1.3160068940251237
3.87	-1.3160068940251237
3.88	-1.3160068940251237
3.89	-1.3160068940251237
3.9	-1.3160068940251237
3.91	-1.3160068940251237
3.92	-1.3160068940251237
3.93	-1.3160068940251237
3.94	-1.3160068940251237
3.95	-1.3160068940251237
3.96	-1.3160068940251237
3.97	-1.3160068940251237
3.98	-1.3160068940251237
3.99	-1.3160068940251237
4.	-1.3160068940251237
4.01	-1.3160068940251237
4.02	-1.3160068940251237
4.03	-1.3160068940251237
4.04	-1.3160068940251237
4.05	-1.3160068940251237
4.06	-1.3160068940251237
4.07	-1.3160068940251237
4.08	-1.3160068940251237
4.09	-1.3160068940251237
4.1	-1.3160068940251237
4.11	-1.3160068940251237
4.12	-1.3160068940251237
4.13	-1.3160068940251237
4.14	-1.3160068940251237
4.15	-1.3160068940251237
4.16	-1.3160068940251237
4.17	-1.3160068940251237
4.18	-1.3160068940251237
4.19	-1.3160068940251237
4.2	-1.3160068940251237
4.21	-1.3160068940251237
4.22	-1.3160068940251237
4.23	-1.3160068940251237
4.24	-1.3160068940251237
4.25	-1.3160068940251237
4.26	-1.3160068940251237
4.27	-1.3160068940251237
4.28	-1.3160068940251237
4.29	-1.3160068940251237
4.3	-1.3160068940251237
4.31	-1.3160068940251237
4.32	-1.3160068940251237
4.33	-1.3160068940251237
4.34	-1.3160068940251237
4.35	-1.3160068940251237
4.36	-1.3160068940251237
4.37	-1.3160068940251237
4.38	-1.3160068940251237
4.39	-1.3160068940251237
4.4	-1.3160068940251237
4.41	-1.3160068940251237
4.42	-1.3160068940251237
4.43	-1.3160068940251237
4.44	-1.3160068940251237
4.45	-1.3160068940251237
4.46	-1.3160068940251237
4.47	-1.3160068940251237
4.48	-1.3160068940251237
4.49	-1.3160068940251237
4.5	-1.3160068940251237
4.51	-1.3160068940251237
4.52	-1.3160068940251237
4.53	-1.3160068940251237
4.54	-1.3160068940251237
4.55	-1.3160068940251237
4.56	-1.3160068940251237
4.57	-1.3160068940251237
4.58	-1.3160068940251237
4.59	-1.3160068940251237
4.6	-1.3160068940251237
4.61	-1.3160068940251237
4.62	-1.3160068940251237
4.63	-1.3160068940251237
4.64	-1.3160068940251237
4.65	-1.3160068940251237
4.66	-1.3160068940251237
4.67	-1.3160068940251237
4.68	-1.3160068940251237
4.69	-1.3160068940251237
4.7	-1.3160068940251237
4.71	-1.3160068940251237
4.72	-1.3160068940251237
4.73	-1.3160068940251237
4.74	-1.3160068940251237
4.75	-1.3160068940251237
4.76	-1.3160068940251237
4.77	-1.3160068940251237
4.78	-1.3160068940251237
4.79	-1.3160068940251237
4.8	-1.3160068940251237
4.81	-1.3160068940251237
4.82	-1.3160068940251237
4.83	-1.3160068940251237
4.84	-1.3160068940251237
4.85	-1.3160068940251237
4.86	-1.3160068940251237
4.87	-1.3160068940251237
4.88	-1.3160068940251237
4.89	-1.3160068940251237
4.9	-1.3160068940251237
4.91	-1.3160068940251237
4.92	-1.3160068940251237
4.93	-1.3160068940251237
4.94	-1.3160068940251237
4.95	-1.3160068940251237
4.96	-1.3160068940251237
4.97	-1.3160068940251237
4.98	-1.3160068940251237
4.99	-1.3160068940251237
5.	-1.3160068940251237