0.01	-10.285052984608182
0.02	-5.225931714140552
0.03	-3.5407811070471036
0.04	-2.6991055288272516
0.05	-2.1948061238479326
0.06	-1.85918349527458
0.07	-1.6199380879900214
0.08	-1.4409202843856714
0.09	-1.302047103012176
0.1	-1.1912688780869687
0.11	-1.1009177502216954
0.12	-1.0258819118238383
0.13	-0.9626225085011489
0.14	-0.9086118684668676
0.15	-0.8619964402114703
0.16	-0.8213861285738213
0.17	-0.7857179828115022
0.18	-0.7541653220035245
0.19	-0.7260755577151966
0.2	-0.7009266698830061
0.21	-0.6782961181791558
0.22	-0.6578382321118939
0.23	-0.6392674993765186
0.24	-0.6223460321336495
0.25	-0.6068740413948515
0.26	-0.5926825096402979
0.27	-0.5796274917562109
0.28	-0.5675856372119048
0.29	-0.5564506386942367
0.3	-0.54613039102586
0.31	-0.5365446999804163
0.32	-0.5276234207045228
0.33	-0.5193049346176589
0.34	-0.5115348951031568
0.35	-0.5042651882319109
0.36	-0.4974530667067337
0.37	-0.49106042425573554
0.38	-0.48505318460239855
0.39	-0.47940078444716094
0.4	-0.4740757340083693
0.41	-0.46905324188062947
0.42	-0.4643108934908733
0.43	-0.4598283744268167
0.44	-0.45558723149891023
0.45	-0.45157066566602533
0.46	-0.44776335197594436
0.47	-0.4441512824970783
0.48	-0.44072162888843147
0.49	-0.43746262180226186
0.5	-0.4343634447627732
0.51	-0.43141414053385085
0.52	-0.42860552829454523
0.53	-0.4259291301947888
0.54	-0.4233771060753164
0.55	-0.4209421953126398
0.56	-0.4186176648983745
0.57	-0.41639726298723356
0.58	-0.41427517725361285
0.59	-0.4122459974861963
0.6	-0.41030468192608666
0.61	-0.4084465269188212
0.62	-0.4066671395060689
0.63	-0.4049624126303254
0.64	-0.4033285026667582
0.65	-0.40176180903153735
0.66	-0.40025895564637043
0.67	-0.39881677406526445
0.68	-0.3974322880923589
0.69	-0.39610269973951917
0.7	-0.39482537638967263
0.71	-0.39359783904697215
0.72	-0.39241775156808334
0.73	-0.39128291078047944
0.74	-0.39019123740379996
0.75	-0.38914076769928657
0.76	-0.38812964578020204
0.77	-0.38715611652311027
0.78	-0.38621851902606236
0.79	-0.38531528056519737
0.8	-0.3844449110061176
0.81	-0.38360599763070746
0.82	-0.38279720034390285
0.83	-0.38201724722834146
0.84	-0.38126493041787574
0.85	-0.3805391022636655
0.86	-0.37983867176900976
0.87	-0.3791626012712718
0.88	-0.37850990335121903
0.89	-0.37787963795186813
0.9	-0.3772709096905198
0.91	-0.3766828653491003
0.92	-0.37611469152922294
0.93	-0.37556561245955117
0.94	-0.3750348879441024
0.95	-0.37452181144108865
0.96	-0.3740257082627577
0.97	-0.3735459338874849
0.98	-0.3730818723760806
0.99	-0.37263293488492777
1.	-0.3721985582691561
1.01	-0.37177820376959536
1.02	-0.3713713557777451
1.03	-0.370977520673442
1.04	-0.37059622573031875
1.05	-0.3702270180845202
1.06	-0.3698694637624864
1.07	-0.3695231467639246
1.08	-0.36918766819638105
1.09	-0.3688626454580858
1.1	-0.3685477114659864
1.11	-0.36824251392611024
1.12	-0.36794671464359635
1.13	-0.36765998886993034
1.14	-0.3673820246850862
1.15	-0.36711252241243925
1.16	-0.366851194064464
1.17	-0.36659776281736345
1.18	-0.366351962512905
1.19	-0.3661135371858528
1.2	-0.36588224061549435
1.21	-0.36565783589985856
1.22	-0.36544009505131464
1.23	-0.36522879861232693
1.24	-0.36502373529021875
1.25	-0.3648247016098744
1.26	-0.36463150158337293
1.27	-0.36444394639561517
1.28	-0.3642618541050598
1.29	-0.3640850493587436
1.3	-0.36391336312080774
1.31	-0.3637466324138038
1.32	-0.36358470007209287
1.33	-0.36342741450669724
1.34	-0.3632746294809981
1.35	-0.36312620389671224
1.36	-0.3629820015896122
1.37	-0.3628418911344862
1.38	-0.3627057456588637
1.39	-0.36257344266505986
1.4	-0.36244486386011726
1.41	-0.3623198949932482
1.42	-0.362198425700402
1.43	-0.36208034935560485
1.44	-0.3619655629287365
1.45	-0.36185396684943016
1.46	-0.3617454648767962
1.47	-0.3616399639746889
1.48	-0.36153737419224846
1.49	-0.3614376085494682
1.5	-0.36134058292754623
1.51	-0.36124621596379725
1.52	-0.36115442895091043
1.53	-0.3610651457403499
1.54	-0.36097829264970704
1.55	-0.36089379837382163
1.56	-0.3608115938994995
1.57	-0.36073161242366353
1.58	-0.3606537892747812
1.59	-0.3605780618374229
1.6	-0.3605043694798094
1.61	-0.3604326534842164
1.62	-0.36036285698010906
1.63	-0.3602949248798873
1.64	-0.3602288038171263
1.65	-0.36016444208720455
1.66	-0.3601017895902156
1.67	-0.36004079777606574
1.68	-0.3599814195916628
1.69	-0.3599236094301083
1.7	-0.35986732308180736
1.71	-0.3598125176874148
1.72	-0.35975915169254213
1.73	-0.35970718480415026
1.74	-0.3596565779485585
1.75	-0.3596072932310034
1.76	-0.3595592938966831
1.77	-0.3595125442932269
1.78	-0.35946700983453134
1.79	-0.3594226569659085
1.8	-0.35937945313049224
1.81	-0.3593373667368529
1.82	-0.3592963671277719
1.83	-0.3592564245501297
1.84	-0.35921751012586367
1.85	-0.3591795958239536
1.86	-0.35914265443339377
1.87	-0.35910665953711407
1.88	-0.3590715854868129
1.89	-0.35903740737866624
1.9	-0.3590041010298797
1.91	-0.3589716429560505
1.92	-0.3589400103493095
1.93	-0.3589091810572122
1.94	-0.3588791335623516
1.95	-0.35884984696266525
1.96	-0.35882130095241
1.97	-0.35879347580378
1.98	-0.3587663523491442
1.99	-0.3587399119638795
2.	-0.3587141365497781
2.01	-0.35868900851900837
2.02	-0.358664510778608
2.03	-0.35864062671549035
2.04	-0.3586173401819461
2.05	-0.3585946354816206
2.06	-0.3585724973559522
2.07	-0.35855091097105163
2.08	-0.35852986190501057
2.09	-0.3585093361356206
2.1	-0.35848932002849
2.11	-0.358469800325544
2.12	-0.3584507641338941
2.13	-0.3584321989150646
2.14	-0.358414092474563
2.15	-0.3583964329517828
2.16	-0.3583792088102265
2.17	-0.3583624088280388
2.18	-0.35834602208883815
2.19	-0.35833003797283663
2.2	-0.3583144461482392
2.21	-0.35829923656291146
2.22	-0.3582843994363075
2.23	-0.358269925251649
2.24	-0.35825580474834706
2.25	-0.35824202891465795
2.26	-0.35822858898056614
2.27	-0.3582154764108857
2.28	-0.3582026828985739
2.29	-0.35819020035824883
2.3	-0.35817802091990547
2.31	-0.35816613692282256
2.32	-0.3581545409096546
2.33	-0.3581432256207028
2.34	-0.35813218398835905
2.35	-0.3581214091317172
2.36	-0.35811089435134635
2.37	-0.35810063312422047
2.38	-0.35809061909880036
2.39	-0.35808084609026125
2.4	-0.35807130807586346
2.41	-0.3580619991904595
2.42	-0.358052913722135
2.43	-0.35804404610797774
2.44	-0.3580353909299719
2.45	-0.3580269429110125
2.46	-0.3580186969110373
2.47	-0.35801064792327136
2.48	-0.3580027910705814
2.49	-0.3579951216019369
2.5	-0.357987634888973
2.51	-0.357980326422654
2.52	-0.3579731918100331
2.53	-0.3579662267711055
2.54	-0.3579594271357524
2.55	-0.3579527888407729
2.56	-0.35794630792700066
2.57	-0.3579399805365036
2.58	-0.35793380290986326
2.59	-0.3579277713835319
2.6	-0.35792188238726447
2.61	-0.3579161324416241
2.62	-0.3579105181555576
2.63	-0.3579050362240397
2.64	-0.3578996834257841
2.65	-0.3578944566210187
2.66	-0.3578893527493233
2.67	-0.3578843688275281
2.68	-0.3578795019476711
2.69	-0.3578747492750122
2.7	-0.3578701080461034
2.71	-0.3578655755669118
2.72	-0.3578611492109956
2.73	-0.3578568264177303
2.74	-0.3578526046905839
2.75	-0.3578484815954399
2.76	-0.3578444547589669
2.77	-0.35784052186703225
2.78	-0.3578366806631602
2.79	-0.35783292894703184
2.8	-0.3578292645730261
2.81	-0.3578256854488011
2.82	-0.35782218953391365
2.83	-0.3578187748384767
2.84	-0.3578154394218532
2.85	-0.3578121813913855
2.86	-0.3578089989011593
2.87	-0.35780589015080067
2.88	-0.35780285338430584
2.89	-0.3577998868889027
2.9	-0.3577969889939426
2.91	-0.35779415806982223
2.92	-0.3577913925269346
2.93	-0.3577886908146473
2.94	-0.3577860514203094
2.95	-0.35778347286828355
2.96	-0.357780953719005
2.97	-0.35777849256806493
2.98	-0.3577760880453188
2.99	-0.35777373881401753
3.	-0.3577714435699626
3.01	-0.3577692010406831
3.02	-0.35776700998463445
3.03	-0.35776486919041856
3.04	-0.3577627774760241
3.05	-0.3577607336880875
3.06	-0.3577587367011726
3.07	-0.35775678541706957
3.08	-0.35775487876411244
3.09	-0.3577530156965139
3.1	-0.35775119519371806
3.11	-0.35774941625976975
3.12	-0.35774767792270035
3.13	-0.35774597923392976
3.14	-0.35774431926768374
3.15	-0.3577426971204264
3.16	-0.3577411119103074
3.17	-0.3577395627766235
3.18	-0.3577380488792943
3.19	-0.35773656939835063
3.2	-0.35773512353343745
3.21	-0.35773371050332853
3.22	-0.3577323295454537
3.23	-0.35773097991543906
3.24	-0.3577296608866579
3.25	-0.35772837174979394
3.26	-0.35772711181241534
3.27	-0.3577258803985598
3.28	-0.3577246768483301
3.29	-0.3577235005175
3.3	-0.3577223507771304
3.31	-0.3577212270131948
3.32	-0.35772012862621483
3.33	-0.3577190550309045
3.34	-0.35771800565582396
3.35	-0.3577169799430416
3.36	-0.35771597734780497
3.37	-0.35771499733822
3.38	-0.35771403939493807
3.39	-0.3577131030108514
3.4	-0.3577121876907957
3.41	-0.3577112929512605
3.42	-0.3577104183201065
3.43	-0.3577095633362908
3.44	-0.3577087275495978
3.45	-0.35770791052037787
3.46	-0.3577071118192922
3.47	-0.3577063310270637
3.48	-0.35770556773423473
3.49	-0.3577048215409305
3.5	-0.3577040920566282
3.51	-0.3577033788999324
3.52	-0.3577026816983558
3.53	-0.35770200008810477
3.54	-0.3577013337138716
3.55	-0.35770068222863044
3.56	-0.35770004529343946
3.57	-0.35769942257724713
3.58	-0.3576988137567034
3.59	-0.35769821851597616
3.6	-0.35769763654657133
3.61	-0.3576970675471581
3.62	-0.35769651122339796
3.63	-0.35769596728777836
3.64	-0.3576954354594502
3.65	-0.3576949154640693
3.66	-0.3576944070336418
3.67	-0.35769390990637356
3.68	-0.35769342382652297
3.69	-0.35769294854425726
3.7	-0.3576924838155129
3.71	-0.3576920294018585
3.72	-0.3576915850703621
3.73	-0.35769115059346085
3.74	-0.35769072574883426
3.75	-0.35769031031928045
3.76	-0.3576899040925953
3.77	-0.3576895068614549
3.78	-0.3576891184233003
3.79	-0.35768873858022554
3.8	-0.35768836713886815
3.81	-0.3576880039103023
3.82	-0.35768764870993464
3.83	-0.35768730135740257
3.84	-0.357686961676475
3.85	-0.3576866294949555
3.86	-0.3576863046445877
3.87	-0.35768598696096326
3.88	-0.35768567628343156
3.89	-0.35768537245501214
3.9	-0.3576850753223086
3.91	-0.35768478473542525
3.92	-0.3576845005478852
3.93	-0.3576842226165508
3.94	-0.3576839508015456
3.95	-0.35768368496617853
3.96	-0.35768342497686983
3.97	-0.35768317070307865
3.98	-0.3576829220172321
3.99	-0.35768267879465687
4.	-0.3576824409135113
4.01	-0.35768220825472014
4.02	-0.35768198070191015
4.03	-0.35768175814134756
4.04	-0.3576815404618769
4.05	-0.3576813275548614
4.06	-0.3576811193141246
4.07	-0.35768091563589355
4.08	-0.3576807164187433
4.09	-0.3576805215635426
4.1	-0.35768033097340085
4.11	-0.35768014455361685
4.12	-0.35767996221162773
4.13	-0.3576797838569602
4.14	-0.3576796094011821
4.15	-0.3576794387578556
4.16	-0.35767927184249115
4.17	-0.35767910857250307
4.18	-0.3576789488671653
4.19	-0.357678792647569
4.2	-0.3576786398365809
4.21	-0.35767849035880234
4.22	-0.3576783441405296
4.23	-0.3576782011097153
4.24	-0.35767806119593004
4.25	-0.35767792433032564
4.26	-0.35767779044559894
4.27	-0.3576776594759565
4.28	-0.3576775313570798
4.29	-0.3576774060260921
4.3	-0.35767728342152505
4.31	-0.3576771634832867
4.32	-0.3576770461526303
4.33	-0.35767693137212325
4.34	-0.3576768190856176
4.35	-0.35767670923822037
4.36	-0.35767660177626537
4.37	-0.35767649664728507
4.38	-0.3576763937999833
4.39	-0.3576762931842089
4.4	-0.3576761947509294
4.41	-0.35767609845220577
4.42	-0.35767600424116774
4.43	-0.35767591207198923
4.44	-0.35767582189986497
4.45	-0.35767573368098726
4.46	-0.3576756473725234
4.47	-0.35767556293259345
4.48	-0.35767548032024904
4.49	-0.3576753994954519
4.5	-0.3576753204190536
4.51	-0.3576752430527752
4.52	-0.35767516735918775
4.53	-0.35767509330169317
4.54	-0.3576750208445052
4.55	-0.3576749499526315
4.56	-0.3576748805918554
4.57	-0.35767481272871876
4.58	-0.3576747463305044
4.59	-0.35767468136521985
4.6	-0.357674617801581
4.61	-0.35767455560899597
4.62	-0.35767449475754953
4.63	-0.35767443521798825
4.64	-0.3576743769617051
4.65	-0.35767431996072546
4.66	-0.3576742641876926
4.67	-0.3576742096158538
4.68	-0.35767415621904697
4.69	-0.35767410397168736
4.7	-0.3576740528487547
4.71	-0.35767400282578027
4.72	-0.3576739538788349
4.73	-0.35767390598451654
4.74	-0.35767385911993893
4.75	-0.3576738132627196
4.76	-0.35767376839096887
4.77	-0.3576737244832788
4.78	-0.35767368151871237
4.79	-0.35767363947679304
4.8	-0.35767359833749435
4.81	-0.3576735580812302
4.82	-0.35767351868884445
4.83	-0.357673480141602
4.84	-0.3576734424211789
4.85	-0.35767340550965343
4.86	-0.3576733693894972
4.87	-0.35767333404356605
4.88	-0.3576732994550921
4.89	-0.35767326560767465
4.9	-0.35767323248527266
4.91	-0.35767320007219644
4.92	-0.3576731683530998
4.93	-0.3576731373129726
4.94	-0.3576731069371333
4.95	-0.35767307721122127
4.96	-0.3576730481211904
4.97	-0.35767301965330134
4.98	-0.3576729917941153
4.99	-0.35767296453048714
5.	-0.35767293784955867