0	0
0.01	0.00861029202902086
0.02	0.017193598094637885
0.03	0.02572571954847569
0.04	0.034185264973033536
0.05	0.04255341096249654
0.06	0.05081368093186428
0.07	0.05895174068320283
0.08	0.06695520954379133
0.09	0.07481348597124457
0.1	0.08251758659572356
0.11	0.09005999773942805
0.12	0.09743453851902498
0.13	0.10463623469779632
0.14	0.1116612025113756
0.15	0.11850654174424075
0.16	0.12517023738388733
0.17	0.13165106922605743
0.18	0.13794852884774922
0.19	0.1440627434051915
0.2	0.1499944057517191
0.21	0.155744710405708
0.22	0.16131529493158797
0.23	0.1667081863275973
0.24	0.1719257520425294
0.25	0.17697065527037398
0.26	0.18184581419660412
0.27	0.18655436489302946
0.28	0.1910996275797245
0.29	0.19548507599266418
0.3	0.19971430961444783
0.31	0.2037910285429591
0.32	0.20771901078907878
0.33	0.21150209180971877
0.34	0.2151441460965539
0.35	0.21864907065396239
0.36	0.22202077021190936
0.37	0.22526314403088551
0.38	0.22838007416659642
0.39	0.2313754150719451
0.4	0.23425298442300624
0.41	0.23701655506420607
0.42	0.23966984797583574
0.43	0.242216526174383
0.44	0.24466018946300183
0.45	0.2470043699557891
0.46	0.249252528305434
0.47	0.2514080505692817
0.48	0.253474245653933
0.49	0.25545434328321914
0.5	0.2573514924387648
0.51	0.25916876022640967
0.52	0.26090913112551967
0.53	0.2625755065817068
0.54	0.264170704906704
0.55	0.26569746145213535
0.56	0.26715842902668946
0.57	0.26855617852876934
0.58	0.2698931997690616
0.59	0.2711719024596619
0.6	0.27239461734842074
0.61	0.2735635974790463
0.62	0.27468101955923163
0.63	0.2757489854206694
0.64	0.2767695235562917
0.65	0.2777445907214303
0.66	0.27867607358684593
0.67	0.27956579043272667
0.68	0.2804154928738207
0.69	0.2812268676068413
0.7	0.28200153817218343
0.71	0.28274106672281557
0.72	0.28344695579396634
0.73	0.2841206500679223
0.74	0.2847635381288895
0.75	0.28537695420345366
0.76	0.2859621798827093
0.77	0.2865204458226136
0.78	0.2870529334195685
0.79	0.2875607764586379
0.8	0.2880450627321793
0.81	0.28850683562700336
0.82	0.2889470956784832
0.83	0.28936680209030874
0.84	0.28976687421883707
0.85	0.29014819302121186
0.86	0.2905116024666346
0.87	0.2908579109103493
0.88	0.29118789243007354
0.89	0.2915022881247519
0.9	0.291801807375644
0.91	0.29208712906987544
0.92	0.29235890278668486
0.93	0.29261774994669326
0.94	0.29286426492460294
0.95	0.293099016125804
0.96	0.29332254702742916
0.97	0.2935353771844499
0.98	0.2937380032014537
0.99	0.2939308996707809
1.	0.2941145200777296
1.01	0.2942892976735674
1.02	0.294455646317107
1.03	0.29461396128562073
1.04	0.29476462005587994
1.05	0.2949079830561163
1.06	0.29504439438970403
1.07	0.29517418253136596
1.08	0.29529766099670507
1.09	0.29541512898585964
1.1	0.29552687200207467
1.11	0.29563316244597587
1.12	0.2957342601863219
1.13	0.29583041310800107
1.14	0.2959218576380276
1.15	0.29600881925027717
1.16	0.29609151294969144
1.17	0.2961701437366627
1.18	0.2962449070522975
1.19	0.2963159892052404
1.2	0.2963835677807249
1.21	0.296447812032499
1.22	0.2965088832582589
1.23	0.2965669351592061
1.24	0.2966221141843257
1.25	0.2966745598599678
1.26	0.2967244051052959
1.27	0.2967717765341496
1.28	0.2968167947438517
1.29	0.29685957459147394
1.3	0.2969002254580581
1.31	0.29693885150127375
1.32	0.2969755518969771
1.33	0.297010421070121
1.34	0.29704354891544876
1.35	0.29707502100839206
1.36	0.2971049188065748
1.37	0.2971333198423143
1.38	0.29716029790649406
1.39	0.29718592322417003
1.4	0.2972102626222588
1.41	0.2972333796896423
1.42	0.2972553349300126
1.43	0.2972761859077661
1.44	0.2972959873872458
1.45	0.29731479146561857
1.46	0.29733264769966283
1.47	0.29734960322673093
1.48	0.29736570288014125
1.49	0.29738098929924317
1.5	0.29739550303438966
1.51	0.2974092826470417
1.52	0.2974223648052205
1.53	0.2974347843745142
1.54	0.29744657450483647
1.55	0.2974577667131279
1.56	0.29746839096218175
1.57	0.29747847573576786
1.58	0.297488048110223
1.59	0.2974971338226664
1.6	0.29750575733599394
1.61	0.2975139419007979
1.62	0.29752170961435215
1.63	0.29752908147679735
1.64	0.2975360774446538
1.65	0.29754271648178593
1.66	0.2975490166079348
1.67	0.2975549949449316
1.68	0.297560667760699
1.69	0.2975660505111438
1.7	0.2975711578800377
1.71	0.2975760038169809
1.72	0.2975806015735382
1.73	0.2975849637376319
1.74	0.29758910226627444
1.75	0.2975930285167184
1.76	0.29759675327609825
1.77	0.2976002867896346
1.78	0.2976036387874701
1.79	0.29760681851019977
1.8	0.29760983473316005
1.81	0.2976126957895332
1.82	0.2976154095923253
1.83	0.2976179836552699
1.84	0.2976204251127102
1.85	0.2976227407385072
1.86	0.2976249369640212
1.87	0.2976270198952111
1.88	0.29762899532889353
1.89	0.29763086876820216
1.9	0.29763264543728646
1.91	0.29763433029528563
1.92	0.2976359280496133
1.93	0.2976374431685862
1.94	0.29763887989342835
1.95	0.29764024224968166
1.96	0.29764153405805105
1.97	0.29764275894471176
1.98	0.2976439203511057
1.99	0.2976450215432507
2.	0.29764606562058704
2.01	0.2976470555243842
2.02	0.29764799404572834
2.03	0.2976488838331117
2.04	0.29764972739964396
2.05	0.29765052712990264
2.06	0.29765128528644186
2.07	0.297652004015975
2.08	0.2976526853552485
2.09	0.2976533312366207
2.1	0.2976539434933612
2.11	0.29765452386468505
2.12	0.29765507400053276
2.13	0.2976555954661113
2.14	0.29765608974620617
2.15	0.2976565582492764
2.16	0.2976570023113438
2.17	0.2976574231996854
2.18	0.29765782211634045
2.19	0.29765820020143996
2.2	0.297658558536368
2.21	0.2976588981467636
2.22	0.2976592200053705
2.23	0.29765952503474274
2.24	0.29765981410981335
2.25	0.2976600880603328
2.26	0.2976603476731836
2.27	0.29766059369457787
2.28	0.2976608268321429
2.29	0.29766104775690105
2.3	0.29766125710514885
2.31	0.2976614554802406
2.32	0.297661643454281
2.33	0.2976618215697319
2.34	0.2976619903409371
2.35	0.29766215025556886
2.36	0.2976623017760015
2.37	0.29766244534061426
2.38	0.2976625813650278
2.39	0.2976627102432776
2.4	0.29766283234892726
2.41	0.2976629480361246
2.42	0.2976630576406045
2.43	0.29766316148063937
2.44	0.29766325985794173
2.45	0.29766335305851993
2.46	0.29766344135349054
2.47	0.2976635249998485
2.48	0.29766360424119814
2.49	0.29766367930844645
2.5	0.2976637504204607
2.51	0.2976638177846926
2.52	0.29766388159776963
2.53	0.29766394204605673
2.54	0.29766399930618864
2.55	0.29766405354557474
2.56	0.2976641049228782
2.57	0.29766415358847026
2.58	0.29766419968486085
2.59	0.29766424334710745
2.6	0.29766428470320255
2.61	0.29766432387444103
2.62	0.2976643609757687
2.63	0.29766439611611295
2.64	0.2976644293986959
2.65	0.2976644609213318
2.66	0.2976644907767087
2.67	0.2976645190526557
2.68	0.2976645458323963
2.69	0.2976645711947888
2.7	0.2976645952145537
2.71	0.29766461796249016
2.72	0.2976646395056803
2.73	0.2976646599076837
2.74	0.29766467922872125
2.75	0.2976646975258497
2.76	0.297664714853127
2.77	0.2976647312617694
2.78	0.29766474680029975
2.79	0.2976647615146888
2.8	0.29766477544848846
2.81	0.2976647886429588
2.82	0.29766480113718774
2.83	0.29766481296820513
2.84	0.2976648241710906
2.85	0.2976648347790755
2.86	0.29766484482364036
2.87	0.2976648543346062
2.88	0.29766486334022185
2.89	0.2976648718672465
2.9	0.29766487994102786
2.91	0.29766488758557635
2.92	0.2976648948236351
2.93	0.29766490167674686
2.94	0.297664908165317
2.95	0.2976649143086731
2.96	0.2976649201251219
2.97	0.2976649256320029
2.98	0.29766493084573925
2.99	0.29766493578188585
3.	0.29766494045517533
3.01	0.2976649448795611
3.02	0.29766494906825847
3.03	0.2976649530337837
3.04	0.29766495678799054
3.05	0.2976649603421054
3.06	0.2976649637067602
3.07	0.29766496689202415
3.08	0.2976649699074328
3.09	0.29766497276201664
3.1	0.29766497546432785
3.11	0.297664978022465
3.12	0.29766498044409767
3.13	0.2976649827364886
3.14	0.2976649849065155
3.15	0.29766498696069105
3.16	0.29766498890518267
3.17	0.2976649907458303
3.18	0.297664992488164
3.19	0.29766499413742037
3.2	0.2976649956985577
3.21	0.2976649971762712
3.22	0.29766499857500667
3.23	0.2976649998989735
3.24	0.29766500115215766
3.25	0.2976650023383331
3.26	0.2976650034610733
3.27	0.2976650045237615
3.28	0.29766500552960135
3.29	0.2976650064816258
3.3	0.29766500738270674
3.31	0.29766500823556297
3.32	0.2976650090427688
3.33	0.29766500980676147
3.34	0.29766501052984845
3.35	0.2976650112142143
3.36	0.29766501186192734
3.37	0.2976650124749457
3.38	0.29766501305512305
3.39	0.2976650136042145
3.4	0.2976650141238815
3.41	0.297665014615697
3.42	0.29766501508115
3.43	0.29766501552165026
3.44	0.2976650159385321
3.45	0.2976650163330591
3.46	0.2976650167064269
3.47	0.2976650170597678
3.48	0.2976650173941534
3.49	0.2976650177105982
3.5	0.29766501801006257
3.51	0.2976650182934556
3.52	0.29766501856163774
3.53	0.29766501881542357
3.54	0.2976650190555842
3.55	0.29766501928284944
3.56	0.29766501949791013
3.57	0.29766501970142023
3.58	0.29766501989399874
3.59	0.2976650200762315
3.6	0.29766502024867325
3.61	0.29766502041184867
3.62	0.29766502056625477
3.63	0.2976650207123617
3.64	0.2976650208506147
3.65	0.297665020981435
3.66	0.29766502110522125
3.67	0.297665021222351
3.68	0.29766502133318135
3.69	0.2976650214380504
3.7	0.2976650215372782
3.71	0.29766502163116754
3.72	0.297665021720005
3.73	0.29766502180406185
3.74	0.2976650218835949
3.75	0.29766502195884703
3.76	0.29766502203004824
3.77	0.2976650220974162
3.78	0.2976650221611568
3.79	0.297665022221465
3.8	0.2976650222785253
3.81	0.29766502233251224
3.82	0.297665022383591
3.83	0.29766502243191795
3.84	0.2976650224776411
3.85	0.29766502252090044
3.86	0.2976650225618285
3.87	0.2976650226005506
3.88	0.29766502263718553
3.89	0.29766502267184547
3.9	0.29766502270463674
3.91	0.2976650227356599
3.92	0.29766502276501017
3.93	0.2976650227927775
3.94	0.29766502281904716
3.95	0.29766502284389973
3.96	0.29766502286741153
3.97	0.29766502288965485
3.98	0.2976650229106979
3.99	0.2976650229306053
4.	0.29766502294943836
4.01	0.2976650229672549
4.02	0.2976650229841097
4.03	0.2976650230000545
4.04	0.2976650230151384
4.05	0.2976650230294079
4.06	0.29766502304290676
4.07	0.29766502305567655
4.08	0.2976650230677566
4.09	0.2976650230791842
4.1	0.2976650230899943
4.11	0.29766502310022047
4.12	0.297665023109894
4.13	0.2976650231190448
4.14	0.29766502312770104
4.15	0.29766502313588944
4.16	0.2976650231436352
4.17	0.29766502315096227
4.18	0.29766502315789317
4.19	0.2976650231644493
4.2	0.29766502317065097
4.21	0.2976650231765172
4.22	0.29766502318206617
4.23	0.297665023187315
4.24	0.29766502319227994
4.25	0.29766502319697624
4.26	0.29766502320141847
4.27	0.2976650232056203
4.28	0.2976650232095948
4.29	0.2976650232133542
4.3	0.2976650232169101
4.31	0.29766502322027355
4.32	0.2976650232234549
4.33	0.29766502322646404
4.34	0.29766502322931027
4.35	0.2976650232320024
4.36	0.29766502323454874
4.37	0.29766502323695715
4.38	0.2976650232392351
4.39	0.2976650232413897
4.4	0.29766502324342764
4.41	0.2976650232453551
4.42	0.29766502324717814
4.43	0.2976650232489024
4.44	0.2976650232505333
4.45	0.2976650232520757
4.46	0.2976650232535346
4.47	0.2976650232549144
4.48	0.2976650232562194
4.49	0.2976650232574537
4.5	0.29766502325862104
4.51	0.2976650232597251
4.52	0.29766502326076927
4.53	0.29766502326175687
4.54	0.29766502326269084
4.55	0.2976650232635742
4.56	0.29766502326440963
4.57	0.2976650232651998
4.58	0.297665023265947
4.59	0.2976650232666537
4.6	0.29766502326732214
4.61	0.29766502326795424
4.62	0.29766502326855204
4.63	0.2976650232691174
4.64	0.2976650232696521
4.65	0.29766502327015776
4.66	0.29766502327063593
4.67	0.29766502327108824
4.68	0.2976650232715159
4.69	0.2976650232719204
4.7	0.29766502327230293
4.71	0.29766502327266464
4.72	0.29766502327300676
4.73	0.2976650232733303
4.74	0.2976650232736362
4.75	0.2976650232739256
4.76	0.2976650232741992
4.77	0.29766502327445793
4.78	0.2976650232747026
4.79	0.297665023274934
4.8	0.2976650232751528
4.81	0.29766502327535976
4.82	0.29766502327555544
4.83	0.2976650232757405
4.84	0.2976650232759155
4.85	0.29766502327608096
4.86	0.29766502327623745
4.87	0.29766502327638544
4.88	0.2976650232765254
4.89	0.2976650232766577
4.9	0.29766502327678285
4.91	0.2976650232769012
4.92	0.29766502327701305
4.93	0.29766502327711886
4.94	0.29766502327721894
4.95	0.29766502327731353
4.96	0.297665023277403
4.97	0.2976650232774876
4.98	0.2976650232775676
4.99	0.2976650232776432
5.	0.29766502327771477