0	0
0.01	0.008552295056667561
0.02	0.016779291648103038
0.03	0.02447455142595325
0.04	0.03152613315756883
0.05	0.03788726616042394
0.06	0.043554932177118616
0.07	0.048554373709630616
0.08	0.052928021645180116
0.09	0.05672769949680448
0.1	0.06000924082247781
0.11	0.06282886984659182
0.12	0.06524085808845335
0.13	0.0672960936044354
0.14	0.06904129332737399
0.15	0.07051865993540096
0.16	0.07176583810183154
0.17	0.07281606502799874
0.18	0.07369844004191664
0.19	0.07443826021422247
0.2	0.07505738528162076
0.21	0.07557460711650608
0.22	0.07600600763756994
0.23	0.07636529525531956
0.24	0.07666411432215378
0.25	0.0769123250879817
0.26	0.0771182537101502
0.27	0.07728891320130887
0.28	0.07743019702281263
0.29	0.0775470474943203
0.3	0.07764360140300526
0.31	0.07772331523921497
0.32	0.07778907241821284
0.33	0.07784327471191212
0.34	0.07788791994003366
0.35	0.07792466777755414
0.36	0.07795489533866015
0.37	0.07797974400585353
0.38	0.07800015879205992
0.39	0.07801692135681966
0.4	0.07803067764642146
0.41	0.07804196099255437
0.42	0.07805121138431946
0.43	0.07805879152340678
0.44	0.0780650001807759
0.45	0.07807008329402737
0.46	0.07807424317652387
0.47	0.07807764615095315
0.48	0.07808042887022439
0.49	0.07808270354625171
0.5	0.07808456227130044
0.51	0.07808608058625449
0.52	0.07808732042461226
0.53	0.0780883325395337
0.54	0.07808915850323535
0.55	0.07808983235293457
0.56	0.0780903819449261
0.57	0.07809083006784365
0.58	0.0780911953573845
0.59	0.078091493047474
0.6	0.07809173558677919
0.61	0.07809193314444496
0.62	0.07809209402475101
0.63	0.0780922250069303
0.64	0.07809233162352903
0.65	0.0780924183883234
0.66	0.07809248898285623
0.67	0.07809254640904445
0.68	0.0780925931139808
0.69	0.07809263109195787
0.7	0.07809266196784169
0.71	0.07809268706518104
0.72	0.07809270746182811
0.73	0.0780927240353464
0.74	0.07809273750006908
0.75	0.0780927484373345
0.76	0.07809275732014755
0.77	0.07809276453328906
0.78	0.07809277038970894
0.79	0.07809277514388642
0.8	0.07809277900271554
0.81	0.07809278213437243
0.82	0.07809278467553649
0.83	0.07809278673726999
0.84	0.07809278840980412
0.85	0.07809278976643402
0.86	0.07809279086668805
0.87	0.07809279175890597
0.88	0.07809279248233593
0.89	0.07809279306883961
0.9	0.07809279354427859
0.91	0.0780927939296413
0.92	0.07809279424195892
0.93	0.0780927944950496
0.94	0.07809279470012319
0.95	0.07809279486627231
0.96	0.07809279500087138
0.97	0.07809279510990054
0.98	0.07809279519820868
0.99	0.07809279526972696
1.	0.07809279532764214
1.01	0.07809279537453725
1.02	0.07809279541250577
1.03	0.07809279544324413
1.04	0.07809279546812697
1.05	0.07809279548826802
1.06	0.07809279550456952
1.07	0.07809279551776233
1.08	0.07809279552843841
1.09	0.07809279553707717
1.1	0.07809279554406684
1.11	0.0780927955497218
1.12	0.07809279555429657
1.13	0.07809279555799721
1.14	0.07809279556099052
1.15	0.07809279556341153
1.16	0.07809279556536951
1.17	0.07809279556695292
1.18	0.07809279556823333
1.19	0.07809279556926864
1.2	0.07809279557010572
1.21	0.07809279557078248
1.22	0.0780927955713296
1.23	0.07809279557177187
1.24	0.07809279557212936
1.25	0.07809279557241833
1.26	0.07809279557265186
1.27	0.07809279557284061
1.28	0.07809279557299315
1.29	0.0780927955731164
1.3	0.078092795573216
1.31	0.07809279557329647
1.32	0.07809279557336149
1.33	0.07809279557341402
1.34	0.07809279557345646
1.35	0.07809279557349073
1.36	0.07809279557351843
1.37	0.07809279557354079
1.38	0.07809279557355886
1.39	0.07809279557357346
1.4	0.07809279557358524
1.41	0.07809279557359475
1.42	0.07809279557360244
1.43	0.07809279557360864
1.44	0.07809279557361365
1.45	0.0780927955736177
1.46	0.07809279557362096
1.47	0.0780927955736236
1.48	0.07809279557362574
1.49	0.07809279557362746
1.5	0.07809279557362885
1.51	0.07809279557362996
1.52	0.07809279557363087
1.53	0.0780927955736316
1.54	0.07809279557363219
1.55	0.07809279557363266
1.56	0.07809279557363304
1.57	0.07809279557363336
1.58	0.0780927955736336
1.59	0.0780927955736338
1.6	0.07809279557363397
1.61	0.0780927955736341
1.62	0.0780927955736342
1.63	0.07809279557363429
1.64	0.07809279557363435
1.65	0.07809279557363441
1.66	0.07809279557363447
1.67	0.0780927955736345
1.68	0.07809279557363452
1.69	0.07809279557363455
1.7	0.07809279557363456
1.71	0.07809279557363458
1.72	0.07809279557363459
1.73	0.0780927955736346
1.74	0.07809279557363462
1.75	0.07809279557363462
1.76	0.07809279557363462
1.77	0.07809279557363463
1.78	0.07809279557363463
1.79	0.07809279557363463
1.8	0.07809279557363463
1.81	0.07809279557363463
1.82	0.07809279557363465
1.83	0.07809279557363465
1.84	0.07809279557363465
1.85	0.07809279557363465
1.86	0.07809279557363465
1.87	0.07809279557363465
1.88	0.07809279557363465
1.89	0.07809279557363465
1.9	0.07809279557363465
1.91	0.07809279557363465
1.92	0.07809279557363465
1.93	0.07809279557363465
1.94	0.07809279557363465
1.95	0.07809279557363465
1.96	0.07809279557363465
1.97	0.07809279557363465
1.98	0.07809279557363465
1.99	0.07809279557363465
2.	0.07809279557363465
2.01	0.07809279557363465
2.02	0.07809279557363465
2.03	0.07809279557363465
2.04	0.07809279557363465
2.05	0.07809279557363465
2.06	0.07809279557363465
2.07	0.07809279557363465
2.08	0.07809279557363465
2.09	0.07809279557363465
2.1	0.07809279557363465
2.11	0.07809279557363465
2.12	0.07809279557363465
2.13	0.07809279557363465
2.14	0.07809279557363465
2.15	0.07809279557363465
2.16	0.07809279557363465
2.17	0.07809279557363465
2.18	0.07809279557363465
2.19	0.07809279557363465
2.2	0.07809279557363465
2.21	0.07809279557363465
2.22	0.07809279557363465
2.23	0.07809279557363465
2.24	0.07809279557363465
2.25	0.07809279557363465
2.26	0.07809279557363465
2.27	0.07809279557363465
2.28	0.07809279557363465
2.29	0.07809279557363465
2.3	0.07809279557363465
2.31	0.07809279557363465
2.32	0.07809279557363465
2.33	0.07809279557363465
2.34	0.07809279557363465
2.35	0.07809279557363465
2.36	0.07809279557363465
2.37	0.07809279557363465
2.38	0.07809279557363465
2.39	0.07809279557363465
2.4	0.07809279557363465
2.41	0.07809279557363465
2.42	0.07809279557363465
2.43	0.07809279557363465
2.44	0.07809279557363465
2.45	0.07809279557363465
2.46	0.07809279557363465
2.47	0.07809279557363465
2.48	0.07809279557363465
2.49	0.07809279557363465
2.5	0.07809279557363465
2.51	0.07809279557363465
2.52	0.07809279557363465
2.53	0.07809279557363465
2.54	0.07809279557363465
2.55	0.07809279557363465
2.56	0.07809279557363465
2.57	0.07809279557363465
2.58	0.07809279557363465
2.59	0.07809279557363465
2.6	0.07809279557363465
2.61	0.07809279557363465
2.62	0.07809279557363465
2.63	0.07809279557363465
2.64	0.07809279557363465
2.65	0.07809279557363465
2.66	0.07809279557363465
2.67	0.07809279557363465
2.68	0.07809279557363465
2.69	0.07809279557363465
2.7	0.07809279557363465
2.71	0.07809279557363465
2.72	0.07809279557363465
2.73	0.07809279557363465
2.74	0.07809279557363465
2.75	0.07809279557363465
2.76	0.07809279557363465
2.77	0.07809279557363465
2.78	0.07809279557363465
2.79	0.07809279557363465
2.8	0.07809279557363465
2.81	0.07809279557363465
2.82	0.07809279557363465
2.83	0.07809279557363465
2.84	0.07809279557363465
2.85	0.07809279557363465
2.86	0.07809279557363465
2.87	0.07809279557363465
2.88	0.07809279557363465
2.89	0.07809279557363465
2.9	0.07809279557363465
2.91	0.07809279557363465
2.92	0.07809279557363465
2.93	0.07809279557363465
2.94	0.07809279557363465
2.95	0.07809279557363465
2.96	0.07809279557363465
2.97	0.07809279557363465
2.98	0.07809279557363465
2.99	0.07809279557363465
3.	0.07809279557363465
3.01	0.07809279557363465
3.02	0.07809279557363465
3.03	0.07809279557363465
3.04	0.07809279557363465
3.05	0.07809279557363465
3.06	0.07809279557363465
3.07	0.07809279557363465
3.08	0.07809279557363465
3.09	0.07809279557363465
3.1	0.07809279557363465
3.11	0.07809279557363465
3.12	0.07809279557363465
3.13	0.07809279557363465
3.14	0.07809279557363465
3.15	0.07809279557363465
3.16	0.07809279557363465
3.17	0.07809279557363465
3.18	0.07809279557363465
3.19	0.07809279557363465
3.2	0.07809279557363465
3.21	0.07809279557363465
3.22	0.07809279557363465
3.23	0.07809279557363465
3.24	0.07809279557363465
3.25	0.07809279557363465
3.26	0.07809279557363465
3.27	0.07809279557363465
3.28	0.07809279557363465
3.29	0.07809279557363465
3.3	0.07809279557363465
3.31	0.07809279557363465
3.32	0.07809279557363465
3.33	0.07809279557363465
3.34	0.07809279557363465
3.35	0.07809279557363465
3.36	0.07809279557363465
3.37	0.07809279557363465
3.38	0.07809279557363465
3.39	0.07809279557363465
3.4	0.07809279557363465
3.41	0.07809279557363465
3.42	0.07809279557363465
3.43	0.07809279557363465
3.44	0.07809279557363465
3.45	0.07809279557363465
3.46	0.07809279557363465
3.47	0.07809279557363465
3.48	0.07809279557363465
3.49	0.07809279557363465
3.5	0.07809279557363465
3.51	0.07809279557363465
3.52	0.07809279557363465
3.53	0.07809279557363465
3.54	0.07809279557363465
3.55	0.07809279557363465
3.56	0.07809279557363465
3.57	0.07809279557363465
3.58	0.07809279557363465
3.59	0.07809279557363465
3.6	0.07809279557363465
3.61	0.07809279557363465
3.62	0.07809279557363465
3.63	0.07809279557363465
3.64	0.07809279557363465
3.65	0.07809279557363465
3.66	0.07809279557363465
3.67	0.07809279557363465
3.68	0.07809279557363465
3.69	0.07809279557363465
3.7	0.07809279557363465
3.71	0.07809279557363465
3.72	0.07809279557363465
3.73	0.07809279557363465
3.74	0.07809279557363465
3.75	0.07809279557363465
3.76	0.07809279557363465
3.77	0.07809279557363465
3.78	0.07809279557363465
3.79	0.07809279557363465
3.8	0.07809279557363465
3.81	0.07809279557363465
3.82	0.07809279557363465
3.83	0.07809279557363465
3.84	0.07809279557363465
3.85	0.07809279557363465
3.86	0.07809279557363465
3.87	0.07809279557363465
3.88	0.07809279557363465
3.89	0.07809279557363465
3.9	0.07809279557363465
3.91	0.07809279557363465
3.92	0.07809279557363465
3.93	0.07809279557363465
3.94	0.07809279557363465
3.95	0.07809279557363465
3.96	0.07809279557363465
3.97	0.07809279557363465
3.98	0.07809279557363465
3.99	0.07809279557363465
4.	0.07809279557363465
4.01	0.07809279557363465
4.02	0.07809279557363465
4.03	0.07809279557363465
4.04	0.07809279557363465
4.05	0.07809279557363465
4.06	0.07809279557363465
4.07	0.07809279557363465
4.08	0.07809279557363465
4.09	0.07809279557363465
4.1	0.07809279557363465
4.11	0.07809279557363465
4.12	0.07809279557363465
4.13	0.07809279557363465
4.14	0.07809279557363465
4.15	0.07809279557363465
4.16	0.07809279557363465
4.17	0.07809279557363465
4.18	0.07809279557363465
4.19	0.07809279557363465
4.2	0.07809279557363465
4.21	0.07809279557363465
4.22	0.07809279557363465
4.23	0.07809279557363465
4.24	0.07809279557363465
4.25	0.07809279557363465
4.26	0.07809279557363465
4.27	0.07809279557363465
4.28	0.07809279557363465
4.29	0.07809279557363465
4.3	0.07809279557363465
4.31	0.07809279557363465
4.32	0.07809279557363465
4.33	0.07809279557363465
4.34	0.07809279557363465
4.35	0.07809279557363465
4.36	0.07809279557363465
4.37	0.07809279557363465
4.38	0.07809279557363465
4.39	0.07809279557363465
4.4	0.07809279557363465
4.41	0.07809279557363465
4.42	0.07809279557363465
4.43	0.07809279557363465
4.44	0.07809279557363465
4.45	0.07809279557363465
4.46	0.07809279557363465
4.47	0.07809279557363465
4.48	0.07809279557363465
4.49	0.07809279557363465
4.5	0.07809279557363465
4.51	0.07809279557363465
4.52	0.07809279557363465
4.53	0.07809279557363465
4.54	0.07809279557363465
4.55	0.07809279557363465
4.56	0.07809279557363465
4.57	0.07809279557363465
4.58	0.07809279557363465
4.59	0.07809279557363465
4.6	0.07809279557363465
4.61	0.07809279557363465
4.62	0.07809279557363465
4.63	0.07809279557363465
4.64	0.07809279557363465
4.65	0.07809279557363465
4.66	0.07809279557363465
4.67	0.07809279557363465
4.68	0.07809279557363465
4.69	0.07809279557363465
4.7	0.07809279557363465
4.71	0.07809279557363465
4.72	0.07809279557363465
4.73	0.07809279557363465
4.74	0.07809279557363465
4.75	0.07809279557363465
4.76	0.07809279557363465
4.77	0.07809279557363465
4.78	0.07809279557363465
4.79	0.07809279557363465
4.8	0.07809279557363465
4.81	0.07809279557363465
4.82	0.07809279557363465
4.83	0.07809279557363465
4.84	0.07809279557363465
4.85	0.07809279557363465
4.86	0.07809279557363465
4.87	0.07809279557363465
4.88	0.07809279557363465
4.89	0.07809279557363465
4.9	0.07809279557363465
4.91	0.07809279557363465
4.92	0.07809279557363465
4.93	0.07809279557363465
4.94	0.07809279557363465
4.95	0.07809279557363465
4.96	0.07809279557363465
4.97	0.07809279557363465
4.98	0.07809279557363465
4.99	0.07809279557363465
5.	0.07809279557363465