0.01	-10.274543000598666
0.02	-5.204936074190696
0.03	-3.5093237880911654
0.04	-2.6572101620687434
0.05	-2.1424960000771653
0.06	-1.79648157010101
0.07	-1.5468669869908092
0.08	-1.357502308171831
0.09	-1.2083042322136672
0.1	-1.0872227782580735
0.11	-0.9865897766679858
0.12	-0.9012931143520274
0.13	-0.8277936360930913
0.14	-0.7635633738789588
0.15	-0.706748484500669
0.16	-0.6559585855515013
0.17	-0.6101304434263168
0.18	-0.5684370986544515
0.19	-0.5302256884959071
0.2	-0.4949739227586861
0.21	-0.4622589950968853
0.22	-0.4317349730456742
0.23	-0.4031160863080195
0.24	-0.3761641929697268
0.25	-0.3506792538228724
0.26	-0.3264920049222905
0.27	-0.3034582584628397
0.28	-0.2814544248972559
0.29	-0.2603739615123808
0.3	-0.24012453129014294
0.31	-0.22062571166641642
0.32	-0.2018071328975909
0.33	-0.18360695490594792
0.34	-0.16597061291703036
0.35	-0.14884977813060452
0.36	-0.1322014916131295
0.37	-0.11598743864009553
0.38	-0.10017333761588915
0.39	-0.08472842300598493
0.4	-0.06962500582931036
0.41	-0.054838098468799945
0.42	-0.04034509308044171
0.43	-0.02612548487548111
0.44	-0.012160633136867938
0.45	0.0015664458998205788
0.46	0.015071259149927685
0.47	0.02836799379131988
0.48	0.04146965473704217
0.49	0.0543881852745845
0.5	0.06713457322843763
0.51	0.07971894463293622
0.52	0.0921506465966968
0.53	0.10443832078617632
0.54	0.11658996874439043
0.55	0.12861301008395348
0.56	0.14051433444515055
0.57	0.1523003479847374
0.58	0.16397701505555634
0.59	0.17554989564754453
0.6	0.18702417908464342
0.61	0.1984047144072576
0.62	0.209696037814475
0.63	0.22090239749274287
0.64	0.232027776116856
0.65	0.24307591127392902
0.66	0.25405031403064565
0.67	0.26495428583776814
0.68	0.27579093394307264
0.69	0.2865631854640296
0.7	0.29727380025425376
0.71	0.3079253826826495
0.72	0.3185203924309595
0.73	0.329061154403845
0.74	0.3395498678354447
0.75	0.34998861466741016
0.76	0.3603793672655161
0.77	0.37072399553497826
0.78	0.38102427348843654
0.79	0.39128188531510616
0.8	0.40149843099474214
0.81	0.41167543149575253
0.82	0.42181433359296544
0.83	0.43191651433712047
0.84	0.4419832852051129
0.85	0.4520158959572772
0.86	0.4620155382255613
0.87	0.47198334885423704
0.88	0.4819204130128361
0.89	0.4918277670992265
0.9	0.5017064014491486
0.91	0.5115572628671012
0.92	0.5213812569921704
0.93	0.5311792505112232
0.94	0.5409520732308346
0.95	0.5507005200183557
0.96	0.560425352621664
0.97	0.5701273013763539
0.98	0.5798070668084034
0.99	0.5894653211397108
1.	0.5991027097032982
1.01	0.6087198522744445
1.02	0.6183173443235158
1.03	0.6278957581958149
1.04	0.6374556442233644
1.05	0.6469975317731569
1.06	0.6565219302360723
1.07	0.6660293299603411
1.08	0.6755202031331476
1.09	0.6849950046137065
1.1	0.6944541727208974
1.11	0.7038981299783247
1.12	0.7133272838194642
1.13	0.7227420272553675
1.14	0.7321427395072256
1.15	0.7415297866059264
1.16	0.7509035219606034
1.17	0.760264286898026
1.18	0.7696124111745658
1.19	0.7789482134623451
1.2	0.7882720018110834
1.21	0.7975840740870379
1.22	0.8068847183903587
1.23	0.816174213452086
1.24	0.8254528290119357
1.25	0.8347208261779526
1.26	0.8439784577690377
1.27	0.853225968641292
1.28	0.8624635959990625
1.29	0.8716915696915237
1.3	0.8809101124955674
1.31	0.8901194403857371
1.32	0.8993197627918939
1.33	0.908511282845256
1.34	0.9176941976134234
1.35	0.9268686983249558
1.36	0.9360349705840437
1.37	0.9451931945757776
1.38	0.9543435452624905
1.39	0.9634861925716294
1.4	0.9726213015755707
1.41	0.981749032663787
1.42	0.9908695417077369
1.43	0.9999829802188387
1.44	1.00908949549986
1.45	1.0181892307900442
1.46	1.0272823254042711
1.47	1.0363689148665398
1.48	1.0454491310380392
1.49	1.0545231022400592
1.5	1.0635909533719903
1.51	1.0726528060246279
1.52	1.0817087785890114
1.53	1.0907589863609888
1.54	1.0998035416417107
1.55	1.1088425538342337
1.56	1.1178761295364081
1.57	1.1269043726302146
1.58	1.1359273843677111
1.59	1.1449452634537334
1.6	1.1539581061254975
1.61	1.1629660062292304
1.62	1.1719690552939708
1.63	1.1809673426026444
1.64	1.1899609552605455
1.65	1.198949978261324
1.66	1.207934494550591
1.67	1.2169145850872358
1.68	1.2258903289025556
1.69	1.2348618031572833
1.7	1.243829083196606
1.71	1.25279224260325
1.72	1.2617513532487161
1.73	1.2707064853427352
1.74	1.2796577074810225
1.75	1.2886050866913896
1.76	1.29754868847829
1.77	1.3064885768658507
1.78	1.3154248144394534
1.79	1.3243574623859247
1.8	1.3332865805323828
1.81	1.3422122273838006
1.82	1.3511344601593274
1.83	1.3600533348274197
1.84	1.3689689061398302
1.85	1.377881227664488
1.86	1.3867903518173248
1.87	1.3956963298930756
1.88	1.4045992120950985
1.89	1.4134990475642464
1.9	1.4223958844068274
1.91	1.4312897697216882
1.92	1.4401807496264496
1.93	1.4490688692829268
1.94	1.4579541729217629
1.95	1.4668367038663064
1.96	1.475716504555756
1.97	1.4845936165676
1.98	1.4934680806393779
1.99	1.5023399366897843
2.	1.5112092238391397
2.01	1.520075980429251
2.02	1.528940244042681
2.03	1.5378020515214499
2.04	1.5466614389851852
2.05	1.55551844184874
2.06	1.5643730948393029
2.07	1.573225432013003
2.08	1.582075486771046
2.09	1.5909232918753777
2.1	1.5997688794639102
2.11	1.6086122810653025
2.12	1.6174535276133362
2.13	1.6262926494608745
2.14	1.635129676393439
2.15	1.6439646376424004
2.16	1.6527975618978104
2.17	1.661628477320869
2.18	1.670457411556058
2.19	1.6792843917429376
2.2	1.6881094445276217
2.21	1.6969325960739399
2.22	1.7057538720743035
2.23	1.714573297760272
2.24	1.7233908979128416
2.25	1.7322066968724577
2.26	1.7410207185487614
2.27	1.7498329864300786
2.28	1.7586435235926585
2.29	1.7674523527096735
2.3	1.776259496059977
2.31	1.7850649755366452
2.32	1.793868812655284
2.33	1.8026710285621348
2.34	1.8114716440419634
2.35	1.8202706795257542
2.36	1.8290681550982018
2.37	1.8378640905050192
2.38	1.8466585051600595
2.39	1.855451418152257
2.4	1.8642428482523967
2.41	1.8730328139197168
2.42	1.8818213333083424
2.43	1.8906084242735663
2.44	1.899394104377971
2.45	1.908178390897404
2.46	1.9169613008268027
2.47	1.9257428508858856
2.48	1.934523057524696
2.49	1.9433019369290205
2.5	1.9520795050256727
2.51	1.9608557774876527
2.52	1.9696307697391833
2.53	1.978404496960625
2.54	1.987176974093279
2.55	1.9959482158440705
2.56	2.0047182366901324
2.57	2.0134870508832696
2.58	2.022254672454331
2.59	2.031021115217471
2.6	2.0397863927743214
2.61	2.0485505185180553
2.62	2.0573135056373744
2.63	2.0660753671203884
2.64	2.074836115758421
2.65	2.083595764149715
2.66	2.09235432470307
2.67	2.101111809641383
2.68	2.109868231005122
2.69	2.118623600655712
2.7	2.1273779302788562
2.71	2.136131231387773
2.72	2.1448835153263683
2.73	2.1536347932723396
2.74	2.162385076240204
2.75	2.171134375084267
2.76	2.1798827005015284
2.77	2.1886300630345157
2.78	2.197376473074066
2.79	2.206121940862045
2.8	2.214866476494005
2.81	2.22361008992179
2.82	2.2323527909560816
2.83	2.2410945892688967
2.84	2.2498354943960246
2.85	2.258575515739421
2.86	2.2673146625695435
2.87	2.2760529440276476
2.88	2.2847903691280225
2.89	2.2935269467601973
2.9	2.302262685691083
2.91	2.3109975945670853
2.92	2.3197316819161644
2.93	2.3284649561498605
2.94	2.3371974255652668
2.95	2.3459290983469794
2.96	2.354659982568985
2.97	2.3633900861965356
2.98	2.3721194170879634
2.99	2.380847982996474
3.	2.389575791571897
3.01	2.398302850362402
3.02	2.407029166816184
3.03	2.415754748283111
3.04	2.424479602016344
3.05	2.433203735173918
3.06	2.441927154820301
3.07	2.4506498679279143
3.08	2.45937188137863
3.09	2.468093201965233
3.1	2.47681383639286
3.11	2.4855337912804076
3.12	2.4942530731619152
3.13	2.50297168848792
3.14	2.511689643626787
3.15	2.520406944866012
3.16	2.529123598413503
3.17	2.537839610398836
3.18	2.5465549868744826
3.19	2.555269733817024
3.2	2.563983857128333
3.21	2.5726973626367378
3.22	2.581410256098168
3.23	2.5901225431972685
3.24	2.598834229548506
3.25	2.6075453206972456
3.26	2.616255822120811
3.27	2.6249657392295247
3.28	2.6336750773677298
3.29	2.6423838418147922
3.3	2.6510920377860874
3.31	2.659799670433962
3.32	2.6685067448486888
3.33	2.677213266059396
3.34	2.6859192390349795
3.35	2.69462466868501
3.36	2.703329559860608
3.37	2.7120339173553134
3.38	2.72073774590594
3.39	2.7294410501934077
3.4	2.7381438348435694
3.41	2.746846104428013
3.42	2.7555478634648596
3.43	2.7642491164195406
3.44	2.772949867705561
3.45	2.7816501216852596
3.46	2.7903498826705384
3.47	2.7990491549236
3.48	2.8077479426576506
3.49	2.816446250037611
3.5	2.8251440811808024
3.51	2.8338414401576237
3.52	2.842538330992221
3.53	2.851234757663139
3.54	2.859930724103969
3.55	2.868626234203979
3.56	2.8773212918087387
3.57	2.886015900720728
3.58	2.894710064699943
3.59	2.9034037874644834
3.6	2.91209707269114
3.61	2.9207899240159607
3.62	2.929482345034817
3.63	2.9381743393039574
3.64	2.946865910340549
3.65	2.955557061623215
3.66	2.9642477965925633
3.67	2.9729381186516983
3.68	2.981628031166737
3.69	2.9903175374673046
3.7	2.9990066408470337
3.71	3.007695344564044
3.72	3.01638365184142
3.73	3.0250715658676874
3.74	3.033759089797264
3.75	3.042446226750925
3.76	3.0511329798162437
3.77	3.0598193520480343
3.78	3.068505346468786
3.79	3.077190966069086
3.8	3.0858762138080444
3.81	3.0945610926137035
3.82	3.103245605383443
3.83	3.1119297549843883
3.84	3.120613544253792
3.85	3.1292969759994356
3.86	3.137980052999999
3.87	3.146662778005445
3.88	3.155345153737385
3.89	3.1640271828894457
3.9	3.172708868127625
3.91	3.1813902120906494
3.92	3.1900712173903183
3.93	3.1987518866118476
3.94	3.207432222314208
3.95	3.2161122270304583
3.96	3.224791903268066
3.97	3.233471253509239
3.98	3.242150280211237
3.99	3.2508289858066854
4.	3.259507372703883
4.01	3.2681854432871065
4.02	3.2768631999169067
4.03	3.285540644930408
4.04	3.2942177806415898
4.05	3.302894609341583
4.06	3.3115711332989424
4.07	3.3202473547599287
4.08	3.328923275948779
4.09	3.337598899067978
4.1	3.346274226298524
4.11	3.354949259800189
4.12	3.363624001711774
4.13	3.3722984541513674
4.14	3.380972619216592
4.15	3.3896464989848543
4.16	3.3983200955135824
4.17	3.406993410840471
4.18	3.4156664469837157
4.19	3.4243392059422457
4.2	3.4330116896959506
4.21	3.44168390020591
4.22	3.4503558394146148
4.23	3.459027509246189
4.24	3.4676989116066
4.25	3.476370048383882
4.26	3.4850409214483373
4.27	3.49371153265275
4.28	3.502381883832588
4.29	3.5110519768062036
4.3	3.5197218133750363
4.31	3.528391395323807
4.32	3.5370607244207104
4.33	3.5457298024176054
4.34	3.5543986310502076
4.35	3.56306721203827
4.36	3.5717355470857703
4.37	3.5804036378810857
4.38	3.589071486097178
4.39	3.597739093391763
4.4	3.606406461407489
4.41	3.615073591772101
4.42	3.6237404860986153
4.43	3.632407145985487
4.44	3.641073573016766
4.45	3.649739768762265
4.46	3.6584057347777184
4.47	3.6670714726049383
4.48	3.675736983771972
4.49	3.6844022697932504
4.5	3.693067332169748
4.51	3.7017321723891214
4.52	3.7103967919258674
4.53	3.7190611922414596
4.54	3.7277253747844945
4.55	3.7363893409908364
4.56	3.7450530922837526
4.57	3.753716630074054
4.58	3.7623799557602284
4.59	3.771043070728578
4.6	3.779705976353348
4.61	3.788368673996864
4.62	3.797031165009651
4.63	3.805693450730569
4.64	3.814355532486938
4.65	3.823017411594658
4.66	3.831679089358332
4.67	3.8403405670713924
4.68	3.8490018460162143
4.69	3.8576629274642373
4.7	3.866323812676078
4.71	3.8749845029016488
4.72	3.8836449993802704
4.73	3.8923053033407804
4.74	3.9009654160016467
4.75	3.909625338571081
4.76	3.9182850722471354
4.77	3.92694461821782
4.78	3.9356039776612026
4.79	3.944263151745511
4.8	3.9529221416292404
4.81	3.9615809484612505
4.82	3.970239573380869
4.83	3.9788980175179836
4.84	3.9875562819931503
4.85	3.996214367917677
4.86	4.004872276393731
4.87	4.0135300085144205
4.88	4.0221875653639
4.89	4.030844948017453
4.9	4.039502157541586
4.91	4.0481591949941125
4.92	4.056816061424253
4.93	4.06547275787271
4.94	4.074129285371763
4.95	4.082785644945345
4.96	4.091441837609136
4.97	4.100097864370639
4.98	4.108753726229267
4.99	4.117409424176417
5.	4.126064959195561