0.5348964850035147	0.22313442919681314
0.5316579538322093	0.21946491029465434
0.5293188776146432	0.215856775377564
0.5276062186430673	0.21267764024614969
0.5263314132538529	0.2097491218728928
0.5253688509418465	0.20734584009832888
0.5246298729054402	0.2051116787889176
0.524059768998408	0.20330922641521196
0.5236091973561144	0.201641937623869
0.5232534494015892	0.20030590174285973
0.522966753225002	0.19941949605236464
0.5227362785860371	0.19858451254578158
0.5225495850183056	0.19792801210353578
0.5217664551989961	0.1943220332718066
0.5216034389984564	0.19326050009544676
0.5215653572643266	0.19262668565500243
0.5215583924497246	0.18841681958567927
0.5215610070717475	0.19223464521642994
0.5215669684851794	0.19207544596482204
0.5215696929476905	0.1879486701843103
0.5215757450873467	0.19203497941356848
0.5215786923368859	0.1920401349952686
0.5215850887044895	0.19193250532090253
0.521583034751413	0.1919373890240915
0.5215897125442448	0.19189906358747588
0.521590793637364	0.19190299593587493
0.5215903404502455	0.19190655771567827
0.5215947622395176	0.19186152112989882
0.5215937311293672	0.1918643164918096
0.5215977510437143	0.1918669472809821
0.5215962996706542	0.19186923825934266
0.5216061731527588	0.19188307436808685
0.5216091027802533	0.19188905985593088
0.5216080454337643	0.19184403731348318
0.5216088594893324	0.19189402899133703
0.5216120458740979	0.1918470225947401
0.5216124927225817	0.1918478374325143
0.5216140675531197	0.19184838054007544
0.5216102734769285	0.19184879753704334
0.5216134890910631	0.19180213731120652
0.5216110618704949	0.19189873400929366
0.5216111627481889	0.19180256221883463
0.5216110977259634	0.19180262921062952
0.5216111517396018	0.19180258529127073
0.5216138465292721	0.19189896376863688
0.5216111487489724	0.1918026147638854
0.5216112082982586	0.19180269997178453
0.5216111507182923	0.19180273626308997