10.260284352626284	0.8585387007869275
10.216217006748167	0.8698877796721286
10.212473578446296	0.8747420527358477
10.227503617575893	0.88053857292437
10.248056384925757	0.885946038859229
10.266443645866046	0.8909273247613185
10.278353573854083	0.8943509917272738
10.281863897990664	0.8967140518398512
10.276486963165175	0.8979380772365195
10.262543060171337	0.8975472276740797
10.240961946057672	0.8963268727506232
10.21265239718547	0.8940707103488347
10.178751108008004	0.8911875238434736
9.713867251820977	0.8429761869757404
9.279970459471643	0.7944384136640862
8.95137353323125	0.7561850634007281
8.706152721084024	0.7271522023933507
8.519545184065368	0.7061624769167617
8.374009854657578	0.6896323491284286
8.25780496906502	0.6764082845892871
8.163119034245383	0.6652564426151424
8.084601043375804	0.6561760524101865
8.018516809112803	0.6487587274335926
7.962141670594616	0.6422231266480669
7.9135333256823035	0.6364401883564224
7.871192720624545	0.6315075507581456
7.833974471105772	0.6271145205168555
7.8010026227272045	0.6234467639943392
7.771655837539783	0.6199492691452576
7.7453355201961935	0.6168565471759153
7.721563784108076	0.6140599485914054
7.570101805515454	0.5962889666468253
7.49384300484385	0.5872976246806606
7.447892678793918	0.5819158714369294
7.417230747867322	0.5782215500985031
7.395285674427431	0.5754680814926223
7.37881051794672	0.5737974249716769
7.366022100271917	0.5721903171240447
7.355773014712013	0.5711149264587271
7.309569326401746	0.5658065781679547
7.294225282183119	0.5638649681943829
7.286482750703206	0.5628364503880499
7.28186014336454	0.5623936777444868
7.278778050993985	0.5622014503346217
7.276595418872663	0.5617953906492774
7.274944417215941	0.561765289873859
7.273659412729744	0.5612652436423113
7.272632104592742	0.5610313789197293