0.4524693967652579	0.13411357832703052
0.4540025655687376	0.13729194959680507
0.45542663895474883	0.1398677732084487
0.45672713259454856	0.14159329866737472
0.45787811930606903	0.14356360904962046
0.45887316274190215	0.14490612636826536
0.45976957997555634	0.14604402403407002
0.4605346289657809	0.1473205055252025
0.46118395588153	0.14783102083313496
0.4617230489857543	0.1486862211472406
0.46216226515643316	0.149394240339148
0.4625082886711585	0.14950782308831975
0.46277970612608976	0.14997008680798599
0.4631767525599051	0.14887709692133583
0.46221162801958504	0.14561007423731429
0.461183739559568	0.142603879649704
0.46029570340192627	0.14016256668894364
0.4595637275743242	0.13795799623733057
0.45896948210015137	0.13572866778614276
0.4584816561110149	0.13404319557951777
0.45807159103469275	0.13264187856034965
0.4576991392979001	0.1310824466086256
0.45743522058884895	0.13020767413646722
0.45717433791589623	0.12961549879964898
0.456957350035631	0.12830588998124745
0.4567345464960791	0.12755617263809463
0.45657586197048283	0.12697806063080477
0.4564383586900432	0.1259282716077075
0.45628470593328646	0.12601594475931582
0.45616132645943486	0.12519385579190384
0.4560441419816339	0.12446066771244817
0.4553177212735746	0.12432342054645926
0.4549420600419792	0.12516323819805122
0.454720409892244	0.1258900672870432
0.45453220984923226	0.1275475756965955
0.4544291266086724	0.12723278456328238
0.4543588565328837	0.12795466060611738
0.454275022755735	0.12803810684676065
0.454225481599983	0.1278412754112349
0.4539855796740989	0.129077896985963
0.45388162681857125	0.1290355839448156
0.4538681726836252	0.1293468649124845
0.45386398342848233	0.1299212548311581
0.4538457792811597	0.129384461471587
0.45383668153000484	0.12888618834246496
0.45382554088567745	0.12962945495772615
0.45381465187286285	0.12996419572830692
0.4538085303266358	0.12991804154876083