0.4582357079706503	0.18453916600735112
0.46062333857292315	0.19164408063065522
0.463269179146174	0.19962625830346029
0.46568116862072195	0.20754102046779335
0.46788285837296933	0.2144421863070135
0.46991595630058924	0.22067214033352914
0.47145336424541556	0.22480860933331598
0.47255585090310337	0.2280554059568656
0.4732216032185633	0.22962958550564747
0.47356497502159983	0.22999927173224421
0.47362081096681474	0.22969653403208465
0.47347853128785833	0.22810401293457344
0.47310770273371805	0.226097718355192
0.4653695708846934	0.19338364221600188
0.45867719204774315	0.1648756617878843
0.45420502811294433	0.14384534877437685
0.45109755343349717	0.13941296740704526
0.44882432931465077	0.14631730120280248
0.44721030337306317	0.15299722516471237
0.44594834368272684	0.16103888059339608
0.44493849713205125	0.17018549003045153
0.44407896267681574	0.17706183322799005
0.44342814008539483	0.18411677716064728
0.4428485614260172	0.19127849484474657
0.4422955825570311	0.19698878861871066
0.4419215433295233	0.20129655737541044
0.4415444911832937	0.2076316731555241
0.4412169278038282	0.2108574056453843
0.44093571689907585	0.21145324789042455
0.4406579375625702	0.21111177353197003
0.44045056655881354	0.21058457267627587
0.43898958885887956	0.21080808953587488
0.4382426713995071	0.20938101773583567
0.43786302577472097	0.20995860277892753
0.43753815886460606	0.20955395572918561
0.43731651677757166	0.20843565115883453
0.43715331383667094	0.20856940821670128
0.43704519819843446	0.2066501696536428
0.43701748803663276	0.20770304444010498
0.43643432877398985	0.20730226636945526
0.43629488098684654	0.20652075851647983
0.436316665445736	0.20658335567729422
0.43619282969275425	0.20682446018767997
0.43626895857166365	0.20648652943090362
0.4362968287172058	0.205340427179113
0.43627644789811204	0.20622358858076692
0.4361960356446471	0.20592398518557303
0.43618462680423686	0.20543989290839704