0.009685625254758964	0.05279334237255462
0.008967756278752872	0.05102505318502449
0.008201073487535942	0.048731516289788675
0.007462411752049191	0.04623987996558051
0.006802797635194182	0.043801464971334976
0.006249875969699568	0.04161079297898706
0.005813112746420945	0.039793462563331064
0.005489977731324266	0.03841002061063331
0.005271227792932425	0.037471739896804204
0.005144698167693061	0.03695876895974603
0.005097585253768435	0.036830057972015336
0.005117745509448135	0.03703594066816773
0.005194188091541451	0.03752450962786211
0.007488148927088764	0.04935945396437828
0.010281573023385329	0.061839947163567166
0.012636876444442162	0.07133932153631986
0.014513486037523827	0.07842251221979762
0.01600822218655983	0.08379328256741907
0.017214537307522888	0.08799187973079842
0.018203502132561708	0.09131129657485025
0.01902666744186093	0.09402674448980128
0.019721253000368158	0.09627992625448097
0.02031457826291791	0.09815449381286082
0.020826910472845538	0.09976386899396307
0.021273537808631685	0.10113330659777417
0.021666204108176077	0.10234566031067088
0.022014050366642682	0.10340282581741442
0.022324231888793893	0.10432718065338488
0.022602600136333566	0.10513867467514894
0.022853680744524187	0.10585701472856746
0.023081332801431213	0.10653628083536217
0.024559714195042597	0.11072239884984943
0.025322570595410633	0.1127754143371304
0.025787741153378348	0.11399648127713259
0.026101087430412912	0.1148052858143653
0.02632638357583452	0.1154071880187092
0.026496230791037464	0.11584064096813627
0.02662879202318025	0.116165320843133
0.02673516371987717	0.11646242762997398
0.027217290914267167	0.11781237605302908
0.027379261456710494	0.11823938904333915
0.02746047246422393	0.1184631653765327
0.02750925159337364	0.11859000665013442
0.02754181651915085	0.11867216944180226
0.02756503393788297	0.11872089654883966
0.02758255784638118	0.11879980068709793
0.02759614774378146	0.11881429702670765
0.027607052758755784	0.11885947112135922