0.052728032642506764	0.39276491209175074
0.05116273624839104	0.3691810090369128
0.049994744978560005	0.3493346017059568
0.048939436084838896	0.3342855478127003
0.04807282693842868	0.31978819833507655
0.047684256087657625	0.3089979123096992
0.04688491087283806	0.3001162045288893
0.04616298552504887	0.2915858592961281
0.04557233053355287	0.28685926615996626
0.04500218953299773	0.28141472390569133
0.04467549026374515	0.2770495256512381
0.04445785987535481	0.275448411479376
0.044222484518792834	0.2728790868301447
0.04544149345770247	0.27911228114139247
0.04768026286507251	0.29867891888820136
0.04955501099448711	0.31680906884518895
0.05128827879562736	0.3316462609290859
0.052735325076870745	0.34453696289355135
0.05385833772435458	0.3564342696947801
0.05474193245063672	0.3657856125228808
0.05556155338894323	0.37353896556003346
0.05656148148497621	0.3812897308944017
0.056776741611905567	0.3864242350171699
0.057299949858777385	0.3903755073665122
0.0576947154464112	0.3963648164225091
0.05847271323206812	0.4003214979604331
0.058599751591814436	0.4035790476914303
0.058692003794331475	0.40809578189317425
0.059192284903501376	0.4089801747623615
0.05940033053952725	0.412569119909282
0.05968535529738803	0.4157894635796619
0.06114364663455123	0.4227075323413778
0.061899325215931986	0.4236341221932685
0.06232187123622094	0.4235892674137699
0.06305126397734484	0.4200778741424295
0.06317558167179414	0.42212151552385435
0.06321985225221352	0.4208588455553146
0.06359529278248335	0.42118881341985753
0.06370598957532406	0.4222523573393047
0.06425493802558357	0.42094868120983703
0.0647282035484602	0.4217755166455026
0.06447547058845492	0.4212280424500866
0.06429894156067738	0.4196992998802826
0.06435251136671452	0.4214329421637426
0.06436987513397317	0.42301239105101607
0.0644075204996257	0.421062765513949
0.06445835067490957	0.42011533200529044
0.06447801538398627	0.42029735327946577