0.08440877796792619	0.7566664847654047
0.08464960600032378	0.4781298638827874
0.08360127898929214	0.4734405109650049
0.0831209845124873	0.4659502997733073
0.08339967945739574	0.45779693800596755
0.08201677848934663	0.45295124701435957
0.08145028690723743	0.44979861011476524
0.08116268752359546	0.44830039672311967
0.0810282986672512	0.44354074004001315
0.0820198685677746	0.4368718450386749
0.08098092678782016	0.4371971371533085
0.08122175868559034	0.435963804471422
0.08179901276320325	0.43652533008730665
0.08542439912362008	0.41049435204433027
0.09068025592515969	0.38699732262039893
0.09389434078208031	0.369738675228569
0.09712951411048186	0.35037932864470606
0.09988062312266792	0.3613961402876367
0.10185495276111475	0.36247027568066825
0.10370639599011246	0.3674796449391371
0.10520538520238065	0.3727265896308991
0.10668857661767955	0.3721504609620679
0.10756777370155553	0.37475967845619756
0.10863401929215392	0.37996807108524994
0.109461078780081	0.3768623300809057
0.11014286501167858	0.3802393928245351
0.11083842503346399	0.3804948131719792
0.11210073927354125	0.38625066772833483
0.11211873522817949	0.3854534991261952
0.11236020260009975	0.3866855314620549
0.11304027052344505	0.3875697512151854
0.1157913221685949	0.3930076514003602
0.11677695784790076	0.3964862412155023
0.1182321194758813	0.39692673030052694
0.11875439546568659	0.4012194033035925
0.11948798567964039	0.3958372387424493
0.12038760163243532	0.4030354489855805
0.1200008363489268	0.40359253060736755
0.12028199493859483	0.4026962684085061
0.12185395568876513	0.40563197530538825
0.1209744494299925	0.4077069325024612
0.12176173867690764	0.4075284024808762
0.12189544409640239	0.40586976056374213
0.12199524385550908	0.4075654627985199
0.12160368980808653	0.4066163634247509
0.12166490076084598	0.408111842705479
0.1216954144791026	0.406917243324217
0.12173473114219452	0.4046420898187067