3.063258063081032	3.5636332264595927
3.0651649344342977	3.5699619337571336
3.066853879407229	3.5755832986532177
3.068315799744696	3.5804696229714765
3.0695598237245307	3.5846301528778834
3.0706047460788284	3.588139337816227
3.071473345363445	3.5910638380784783
3.0721889909225433	3.5934747858395424
3.0727737106073105	3.595458087089044
3.073247364863135	3.5970626339049376
3.073627336403021	3.5983537487138153
3.0739285814009736	3.5993878789043476
3.0741638178128214	3.600193290381611
3.074577317560337	3.6017530573218597
3.0738300928941915	3.5993910659663673
3.0729805648013233	3.5966654085351193
3.0722244481371876	3.594235410376814
3.071584563232305	3.5921845135386037
3.0710475805721087	3.5904750136053694
3.0705950765767724	3.589032745156454
3.0702106408270913	3.587809043065836
3.0698810517826267	3.586769571006037
3.069595876177082	3.585860832358015
3.0693470764833344	3.5850644783640013
3.0691282855050077	3.5843832180144752
3.0689345322258537	3.5837710475768745
3.068761799413429	3.5832234605401223
3.068606908925309	3.5827461958358047
3.0684672900844605	3.582290556643221
3.068340793018859	3.5819003257230455
3.0682256836999824	3.58154504287424
3.0674685611131842	3.5790912544015514
3.0670716815167793	3.577781159779416
3.0668276407268555	3.5769697150850184
3.0666625025136813	3.576388197061247
3.0665433148899233	3.5760097120645145
3.0664532522863492	3.575696610824105
3.066382827565617	3.57546601488677
3.0663262287517834	3.5752880699463074
3.0660688121762303	3.5744169506271333
3.065982024186955	3.574137018591527
3.0659384196944757	3.5739867548865845
3.0659121943835728	3.5738856622506523
3.0658946945404097	3.5738443626092375
3.0658821802708713	3.573818138093556
3.065872790947335	3.573764973186941
3.0658654863129198	3.5737318030303866
3.0658596381292504	3.573714199706283