3.0425690024439804	3.498532130951635
3.044082750672295	3.500330730184187
3.04549929990045	3.50507678111205
3.046767930711062	3.509284001703079
3.047868523326418	3.5129070769630286
3.0487998293422223	3.5160190303741583
3.0495717789985566	3.5185985045427466
3.0501993617665644	3.520721706996307
3.0506995192187323	3.522380922955058
3.0510892765052984	3.5236244618090264
3.0513842201592083	3.5246429830005166
3.0515989308003597	3.52536427769232
3.051745931893463	3.5258838557688805
3.051253773120826	3.5239172842044177
3.04972874862991	3.5183534788698614
3.048277037607475	3.51305075169535
3.04705828739505	3.50849193434097
3.0460571916181793	3.5052934363661974
3.045232346919471	3.5025259553790624
3.044545988412718	3.5003026696221853
3.0439682159885235	3.4984286824111956
3.043476358908483	3.4967600396257206
3.0430531403214864	3.4954021593796063
3.0426855966378072	3.4942638170378926
3.042363592277701	3.4931141354184656
3.042079306889901	3.492223566758669
3.041826597538236	3.4913766984730055
3.041600630884682	3.490743316784927
3.0413971522401537	3.4900419637235816
3.0412131845250627	3.489449426318242
3.0410461168446474	3.4889065679354094
3.0399530372107826	3.485366159854956
3.0393838820551755	3.4835415753923438
3.0390353116334743	3.4823946835774744
3.03879983610323	3.481695195069746
3.0386302321062617	3.4810083891822363
3.0385022954002863	3.4807549167633742
3.0384020962535088	3.48042749208278
3.038321745867033	3.480153754505329
3.037956942699195	3.4790204005416907
3.0378338513772976	3.478648586293684
3.0377723244858923	3.4784317174160106
3.037735267517744	3.47828271679465
3.0377105381956424	3.4782509314574126
3.037692764426422	3.478160615978937
3.037679500875293	3.478161959245479
3.0376691722354274	3.4780742759708345
3.0376609142026094	3.4779895676065458